corpus,drama,begin,end,Speaker.figure_surface,Speaker.figure_id,Token.surface,Token.pos,Token.lemma,length,Mentioned.figure_surface,Mentioned.figure_id
tg,rfd2.0,78304,79735,Gräfin Franziska von Hohenheim.,1,Dann,ADV,dann,33224,,
tg,rfd2.0,78304,79735,Gräfin Franziska von Hohenheim.,1,tritt,VVFIN,treten,33224,,
tg,rfd2.0,78304,79735,Gräfin Franziska von Hohenheim.,1,sie,PPER,sie,33224,,
tg,rfd2.0,78304,79735,Gräfin Franziska von Hohenheim.,1,rasch,ADJD,rasch,33224,,
tg,rfd2.0,78304,79735,Gräfin Franziska von Hohenheim.,1,an,APPR,an,33224,,
tg,rfd2.0,78304,79735,Gräfin Franziska von Hohenheim.,1,die,ART,der,33224,,
tg,rfd2.0,78304,79735,Gräfin Franziska von Hohenheim.,1,Mitteltür,NN,mitteltür,33224,,
tg,rfd2.0,78304,79735,Gräfin Franziska von Hohenheim.,1,.,$.,--,33224,,
tg,rfd2.0,78304,79735,Gräfin Franziska von Hohenheim.,1,sieht,VVFIN,sehen,33224,,
tg,rfd2.0,78304,79735,Gräfin Franziska von Hohenheim.,1,in,APPR,in,33224,,
tg,rfd2.0,78304,79735,Gräfin Franziska von Hohenheim.,1,gleicher,ADJA,gleich,33224,,
tg,rfd2.0,78304,79735,Gräfin Franziska von Hohenheim.,1,Absicht,NN,absicht,33224,,
tg,rfd2.0,78304,79735,Gräfin Franziska von Hohenheim.,1,nach,APPR,nach,33224,,
tg,rfd2.0,78304,79735,Gräfin Franziska von Hohenheim.,1,der,ART,der,33224,,
tg,rfd2.0,78304,79735,Gräfin Franziska von Hohenheim.,1,Glastür,NN,glastür,33224,,
tg,rfd2.0,78304,79735,Gräfin Franziska von Hohenheim.,1,hinaus,PTKVZ,hinaus,33224,,
tg,rfd2.0,78304,79735,Gräfin Franziska von Hohenheim.,1,und,KON,und,33224,,
tg,rfd2.0,78304,79735,Gräfin Franziska von Hohenheim.,1,läßt,VVFIN,lassen,33224,,
tg,rfd2.0,78304,79735,Gräfin Franziska von Hohenheim.,1,dann,ADV,dann,33224,,
tg,rfd2.0,78304,79735,Gräfin Franziska von Hohenheim.,1,die,ART,der,33224,,
tg,rfd2.0,78304,79735,Gräfin Franziska von Hohenheim.,1,Portiere,NN,portier,33224,,
tg,rfd2.0,78304,79735,Gräfin Franziska von Hohenheim.,1,vorfallen,VVINF,vorfallen,33224,,
tg,rfd2.0,78304,79735,Gräfin Franziska von Hohenheim.,1,.,$.,--,33224,,
tg,rfd2.0,78304,79735,Gräfin Franziska von Hohenheim.,1,Alsdann,NN,alsdann,33224,,
tg,rfd2.0,78304,79735,Gräfin Franziska von Hohenheim.,1,geht,VVFIN,gehen,33224,,
tg,rfd2.0,78304,79735,Gräfin Franziska von Hohenheim.,1,sie,PPER,sie,33224,,
tg,rfd2.0,78304,79735,Gräfin Franziska von Hohenheim.,1,einige,PIAT,einiger,33224,,
tg,rfd2.0,78304,79735,Gräfin Franziska von Hohenheim.,1,Schritte,NN,schritt,33224,,
tg,rfd2.0,78304,79735,Gräfin Franziska von Hohenheim.,1,gegen,APPR,gegen,33224,,
tg,rfd2.0,78304,79735,Gräfin Franziska von Hohenheim.,1,die,ART,der,33224,,
tg,rfd2.0,78304,79735,Gräfin Franziska von Hohenheim.,1,Ecktür,NN,ecktür,33224,,
tg,rfd2.0,78304,79735,Gräfin Franziska von Hohenheim.,1,rechts,ADV,rechts,33224,,
tg,rfd2.0,78304,79735,Gräfin Franziska von Hohenheim.,1,und,KON,und,33224,,
tg,rfd2.0,78304,79735,Gräfin Franziska von Hohenheim.,1,horcht,VVFIN,horchen,33224,,
tg,rfd2.0,78304,79735,Gräfin Franziska von Hohenheim.,1,eine,ART,ein,33224,,
tg,rfd2.0,78304,79735,Gräfin Franziska von Hohenheim.,1,kurze,ADJA,kurz,33224,,
tg,rfd2.0,78304,79735,Gräfin Franziska von Hohenheim.,1,Weile,NN,weile,33224,,
tg,rfd2.0,78304,79735,Gräfin Franziska von Hohenheim.,1,.,$.,--,33224,,
tg,rfd2.0,78304,79735,Gräfin Franziska von Hohenheim.,1,Ich,PPER,ich,33224,,
tg,rfd2.0,78304,79735,Gräfin Franziska von Hohenheim.,1,höre,VVFIN,hören,33224,,
tg,rfd2.0,78304,79735,Gräfin Franziska von Hohenheim.,1,noch,ADV,noch,33224,,
tg,rfd2.0,78304,79735,Gräfin Franziska von Hohenheim.,1,nichts,PIS,nichts,33224,,
tg,rfd2.0,78304,79735,Gräfin Franziska von Hohenheim.,1,"!",$.,--,33224,,
tg,rfd2.0,78304,79735,Gräfin Franziska von Hohenheim.,1,–,XY,–,33224,,
tg,rfd2.0,78304,79735,Gräfin Franziska von Hohenheim.,1,Geschwätzige,ADJA,geschwätzig,33224,,
tg,rfd2.0,78304,79735,Gräfin Franziska von Hohenheim.,1,Bäbele,NN,bäbele,33224,,
tg,rfd2.0,78304,79735,Gräfin Franziska von Hohenheim.,1,",","$,",--,33224,,
tg,rfd2.0,78304,79735,Gräfin Franziska von Hohenheim.,1,laß,VVFIN,lassen,33224,,
tg,rfd2.0,78304,79735,Gräfin Franziska von Hohenheim.,1,mir,PPER,sich,33224,Gräfin Franziska von Hohenheim.,1
tg,rfd2.0,78304,79735,Gräfin Franziska von Hohenheim.,1,eine,ART,ein,33224,,
tg,rfd2.0,78304,79735,Gräfin Franziska von Hohenheim.,1,Viertelstunde,NN,viertelstunde,33224,,
tg,rfd2.0,78304,79735,Gräfin Franziska von Hohenheim.,1,Einsamkeit,NN,einsamkeit,33224,,
tg,rfd2.0,78304,79735,Gräfin Franziska von Hohenheim.,1,für,APPR,für,33224,,
tg,rfd2.0,78304,79735,Gräfin Franziska von Hohenheim.,1,meinen,PPOSAT,mein,33224,Gräfin Franziska von Hohenheim.,1
tg,rfd2.0,78304,79735,Gräfin Franziska von Hohenheim.,1,Dichter,NN,dichter,33224,,
tg,rfd2.0,78304,79735,Gräfin Franziska von Hohenheim.,1,"!",$.,--,33224,,
tg,rfd2.0,78304,79735,Gräfin Franziska von Hohenheim.,1,Nach,APPR,nach,33224,,
tg,rfd2.0,78304,79735,Gräfin Franziska von Hohenheim.,1,dem,ART,der,33224,,
tg,rfd2.0,78304,79735,Gräfin Franziska von Hohenheim.,1,Vordergrunde,NN,vordergrunde,33224,,
tg,rfd2.0,78304,79735,Gräfin Franziska von Hohenheim.,1,kommend,ADJD,kommend,33224,,
tg,rfd2.0,78304,79735,Gräfin Franziska von Hohenheim.,1,und,KON,und,33224,,
tg,rfd2.0,78304,79735,Gräfin Franziska von Hohenheim.,1,ein,ART,ein,33224,,
tg,rfd2.0,78304,79735,Gräfin Franziska von Hohenheim.,1,gedrucktes,ADJA,gedruckt,33224,,
tg,rfd2.0,78304,79735,Gräfin Franziska von Hohenheim.,1,Blatt,NN,blatt,33224,,
tg,rfd2.0,78304,79735,Gräfin Franziska von Hohenheim.,1,–,XY,–,33224,,
tg,rfd2.0,78304,79735,Gräfin Franziska von Hohenheim.,1,Oktavform,NN,oktavform,33224,,
tg,rfd2.0,78304,79735,Gräfin Franziska von Hohenheim.,1,",","$,",--,33224,,
tg,rfd2.0,78304,79735,Gräfin Franziska von Hohenheim.,1,ein,ART,ein,33224,,
tg,rfd2.0,78304,79735,Gräfin Franziska von Hohenheim.,1,halber,ADJA,halber,33224,,
tg,rfd2.0,78304,79735,Gräfin Franziska von Hohenheim.,1,Bogen,NN,bogen,33224,,
tg,rfd2.0,78304,79735,Gräfin Franziska von Hohenheim.,1,–,CARD,–,33224,,
tg,rfd2.0,78304,79735,Gräfin Franziska von Hohenheim.,1,hervorziehend,ADJD,hervorziehend,33224,,
tg,rfd2.0,78304,79735,Gräfin Franziska von Hohenheim.,1,.,$.,--,33224,,
tg,rfd2.0,78304,79735,Gräfin Franziska von Hohenheim.,1,Für,APPR,für,33224,,
tg,rfd2.0,78304,79735,Gräfin Franziska von Hohenheim.,1,meinen,PPOSAT,meinen,33224,Gräfin Franziska von Hohenheim.,1
tg,rfd2.0,78304,79735,Gräfin Franziska von Hohenheim.,1,Dichter,NN,dichter,33224,,
tg,rfd2.0,78304,79735,Gräfin Franziska von Hohenheim.,1,",","$,",--,33224,,
tg,rfd2.0,78304,79735,Gräfin Franziska von Hohenheim.,1,der,ART,der,33224,,
tg,rfd2.0,78304,79735,Gräfin Franziska von Hohenheim.,1,eben,ADV,eben,33224,,
tg,rfd2.0,78304,79735,Gräfin Franziska von Hohenheim.,1,wieder,ADV,wieder,33224,,
tg,rfd2.0,78304,79735,Gräfin Franziska von Hohenheim.,1,Das,ART,der,33224,,
tg,rfd2.0,78304,79735,Gräfin Franziska von Hohenheim.,1,Blatt,NN,blatt,33224,,
tg,rfd2.0,78304,79735,Gräfin Franziska von Hohenheim.,1,entfaltend,ADJD,entfaltend,33224,,
tg,rfd2.0,78304,79735,Gräfin Franziska von Hohenheim.,1,.,$.,--,33224,,
tg,rfd2.0,78304,79735,Gräfin Franziska von Hohenheim.,1,frisch,ADJD,frisch,33224,,
tg,rfd2.0,78304,79735,Gräfin Franziska von Hohenheim.,1,angekommen,VVPP,ankommen,33224,,
tg,rfd2.0,78304,79735,Gräfin Franziska von Hohenheim.,1,ist,VAFIN,sein,33224,,
tg,rfd2.0,78304,79735,Gräfin Franziska von Hohenheim.,1,.,$.,--,33224,,
tg,rfd2.0,78304,79735,Gräfin Franziska von Hohenheim.,1,Gott,NN,gott,33224,,
tg,rfd2.0,78304,79735,Gräfin Franziska von Hohenheim.,1,und,KON,und,33224,,
tg,rfd2.0,78304,79735,Gräfin Franziska von Hohenheim.,1,der,ART,der,33224,,
tg,rfd2.0,78304,79735,Gräfin Franziska von Hohenheim.,1,Herzog,NE,herzog,33224,,
tg,rfd2.0,78304,79735,Gräfin Franziska von Hohenheim.,1,mögen,VMFIN,mögen,33224,,
tg,rfd2.0,78304,79735,Gräfin Franziska von Hohenheim.,1,mir's,PPER,mir's,33224,,
tg,rfd2.0,78304,79735,Gräfin Franziska von Hohenheim.,1,verzeihen,VVFIN,verzeihen,33224,,
tg,rfd2.0,78304,79735,Gräfin Franziska von Hohenheim.,1,",","$,",--,33224,,
tg,rfd2.0,78304,79735,Gräfin Franziska von Hohenheim.,1,aber,KON,aber,33224,,
tg,rfd2.0,78304,79735,Gräfin Franziska von Hohenheim.,1,ich,PPER,ich,33224,Gräfin Franziska von Hohenheim.,1
tg,rfd2.0,78304,79735,Gräfin Franziska von Hohenheim.,1,denke,VVFIN,denken,33224,,
tg,rfd2.0,78304,79735,Gräfin Franziska von Hohenheim.,1,",","$,",--,33224,,
tg,rfd2.0,78304,79735,Gräfin Franziska von Hohenheim.,1,',$[,--,33224,,
tg,rfd2.0,78304,79735,Gräfin Franziska von Hohenheim.,1,s,PPER,--,33224,,
tg,rfd2.0,78304,79735,Gräfin Franziska von Hohenheim.,1,ist,VAFIN,sein,33224,,
tg,rfd2.0,78304,79735,Gräfin Franziska von Hohenheim.,1,ja,ADV,ja,33224,,
tg,rfd2.0,78304,79735,Gräfin Franziska von Hohenheim.,1,nichts,PIS,nichts,33224,,
tg,rfd2.0,78304,79735,Gräfin Franziska von Hohenheim.,1,Böses,NE,böse,33224,,
tg,rfd2.0,78304,79735,Gräfin Franziska von Hohenheim.,1,",","$,",--,33224,,
tg,rfd2.0,78304,79735,Gräfin Franziska von Hohenheim.,1,die,ART,der,33224,,
tg,rfd2.0,78304,79735,Gräfin Franziska von Hohenheim.,1,lieblich,ADJD,lieblich,33224,,
tg,rfd2.0,78304,79735,Gräfin Franziska von Hohenheim.,1,schwellenden,ADJA,schwellend,33224,,
tg,rfd2.0,78304,79735,Gräfin Franziska von Hohenheim.,1,Worte,NN,wort,33224,,
tg,rfd2.0,78304,79735,Gräfin Franziska von Hohenheim.,1,eines,ART,ein,33224,,
tg,rfd2.0,78304,79735,Gräfin Franziska von Hohenheim.,1,Sängers,NN,sänger,33224,,
tg,rfd2.0,78304,79735,Gräfin Franziska von Hohenheim.,1,zu,PTKZU,zu,33224,,
tg,rfd2.0,78304,79735,Gräfin Franziska von Hohenheim.,1,lesen,VVINF,lesen,33224,,
tg,rfd2.0,78304,79735,Gräfin Franziska von Hohenheim.,1,",","$,",--,33224,,
tg,rfd2.0,78304,79735,Gräfin Franziska von Hohenheim.,1,der,PRELS,der,33224,,
tg,rfd2.0,78304,79735,Gräfin Franziska von Hohenheim.,1,doch,ADV,doch,33224,,
tg,rfd2.0,78304,79735,Gräfin Franziska von Hohenheim.,1,ebenfalls,ADV,ebenfalls,33224,,
tg,rfd2.0,78304,79735,Gräfin Franziska von Hohenheim.,1,gewiß,ADV,gewiß,33224,,
tg,rfd2.0,78304,79735,Gräfin Franziska von Hohenheim.,1,nichts,PIS,nichts,33224,,
tg,rfd2.0,78304,79735,Gräfin Franziska von Hohenheim.,1,Böses,NE,böse,33224,,
tg,rfd2.0,78304,79735,Gräfin Franziska von Hohenheim.,1,denkt,VVFIN,denken,33224,,
tg,rfd2.0,78304,79735,Gräfin Franziska von Hohenheim.,1,",","$,",--,33224,,
tg,rfd2.0,78304,79735,Gräfin Franziska von Hohenheim.,1,wenn,KOUS,wenn,33224,,
tg,rfd2.0,78304,79735,Gräfin Franziska von Hohenheim.,1,er,PPER,er,33224,,
tg,rfd2.0,78304,79735,Gräfin Franziska von Hohenheim.,1,sie,PPER,sie,33224,,
tg,rfd2.0,78304,79735,Gräfin Franziska von Hohenheim.,1,an,APPR,an,33224,,
tg,rfd2.0,78304,79735,Gräfin Franziska von Hohenheim.,1,mich,PPER,mich,33224,Gräfin Franziska von Hohenheim.,1
tg,rfd2.0,78304,79735,Gräfin Franziska von Hohenheim.,1,richtet,VVFIN,richten,33224,,
tg,rfd2.0,78304,79735,Gräfin Franziska von Hohenheim.,1,und,KON,und,33224,,
tg,rfd2.0,78304,79735,Gräfin Franziska von Hohenheim.,1,sendet,VVFIN,senden,33224,,
tg,rfd2.0,78304,79735,Gräfin Franziska von Hohenheim.,1,mit,APPR,mit,33224,,
tg,rfd2.0,78304,79735,Gräfin Franziska von Hohenheim.,1,schwungvoller,ADJA,schwungvoll,33224,,
tg,rfd2.0,78304,79735,Gräfin Franziska von Hohenheim.,1,Seele,NN,seele,33224,,
tg,rfd2.0,78304,79735,Gräfin Franziska von Hohenheim.,1,"!",$.,--,33224,,
tg,rfd2.0,78304,79735,Gräfin Franziska von Hohenheim.,1,Sie,PPER,sie,33224,,
tg,rfd2.0,78304,79735,Gräfin Franziska von Hohenheim.,1,setzt,VVFIN,setzen,33224,,
tg,rfd2.0,78304,79735,Gräfin Franziska von Hohenheim.,1,sich,PRF,sich,33224,,
tg,rfd2.0,78304,79735,Gräfin Franziska von Hohenheim.,1,behaglich,ADJD,behaglich,33224,,
tg,rfd2.0,78304,79735,Gräfin Franziska von Hohenheim.,1,in,APPR,in,33224,,
tg,rfd2.0,78304,79735,Gräfin Franziska von Hohenheim.,1,die,ART,der,33224,,
tg,rfd2.0,78304,79735,Gräfin Franziska von Hohenheim.,1,Sofaecke,NN,sofaecke,33224,,
tg,rfd2.0,78304,79735,Gräfin Franziska von Hohenheim.,1,und,KON,und,33224,,
tg,rfd2.0,78304,79735,Gräfin Franziska von Hohenheim.,1,liest,VVFIN,lesen,33224,,
tg,rfd2.0,78304,79735,Gräfin Franziska von Hohenheim.,1,.,$.,--,33224,,
tg,rfd2.0,78304,79735,Gräfin Franziska von Hohenheim.,1,Selig,ADJD,selig,33224,,
tg,rfd2.0,78304,79735,Gräfin Franziska von Hohenheim.,1,durch,APPR,durch,33224,,
tg,rfd2.0,78304,79735,Gräfin Franziska von Hohenheim.,1,die,ART,der,33224,,
tg,rfd2.0,78304,79735,Gräfin Franziska von Hohenheim.,1,Liebe,NN,liebe,33224,,
tg,rfd2.0,78304,79735,Gräfin Franziska von Hohenheim.,1,Götter,ADJA,gott,33224,,
tg,rfd2.0,78304,79735,Gräfin Franziska von Hohenheim.,1,–,NN,–,33224,,
tg,rfd2.0,78304,79735,Gräfin Franziska von Hohenheim.,1,durch,APPR,durch,33224,,
tg,rfd2.0,78304,79735,Gräfin Franziska von Hohenheim.,1,die,ART,der,33224,,
tg,rfd2.0,78304,79735,Gräfin Franziska von Hohenheim.,1,Liebe,NN,lieb,33224,,
tg,rfd2.0,78304,79735,Gräfin Franziska von Hohenheim.,1,Menschen,NN,mensch,33224,,
tg,rfd2.0,78304,79735,Gräfin Franziska von Hohenheim.,1,Göttern,NN,götter,33224,,
tg,rfd2.0,78304,79735,Gräfin Franziska von Hohenheim.,1,gleich,ADV,gleich,33224,,
tg,rfd2.0,78304,79735,Gräfin Franziska von Hohenheim.,1,"!",$.,--,33224,,
tg,rfd2.0,78304,79735,Gräfin Franziska von Hohenheim.,1,Liebe,NN,liebe,33224,,
tg,rfd2.0,78304,79735,Gräfin Franziska von Hohenheim.,1,macht,VVFIN,machen,33224,,
tg,rfd2.0,78304,79735,Gräfin Franziska von Hohenheim.,1,den,ART,der,33224,,
tg,rfd2.0,78304,79735,Gräfin Franziska von Hohenheim.,1,Himmel,NN,himmel,33224,,
tg,rfd2.0,78304,79735,Gräfin Franziska von Hohenheim.,1,Himmlischer,ADJA,himmlischer,33224,,
tg,rfd2.0,78304,79735,Gräfin Franziska von Hohenheim.,1,–,NN,–,33224,,
tg,rfd2.0,78304,79735,Gräfin Franziska von Hohenheim.,1,die,ART,der,33224,,
tg,rfd2.0,78304,79735,Gräfin Franziska von Hohenheim.,1,Erde,NN,erde,33224,,
tg,rfd2.0,78304,79735,Gräfin Franziska von Hohenheim.,1,Zu,APPR,zu,33224,,
tg,rfd2.0,78304,79735,Gräfin Franziska von Hohenheim.,1,dem,ART,der,33224,,
tg,rfd2.0,78304,79735,Gräfin Franziska von Hohenheim.,1,Himmelreich,NN,himmelreich,33224,,
tg,rfd2.0,78304,79735,Gräfin Franziska von Hohenheim.,1,–,XY,–,33224,,
tg,rfd2.0,78304,79735,Gräfin Franziska von Hohenheim.,1,Weisheit,NN,weisheit,33224,,
tg,rfd2.0,78304,79735,Gräfin Franziska von Hohenheim.,1,mit,APPR,mit,33224,,
tg,rfd2.0,78304,79735,Gräfin Franziska von Hohenheim.,1,dem,ART,der,33224,,
tg,rfd2.0,78304,79735,Gräfin Franziska von Hohenheim.,1,Sonnenblick,NN,sonnenblick,33224,,
tg,rfd2.0,78304,79735,Gräfin Franziska von Hohenheim.,1,Große,ADJA,groß,33224,,
tg,rfd2.0,78304,79735,Gräfin Franziska von Hohenheim.,1,Göttin,NN,göttin,33224,,
tg,rfd2.0,78304,79735,Gräfin Franziska von Hohenheim.,1,",","$,",--,33224,,
tg,rfd2.0,78304,79735,Gräfin Franziska von Hohenheim.,1,tritt,VVFIN,treten,33224,,
tg,rfd2.0,78304,79735,Gräfin Franziska von Hohenheim.,1,zurück,PTKVZ,zurück,33224,,
tg,rfd2.0,78304,79735,Gräfin Franziska von Hohenheim.,1,",","$,",--,33224,,
tg,rfd2.0,78304,79735,Gräfin Franziska von Hohenheim.,1,Weiche,NN,weiche,33224,,
tg,rfd2.0,78304,79735,Gräfin Franziska von Hohenheim.,1,vor,APPR,vor,33224,,
tg,rfd2.0,78304,79735,Gräfin Franziska von Hohenheim.,1,der,ART,der,33224,,
tg,rfd2.0,78304,79735,Gräfin Franziska von Hohenheim.,1,Liebe,NN,liebe,33224,,
tg,rfd2.0,78304,79735,Gräfin Franziska von Hohenheim.,1,.,$.,--,33224,,
tg,rfd2.0,78304,79735,Gräfin Franziska von Hohenheim.,1,Nie,ADV,nie,33224,,
tg,rfd2.0,78304,79735,Gräfin Franziska von Hohenheim.,1,Erobrern,NN,erobrer,33224,,
tg,rfd2.0,78304,79735,Gräfin Franziska von Hohenheim.,1,",","$,",--,33224,,
tg,rfd2.0,78304,79735,Gräfin Franziska von Hohenheim.,1,Fürsten,NE,fürst,33224,,
tg,rfd2.0,78304,79735,Gräfin Franziska von Hohenheim.,1,nie,ADV,nie,33224,,
tg,rfd2.0,78304,79735,Gräfin Franziska von Hohenheim.,1,Beugtest,NN,beugtest,33224,,
tg,rfd2.0,78304,79735,Gräfin Franziska von Hohenheim.,1,du,PPER,du,33224,,
tg,rfd2.0,78304,79735,Gräfin Franziska von Hohenheim.,1,ein,ART,ein,33224,,
tg,rfd2.0,78304,79735,Gräfin Franziska von Hohenheim.,1,Sklavenknie,NN,sklavenknie,33224,,
tg,rfd2.0,78304,79735,Gräfin Franziska von Hohenheim.,1,",","$,",--,33224,,
tg,rfd2.0,78304,79735,Gräfin Franziska von Hohenheim.,1,Beug,NN,beug,33224,,
tg,rfd2.0,78304,79735,Gräfin Franziska von Hohenheim.,1,es,PPER,es,33224,,
tg,rfd2.0,78304,79735,Gräfin Franziska von Hohenheim.,1,jetzt,ADV,jetzt,33224,,
tg,rfd2.0,78304,79735,Gräfin Franziska von Hohenheim.,1,der,ART,der,33224,,
tg,rfd2.0,78304,79735,Gräfin Franziska von Hohenheim.,1,Liebe,NN,liebe,33224,,
tg,rfd2.0,78304,79735,Gräfin Franziska von Hohenheim.,1,.,$.,--,33224,,
tg,rfd2.0,78304,79735,Gräfin Franziska von Hohenheim.,1,Ich,PPER,ich,33224,,
tg,rfd2.0,78304,79735,Gräfin Franziska von Hohenheim.,1,will,VMFIN,wollen,33224,,
tg,rfd2.0,78304,79735,Gräfin Franziska von Hohenheim.,1,nicht,PTKNEG,nicht,33224,,
tg,rfd2.0,78304,79735,Gräfin Franziska von Hohenheim.,1,hoffen,VVFIN,hoffen,33224,,
tg,rfd2.0,78304,79735,Gräfin Franziska von Hohenheim.,1,",","$,",--,33224,,
tg,rfd2.0,78304,79735,Gräfin Franziska von Hohenheim.,1,daß,KOUS,daß,33224,,
tg,rfd2.0,78304,79735,Gräfin Franziska von Hohenheim.,1,er,PPER,er,33224,,
tg,rfd2.0,78304,79735,Gräfin Franziska von Hohenheim.,1,–,XY,–,33224,,
tg,rfd2.0,78304,79735,Gräfin Franziska von Hohenheim.,1,»,XY,»,33224,,
tg,rfd2.0,78304,79735,Gräfin Franziska von Hohenheim.,1,nie,ADV,nie,33224,,
tg,rfd2.0,78304,79735,Gräfin Franziska von Hohenheim.,1,Erobrern,VVINF,erobrer,33224,,
tg,rfd2.0,78304,79735,Gräfin Franziska von Hohenheim.,1,",","$,",--,33224,,
tg,rfd2.0,78304,79735,Gräfin Franziska von Hohenheim.,1,Fürsten,NE,fürst,33224,,
tg,rfd2.0,78304,79735,Gräfin Franziska von Hohenheim.,1,nie,ADV,nie,33224,,
tg,rfd2.0,78304,79735,Gräfin Franziska von Hohenheim.,1,beugtest,VVFIN,beugtest,33224,,
tg,rfd2.0,78304,79735,Gräfin Franziska von Hohenheim.,1,du,PPER,du,33224,,
tg,rfd2.0,78304,79735,Gräfin Franziska von Hohenheim.,1,ein,ART,ein,33224,,
tg,rfd2.0,78304,79735,Gräfin Franziska von Hohenheim.,1,Sklavenknie,NN,sklavenknie,33224,,
tg,rfd2.0,78304,79735,Gräfin Franziska von Hohenheim.,1,",","$,",--,33224,,
tg,rfd2.0,78304,79735,Gräfin Franziska von Hohenheim.,1,beug,VVFIN,beug,33224,,
tg,rfd2.0,78304,79735,Gräfin Franziska von Hohenheim.,1,es,PPER,es,33224,,
tg,rfd2.0,78304,79735,Gräfin Franziska von Hohenheim.,1,jetzt,ADV,jetzt,33224,,
tg,rfd2.0,78304,79735,Gräfin Franziska von Hohenheim.,1,der,ART,der,33224,,
tg,rfd2.0,78304,79735,Gräfin Franziska von Hohenheim.,1,Liebe,NN,liebe,33224,,
tg,rfd2.0,78304,79735,Gräfin Franziska von Hohenheim.,1,«,XY,«,33224,,
tg,rfd2.0,78304,79735,Gräfin Franziska von Hohenheim.,1,–,XY,–,33224,,
tg,rfd2.0,78304,79735,Gräfin Franziska von Hohenheim.,1,ich,PPER,ich,33224,Gräfin Franziska von Hohenheim.,1
tg,rfd2.0,78304,79735,Gräfin Franziska von Hohenheim.,1,will,VMFIN,wollen,33224,,
tg,rfd2.0,78304,79735,Gräfin Franziska von Hohenheim.,1,nicht,PTKNEG,nicht,33224,,
tg,rfd2.0,78304,79735,Gräfin Franziska von Hohenheim.,1,hoffen,VVFIN,hoffen,33224,,
tg,rfd2.0,78304,79735,Gräfin Franziska von Hohenheim.,1,",","$,",--,33224,,
tg,rfd2.0,78304,79735,Gräfin Franziska von Hohenheim.,1,daß,KOUS,daß,33224,,
tg,rfd2.0,78304,79735,Gräfin Franziska von Hohenheim.,1,er,PPER,er,33224,,
tg,rfd2.0,78304,79735,Gräfin Franziska von Hohenheim.,1,damit,PROAV,damit,33224,,
tg,rfd2.0,78304,79735,Gräfin Franziska von Hohenheim.,1,eine,ART,ein,33224,,
tg,rfd2.0,78304,79735,Gräfin Franziska von Hohenheim.,1,Anspielung,NN,anspielung,33224,,
tg,rfd2.0,78304,79735,Gräfin Franziska von Hohenheim.,1,wagt,VVFIN,wagen,33224,,
tg,rfd2.0,78304,79735,Gräfin Franziska von Hohenheim.,1,auf,APPR,auf,33224,,
tg,rfd2.0,78304,79735,Gräfin Franziska von Hohenheim.,1,–,CARD,–,33224,,
tg,rfd2.0,78304,79735,Gräfin Franziska von Hohenheim.,1,den,ART,der,33224,,
tg,rfd2.0,78304,79735,Gräfin Franziska von Hohenheim.,1,Herzog,NE,herzog,33224,,
tg,rfd2.0,78304,79735,Gräfin Franziska von Hohenheim.,1,"!",$.,--,33224,,
tg,rfd2.0,79740,79816,Generalin Rieger.,2,Darf,VMFIN,dürfen,33224,,
tg,rfd2.0,79740,79816,Generalin Rieger.,2,man,PIS,man,33224,,
tg,rfd2.0,79740,79816,Generalin Rieger.,2,eintreten,VVINF,eintreten,33224,,
tg,rfd2.0,79740,79816,Generalin Rieger.,2,?,$.,--,33224,,
tg,rfd2.0,79821,79913,Gräfin Franziska von Hohenheim.,1,Ach,ITJ,ach,33224,,
tg,rfd2.0,79821,79913,Gräfin Franziska von Hohenheim.,1,mein,PPOSAT,mein,33224,Gräfin Franziska von Hohenheim.,1
tg,rfd2.0,79821,79913,Gräfin Franziska von Hohenheim.,1,Gott,NN,gott,33224,,
tg,rfd2.0,79821,79913,Gräfin Franziska von Hohenheim.,1,"!",$.,--,33224,,
tg,rfd2.0,79821,79913,Gräfin Franziska von Hohenheim.,1,Fährt,NE,fährt,33224,,
tg,rfd2.0,79821,79913,Gräfin Franziska von Hohenheim.,1,mit,APPR,mit,33224,,
tg,rfd2.0,79821,79913,Gräfin Franziska von Hohenheim.,1,dem,ART,der,33224,,
tg,rfd2.0,79821,79913,Gräfin Franziska von Hohenheim.,1,Blatt,NN,blatt,33224,,
tg,rfd2.0,79821,79913,Gräfin Franziska von Hohenheim.,1,zur,APPRART,zu,33224,,
tg,rfd2.0,79821,79913,Gräfin Franziska von Hohenheim.,1,Seite,NN,seite,33224,,
tg,rfd2.0,79821,79913,Gräfin Franziska von Hohenheim.,1,",","$,",--,33224,,
tg,rfd2.0,79821,79913,Gräfin Franziska von Hohenheim.,1,faltet,VVFIN,falten,33224,,
tg,rfd2.0,79821,79913,Gräfin Franziska von Hohenheim.,1,es,PPER,es,33224,,
tg,rfd2.0,79821,79913,Gräfin Franziska von Hohenheim.,1,zusammen,PTKVZ,zusammen,33224,,
tg,rfd2.0,79821,79913,Gräfin Franziska von Hohenheim.,1,und,KON,und,33224,,
tg,rfd2.0,79821,79913,Gräfin Franziska von Hohenheim.,1,steckt,VVFIN,stecken,33224,,
tg,rfd2.0,79821,79913,Gräfin Franziska von Hohenheim.,1,es,PPER,es,33224,,
tg,rfd2.0,79821,79913,Gräfin Franziska von Hohenheim.,1,ein,PTKVZ,ein,33224,,
tg,rfd2.0,79821,79913,Gräfin Franziska von Hohenheim.,1,.,$.,--,33224,,
tg,rfd2.0,79919,79961,Generalin Rieger.,2,Durchlaucht,NN,durchlaucht,33224,,
tg,rfd2.0,79919,79961,Generalin Rieger.,2,noch,ADV,noch,33224,,
tg,rfd2.0,79919,79961,Generalin Rieger.,2,nicht,PTKNEG,nicht,33224,,
tg,rfd2.0,79919,79961,Generalin Rieger.,2,zurück,PTKVZ,zurück,33224,,
tg,rfd2.0,79919,79961,Generalin Rieger.,2,?,$.,--,33224,,
tg,rfd2.0,79966,79980,Gräfin Franziska von Hohenheim.,1,Nein,PTKANT,nein,33224,,
tg,rfd2.0,79966,79980,Gräfin Franziska von Hohenheim.,1,.,$.,--,33224,,
tg,rfd2.0,79985,80006,Generalin Rieger.,2,Darf,VMFIN,dürfen,33224,,
tg,rfd2.0,79985,80006,Generalin Rieger.,2,man,PIS,man,33224,,
tg,rfd2.0,79985,80006,Generalin Rieger.,2,?,$.,--,33224,,
tg,rfd2.0,80012,80029,Gräfin Franziska von Hohenheim.,1,Ja,PTKANT,ja,33224,,
tg,rfd2.0,80012,80029,Gräfin Franziska von Hohenheim.,1,doch,KON,doch,33224,,
tg,rfd2.0,80012,80029,Gräfin Franziska von Hohenheim.,1,"!",$.,--,33224,,
tg,rfd2.0,80034,80065,Generalin Rieger.,2,Ich,PPER,ich,33224,,
tg,rfd2.0,80034,80065,Generalin Rieger.,2,hab,VAFIN,hab,33224,,
tg,rfd2.0,80034,80065,Generalin Rieger.,2,',$[,--,33224,,
tg,rfd2.0,80034,80065,Generalin Rieger.,2,was,PIAT,was,33224,,
tg,rfd2.0,80034,80065,Generalin Rieger.,2,Neues,NN,neue,33224,,
tg,rfd2.0,80034,80065,Generalin Rieger.,2,"!",$.,--,33224,,
tg,rfd2.0,80070,80096,Gräfin Franziska von Hohenheim.,1,Aus,APPR,aus,33224,,
tg,rfd2.0,80070,80096,Gräfin Franziska von Hohenheim.,1,dem,ART,der,33224,,
tg,rfd2.0,80070,80096,Gräfin Franziska von Hohenheim.,1,Institut,NN,institut,33224,,
tg,rfd2.0,80070,80096,Gräfin Franziska von Hohenheim.,1,?,$.,--,33224,,
tg,rfd2.0,80101,80204,Generalin Rieger.,2,Ach,ITJ,ach,33224,,
tg,rfd2.0,80101,80204,Generalin Rieger.,2,nein,PTKANT,nein,33224,,
tg,rfd2.0,80101,80204,Generalin Rieger.,2,",","$,",--,33224,,
tg,rfd2.0,80101,80204,Generalin Rieger.,2,unsere,PPOSAT,unser,33224,,
tg,rfd2.0,80101,80204,Generalin Rieger.,2,Mädchen,NN,mädchen,33224,,
tg,rfd2.0,80101,80204,Generalin Rieger.,2,sind,VAFIN,sein,33224,,
tg,rfd2.0,80101,80204,Generalin Rieger.,2,stille,ADJA,still,33224,,
tg,rfd2.0,80101,80204,Generalin Rieger.,2,Dinger,NN,dinger,33224,,
tg,rfd2.0,80101,80204,Generalin Rieger.,2,",","$,",--,33224,,
tg,rfd2.0,80101,80204,Generalin Rieger.,2,die,PRELS,der,33224,,
tg,rfd2.0,80101,80204,Generalin Rieger.,2,richten,VVFIN,richten,33224,,
tg,rfd2.0,80101,80204,Generalin Rieger.,2,nichts,PIAT,nichts,33224,,
tg,rfd2.0,80101,80204,Generalin Rieger.,2,Neues,NN,neue,33224,,
tg,rfd2.0,80101,80204,Generalin Rieger.,2,an,PTKVZ,an,33224,,
tg,rfd2.0,80101,80204,Generalin Rieger.,2,",","$,",--,33224,,
tg,rfd2.0,80101,80204,Generalin Rieger.,2,aber,KON,aber,33224,,
tg,rfd2.0,80101,80204,Generalin Rieger.,2,unser,PPOSAT,unser,33224,,
tg,rfd2.0,80101,80204,Generalin Rieger.,2,Kind,NN,kind,33224,,
tg,rfd2.0,80101,80204,Generalin Rieger.,2,–,CARD,–,33224,,
tg,rfd2.0,80209,80224,Gräfin Franziska von Hohenheim.,1,Laura,NN,laura,33224,,
tg,rfd2.0,80209,80224,Gräfin Franziska von Hohenheim.,1,?,$.,--,33224,,
tg,rfd2.0,80229,80274,Generalin Rieger.,2,Die,ART,der,33224,,
tg,rfd2.0,80229,80274,Generalin Rieger.,2,richtet,VVFIN,richten,33224,,
tg,rfd2.0,80229,80274,Generalin Rieger.,2,an,APPR,an,33224,,
tg,rfd2.0,80229,80274,Generalin Rieger.,2,–,NN,–,33224,,
tg,rfd2.0,80229,80274,Generalin Rieger.,2,der,ART,der,33224,,
tg,rfd2.0,80229,80274,Generalin Rieger.,2,Störenfried,NN,störenfried,33224,,
tg,rfd2.0,80229,80274,Generalin Rieger.,2,"!",$.,--,33224,,
tg,rfd2.0,80279,80306,Gräfin Franziska von Hohenheim.,1,Doch,KON,doch,33224,,
tg,rfd2.0,80279,80306,Gräfin Franziska von Hohenheim.,1,nichts,PIS,nichts,33224,,
tg,rfd2.0,80279,80306,Gräfin Franziska von Hohenheim.,1,Übles,ADV,üble,33224,,
tg,rfd2.0,80279,80306,Gräfin Franziska von Hohenheim.,1,?,$.,--,33224,,
tg,rfd2.0,80311,80423,Generalin Rieger.,2,Wenn's,NE,wenn's,33224,,
tg,rfd2.0,80311,80423,Generalin Rieger.,2,ein,ART,ein,33224,,
tg,rfd2.0,80311,80423,Generalin Rieger.,2,Übles,NN,übles,33224,,
tg,rfd2.0,80311,80423,Generalin Rieger.,2,ist,VAFIN,sein,33224,,
tg,rfd2.0,80311,80423,Generalin Rieger.,2,",","$,",--,33224,,
tg,rfd2.0,80311,80423,Generalin Rieger.,2,daß,KOUS,daß,33224,,
tg,rfd2.0,80311,80423,Generalin Rieger.,2,sie,PPER,sie,33224,,
tg,rfd2.0,80311,80423,Generalin Rieger.,2,hübsch,ADJD,hübsch,33224,,
tg,rfd2.0,80311,80423,Generalin Rieger.,2,und,KON,und,33224,,
tg,rfd2.0,80311,80423,Generalin Rieger.,2,liebenswürdig,ADJD,liebenswürdig,33224,,
tg,rfd2.0,80311,80423,Generalin Rieger.,2,und,KON,und,33224,,
tg,rfd2.0,80311,80423,Generalin Rieger.,2,dem,ART,der,33224,,
tg,rfd2.0,80311,80423,Generalin Rieger.,2,jungen,ADJA,jung,33224,,
tg,rfd2.0,80311,80423,Generalin Rieger.,2,Mannsvolke,NN,mannsvolke,33224,,
tg,rfd2.0,80311,80423,Generalin Rieger.,2,den,ART,der,33224,,
tg,rfd2.0,80311,80423,Generalin Rieger.,2,Kopf,NN,kopf,33224,,
tg,rfd2.0,80311,80423,Generalin Rieger.,2,verrückt,VVFIN,verrücken,33224,,
tg,rfd2.0,80311,80423,Generalin Rieger.,2,–,PPER,–,33224,,
tg,rfd2.0,80428,80444,Gräfin Franziska von Hohenheim.,1,Bäbele,NN,bäbele,33224,,
tg,rfd2.0,80428,80444,Gräfin Franziska von Hohenheim.,1,"!",$.,--,33224,,
tg,rfd2.0,80449,80477,Generalin Rieger.,2,Wo,PWAV,wo,33224,,
tg,rfd2.0,80449,80477,Generalin Rieger.,2,ist,VAFIN,sein,33224,,
tg,rfd2.0,80449,80477,Generalin Rieger.,2,sie,PPER,sie,33224,,
tg,rfd2.0,80449,80477,Generalin Rieger.,2,denn,ADV,denn,33224,,
tg,rfd2.0,80449,80477,Generalin Rieger.,2,?,$.,--,33224,,
tg,rfd2.0,80482,80569,Gräfin Franziska von Hohenheim.,1,Da,ADV,da,33224,,
tg,rfd2.0,80482,80569,Gräfin Franziska von Hohenheim.,1,oben,ADV,oben,33224,,
tg,rfd2.0,80482,80569,Gräfin Franziska von Hohenheim.,1,Nach,APPR,nach,33224,,
tg,rfd2.0,80482,80569,Gräfin Franziska von Hohenheim.,1,links,ADV,links,33224,,
tg,rfd2.0,80482,80569,Gräfin Franziska von Hohenheim.,1,hinten,ADV,hinten,33224,,
tg,rfd2.0,80482,80569,Gräfin Franziska von Hohenheim.,1,deutend,ADJD,deutend,33224,,
tg,rfd2.0,80482,80569,Gräfin Franziska von Hohenheim.,1,.,$.,--,33224,,
tg,rfd2.0,80482,80569,Gräfin Franziska von Hohenheim.,1,auf,APPR,auf,33224,,
tg,rfd2.0,80482,80569,Gräfin Franziska von Hohenheim.,1,dem,ART,der,33224,,
tg,rfd2.0,80482,80569,Gräfin Franziska von Hohenheim.,1,Theater,NN,theater,33224,,
tg,rfd2.0,80482,80569,Gräfin Franziska von Hohenheim.,1,",","$,",--,33224,,
tg,rfd2.0,80482,80569,Gräfin Franziska von Hohenheim.,1,sie,PPER,sie,33224,,
tg,rfd2.0,80482,80569,Gräfin Franziska von Hohenheim.,1,probieren,VVFIN,probieren,33224,,
tg,rfd2.0,80482,80569,Gräfin Franziska von Hohenheim.,1,den,ART,der,33224,,
tg,rfd2.0,80482,80569,Gräfin Franziska von Hohenheim.,1,Clavigo,NE,clavigo,33224,,
tg,rfd2.0,80482,80569,Gräfin Franziska von Hohenheim.,1,.,$.,--,33224,,
tg,rfd2.0,80574,80657,Generalin Rieger.,2,Die,ART,der,33224,,
tg,rfd2.0,80574,80657,Generalin Rieger.,2,Karlsschüler,NN,karlsschüler,33224,,
tg,rfd2.0,80574,80657,Generalin Rieger.,2,?,$.,--,33224,,
tg,rfd2.0,80574,80657,Generalin Rieger.,2,Und,KON,und,33224,,
tg,rfd2.0,80574,80657,Generalin Rieger.,2,da,ADV,da,33224,,
tg,rfd2.0,80574,80657,Generalin Rieger.,2,laßt,VVFIN,lassen,33224,,
tg,rfd2.0,80574,80657,Generalin Rieger.,2,Ihr,PPOSAT,ihr,33224,,
tg,rfd2.0,80574,80657,Generalin Rieger.,2,sie,PPER,sie,33224,,
tg,rfd2.0,80574,80657,Generalin Rieger.,2,allein,ADV,allein,33224,,
tg,rfd2.0,80574,80657,Generalin Rieger.,2,mit,APPR,mit,33224,,
tg,rfd2.0,80574,80657,Generalin Rieger.,2,dem,ART,der,33224,,
tg,rfd2.0,80574,80657,Generalin Rieger.,2,jungen,ADJA,jung,33224,,
tg,rfd2.0,80574,80657,Generalin Rieger.,2,Mannsvolk,NN,mannsvolk,33224,,
tg,rfd2.0,80574,80657,Generalin Rieger.,2,?,$.,--,33224,,
tg,rfd2.0,80574,80657,Generalin Rieger.,2,"!",$.,--,33224,,
tg,rfd2.0,80662,80784,Gräfin Franziska von Hohenheim.,1,Ich,PPER,ich,33224,,
tg,rfd2.0,80662,80784,Gräfin Franziska von Hohenheim.,1,komme,VVFIN,kommen,33224,,
tg,rfd2.0,80662,80784,Gräfin Franziska von Hohenheim.,1,eben,ADV,eben,33224,,
tg,rfd2.0,80662,80784,Gräfin Franziska von Hohenheim.,1,erst,ADV,erst,33224,,
tg,rfd2.0,80662,80784,Gräfin Franziska von Hohenheim.,1,herunter,PTKVZ,herunter,33224,,
tg,rfd2.0,80662,80784,Gräfin Franziska von Hohenheim.,1,",","$,",--,33224,,
tg,rfd2.0,80662,80784,Gräfin Franziska von Hohenheim.,1,und,KON,und,33224,,
tg,rfd2.0,80662,80784,Gräfin Franziska von Hohenheim.,1,die,ART,der,33224,,
tg,rfd2.0,80662,80784,Gräfin Franziska von Hohenheim.,1,Probe,NN,probe,33224,,
tg,rfd2.0,80662,80784,Gräfin Franziska von Hohenheim.,1,wird,VAFIN,werden,33224,,
tg,rfd2.0,80662,80784,Gräfin Franziska von Hohenheim.,1,nicht,PTKNEG,nicht,33224,,
tg,rfd2.0,80662,80784,Gräfin Franziska von Hohenheim.,1,lange,ADV,lange,33224,,
tg,rfd2.0,80662,80784,Gräfin Franziska von Hohenheim.,1,mehr,ADV,mehr,33224,,
tg,rfd2.0,80662,80784,Gräfin Franziska von Hohenheim.,1,dauern,VVFIN,dauern,33224,,
tg,rfd2.0,80662,80784,Gräfin Franziska von Hohenheim.,1,–,PPER,–,33224,,
tg,rfd2.0,80662,80784,Gräfin Franziska von Hohenheim.,1,seit,APPR,seit,33224,,
tg,rfd2.0,80662,80784,Gräfin Franziska von Hohenheim.,1,wann,PWAV,wann,33224,,
tg,rfd2.0,80662,80784,Gräfin Franziska von Hohenheim.,1,bist,VAFIN,sein,33224,,
tg,rfd2.0,80662,80784,Gräfin Franziska von Hohenheim.,1,du,PPER,du,33224,,
tg,rfd2.0,80662,80784,Gräfin Franziska von Hohenheim.,1,denn,ADV,denn,33224,,
tg,rfd2.0,80662,80784,Gräfin Franziska von Hohenheim.,1,so,ADV,so,33224,,
tg,rfd2.0,80662,80784,Gräfin Franziska von Hohenheim.,1,ängstlich,ADJD,ängstlich,33224,,
tg,rfd2.0,80662,80784,Gräfin Franziska von Hohenheim.,1,?,$.,--,33224,,
tg,rfd2.0,80662,80784,Gräfin Franziska von Hohenheim.,1,–,XY,–,33224,,
tg,rfd2.0,80789,81004,Generalin Rieger.,2,Ich,PPER,ich,33224,,
tg,rfd2.0,80789,81004,Generalin Rieger.,2,nicht,PTKNEG,nicht,33224,,
tg,rfd2.0,80789,81004,Generalin Rieger.,2,",","$,",--,33224,,
tg,rfd2.0,80789,81004,Generalin Rieger.,2,Ihr,PPOSAT,ihr,33224,,
tg,rfd2.0,80789,81004,Generalin Rieger.,2,wart,ADJD,sein,33224,,
tg,rfd2.0,80789,81004,Generalin Rieger.,2,ja,ADV,ja,33224,,
tg,rfd2.0,80789,81004,Generalin Rieger.,2,aber,ADV,aber,33224,,
tg,rfd2.0,80789,81004,Generalin Rieger.,2,so,ADV,so,33224,,
tg,rfd2.0,80789,81004,Generalin Rieger.,2,erschrocken,VVINF,erschrocken,33224,,
tg,rfd2.0,80789,81004,Generalin Rieger.,2,",","$,",--,33224,,
tg,rfd2.0,80789,81004,Generalin Rieger.,2,daß,KOUS,daß,33224,,
tg,rfd2.0,80789,81004,Generalin Rieger.,2,Laura,NE,laura,33224,,
tg,rfd2.0,80789,81004,Generalin Rieger.,2,in,APPR,in,33224,,
tg,rfd2.0,80789,81004,Generalin Rieger.,2,den,ART,der,33224,,
tg,rfd2.0,80789,81004,Generalin Rieger.,2,Köpfen,NN,kopf,33224,,
tg,rfd2.0,80789,81004,Generalin Rieger.,2,der,ART,der,33224,,
tg,rfd2.0,80789,81004,Generalin Rieger.,2,Mannsbilder,NN,mannsbild,33224,,
tg,rfd2.0,80789,81004,Generalin Rieger.,2,spuke,VVFIN,spuken,33224,,
tg,rfd2.0,80789,81004,Generalin Rieger.,2,.,$.,--,33224,,
tg,rfd2.0,80789,81004,Generalin Rieger.,2,Mich,PPER,mich,33224,,
tg,rfd2.0,80789,81004,Generalin Rieger.,2,ängstigt,VVFIN,ängstigen,33224,,
tg,rfd2.0,80789,81004,Generalin Rieger.,2,das,PDS,der,33224,,
tg,rfd2.0,80789,81004,Generalin Rieger.,2,nicht,PTKNEG,nicht,33224,,
tg,rfd2.0,80789,81004,Generalin Rieger.,2,",","$,",--,33224,,
tg,rfd2.0,80789,81004,Generalin Rieger.,2,mich,PRF,mich,33224,Generalin Rieger.,2
tg,rfd2.0,80789,81004,Generalin Rieger.,2,freut's,VVFIN,freut,33224,,
tg,rfd2.0,80789,81004,Generalin Rieger.,2,"!",$.,--,33224,,
tg,rfd2.0,80789,81004,Generalin Rieger.,2,Die,ART,der,33224,,
tg,rfd2.0,80789,81004,Generalin Rieger.,2,Mädchen,NN,mädchen,33224,,
tg,rfd2.0,80789,81004,Generalin Rieger.,2,wachsen,VVFIN,wachsen,33224,,
tg,rfd2.0,80789,81004,Generalin Rieger.,2,dazu,PROAV,dazu,33224,,
tg,rfd2.0,80789,81004,Generalin Rieger.,2,auf,PTKVZ,auf,33224,,
tg,rfd2.0,80789,81004,Generalin Rieger.,2,",","$,",--,33224,,
tg,rfd2.0,80789,81004,Generalin Rieger.,2,daß,KOUS,daß,33224,,
tg,rfd2.0,80789,81004,Generalin Rieger.,2,die,ART,der,33224,,
tg,rfd2.0,80789,81004,Generalin Rieger.,2,Männer,NN,mann,33224,,
tg,rfd2.0,80789,81004,Generalin Rieger.,2,ein,ART,ein,33224,,
tg,rfd2.0,80789,81004,Generalin Rieger.,2,bißchen,PIS,bißchen,33224,,
tg,rfd2.0,80789,81004,Generalin Rieger.,2,verrückt,VVPP,verrücken,33224,,
tg,rfd2.0,80789,81004,Generalin Rieger.,2,werden,VAINF,werden,33224,,
tg,rfd2.0,80789,81004,Generalin Rieger.,2,.,$.,--,33224,,
tg,rfd2.0,81009,81025,Gräfin Franziska von Hohenheim.,1,Bäbele,NE,bäbele,33224,,
tg,rfd2.0,81009,81025,Gräfin Franziska von Hohenheim.,1,"!",$.,--,33224,,
tg,rfd2.0,81030,81149,Generalin Rieger.,2,Franzel,NE,franzel,33224,,
tg,rfd2.0,81030,81149,Generalin Rieger.,2,",","$,",--,33224,,
tg,rfd2.0,81030,81149,Generalin Rieger.,2,wir,PPER,wir,33224,,
tg,rfd2.0,81030,81149,Generalin Rieger.,2,sind,VAFIN,sein,33224,,
tg,rfd2.0,81030,81149,Generalin Rieger.,2,ja,ADV,ja,33224,,
tg,rfd2.0,81030,81149,Generalin Rieger.,2,allein,ADV,allein,33224,,
tg,rfd2.0,81030,81149,Generalin Rieger.,2,",","$,",--,33224,,
tg,rfd2.0,81030,81149,Generalin Rieger.,2,und,KON,und,33224,,
tg,rfd2.0,81030,81149,Generalin Rieger.,2,dein,PPOSAT,dein,33224,,
tg,rfd2.0,81030,81149,Generalin Rieger.,2,Mädcheninstitut,NN,mädcheninstitut,33224,,
tg,rfd2.0,81030,81149,Generalin Rieger.,2,und,KON,und,33224,,
tg,rfd2.0,81030,81149,Generalin Rieger.,2,die,ART,der,33224,,
tg,rfd2.0,81030,81149,Generalin Rieger.,2,Stuttgarter,ADJA,stuttgarter,33224,,
tg,rfd2.0,81030,81149,Generalin Rieger.,2,Bürgerfrauen,NN,bürgerfrau,33224,,
tg,rfd2.0,81030,81149,Generalin Rieger.,2,hören,VVFIN,hören,33224,,
tg,rfd2.0,81030,81149,Generalin Rieger.,2,dich,PPER,dich,33224,,
tg,rfd2.0,81030,81149,Generalin Rieger.,2,ja,ADV,ja,33224,,
tg,rfd2.0,81030,81149,Generalin Rieger.,2,nicht,PTKNEG,nicht,33224,,
tg,rfd2.0,81030,81149,Generalin Rieger.,2,"!",$.,--,33224,,
tg,rfd2.0,81154,81185,Gräfin Franziska von Hohenheim.,1,Aber,KON,aber,33224,,
tg,rfd2.0,81154,81185,Gräfin Franziska von Hohenheim.,1,Bäbele,NN,bäbele,33224,,
tg,rfd2.0,81154,81185,Gräfin Franziska von Hohenheim.,1,"!",$.,--,33224,,
tg,rfd2.0,81190,81358,Generalin Rieger.,2,Du,PPER,du,33224,,
tg,rfd2.0,81190,81358,Generalin Rieger.,2,bist,VAFIN,sein,33224,,
tg,rfd2.0,81190,81358,Generalin Rieger.,2,eine,ART,ein,33224,,
tg,rfd2.0,81190,81358,Generalin Rieger.,2,leidlich,ADJD,leidlich,33224,,
tg,rfd2.0,81190,81358,Generalin Rieger.,2,tugendhafte,ADJA,tugendhaft,33224,,
tg,rfd2.0,81190,81358,Generalin Rieger.,2,Frau,NN,frau,33224,,
tg,rfd2.0,81190,81358,Generalin Rieger.,2,",","$,",--,33224,,
tg,rfd2.0,81190,81358,Generalin Rieger.,2,aber,KON,aber,33224,,
tg,rfd2.0,81190,81358,Generalin Rieger.,2,du,PPER,du,33224,,
tg,rfd2.0,81190,81358,Generalin Rieger.,2,willst,VMFIN,wollen,33224,,
tg,rfd2.0,81190,81358,Generalin Rieger.,2,doch,ADV,doch,33224,,
tg,rfd2.0,81190,81358,Generalin Rieger.,2,nicht,PTKNEG,nicht,33224,,
tg,rfd2.0,81190,81358,Generalin Rieger.,2,eine,ART,ein,33224,,
tg,rfd2.0,81190,81358,Generalin Rieger.,2,Heilige,ADJA,heilig,33224,,
tg,rfd2.0,81190,81358,Generalin Rieger.,2,werden,VAINF,werden,33224,,
tg,rfd2.0,81190,81358,Generalin Rieger.,2,",","$,",--,33224,,
tg,rfd2.0,81190,81358,Generalin Rieger.,2,Gott,NN,gott,33224,,
tg,rfd2.0,81190,81358,Generalin Rieger.,2,verhüt's,VVFIN,verhüt's,33224,,
tg,rfd2.0,81190,81358,Generalin Rieger.,2,",","$,",--,33224,,
tg,rfd2.0,81190,81358,Generalin Rieger.,2,nicht,PTKNEG,nicht,33224,,
tg,rfd2.0,81190,81358,Generalin Rieger.,2,wahr,ADJD,wahr,33224,,
tg,rfd2.0,81190,81358,Generalin Rieger.,2,",","$,",--,33224,,
tg,rfd2.0,81190,81358,Generalin Rieger.,2,Franzel,NE,franzel,33224,,
tg,rfd2.0,81190,81358,Generalin Rieger.,2,",","$,",--,33224,,
tg,rfd2.0,81190,81358,Generalin Rieger.,2,du,PPER,du,33224,,
tg,rfd2.0,81190,81358,Generalin Rieger.,2,willst,VMFIN,wollen,33224,,
tg,rfd2.0,81190,81358,Generalin Rieger.,2,keine,PIAT,kein,33224,,
tg,rfd2.0,81190,81358,Generalin Rieger.,2,Heilige,ADJA,heilig,33224,,
tg,rfd2.0,81190,81358,Generalin Rieger.,2,werden,VAFIN,werden,33224,,
tg,rfd2.0,81190,81358,Generalin Rieger.,2,–,XY,–,33224,,
tg,rfd2.0,81190,81358,Generalin Rieger.,2,?,$.,--,33224,,
tg,rfd2.0,81363,81446,Gräfin Franziska von Hohenheim.,1,Strenge,NN,streng,33224,,
tg,rfd2.0,81363,81446,Gräfin Franziska von Hohenheim.,1,Grundsätze,NN,grundsatz,33224,,
tg,rfd2.0,81363,81446,Gräfin Franziska von Hohenheim.,1,sind,VAFIN,sein,33224,,
tg,rfd2.0,81363,81446,Gräfin Franziska von Hohenheim.,1,in,APPR,in,33224,,
tg,rfd2.0,81363,81446,Gräfin Franziska von Hohenheim.,1,allen,PIDAT,aller,33224,,
tg,rfd2.0,81363,81446,Gräfin Franziska von Hohenheim.,1,Dingen,NN,ding,33224,,
tg,rfd2.0,81363,81446,Gräfin Franziska von Hohenheim.,1,gut,ADJD,gut,33224,,
tg,rfd2.0,81363,81446,Gräfin Franziska von Hohenheim.,1,",","$,",--,33224,,
tg,rfd2.0,81363,81446,Gräfin Franziska von Hohenheim.,1,besonders,ADV,besonders,33224,,
tg,rfd2.0,81363,81446,Gräfin Franziska von Hohenheim.,1,in,APPR,in,33224,,
tg,rfd2.0,81363,81446,Gräfin Franziska von Hohenheim.,1,meiner,PPOSAT,mein,33224,Gräfin Franziska von Hohenheim.,1
tg,rfd2.0,81363,81446,Gräfin Franziska von Hohenheim.,1,Stellung,NN,stellung,33224,,
tg,rfd2.0,81363,81446,Gräfin Franziska von Hohenheim.,1,.,$.,--,33224,,
tg,rfd2.0,81451,81556,Generalin Rieger.,2,Ja,PTKANT,ja,33224,,
tg,rfd2.0,81451,81556,Generalin Rieger.,2,",","$,",--,33224,,
tg,rfd2.0,81451,81556,Generalin Rieger.,2,aber,KON,aber,33224,,
tg,rfd2.0,81451,81556,Generalin Rieger.,2,nichts,PIS,nichts,33224,,
tg,rfd2.0,81451,81556,Generalin Rieger.,2,Unnatürliches,NN,unnatürliche,33224,,
tg,rfd2.0,81451,81556,Generalin Rieger.,2,",","$,",--,33224,,
tg,rfd2.0,81451,81556,Generalin Rieger.,2,nicht,PTKNEG,nicht,33224,,
tg,rfd2.0,81451,81556,Generalin Rieger.,2,wahr,ADJD,wahr,33224,,
tg,rfd2.0,81451,81556,Generalin Rieger.,2,",","$,",--,33224,,
tg,rfd2.0,81451,81556,Generalin Rieger.,2,Franzel,NE,franzel,33224,,
tg,rfd2.0,81451,81556,Generalin Rieger.,2,",","$,",--,33224,,
tg,rfd2.0,81451,81556,Generalin Rieger.,2,',$[,--,33224,,
tg,rfd2.0,81451,81556,Generalin Rieger.,2,s,PPER,--,33224,,
tg,rfd2.0,81451,81556,Generalin Rieger.,2,wär,VAFIN,sein,33224,,
tg,rfd2.0,81451,81556,Generalin Rieger.,2,gar,ADV,gar,33224,,
tg,rfd2.0,81451,81556,Generalin Rieger.,2,zu,PTKA,zu,33224,,
tg,rfd2.0,81451,81556,Generalin Rieger.,2,schad,ADJD,schad,33224,,
tg,rfd2.0,81451,81556,Generalin Rieger.,2,',$[,--,33224,,
tg,rfd2.0,81451,81556,Generalin Rieger.,2,um,APPR,um,33224,,
tg,rfd2.0,81451,81556,Generalin Rieger.,2,dein,PPOSAT,dein,33224,,
tg,rfd2.0,81451,81556,Generalin Rieger.,2,gutes,ADJA,gut,33224,,
tg,rfd2.0,81451,81556,Generalin Rieger.,2,Herze,NN,herze,33224,,
tg,rfd2.0,81451,81556,Generalin Rieger.,2,"!",$.,--,33224,,
tg,rfd2.0,81561,81644,Gräfin Franziska von Hohenheim.,1,Topp,NE,topp,33224,,
tg,rfd2.0,81561,81644,Gräfin Franziska von Hohenheim.,1,",","$,",--,33224,,
tg,rfd2.0,81561,81644,Gräfin Franziska von Hohenheim.,1,leichtsinnige,ADJA,leichtsinnig,33224,,
tg,rfd2.0,81561,81644,Gräfin Franziska von Hohenheim.,1,Weinsberger,NN,weinsberger,33224,,
tg,rfd2.0,81561,81644,Gräfin Franziska von Hohenheim.,1,Tante,TRUNC,tante,33224,,
tg,rfd2.0,81561,81644,Gräfin Franziska von Hohenheim.,1,"!",$.,--,33224,,
tg,rfd2.0,81561,81644,Gräfin Franziska von Hohenheim.,1,Und,KON,und,33224,,
tg,rfd2.0,81561,81644,Gräfin Franziska von Hohenheim.,1,was,PWS,was,33224,,
tg,rfd2.0,81561,81644,Gräfin Franziska von Hohenheim.,1,gibt's,VVFIN,gibt,33224,,
tg,rfd2.0,81561,81644,Gräfin Franziska von Hohenheim.,1,Neues,NN,neue,33224,,
tg,rfd2.0,81561,81644,Gräfin Franziska von Hohenheim.,1,mit,APPR,mit,33224,,
tg,rfd2.0,81561,81644,Gräfin Franziska von Hohenheim.,1,der,ART,der,33224,,
tg,rfd2.0,81561,81644,Gräfin Franziska von Hohenheim.,1,Laura,NN,laura,33224,,
tg,rfd2.0,81561,81644,Gräfin Franziska von Hohenheim.,1,?,$.,--,33224,,
tg,rfd2.0,81649,81745,Generalin Rieger.,2,Die,ART,der,33224,,
tg,rfd2.0,81649,81745,Generalin Rieger.,2,neuesten,ADJA,neu,33224,,
tg,rfd2.0,81649,81745,Generalin Rieger.,2,Blätter,NN,blatt,33224,,
tg,rfd2.0,81649,81745,Generalin Rieger.,2,vom,APPRART,von,33224,,
tg,rfd2.0,81649,81745,Generalin Rieger.,2,»,NN,»,33224,,
tg,rfd2.0,81649,81745,Generalin Rieger.,2,Schwäbischen,ADJA,schwäbisch,33224,,
tg,rfd2.0,81649,81745,Generalin Rieger.,2,Magazin,NN,magazin,33224,,
tg,rfd2.0,81649,81745,Generalin Rieger.,2,«,XY,«,33224,,
tg,rfd2.0,81649,81745,Generalin Rieger.,2,sind,VAFIN,sein,33224,,
tg,rfd2.0,81649,81745,Generalin Rieger.,2,heraus,PTKVZ,heraus,33224,,
tg,rfd2.0,81649,81745,Generalin Rieger.,2,",","$,",--,33224,,
tg,rfd2.0,81649,81745,Generalin Rieger.,2,hast,VAFIN,haben,33224,,
tg,rfd2.0,81649,81745,Generalin Rieger.,2,sie,PPER,sie,33224,,
tg,rfd2.0,81649,81745,Generalin Rieger.,2,schon,ADV,schon,33224,,
tg,rfd2.0,81649,81745,Generalin Rieger.,2,gelesen,VVPP,lesen,33224,,
tg,rfd2.0,81649,81745,Generalin Rieger.,2,?,$.,--,33224,,
tg,rfd2.0,81751,81840,Gräfin Franziska von Hohenheim.,1,Nein,PTKANT,nein,33224,,
tg,rfd2.0,81751,81840,Gräfin Franziska von Hohenheim.,1,–,XY,–,33224,,
tg,rfd2.0,81751,81840,Gräfin Franziska von Hohenheim.,1,Warum,PWAV,warum,33224,,
tg,rfd2.0,81751,81840,Gräfin Franziska von Hohenheim.,1,?,$.,--,33224,,
tg,rfd2.0,81751,81840,Gräfin Franziska von Hohenheim.,1,An,APPR,an,33224,,
tg,rfd2.0,81751,81840,Gräfin Franziska von Hohenheim.,1,die,ART,der,33224,,
tg,rfd2.0,81751,81840,Gräfin Franziska von Hohenheim.,1,Tasche,NN,tasche,33224,,
tg,rfd2.0,81751,81840,Gräfin Franziska von Hohenheim.,1,fühlend,ADJD,fühlend,33224,,
tg,rfd2.0,81751,81840,Gräfin Franziska von Hohenheim.,1,",","$,",--,33224,,
tg,rfd2.0,81751,81840,Gräfin Franziska von Hohenheim.,1,für,APPR,für,33224,,
tg,rfd2.0,81751,81840,Gräfin Franziska von Hohenheim.,1,sich,PRF,sich,33224,,
tg,rfd2.0,81751,81840,Gräfin Franziska von Hohenheim.,1,.,$.,--,33224,,
tg,rfd2.0,81751,81840,Gräfin Franziska von Hohenheim.,1,Die,ART,der,33224,,
tg,rfd2.0,81751,81840,Gräfin Franziska von Hohenheim.,1,hat's,FM,hat,33224,,
tg,rfd2.0,81751,81840,Gräfin Franziska von Hohenheim.,1,gemerkt,VVPP,merken,33224,,
tg,rfd2.0,81751,81840,Gräfin Franziska von Hohenheim.,1,"!",$.,--,33224,,
tg,rfd2.0,81845,81873,Generalin Rieger.,2,Da,ADV,da,33224,,
tg,rfd2.0,81845,81873,Generalin Rieger.,2,steht's,VVFIN,steht,33224,,
tg,rfd2.0,81845,81873,Generalin Rieger.,2,drin,ADV,drin,33224,,
tg,rfd2.0,81845,81873,Generalin Rieger.,2,"!",$.,--,33224,,
tg,rfd2.0,81878,81896,Gräfin Franziska von Hohenheim.,1,Was,PWS,was,33224,,
tg,rfd2.0,81878,81896,Gräfin Franziska von Hohenheim.,1,denn,ADV,denn,33224,,
tg,rfd2.0,81878,81896,Gräfin Franziska von Hohenheim.,1,?,$.,--,33224,,
tg,rfd2.0,81901,81937,Generalin Rieger.,2,Nu,NE,nu,33224,,
tg,rfd2.0,81901,81937,Generalin Rieger.,2,",","$,",--,33224,,
tg,rfd2.0,81901,81937,Generalin Rieger.,2,die,ART,der,33224,,
tg,rfd2.0,81901,81937,Generalin Rieger.,2,Liebeserklärung,NN,liebeserklärung,33224,,
tg,rfd2.0,81901,81937,Generalin Rieger.,2,"!",$.,--,33224,,
tg,rfd2.0,81942,82003,Gräfin Franziska von Hohenheim.,1,Ach,ITJ,ach,33224,,
tg,rfd2.0,81942,82003,Gräfin Franziska von Hohenheim.,1,mein,PPOSAT,mein,33224,Gräfin Franziska von Hohenheim.,1
tg,rfd2.0,81942,82003,Gräfin Franziska von Hohenheim.,1,Gott,NN,gott,33224,,
tg,rfd2.0,81942,82003,Gräfin Franziska von Hohenheim.,1,Für,APPR,für,33224,,
tg,rfd2.0,81942,82003,Gräfin Franziska von Hohenheim.,1,sich,PRF,sich,33224,,
tg,rfd2.0,81942,82003,Gräfin Franziska von Hohenheim.,1,.,$.,--,33224,,
tg,rfd2.0,81942,82003,Gräfin Franziska von Hohenheim.,1,–,XY,–,33224,,
tg,rfd2.0,81942,82003,Gräfin Franziska von Hohenheim.,1,so,ADV,so,33224,,
tg,rfd2.0,81942,82003,Gräfin Franziska von Hohenheim.,1,arg,ADJD,arg,33224,,
tg,rfd2.0,81942,82003,Gräfin Franziska von Hohenheim.,1,nennen's,VVFIN,nennen's,33224,,
tg,rfd2.0,81942,82003,Gräfin Franziska von Hohenheim.,1,die,ART,der,33224,,
tg,rfd2.0,81942,82003,Gräfin Franziska von Hohenheim.,1,Leute,NN,leute,33224,,
tg,rfd2.0,81942,82003,Gräfin Franziska von Hohenheim.,1,?,$.,--,33224,,
tg,rfd2.0,82008,82033,Generalin Rieger.,2,Was,PWS,was,33224,,
tg,rfd2.0,82008,82033,Generalin Rieger.,2,sagst,VVFIN,sagen,33224,,
tg,rfd2.0,82008,82033,Generalin Rieger.,2,du,PPER,du,33224,,
tg,rfd2.0,82008,82033,Generalin Rieger.,2,?,$.,--,33224,,
tg,rfd2.0,82038,82073,Gräfin Franziska von Hohenheim.,1,So,ADV,so,33224,,
tg,rfd2.0,82038,82073,Gräfin Franziska von Hohenheim.,1,arg,ADJD,arg,33224,,
tg,rfd2.0,82038,82073,Gräfin Franziska von Hohenheim.,1,nennen's,VVFIN,nennen's,33224,,
tg,rfd2.0,82038,82073,Gräfin Franziska von Hohenheim.,1,die,ART,der,33224,,
tg,rfd2.0,82038,82073,Gräfin Franziska von Hohenheim.,1,Leute,NN,leute,33224,,
tg,rfd2.0,82038,82073,Gräfin Franziska von Hohenheim.,1,?,$.,--,33224,,
tg,rfd2.0,82078,82305,Generalin Rieger.,2,Was,PWS,was,33224,,
tg,rfd2.0,82078,82305,Generalin Rieger.,2,arg,ADJD,ergen,33224,,
tg,rfd2.0,82078,82305,Generalin Rieger.,2,"!",$.,--,33224,,
tg,rfd2.0,82078,82305,Generalin Rieger.,2,Was,PWS,was,33224,,
tg,rfd2.0,82078,82305,Generalin Rieger.,2,ist's,FM,ist's,33224,,
tg,rfd2.0,82078,82305,Generalin Rieger.,2,denn,KON,denn,33224,,
tg,rfd2.0,82078,82305,Generalin Rieger.,2,weiter,ADV,weiter,33224,,
tg,rfd2.0,82078,82305,Generalin Rieger.,2,",","$,",--,33224,,
tg,rfd2.0,82078,82305,Generalin Rieger.,2,und,KON,und,33224,,
tg,rfd2.0,82078,82305,Generalin Rieger.,2,',$[,--,33224,,
tg,rfd2.0,82078,82305,Generalin Rieger.,2,s,PPER,--,33224,,
tg,rfd2.0,82078,82305,Generalin Rieger.,2,ist,VAFIN,sein,33224,,
tg,rfd2.0,82078,82305,Generalin Rieger.,2,doch,ADV,doch,33224,,
tg,rfd2.0,82078,82305,Generalin Rieger.,2,so,ADV,so,33224,,
tg,rfd2.0,82078,82305,Generalin Rieger.,2,"!",$.,--,33224,,
tg,rfd2.0,82078,82305,Generalin Rieger.,2,',$[,--,33224,,
tg,rfd2.0,82078,82305,Generalin Rieger.,2,s,PPER,--,33224,,
tg,rfd2.0,82078,82305,Generalin Rieger.,2,ist,VAFIN,sein,33224,,
tg,rfd2.0,82078,82305,Generalin Rieger.,2,nur,ADV,nur,33224,,
tg,rfd2.0,82078,82305,Generalin Rieger.,2,unvorsichtig,ADJD,unvorsichtig,33224,,
tg,rfd2.0,82078,82305,Generalin Rieger.,2,",","$,",--,33224,,
tg,rfd2.0,82078,82305,Generalin Rieger.,2,und,KON,und,33224,,
tg,rfd2.0,82078,82305,Generalin Rieger.,2,ich,PPER,ich,33224,Generalin Rieger.,2
tg,rfd2.0,82078,82305,Generalin Rieger.,2,hätt,VVFIN,hätt,33224,,
tg,rfd2.0,82078,82305,Generalin Rieger.,2,',$[,--,33224,,
tg,rfd2.0,82078,82305,Generalin Rieger.,2,',$[,--,33224,,
tg,rfd2.0,82078,82305,Generalin Rieger.,2,s,PPER,--,33224,,
tg,rfd2.0,82078,82305,Generalin Rieger.,2,dem,ART,der,33224,,
tg,rfd2.0,82078,82305,Generalin Rieger.,2,schüchternen,ADJA,schüchtern,33224,,
tg,rfd2.0,82078,82305,Generalin Rieger.,2,Sünder,NN,sünder,33224,,
tg,rfd2.0,82078,82305,Generalin Rieger.,2,gar,ADV,gar,33224,,
tg,rfd2.0,82078,82305,Generalin Rieger.,2,nicht,PTKNEG,nicht,33224,,
tg,rfd2.0,82078,82305,Generalin Rieger.,2,zugetraut,VVPP,zutrauen,33224,,
tg,rfd2.0,82078,82305,Generalin Rieger.,2,",","$,",--,33224,,
tg,rfd2.0,82078,82305,Generalin Rieger.,2,daß,KOUS,daß,33224,,
tg,rfd2.0,82078,82305,Generalin Rieger.,2,er,PPER,er,33224,,
tg,rfd2.0,82078,82305,Generalin Rieger.,2,den,ART,der,33224,,
tg,rfd2.0,82078,82305,Generalin Rieger.,2,Namen,NN,name,33224,,
tg,rfd2.0,82078,82305,Generalin Rieger.,2,seiner,PPOSAT,sein,33224,,
tg,rfd2.0,82078,82305,Generalin Rieger.,2,Herzallerliebsten,NN,herzallerliebst,33224,,
tg,rfd2.0,82078,82305,Generalin Rieger.,2,mit,APPR,mit,33224,,
tg,rfd2.0,82078,82305,Generalin Rieger.,2,abdrucken,VVINF,abdrucken,33224,,
tg,rfd2.0,82078,82305,Generalin Rieger.,2,läßt,VVFIN,lassen,33224,,
tg,rfd2.0,82078,82305,Generalin Rieger.,2,vor,APPR,vor,33224,,
tg,rfd2.0,82078,82305,Generalin Rieger.,2,aller,PIAT,aller,33224,,
tg,rfd2.0,82078,82305,Generalin Rieger.,2,Welt,NN,welt,33224,,
tg,rfd2.0,82078,82305,Generalin Rieger.,2,.,$.,--,33224,,
tg,rfd2.0,82310,82354,Gräfin Franziska von Hohenheim.,1,Warum,PWAV,warum,33224,,
tg,rfd2.0,82310,82354,Gräfin Franziska von Hohenheim.,1,nicht,PTKNEG,nicht,33224,,
tg,rfd2.0,82310,82354,Gräfin Franziska von Hohenheim.,1,gar,ADV,gar,33224,,
tg,rfd2.0,82310,82354,Gräfin Franziska von Hohenheim.,1,"!",$.,--,33224,,
tg,rfd2.0,82359,82380,Generalin Rieger.,2,Freilich,ADV,freilich,33224,,
tg,rfd2.0,82359,82380,Generalin Rieger.,2,"!",$.,--,33224,,
tg,rfd2.0,82385,82513,Gräfin Franziska von Hohenheim.,1,Das,PDS,der,33224,,
tg,rfd2.0,82385,82513,Gräfin Franziska von Hohenheim.,1,ist,VAFIN,sein,33224,,
tg,rfd2.0,82385,82513,Gräfin Franziska von Hohenheim.,1,ja,ADV,ja,33224,,
tg,rfd2.0,82385,82513,Gräfin Franziska von Hohenheim.,1,nicht,PTKNEG,nicht,33224,,
tg,rfd2.0,82385,82513,Gräfin Franziska von Hohenheim.,1,möglich,ADJD,möglich,33224,,
tg,rfd2.0,82385,82513,Gräfin Franziska von Hohenheim.,1,–,VVFIN,–,33224,,
tg,rfd2.0,82385,82513,Gräfin Franziska von Hohenheim.,1,das,PDS,der,33224,,
tg,rfd2.0,82385,82513,Gräfin Franziska von Hohenheim.,1,ist,VAFIN,sein,33224,,
tg,rfd2.0,82385,82513,Gräfin Franziska von Hohenheim.,1,ja,ADV,ja,33224,,
tg,rfd2.0,82385,82513,Gräfin Franziska von Hohenheim.,1,nicht,PTKNEG,nicht,33224,,
tg,rfd2.0,82385,82513,Gräfin Franziska von Hohenheim.,1,wahr,ADJD,wahr,33224,,
tg,rfd2.0,82385,82513,Gräfin Franziska von Hohenheim.,1,"!",$.,--,33224,,
tg,rfd2.0,82518,82669,Generalin Rieger.,2,Nicht,PTKNEG,nicht,33224,,
tg,rfd2.0,82518,82669,Generalin Rieger.,2,wahr,ADJD,wahr,33224,,
tg,rfd2.0,82518,82669,Generalin Rieger.,2,?,$.,--,33224,,
tg,rfd2.0,82518,82669,Generalin Rieger.,2,Ich,PPER,ich,33224,,
tg,rfd2.0,82518,82669,Generalin Rieger.,2,hab,VAFIN,hab,33224,,
tg,rfd2.0,82518,82669,Generalin Rieger.,2,',$[,--,33224,,
tg,rfd2.0,82518,82669,Generalin Rieger.,2,doch,ADV,doch,33224,,
tg,rfd2.0,82518,82669,Generalin Rieger.,2,lesen,VVFIN,lesen,33224,,
tg,rfd2.0,82518,82669,Generalin Rieger.,2,gelernt,VVPP,lernen,33224,,
tg,rfd2.0,82518,82669,Generalin Rieger.,2,Das,PDS,der,33224,,
tg,rfd2.0,82518,82669,Generalin Rieger.,2,ihrige,PPOSS,ihrige,33224,,
tg,rfd2.0,82518,82669,Generalin Rieger.,2,herausziehend,ADJD,herausziehend,33224,,
tg,rfd2.0,82518,82669,Generalin Rieger.,2,.,$.,--,33224,,
tg,rfd2.0,82518,82669,Generalin Rieger.,2,sieh,VVIMP,sieh,33224,,
tg,rfd2.0,82518,82669,Generalin Rieger.,2,sieh,VVIMP,sieh,33224,,
tg,rfd2.0,82518,82669,Generalin Rieger.,2,",","$,",--,33224,,
tg,rfd2.0,82518,82669,Generalin Rieger.,2,da,KOUS,da,33224,,
tg,rfd2.0,82518,82669,Generalin Rieger.,2,hast,VAFIN,haben,33224,,
tg,rfd2.0,82518,82669,Generalin Rieger.,2,du's,PPER,du's,33224,,
tg,rfd2.0,82518,82669,Generalin Rieger.,2,ja,ADV,ja,33224,,
tg,rfd2.0,82518,82669,Generalin Rieger.,2,selber,ADV,selber,33224,,
tg,rfd2.0,82518,82669,Generalin Rieger.,2,",","$,",--,33224,,
tg,rfd2.0,82518,82669,Generalin Rieger.,2,schau,VVFIN,schau,33224,,
tg,rfd2.0,82518,82669,Generalin Rieger.,2,",","$,",--,33224,,
tg,rfd2.0,82518,82669,Generalin Rieger.,2,schau,ITJ,schau,33224,,
tg,rfd2.0,82518,82669,Generalin Rieger.,2,–,XY,–,33224,,
tg,rfd2.0,82518,82669,Generalin Rieger.,2,du,PPER,du,33224,,
tg,rfd2.0,82518,82669,Generalin Rieger.,2,sagtest,VVFIN,sagtest,33224,,
tg,rfd2.0,82518,82669,Generalin Rieger.,2,ja,ADV,ja,33224,,
tg,rfd2.0,82518,82669,Generalin Rieger.,2,vorhin,ADV,vorhin,33224,,
tg,rfd2.0,82518,82669,Generalin Rieger.,2,–,XY,–,33224,,
tg,rfd2.0,82518,82669,Generalin Rieger.,2,?,$.,--,33224,,
tg,rfd2.0,82674,82803,Gräfin Franziska von Hohenheim.,1,Nun,ADV,nun,33224,,
tg,rfd2.0,82674,82803,Gräfin Franziska von Hohenheim.,1,ja,ADV,ja,33224,,
tg,rfd2.0,82674,82803,Gräfin Franziska von Hohenheim.,1,",","$,",--,33224,,
tg,rfd2.0,82674,82803,Gräfin Franziska von Hohenheim.,1,ich,PPER,ich,33224,Gräfin Franziska von Hohenheim.,1
tg,rfd2.0,82674,82803,Gräfin Franziska von Hohenheim.,1,hatte,VAFIN,haben,33224,,
tg,rfd2.0,82674,82803,Gräfin Franziska von Hohenheim.,1,es,PPER,es,33224,,
tg,rfd2.0,82674,82803,Gräfin Franziska von Hohenheim.,1,nur,ADV,nur,33224,,
tg,rfd2.0,82674,82803,Gräfin Franziska von Hohenheim.,1,flüchtig,ADJD,flüchtig,33224,,
tg,rfd2.0,82674,82803,Gräfin Franziska von Hohenheim.,1,angesehn,CARD,angesehn,33224,,
tg,rfd2.0,82674,82803,Gräfin Franziska von Hohenheim.,1,",","$,",--,33224,,
tg,rfd2.0,82674,82803,Gräfin Franziska von Hohenheim.,1,aber,KON,aber,33224,,
tg,rfd2.0,82674,82803,Gräfin Franziska von Hohenheim.,1,auch,ADV,auch,33224,,
tg,rfd2.0,82674,82803,Gräfin Franziska von Hohenheim.,1,jetzt,ADV,jetzt,33224,,
tg,rfd2.0,82674,82803,Gräfin Franziska von Hohenheim.,1,find,ADJD,find,33224,,
tg,rfd2.0,82674,82803,Gräfin Franziska von Hohenheim.,1,',$[,--,33224,,
tg,rfd2.0,82674,82803,Gräfin Franziska von Hohenheim.,1,ich,PPER,ich,33224,Gräfin Franziska von Hohenheim.,1
tg,rfd2.0,82674,82803,Gräfin Franziska von Hohenheim.,1,keinen,PIAT,kein,33224,,
tg,rfd2.0,82674,82803,Gräfin Franziska von Hohenheim.,1,Namen,NN,name,33224,,
tg,rfd2.0,82674,82803,Gräfin Franziska von Hohenheim.,1,.,$.,--,33224,,
tg,rfd2.0,82674,82803,Gräfin Franziska von Hohenheim.,1,Sie,PPER,sie,33224,,
tg,rfd2.0,82674,82803,Gräfin Franziska von Hohenheim.,1,halten,VVFIN,halten,33224,,
tg,rfd2.0,82674,82803,Gräfin Franziska von Hohenheim.,1,beide,PIDAT,beide,33224,,
tg,rfd2.0,82674,82803,Gräfin Franziska von Hohenheim.,1,ihr,PPOSAT,ihr,33224,,
tg,rfd2.0,82674,82803,Gräfin Franziska von Hohenheim.,1,Blatt,NN,blatt,33224,,
tg,rfd2.0,82674,82803,Gräfin Franziska von Hohenheim.,1,vor,APPR,vor,33224,,
tg,rfd2.0,82674,82803,Gräfin Franziska von Hohenheim.,1,sich,PRF,sich,33224,,
tg,rfd2.0,82674,82803,Gräfin Franziska von Hohenheim.,1,.,$.,--,33224,,
tg,rfd2.0,82809,82872,Generalin Rieger.,2,Nun,ADV,nun,33224,,
tg,rfd2.0,82809,82872,Generalin Rieger.,2,",","$,",--,33224,,
tg,rfd2.0,82809,82872,Generalin Rieger.,2,du,PPER,du,33224,,
tg,rfd2.0,82809,82872,Generalin Rieger.,2,meine,PPOSAT,mein,33224,Generalin Rieger.,2
tg,rfd2.0,82809,82872,Generalin Rieger.,2,Güte,NN,güte,33224,,
tg,rfd2.0,82809,82872,Generalin Rieger.,2,",","$,",--,33224,,
tg,rfd2.0,82809,82872,Generalin Rieger.,2,wie,PWAV,wie,33224,,
tg,rfd2.0,82809,82872,Generalin Rieger.,2,heißt,VVFIN,heißen,33224,,
tg,rfd2.0,82809,82872,Generalin Rieger.,2,denn,ADV,denn,33224,,
tg,rfd2.0,82809,82872,Generalin Rieger.,2,die,ART,der,33224,,
tg,rfd2.0,82809,82872,Generalin Rieger.,2,Überschrift,NN,überschrift,33224,,
tg,rfd2.0,82809,82872,Generalin Rieger.,2,?,$.,--,33224,,
tg,rfd2.0,82877,82920,Gräfin Franziska von Hohenheim.,1,»,XY,»,33224,,
tg,rfd2.0,82877,82920,Gräfin Franziska von Hohenheim.,1,Der,ART,der,33224,,
tg,rfd2.0,82877,82920,Gräfin Franziska von Hohenheim.,1,Triumph,NN,triumph,33224,,
tg,rfd2.0,82877,82920,Gräfin Franziska von Hohenheim.,1,der,ART,der,33224,,
tg,rfd2.0,82877,82920,Gräfin Franziska von Hohenheim.,1,Liebe,NN,liebe,33224,,
tg,rfd2.0,82877,82920,Gräfin Franziska von Hohenheim.,1,«,XY,«,33224,,
tg,rfd2.0,82877,82920,Gräfin Franziska von Hohenheim.,1,heißt,VVFIN,heißen,33224,,
tg,rfd2.0,82877,82920,Gräfin Franziska von Hohenheim.,1,sie,PPER,sie,33224,,
tg,rfd2.0,82877,82920,Gräfin Franziska von Hohenheim.,1,.,$.,--,33224,,
tg,rfd2.0,82925,82982,Generalin Rieger.,2,Ach,ITJ,ach,33224,,
tg,rfd2.0,82925,82982,Generalin Rieger.,2,was,PWS,was,33224,,
tg,rfd2.0,82925,82982,Generalin Rieger.,2,.,$.,--,33224,,
tg,rfd2.0,82925,82982,Generalin Rieger.,2,»,XY,»,33224,,
tg,rfd2.0,82925,82982,Generalin Rieger.,2,Die,ART,der,33224,,
tg,rfd2.0,82925,82982,Generalin Rieger.,2,Entzückung,NN,entzückung,33224,,
tg,rfd2.0,82925,82982,Generalin Rieger.,2,an,APPR,an,33224,,
tg,rfd2.0,82925,82982,Generalin Rieger.,2,Laura,NE,laura,33224,,
tg,rfd2.0,82925,82982,Generalin Rieger.,2,«,XY,«,33224,,
tg,rfd2.0,82925,82982,Generalin Rieger.,2,heißt,VVFIN,heißen,33224,,
tg,rfd2.0,82925,82982,Generalin Rieger.,2,sie,PPER,sie,33224,,
tg,rfd2.0,82925,82982,Generalin Rieger.,2,.,$.,--,33224,,
tg,rfd2.0,82987,83070,Gräfin Franziska von Hohenheim.,1,An,APPR,an,33224,,
tg,rfd2.0,82987,83070,Gräfin Franziska von Hohenheim.,1,Laura,NE,laura,33224,,
tg,rfd2.0,82987,83070,Gräfin Franziska von Hohenheim.,1,"!",$.,--,33224,,
tg,rfd2.0,82987,83070,Gräfin Franziska von Hohenheim.,1,Steht,NN,stehen,33224,,
tg,rfd2.0,82987,83070,Gräfin Franziska von Hohenheim.,1,auf,APPR,auf,33224,,
tg,rfd2.0,82987,83070,Gräfin Franziska von Hohenheim.,1,und,KON,und,33224,,
tg,rfd2.0,82987,83070,Gräfin Franziska von Hohenheim.,1,nimmt,VVFIN,nehmen,33224,,
tg,rfd2.0,82987,83070,Gräfin Franziska von Hohenheim.,1,hastig,ADJD,hastig,33224,,
tg,rfd2.0,82987,83070,Gräfin Franziska von Hohenheim.,1,das,ART,der,33224,,
tg,rfd2.0,82987,83070,Gräfin Franziska von Hohenheim.,1,Blatt,NN,blatt,33224,,
tg,rfd2.0,82987,83070,Gräfin Franziska von Hohenheim.,1,aus,APPR,aus,33224,,
tg,rfd2.0,82987,83070,Gräfin Franziska von Hohenheim.,1,der,ART,der,33224,,
tg,rfd2.0,82987,83070,Gräfin Franziska von Hohenheim.,1,Hand,NN,hand,33224,,
tg,rfd2.0,82987,83070,Gräfin Franziska von Hohenheim.,1,der,ART,der,33224,,
tg,rfd2.0,82987,83070,Gräfin Franziska von Hohenheim.,1,Generalin,NN,generalin,33224,,
tg,rfd2.0,82987,83070,Gräfin Franziska von Hohenheim.,1,.,$.,--,33224,,
tg,rfd2.0,83076,83648,Generalin Rieger.,2,Ach,ITJ,ach,33224,,
tg,rfd2.0,83076,83648,Generalin Rieger.,2,",","$,",--,33224,,
tg,rfd2.0,83076,83648,Generalin Rieger.,2,du,PPER,du,33224,,
tg,rfd2.0,83076,83648,Generalin Rieger.,2,hast,VAFIN,haben,33224,,
tg,rfd2.0,83076,83648,Generalin Rieger.,2,nur,ADV,nur,33224,,
tg,rfd2.0,83076,83648,Generalin Rieger.,2,die,ART,der,33224,,
tg,rfd2.0,83076,83648,Generalin Rieger.,2,erste,ADJA,erster,33224,,
tg,rfd2.0,83076,83648,Generalin Rieger.,2,Hälfte,NN,hälfte,33224,,
tg,rfd2.0,83076,83648,Generalin Rieger.,2,des,ART,der,33224,,
tg,rfd2.0,83076,83648,Generalin Rieger.,2,Blatts,NN,blatt,33224,,
tg,rfd2.0,83076,83648,Generalin Rieger.,2,",","$,",--,33224,,
tg,rfd2.0,83076,83648,Generalin Rieger.,2,das,PDS,der,33224,,
tg,rfd2.0,83076,83648,Generalin Rieger.,2,ist,VAFIN,sein,33224,,
tg,rfd2.0,83076,83648,Generalin Rieger.,2,nur,ADV,nur,33224,,
tg,rfd2.0,83076,83648,Generalin Rieger.,2,so,ADV,so,33224,,
tg,rfd2.0,83076,83648,Generalin Rieger.,2,eine,ART,ein,33224,,
tg,rfd2.0,83076,83648,Generalin Rieger.,2,allgemeine,ADJA,allgemein,33224,,
tg,rfd2.0,83076,83648,Generalin Rieger.,2,Einleitung,NN,einleitung,33224,,
tg,rfd2.0,83076,83648,Generalin Rieger.,2,–,XY,–,33224,,
tg,rfd2.0,83076,83648,Generalin Rieger.,2,in,APPR,in,33224,,
tg,rfd2.0,83076,83648,Generalin Rieger.,2,der,ART,der,33224,,
tg,rfd2.0,83076,83648,Generalin Rieger.,2,zweiten,ADJA,zweiter,33224,,
tg,rfd2.0,83076,83648,Generalin Rieger.,2,Hälfte,NN,hälfte,33224,,
tg,rfd2.0,83076,83648,Generalin Rieger.,2,kommt,VVFIN,kommen,33224,,
tg,rfd2.0,83076,83648,Generalin Rieger.,2,die,ART,der,33224,,
tg,rfd2.0,83076,83648,Generalin Rieger.,2,Hauptsache,NN,hauptsache,33224,,
tg,rfd2.0,83076,83648,Generalin Rieger.,2,",","$,",--,33224,,
tg,rfd2.0,83076,83648,Generalin Rieger.,2,an,APPR,an,33224,,
tg,rfd2.0,83076,83648,Generalin Rieger.,2,Laura,NE,laura,33224,,
tg,rfd2.0,83076,83648,Generalin Rieger.,2,geradezu,ADV,geradezu,33224,,
tg,rfd2.0,83076,83648,Generalin Rieger.,2,"!",$.,--,33224,,
tg,rfd2.0,83076,83648,Generalin Rieger.,2,–,XY,–,33224,,
tg,rfd2.0,83076,83648,Generalin Rieger.,2,Ich,PPER,ich,33224,,
tg,rfd2.0,83076,83648,Generalin Rieger.,2,bin,VAFIN,sein,33224,,
tg,rfd2.0,83076,83648,Generalin Rieger.,2,auch,ADV,auch,33224,,
tg,rfd2.0,83076,83648,Generalin Rieger.,2,ordentlich,ADJD,ordentlich,33224,,
tg,rfd2.0,83076,83648,Generalin Rieger.,2,erschrocken,ADJA,erschrocken,33224,,
tg,rfd2.0,83076,83648,Generalin Rieger.,2,über,APPR,über,33224,,
tg,rfd2.0,83076,83648,Generalin Rieger.,2,dies,PDS,dieser,33224,,
tg,rfd2.0,83076,83648,Generalin Rieger.,2,geradezu,ADV,geradezu,33224,,
tg,rfd2.0,83076,83648,Generalin Rieger.,2,und,KON,und,33224,,
tg,rfd2.0,83076,83648,Generalin Rieger.,2,über,APPR,über,33224,,
tg,rfd2.0,83076,83648,Generalin Rieger.,2,die,ART,der,33224,,
tg,rfd2.0,83076,83648,Generalin Rieger.,2,»,NN,»,33224,,
tg,rfd2.0,83076,83648,Generalin Rieger.,2,Entzückung,NN,entzückung,33224,,
tg,rfd2.0,83076,83648,Generalin Rieger.,2,«,PTKVZ,«,33224,,
tg,rfd2.0,83076,83648,Generalin Rieger.,2,.,$.,--,33224,,
tg,rfd2.0,83076,83648,Generalin Rieger.,2,Da,ADV,da,33224,,
tg,rfd2.0,83076,83648,Generalin Rieger.,2,lies,VVFIN,leisen,33224,,
tg,rfd2.0,83076,83648,Generalin Rieger.,2,nur,ADV,nur,33224,,
tg,rfd2.0,83076,83648,Generalin Rieger.,2,",","$,",--,33224,,
tg,rfd2.0,83076,83648,Generalin Rieger.,2,wie's,PWAV,wie's,33224,,
tg,rfd2.0,83076,83648,Generalin Rieger.,2,gleich,ADV,gleich,33224,,
tg,rfd2.0,83076,83648,Generalin Rieger.,2,anfängt,VVFIN,anfangen,33224,,
tg,rfd2.0,83076,83648,Generalin Rieger.,2,:,$.,--,33224,,
tg,rfd2.0,83076,83648,Generalin Rieger.,2,»,XY,»,33224,,
tg,rfd2.0,83076,83648,Generalin Rieger.,2,Laura,NN,laura,33224,,
tg,rfd2.0,83076,83648,Generalin Rieger.,2,über,APPR,über,33224,,
tg,rfd2.0,83076,83648,Generalin Rieger.,2,diese,PDAT,dieser,33224,,
tg,rfd2.0,83076,83648,Generalin Rieger.,2,Welt,NN,welt,33224,,
tg,rfd2.0,83076,83648,Generalin Rieger.,2,zu,PTKZU,zu,33224,,
tg,rfd2.0,83076,83648,Generalin Rieger.,2,flüchten,VVINF,flüchten,33224,,
tg,rfd2.0,83076,83648,Generalin Rieger.,2,wähn,VAFIN,wähn,33224,,
tg,rfd2.0,83076,83648,Generalin Rieger.,2,',$[,--,33224,,
tg,rfd2.0,83076,83648,Generalin Rieger.,2,ich,PPER,ich,33224,Generalin Rieger.,2
tg,rfd2.0,83076,83648,Generalin Rieger.,2,«,XY,«,33224,,
tg,rfd2.0,83076,83648,Generalin Rieger.,2,–,XY,–,33224,,
tg,rfd2.0,83076,83648,Generalin Rieger.,2,',$[,--,33224,,
tg,rfd2.0,83076,83648,Generalin Rieger.,2,s,PPER,--,33224,,
tg,rfd2.0,83076,83648,Generalin Rieger.,2,ist,VAFIN,sein,33224,,
tg,rfd2.0,83076,83648,Generalin Rieger.,2,ein,ART,ein,33224,,
tg,rfd2.0,83076,83648,Generalin Rieger.,2,Phantast,NN,phantast,33224,,
tg,rfd2.0,83076,83648,Generalin Rieger.,2,"!",$.,--,33224,,
tg,rfd2.0,83076,83648,Generalin Rieger.,2,Aber,KON,aber,33224,,
tg,rfd2.0,83076,83648,Generalin Rieger.,2,ich,PPER,ich,33224,Generalin Rieger.,2
tg,rfd2.0,83076,83648,Generalin Rieger.,2,hab's,VVFIN,hab,33224,,
tg,rfd2.0,83076,83648,Generalin Rieger.,2,gar,ADV,gar,33224,,
tg,rfd2.0,83076,83648,Generalin Rieger.,2,zu,PTKA,zu,33224,,
tg,rfd2.0,83076,83648,Generalin Rieger.,2,gern,ADV,gern,33224,,
tg,rfd2.0,83076,83648,Generalin Rieger.,2,",","$,",--,33224,,
tg,rfd2.0,83076,83648,Generalin Rieger.,2,wenn,KOUS,wenn,33224,,
tg,rfd2.0,83076,83648,Generalin Rieger.,2,einer,PIS,ein,33224,,
tg,rfd2.0,83076,83648,Generalin Rieger.,2,so,ADV,so,33224,,
tg,rfd2.0,83076,83648,Generalin Rieger.,2,mir,PPER,sich,33224,Generalin Rieger.,2
tg,rfd2.0,83076,83648,Generalin Rieger.,2,nichts,PIS,nichts,33224,,
tg,rfd2.0,83076,83648,Generalin Rieger.,2,dir,PPER,dir,33224,,
tg,rfd2.0,83076,83648,Generalin Rieger.,2,nichts,PIS,nichts,33224,,
tg,rfd2.0,83076,83648,Generalin Rieger.,2,über,APPR,über,33224,,
tg,rfd2.0,83076,83648,Generalin Rieger.,2,alle,PIDAT,aller,33224,ALLE,30
tg,rfd2.0,83076,83648,Generalin Rieger.,2,Dächer,NN,dach,33224,,
tg,rfd2.0,83076,83648,Generalin Rieger.,2,fliegen,VVFIN,fliegen,33224,,
tg,rfd2.0,83076,83648,Generalin Rieger.,2,",","$,",--,33224,,
tg,rfd2.0,83076,83648,Generalin Rieger.,2,in,APPR,in,33224,,
tg,rfd2.0,83076,83648,Generalin Rieger.,2,alle,PIDAT,aller,33224,ALLE,30
tg,rfd2.0,83076,83648,Generalin Rieger.,2,Fenster,NN,fenster,33224,,
tg,rfd2.0,83076,83648,Generalin Rieger.,2,hineinplatzen,VVINF,hineinplatzen,33224,,
tg,rfd2.0,83076,83648,Generalin Rieger.,2,kann,VMFIN,können,33224,,
tg,rfd2.0,83076,83648,Generalin Rieger.,2,",","$,",--,33224,,
tg,rfd2.0,83076,83648,Generalin Rieger.,2,nicht,PTKNEG,nicht,33224,,
tg,rfd2.0,83076,83648,Generalin Rieger.,2,wahr,ADJD,wahr,33224,,
tg,rfd2.0,83076,83648,Generalin Rieger.,2,?,$.,--,33224,,
tg,rfd2.0,83076,83648,Generalin Rieger.,2,',$[,--,33224,,
tg,rfd2.0,83076,83648,Generalin Rieger.,2,s,PPER,--,33224,,
tg,rfd2.0,83076,83648,Generalin Rieger.,2,wird,VAFIN,werden,33224,,
tg,rfd2.0,83076,83648,Generalin Rieger.,2,einem,ART,ein,33224,,
tg,rfd2.0,83076,83648,Generalin Rieger.,2,dabei,PROAV,dabei,33224,,
tg,rfd2.0,83076,83648,Generalin Rieger.,2,so,ADV,so,33224,,
tg,rfd2.0,83076,83648,Generalin Rieger.,2,frei,ADJD,frei,33224,,
tg,rfd2.0,83076,83648,Generalin Rieger.,2,ums,APPRART,um,33224,,
tg,rfd2.0,83076,83648,Generalin Rieger.,2,Herze,NN,herze,33224,,
tg,rfd2.0,83076,83648,Generalin Rieger.,2,"!",$.,--,33224,,
tg,rfd2.0,83654,83878,Gräfin Franziska von Hohenheim.,1,Die,ART,der,33224,,
tg,rfd2.0,83654,83878,Gräfin Franziska von Hohenheim.,1,ganze,ADJA,ganz,33224,,
tg,rfd2.0,83654,83878,Gräfin Franziska von Hohenheim.,1,Geschichte,NN,geschichte,33224,,
tg,rfd2.0,83654,83878,Gräfin Franziska von Hohenheim.,1,macht,VVFIN,machen,33224,,
tg,rfd2.0,83654,83878,Gräfin Franziska von Hohenheim.,1,mir,PPER,sich,33224,Gräfin Franziska von Hohenheim.,1
tg,rfd2.0,83654,83878,Gräfin Franziska von Hohenheim.,1,einen,ART,ein,33224,,
tg,rfd2.0,83654,83878,Gräfin Franziska von Hohenheim.,1,sehr,ADV,sehr,33224,,
tg,rfd2.0,83654,83878,Gräfin Franziska von Hohenheim.,1,unangenehmen,ADJA,unangenehm,33224,,
tg,rfd2.0,83654,83878,Gräfin Franziska von Hohenheim.,1,Eindruck,NN,eindruck,33224,,
tg,rfd2.0,83654,83878,Gräfin Franziska von Hohenheim.,1,",","$,",--,33224,,
tg,rfd2.0,83654,83878,Gräfin Franziska von Hohenheim.,1,und,KON,und,33224,,
tg,rfd2.0,83654,83878,Gräfin Franziska von Hohenheim.,1,ich,PPER,ich,33224,Gräfin Franziska von Hohenheim.,1
tg,rfd2.0,83654,83878,Gräfin Franziska von Hohenheim.,1,finde,VVFIN,finden,33224,,
tg,rfd2.0,83654,83878,Gräfin Franziska von Hohenheim.,1,",","$,",--,33224,,
tg,rfd2.0,83654,83878,Gräfin Franziska von Hohenheim.,1,daß,KOUS,daß,33224,,
tg,rfd2.0,83654,83878,Gräfin Franziska von Hohenheim.,1,du,PPER,du,33224,,
tg,rfd2.0,83654,83878,Gräfin Franziska von Hohenheim.,1,die,ART,der,33224,,
tg,rfd2.0,83654,83878,Gräfin Franziska von Hohenheim.,1,Sache,NN,sache,33224,,
tg,rfd2.0,83654,83878,Gräfin Franziska von Hohenheim.,1,allzu,PTKA,allzu,33224,,
tg,rfd2.0,83654,83878,Gräfin Franziska von Hohenheim.,1,leichtsinnig,ADJD,leichtsinnig,33224,,
tg,rfd2.0,83654,83878,Gräfin Franziska von Hohenheim.,1,behandelst,VVPP,behandelen,33224,,
tg,rfd2.0,83654,83878,Gräfin Franziska von Hohenheim.,1,.,$.,--,33224,,
tg,rfd2.0,83883,84082,Generalin Rieger.,2,Mag,VMFIN,mögen,33224,,
tg,rfd2.0,83883,84082,Generalin Rieger.,2,wohl,ADV,wohl,33224,,
tg,rfd2.0,83883,84082,Generalin Rieger.,2,sein,VAINF,sein,33224,,
tg,rfd2.0,83883,84082,Generalin Rieger.,2,.,$.,--,33224,,
tg,rfd2.0,83883,84082,Generalin Rieger.,2,Sie,PPER,sie,33224,,
tg,rfd2.0,83883,84082,Generalin Rieger.,2,geht,VVFIN,gehen,33224,,
tg,rfd2.0,83883,84082,Generalin Rieger.,2,links,ADV,links,33224,,
tg,rfd2.0,83883,84082,Generalin Rieger.,2,an,APPR,an,33224,,
tg,rfd2.0,83883,84082,Generalin Rieger.,2,die,ART,der,33224,,
tg,rfd2.0,83883,84082,Generalin Rieger.,2,Ecktür,NN,ecktür,33224,,
tg,rfd2.0,83883,84082,Generalin Rieger.,2,",","$,",--,33224,,
tg,rfd2.0,83883,84082,Generalin Rieger.,2,den,ART,der,33224,,
tg,rfd2.0,83883,84082,Generalin Rieger.,2,Vorhang,NN,vorhang,33224,,
tg,rfd2.0,83883,84082,Generalin Rieger.,2,hebend,ADJD,hebend,33224,,
tg,rfd2.0,83883,84082,Generalin Rieger.,2,und,KON,und,33224,,
tg,rfd2.0,83883,84082,Generalin Rieger.,2,sich,PRF,sich,33224,,
tg,rfd2.0,83883,84082,Generalin Rieger.,2,umsehend,ADJD,umsehend,33224,,
tg,rfd2.0,83883,84082,Generalin Rieger.,2,",","$,",--,33224,,
tg,rfd2.0,83883,84082,Generalin Rieger.,2,die,ART,der,33224,,
tg,rfd2.0,83883,84082,Generalin Rieger.,2,Tür,NN,tür,33224,,
tg,rfd2.0,83883,84082,Generalin Rieger.,2,öffnend,ADJD,öffnend,33224,,
tg,rfd2.0,83883,84082,Generalin Rieger.,2,und,KON,und,33224,,
tg,rfd2.0,83883,84082,Generalin Rieger.,2,offen,ADJD,offen,33224,,
tg,rfd2.0,83883,84082,Generalin Rieger.,2,lassend,ADJD,lassend,33224,,
tg,rfd2.0,83883,84082,Generalin Rieger.,2,.,$.,--,33224,,
tg,rfd2.0,83883,84082,Generalin Rieger.,2,Dann,ADV,dann,33224,,
tg,rfd2.0,83883,84082,Generalin Rieger.,2,geht,VVFIN,gehen,33224,,
tg,rfd2.0,83883,84082,Generalin Rieger.,2,sie,PPER,sie,33224,,
tg,rfd2.0,83883,84082,Generalin Rieger.,2,an,APPR,an,33224,,
tg,rfd2.0,83883,84082,Generalin Rieger.,2,die,ART,der,33224,,
tg,rfd2.0,83883,84082,Generalin Rieger.,2,Mitteltür,NN,mitteltür,33224,,
tg,rfd2.0,83883,84082,Generalin Rieger.,2,und,KON,und,33224,,
tg,rfd2.0,83883,84082,Generalin Rieger.,2,macht,VVFIN,machen,33224,,
tg,rfd2.0,83883,84082,Generalin Rieger.,2,die,ART,der,33224,,
tg,rfd2.0,83883,84082,Generalin Rieger.,2,Vorhänge,NN,vorhang,33224,,
tg,rfd2.0,83883,84082,Generalin Rieger.,2,eben,ADV,eben,33224,,
tg,rfd2.0,83883,84082,Generalin Rieger.,2,falls,KOUS,falls,33224,,
tg,rfd2.0,83883,84082,Generalin Rieger.,2,auf,PTKVZ,auf,33224,,
tg,rfd2.0,83883,84082,Generalin Rieger.,2,.,$.,--,33224,,
tg,rfd2.0,84088,84682,Gräfin Franziska von Hohenheim.,1,Der,ART,der,33224,,
tg,rfd2.0,84088,84682,Gräfin Franziska von Hohenheim.,1,junge,ADJA,jung,33224,,
tg,rfd2.0,84088,84682,Gräfin Franziska von Hohenheim.,1,Schiller,NE,schiller,33224,SCHILLER,29
tg,rfd2.0,84088,84682,Gräfin Franziska von Hohenheim.,1,ist,VAFIN,sein,33224,,
tg,rfd2.0,84088,84682,Gräfin Franziska von Hohenheim.,1,Regimentsfeldscher,NN,regimentsfeldscher,33224,,
tg,rfd2.0,84088,84682,Gräfin Franziska von Hohenheim.,1,mit,APPR,mit,33224,,
tg,rfd2.0,84088,84682,Gräfin Franziska von Hohenheim.,1,18,CARD,18,33224,,
tg,rfd2.0,84088,84682,Gräfin Franziska von Hohenheim.,1,Gulden,NN,guld,33224,,
tg,rfd2.0,84088,84682,Gräfin Franziska von Hohenheim.,1,Monatsgage,NN,monatsgage,33224,,
tg,rfd2.0,84088,84682,Gräfin Franziska von Hohenheim.,1,",","$,",--,33224,,
tg,rfd2.0,84088,84682,Gräfin Franziska von Hohenheim.,1,und,KON,und,33224,,
tg,rfd2.0,84088,84682,Gräfin Franziska von Hohenheim.,1,ans,APPRART,an,33224,,
tg,rfd2.0,84088,84682,Gräfin Franziska von Hohenheim.,1,Heiraten,NN,heirat,33224,,
tg,rfd2.0,84088,84682,Gräfin Franziska von Hohenheim.,1,kann,VMFIN,können,33224,,
tg,rfd2.0,84088,84682,Gräfin Franziska von Hohenheim.,1,er,PPER,er,33224,,
tg,rfd2.0,84088,84682,Gräfin Franziska von Hohenheim.,1,nicht,PTKNEG,nicht,33224,,
tg,rfd2.0,84088,84682,Gräfin Franziska von Hohenheim.,1,denken,VVINF,denken,33224,,
tg,rfd2.0,84088,84682,Gräfin Franziska von Hohenheim.,1,.,$.,--,33224,,
tg,rfd2.0,84088,84682,Gräfin Franziska von Hohenheim.,1,Das,ART,der,33224,,
tg,rfd2.0,84088,84682,Gräfin Franziska von Hohenheim.,1,Mädchen,NN,mädchen,33224,,
tg,rfd2.0,84088,84682,Gräfin Franziska von Hohenheim.,1,aber,ADV,aber,33224,,
tg,rfd2.0,84088,84682,Gräfin Franziska von Hohenheim.,1,ist,VAFIN,sein,33224,,
tg,rfd2.0,84088,84682,Gräfin Franziska von Hohenheim.,1,in,APPR,in,33224,,
tg,rfd2.0,84088,84682,Gräfin Franziska von Hohenheim.,1,großen,ADJA,groß,33224,,
tg,rfd2.0,84088,84682,Gräfin Franziska von Hohenheim.,1,Verhältnissen,NN,verhältnis,33224,,
tg,rfd2.0,84088,84682,Gräfin Franziska von Hohenheim.,1,auferzogen,VVPP,auferehen,33224,,
tg,rfd2.0,84088,84682,Gräfin Franziska von Hohenheim.,1,",","$,",--,33224,,
tg,rfd2.0,84088,84682,Gräfin Franziska von Hohenheim.,1,ist,VAFIN,sein,33224,,
tg,rfd2.0,84088,84682,Gräfin Franziska von Hohenheim.,1,des,ART,der,33224,,
tg,rfd2.0,84088,84682,Gräfin Franziska von Hohenheim.,1,Herzogs,NN,herzog,33224,,
tg,rfd2.0,84088,84682,Gräfin Franziska von Hohenheim.,1,Liebling,NE,liebling,33224,,
tg,rfd2.0,84088,84682,Gräfin Franziska von Hohenheim.,1,und,KON,und,33224,,
tg,rfd2.0,84088,84682,Gräfin Franziska von Hohenheim.,1,kann,VMFIN,können,33224,,
tg,rfd2.0,84088,84682,Gräfin Franziska von Hohenheim.,1,der,ART,der,33224,,
tg,rfd2.0,84088,84682,Gräfin Franziska von Hohenheim.,1,glänzendsten,ADJA,glänzend,33224,,
tg,rfd2.0,84088,84682,Gräfin Franziska von Hohenheim.,1,Heiratsanträge,NN,heiratsantrag,33224,,
tg,rfd2.0,84088,84682,Gräfin Franziska von Hohenheim.,1,sicher,ADJD,sicher,33224,,
tg,rfd2.0,84088,84682,Gräfin Franziska von Hohenheim.,1,sein,VAINF,sein,33224,,
tg,rfd2.0,84088,84682,Gräfin Franziska von Hohenheim.,1,.,$.,--,33224,,
tg,rfd2.0,84088,84682,Gräfin Franziska von Hohenheim.,1,Was,PWS,was,33224,,
tg,rfd2.0,84088,84682,Gräfin Franziska von Hohenheim.,1,soll,VMFIN,sollen,33224,,
tg,rfd2.0,84088,84682,Gräfin Franziska von Hohenheim.,1,also,ADV,also,33224,,
tg,rfd2.0,84088,84682,Gräfin Franziska von Hohenheim.,1,dieser,PDAT,dieser,33224,,
tg,rfd2.0,84088,84682,Gräfin Franziska von Hohenheim.,1,Verkehr,NN,verkehr,33224,,
tg,rfd2.0,84088,84682,Gräfin Franziska von Hohenheim.,1,",","$,",--,33224,,
tg,rfd2.0,84088,84682,Gräfin Franziska von Hohenheim.,1,dem,PRELS,der,33224,,
tg,rfd2.0,84088,84682,Gräfin Franziska von Hohenheim.,1,gar,ADV,gar,33224,,
tg,rfd2.0,84088,84682,Gräfin Franziska von Hohenheim.,1,keine,PIAT,kein,33224,,
tg,rfd2.0,84088,84682,Gräfin Franziska von Hohenheim.,1,Aussicht,NN,aussicht,33224,,
tg,rfd2.0,84088,84682,Gräfin Franziska von Hohenheim.,1,offen,ADJD,offen,33224,,
tg,rfd2.0,84088,84682,Gräfin Franziska von Hohenheim.,1,steht,VVFIN,stehen,33224,,
tg,rfd2.0,84088,84682,Gräfin Franziska von Hohenheim.,1,"!",$.,--,33224,,
tg,rfd2.0,84088,84682,Gräfin Franziska von Hohenheim.,1,?,$.,--,33224,,
tg,rfd2.0,84088,84682,Gräfin Franziska von Hohenheim.,1,Wenn,KOUS,wenn,33224,,
tg,rfd2.0,84088,84682,Gräfin Franziska von Hohenheim.,1,obenein,ADV,obenein,33224,,
tg,rfd2.0,84088,84682,Gräfin Franziska von Hohenheim.,1,der,ART,der,33224,,
tg,rfd2.0,84088,84682,Gräfin Franziska von Hohenheim.,1,Herzog,NE,herzog,33224,,
tg,rfd2.0,84088,84682,Gräfin Franziska von Hohenheim.,1,davon,PROAV,davon,33224,,
tg,rfd2.0,84088,84682,Gräfin Franziska von Hohenheim.,1,erfährt,VVFIN,erfahren,33224,,
tg,rfd2.0,84088,84682,Gräfin Franziska von Hohenheim.,1,",","$,",--,33224,,
tg,rfd2.0,84088,84682,Gräfin Franziska von Hohenheim.,1,und,KON,und,33224,,
tg,rfd2.0,84088,84682,Gräfin Franziska von Hohenheim.,1,gar,ADV,gar,33224,,
tg,rfd2.0,84088,84682,Gräfin Franziska von Hohenheim.,1,solch,PIDAT,solch,33224,,
tg,rfd2.0,84088,84682,Gräfin Franziska von Hohenheim.,1,eine,ART,ein,33224,,
tg,rfd2.0,84088,84682,Gräfin Franziska von Hohenheim.,1,Liebeserklärung,NN,liebeserklärung,33224,,
tg,rfd2.0,84088,84682,Gräfin Franziska von Hohenheim.,1,vor,APPR,vor,33224,,
tg,rfd2.0,84088,84682,Gräfin Franziska von Hohenheim.,1,aller,PIAT,aller,33224,,
tg,rfd2.0,84088,84682,Gräfin Franziska von Hohenheim.,1,Welt,NN,welt,33224,,
tg,rfd2.0,84088,84682,Gräfin Franziska von Hohenheim.,1,an,APPR,an,33224,,
tg,rfd2.0,84088,84682,Gräfin Franziska von Hohenheim.,1,seine,PPOSAT,sein,33224,,
tg,rfd2.0,84088,84682,Gräfin Franziska von Hohenheim.,1,Laura,NN,laura,33224,,
tg,rfd2.0,84088,84682,Gräfin Franziska von Hohenheim.,1,zu,PTKZU,zu,33224,,
tg,rfd2.0,84088,84682,Gräfin Franziska von Hohenheim.,1,lesen,VVINF,lesen,33224,,
tg,rfd2.0,84088,84682,Gräfin Franziska von Hohenheim.,1,kriegt,VVFIN,kriegen,33224,,
tg,rfd2.0,84088,84682,Gräfin Franziska von Hohenheim.,1,",","$,",--,33224,,
tg,rfd2.0,84088,84682,Gräfin Franziska von Hohenheim.,1,dann,ADV,dann,33224,,
tg,rfd2.0,84088,84682,Gräfin Franziska von Hohenheim.,1,kann,VMFIN,können,33224,,
tg,rfd2.0,84088,84682,Gräfin Franziska von Hohenheim.,1,ein,ART,ein,33224,,
tg,rfd2.0,84088,84682,Gräfin Franziska von Hohenheim.,1,Unglück,NN,unglück,33224,,
tg,rfd2.0,84088,84682,Gräfin Franziska von Hohenheim.,1,geschehn,CARD,geschehn,33224,,
tg,rfd2.0,84088,84682,Gräfin Franziska von Hohenheim.,1,.,$.,--,33224,,
tg,rfd2.0,84088,84682,Gräfin Franziska von Hohenheim.,1,Du,PPER,du,33224,,
tg,rfd2.0,84088,84682,Gräfin Franziska von Hohenheim.,1,kennst,VVFIN,kennen,33224,,
tg,rfd2.0,84088,84682,Gräfin Franziska von Hohenheim.,1,seine,PPOSAT,sein,33224,,
tg,rfd2.0,84088,84682,Gräfin Franziska von Hohenheim.,1,Heftigkeit,NN,heftigkeit,33224,,
tg,rfd2.0,84088,84682,Gräfin Franziska von Hohenheim.,1,",","$,",--,33224,,
tg,rfd2.0,84088,84682,Gräfin Franziska von Hohenheim.,1,und,KON,und,33224,,
tg,rfd2.0,84088,84682,Gräfin Franziska von Hohenheim.,1,dem,ART,der,33224,,
tg,rfd2.0,84088,84682,Gräfin Franziska von Hohenheim.,1,Schiller,NE,schiller,33224,SCHILLER,29
tg,rfd2.0,84088,84682,Gräfin Franziska von Hohenheim.,1,hat,VAFIN,haben,33224,,
tg,rfd2.0,84088,84682,Gräfin Franziska von Hohenheim.,1,er,PPER,er,33224,,
tg,rfd2.0,84088,84682,Gräfin Franziska von Hohenheim.,1,schon,ADV,schon,33224,,
tg,rfd2.0,84088,84682,Gräfin Franziska von Hohenheim.,1,zu,APPR,zu,33224,,
tg,rfd2.0,84088,84682,Gräfin Franziska von Hohenheim.,1,wiederholten,ADJA,wiederholt,33224,,
tg,rfd2.0,84088,84682,Gräfin Franziska von Hohenheim.,1,Malen,NN,male,33224,,
tg,rfd2.0,84088,84682,Gräfin Franziska von Hohenheim.,1,die,ART,der,33224,,
tg,rfd2.0,84088,84682,Gräfin Franziska von Hohenheim.,1,unpassende,ADJA,unpassend,33224,,
tg,rfd2.0,84088,84682,Gräfin Franziska von Hohenheim.,1,Schriftstellerei,NN,schriftstellerei,33224,,
tg,rfd2.0,84088,84682,Gräfin Franziska von Hohenheim.,1,untersagt,VVPP,untersagen,33224,,
tg,rfd2.0,84088,84682,Gräfin Franziska von Hohenheim.,1,"!",$.,--,33224,,
tg,rfd2.0,84687,84733,Generalin Rieger.,2,Na,ITJ,na,33224,,
tg,rfd2.0,84687,84733,Generalin Rieger.,2,",","$,",--,33224,,
tg,rfd2.0,84687,84733,Generalin Rieger.,2,was,PWS,was,33224,,
tg,rfd2.0,84687,84733,Generalin Rieger.,2,verbietet,VVFIN,verbieten,33224,,
tg,rfd2.0,84687,84733,Generalin Rieger.,2,der,ART,der,33224,,
tg,rfd2.0,84687,84733,Generalin Rieger.,2,nicht,PTKNEG,nicht,33224,,
tg,rfd2.0,84687,84733,Generalin Rieger.,2,alles,PIS,alle,33224,,
tg,rfd2.0,84687,84733,Generalin Rieger.,2,"!",$.,--,33224,,
tg,rfd2.0,84738,84754,Gräfin Franziska von Hohenheim.,1,Bäbele,NE,bäbele,33224,,
tg,rfd2.0,84738,84754,Gräfin Franziska von Hohenheim.,1,"!",$.,--,33224,,
tg,rfd2.0,84759,84846,Generalin Rieger.,2,',$[,--,33224,,
tg,rfd2.0,84759,84846,Generalin Rieger.,2,s,PPER,--,33224,,
tg,rfd2.0,84759,84846,Generalin Rieger.,2,ist,VAFIN,sein,33224,,
tg,rfd2.0,84759,84846,Generalin Rieger.,2,wahr,ADJD,wahr,33224,,
tg,rfd2.0,84759,84846,Generalin Rieger.,2,"!",$.,--,33224,,
tg,rfd2.0,84759,84846,Generalin Rieger.,2,Und,KON,und,33224,,
tg,rfd2.0,84759,84846,Generalin Rieger.,2,das,PDS,der,33224,,
tg,rfd2.0,84759,84846,Generalin Rieger.,2,»,XY,»,33224,,
tg,rfd2.0,84759,84846,Generalin Rieger.,2,Magazin,NN,magazin,33224,,
tg,rfd2.0,84759,84846,Generalin Rieger.,2,«,XY,«,33224,,
tg,rfd2.0,84759,84846,Generalin Rieger.,2,liest,VVFIN,lesen,33224,,
tg,rfd2.0,84759,84846,Generalin Rieger.,2,er,PPER,er,33224,,
tg,rfd2.0,84759,84846,Generalin Rieger.,2,nicht,PTKNEG,nicht,33224,,
tg,rfd2.0,84759,84846,Generalin Rieger.,2,",","$,",--,33224,,
tg,rfd2.0,84759,84846,Generalin Rieger.,2,das,PDS,der,33224,,
tg,rfd2.0,84759,84846,Generalin Rieger.,2,nennt,VVFIN,nennen,33224,,
tg,rfd2.0,84759,84846,Generalin Rieger.,2,er,PPER,er,33224,,
tg,rfd2.0,84759,84846,Generalin Rieger.,2,deutsche,ADJA,deutsch,33224,,
tg,rfd2.0,84759,84846,Generalin Rieger.,2,Suppe,NN,suppe,33224,,
tg,rfd2.0,84759,84846,Generalin Rieger.,2,.,$.,--,33224,,
tg,rfd2.0,84851,84983,Gräfin Franziska von Hohenheim.,1,Aber,KON,aber,33224,,
tg,rfd2.0,84851,84983,Gräfin Franziska von Hohenheim.,1,der,ART,der,33224,,
tg,rfd2.0,84851,84983,Gräfin Franziska von Hohenheim.,1,Hauptmann,NN,hauptmann,33224,,
tg,rfd2.0,84851,84983,Gräfin Franziska von Hohenheim.,1,liest,VVFIN,lesen,33224,,
tg,rfd2.0,84851,84983,Gräfin Franziska von Hohenheim.,1,alles,PIS,alle,33224,,
tg,rfd2.0,84851,84983,Gräfin Franziska von Hohenheim.,1,und,KON,und,33224,,
tg,rfd2.0,84851,84983,Gräfin Franziska von Hohenheim.,1,trägt,VVFIN,tragen,33224,,
tg,rfd2.0,84851,84983,Gräfin Franziska von Hohenheim.,1,ihm,PPER,ihm,33224,,
tg,rfd2.0,84851,84983,Gräfin Franziska von Hohenheim.,1,alles,PIS,alle,33224,,
tg,rfd2.0,84851,84983,Gräfin Franziska von Hohenheim.,1,zu,PTKZU,zu,33224,,
tg,rfd2.0,84851,84983,Gräfin Franziska von Hohenheim.,1,",","$,",--,33224,,
tg,rfd2.0,84851,84983,Gräfin Franziska von Hohenheim.,1,und,KON,und,33224,,
tg,rfd2.0,84851,84983,Gräfin Franziska von Hohenheim.,1,",","$,",--,33224,,
tg,rfd2.0,84851,84983,Gräfin Franziska von Hohenheim.,1,wie,PWAV,wie,33224,,
tg,rfd2.0,84851,84983,Gräfin Franziska von Hohenheim.,1,gesagt,VVPP,sagen,33224,,
tg,rfd2.0,84851,84983,Gräfin Franziska von Hohenheim.,1,",","$,",--,33224,,
tg,rfd2.0,84851,84983,Gräfin Franziska von Hohenheim.,1,was,PWS,was,33224,,
tg,rfd2.0,84851,84983,Gräfin Franziska von Hohenheim.,1,soll,VMFIN,sollen,33224,,
tg,rfd2.0,84851,84983,Gräfin Franziska von Hohenheim.,1,denn,ADV,denn,33224,,
tg,rfd2.0,84851,84983,Gräfin Franziska von Hohenheim.,1,daraus,PROAV,daraus,33224,,
tg,rfd2.0,84851,84983,Gräfin Franziska von Hohenheim.,1,werden,VAINF,werden,33224,,
tg,rfd2.0,84851,84983,Gräfin Franziska von Hohenheim.,1,",","$,",--,33224,,
tg,rfd2.0,84851,84983,Gräfin Franziska von Hohenheim.,1,wozu,PWAV,wozu,33224,,
tg,rfd2.0,84851,84983,Gräfin Franziska von Hohenheim.,1,denn,KON,denn,33224,,
tg,rfd2.0,84851,84983,Gräfin Franziska von Hohenheim.,1,das,ART,der,33224,,
tg,rfd2.0,84851,84983,Gräfin Franziska von Hohenheim.,1,alles,PIS,alle,33224,,
tg,rfd2.0,84851,84983,Gräfin Franziska von Hohenheim.,1,–,XY,–,33224,,
tg,rfd2.0,84851,84983,Gräfin Franziska von Hohenheim.,1,?,$.,--,33224,,
tg,rfd2.0,84988,85373,Generalin Rieger.,2,Wozu,PWAV,wozu,33224,,
tg,rfd2.0,84988,85373,Generalin Rieger.,2,?,$.,--,33224,,
tg,rfd2.0,84988,85373,Generalin Rieger.,2,Wozu,PWAV,wozu,33224,,
tg,rfd2.0,84988,85373,Generalin Rieger.,2,blühn,VVFIN,blühn,33224,,
tg,rfd2.0,84988,85373,Generalin Rieger.,2,denn,ADV,denn,33224,,
tg,rfd2.0,84988,85373,Generalin Rieger.,2,die,ART,der,33224,,
tg,rfd2.0,84988,85373,Generalin Rieger.,2,Blumen,NN,blume,33224,,
tg,rfd2.0,84988,85373,Generalin Rieger.,2,?,$.,--,33224,,
tg,rfd2.0,84988,85373,Generalin Rieger.,2,Und,KON,und,33224,,
tg,rfd2.0,84988,85373,Generalin Rieger.,2,was,PWS,was,33224,,
tg,rfd2.0,84988,85373,Generalin Rieger.,2,draus,PROAV,draus,33224,,
tg,rfd2.0,84988,85373,Generalin Rieger.,2,werden,VAINF,werden,33224,,
tg,rfd2.0,84988,85373,Generalin Rieger.,2,soll,VMFIN,sollen,33224,,
tg,rfd2.0,84988,85373,Generalin Rieger.,2,?,$.,--,33224,,
tg,rfd2.0,84988,85373,Generalin Rieger.,2,Das,PDS,der,33224,,
tg,rfd2.0,84988,85373,Generalin Rieger.,2,überlaßt,VVFIN,überlassen,33224,,
tg,rfd2.0,84988,85373,Generalin Rieger.,2,doch,ADV,doch,33224,,
tg,rfd2.0,84988,85373,Generalin Rieger.,2,dem,ART,der,33224,,
tg,rfd2.0,84988,85373,Generalin Rieger.,2,lieben,ADJA,lieb,33224,,
tg,rfd2.0,84988,85373,Generalin Rieger.,2,Gott,NN,gott,33224,,
tg,rfd2.0,84988,85373,Generalin Rieger.,2,",","$,",--,33224,,
tg,rfd2.0,84988,85373,Generalin Rieger.,2,den,PRELS,der,33224,,
tg,rfd2.0,84988,85373,Generalin Rieger.,2,ihr,PPOSAT,ihr,33224,,
tg,rfd2.0,84988,85373,Generalin Rieger.,2,ja,ADV,ja,33224,,
tg,rfd2.0,84988,85373,Generalin Rieger.,2,sonst,ADV,sonst,33224,,
tg,rfd2.0,84988,85373,Generalin Rieger.,2,mit,APPR,mit,33224,,
tg,rfd2.0,84988,85373,Generalin Rieger.,2,allem,PIS,alle,33224,,
tg,rfd2.0,84988,85373,Generalin Rieger.,2,möglichen,ADJA,möglich,33224,,
tg,rfd2.0,84988,85373,Generalin Rieger.,2,Plunder,NN,plunder,33224,,
tg,rfd2.0,84988,85373,Generalin Rieger.,2,belästigt,VVPP,belästigen,33224,,
tg,rfd2.0,84988,85373,Generalin Rieger.,2,.,$.,--,33224,,
tg,rfd2.0,84988,85373,Generalin Rieger.,2,Wie,PWAV,wie,33224,,
tg,rfd2.0,84988,85373,Generalin Rieger.,2,ich,PPER,ich,33224,Generalin Rieger.,2
tg,rfd2.0,84988,85373,Generalin Rieger.,2,dich,PRF,dich,33224,,
tg,rfd2.0,84988,85373,Generalin Rieger.,2,damals,ADV,damals,33224,,
tg,rfd2.0,84988,85373,Generalin Rieger.,2,in,APPR,in,33224,,
tg,rfd2.0,84988,85373,Generalin Rieger.,2,die,ART,der,33224,,
tg,rfd2.0,84988,85373,Generalin Rieger.,2,Kirche,NN,kirche,33224,,
tg,rfd2.0,84988,85373,Generalin Rieger.,2,begleitete,VVFIN,begleiten,33224,,
tg,rfd2.0,84988,85373,Generalin Rieger.,2,",","$,",--,33224,,
tg,rfd2.0,84988,85373,Generalin Rieger.,2,da,KOUS,da,33224,,
tg,rfd2.0,84988,85373,Generalin Rieger.,2,du,PPER,du,33224,,
tg,rfd2.0,84988,85373,Generalin Rieger.,2,mit,APPR,mit,33224,,
tg,rfd2.0,84988,85373,Generalin Rieger.,2,deinem,PPOSAT,dein,33224,,
tg,rfd2.0,84988,85373,Generalin Rieger.,2,ersten,ADJA,erster,33224,,
tg,rfd2.0,84988,85373,Generalin Rieger.,2,Manne,NN,manne,33224,,
tg,rfd2.0,84988,85373,Generalin Rieger.,2,",","$,",--,33224,,
tg,rfd2.0,84988,85373,Generalin Rieger.,2,dem,ART,der,33224,,
tg,rfd2.0,84988,85373,Generalin Rieger.,2,Leutrum,NN,leutrum,33224,,
tg,rfd2.0,84988,85373,Generalin Rieger.,2,",","$,",--,33224,,
tg,rfd2.0,84988,85373,Generalin Rieger.,2,getraut,VVPP,trauen,33224,,
tg,rfd2.0,84988,85373,Generalin Rieger.,2,wurdest,VVFIN,wurdest,33224,,
tg,rfd2.0,84988,85373,Generalin Rieger.,2,",","$,",--,33224,,
tg,rfd2.0,84988,85373,Generalin Rieger.,2,und,KON,und,33224,,
tg,rfd2.0,84988,85373,Generalin Rieger.,2,der,ART,der,33224,,
tg,rfd2.0,84988,85373,Generalin Rieger.,2,Herzog,NE,herzog,33224,,
tg,rfd2.0,84988,85373,Generalin Rieger.,2,in,APPR,in,33224,,
tg,rfd2.0,84988,85373,Generalin Rieger.,2,seiner,PPOSAT,sein,33224,,
tg,rfd2.0,84988,85373,Generalin Rieger.,2,männlichen,ADJA,männlich,33224,,
tg,rfd2.0,84988,85373,Generalin Rieger.,2,Herrlichkeit,NN,herrlichkeit,33224,,
tg,rfd2.0,84988,85373,Generalin Rieger.,2,vorüber,ADV,vorüber,33224,,
tg,rfd2.0,84988,85373,Generalin Rieger.,2,ritt,VVFIN,reiden,33224,,
tg,rfd2.0,84988,85373,Generalin Rieger.,2,und,KON,und,33224,,
tg,rfd2.0,84988,85373,Generalin Rieger.,2,still,ADJD,still,33224,,
tg,rfd2.0,84988,85373,Generalin Rieger.,2,hielt,VVFIN,halten,33224,,
tg,rfd2.0,84988,85373,Generalin Rieger.,2,und,KON,und,33224,,
tg,rfd2.0,84988,85373,Generalin Rieger.,2,dich,PRF,dich,33224,,
tg,rfd2.0,84988,85373,Generalin Rieger.,2,anschaute,VVFIN,anschauen,33224,,
tg,rfd2.0,84988,85373,Generalin Rieger.,2,",","$,",--,33224,,
tg,rfd2.0,84988,85373,Generalin Rieger.,2,weißt,VVFIN,weißen,33224,,
tg,rfd2.0,84988,85373,Generalin Rieger.,2,du,PPER,du,33224,,
tg,rfd2.0,84988,85373,Generalin Rieger.,2,noch,ADV,noch,33224,,
tg,rfd2.0,84988,85373,Generalin Rieger.,2,–,XY,–,33224,,
tg,rfd2.0,84988,85373,Generalin Rieger.,2,?,$.,--,33224,,
tg,rfd2.0,85378,85394,Gräfin Franziska von Hohenheim.,1,Ach,ITJ,ach,33224,,
tg,rfd2.0,85378,85394,Gräfin Franziska von Hohenheim.,1,ja,ADV,ja,33224,,
tg,rfd2.0,85378,85394,Gräfin Franziska von Hohenheim.,1,"!",$.,--,33224,,
tg,rfd2.0,85399,86025,Generalin Rieger.,2,Da,ADV,da,33224,,
tg,rfd2.0,85399,86025,Generalin Rieger.,2,sagt,VVFIN,sagen,33224,,
tg,rfd2.0,85399,86025,Generalin Rieger.,2,',$[,--,33224,,
tg,rfd2.0,85399,86025,Generalin Rieger.,2,ich,PPER,ich,33224,Generalin Rieger.,2
tg,rfd2.0,85399,86025,Generalin Rieger.,2,leise,ADJD,leise,33224,,
tg,rfd2.0,85399,86025,Generalin Rieger.,2,.,$.,--,33224,,
tg,rfd2.0,85399,86025,Generalin Rieger.,2,Das,PDS,der,33224,,
tg,rfd2.0,85399,86025,Generalin Rieger.,2,wär,VAFIN,sein,33224,,
tg,rfd2.0,85399,86025,Generalin Rieger.,2,',$[,--,33224,,
tg,rfd2.0,85399,86025,Generalin Rieger.,2,ein,ART,ein,33224,,
tg,rfd2.0,85399,86025,Generalin Rieger.,2,Mann,NN,mann,33224,,
tg,rfd2.0,85399,86025,Generalin Rieger.,2,für,APPR,für,33224,,
tg,rfd2.0,85399,86025,Generalin Rieger.,2,dich,PPER,dich,33224,,
tg,rfd2.0,85399,86025,Generalin Rieger.,2,",","$,",--,33224,,
tg,rfd2.0,85399,86025,Generalin Rieger.,2,Franzel,NE,franzel,33224,,
tg,rfd2.0,85399,86025,Generalin Rieger.,2,"!",$.,--,33224,,
tg,rfd2.0,85399,86025,Generalin Rieger.,2,Na,ITJ,na,33224,,
tg,rfd2.0,85399,86025,Generalin Rieger.,2,",","$,",--,33224,,
tg,rfd2.0,85399,86025,Generalin Rieger.,2,das,PDS,der,33224,,
tg,rfd2.0,85399,86025,Generalin Rieger.,2,war,VAFIN,sein,33224,,
tg,rfd2.0,85399,86025,Generalin Rieger.,2,noch,ADV,noch,33224,,
tg,rfd2.0,85399,86025,Generalin Rieger.,2,eine,ART,ein,33224,,
tg,rfd2.0,85399,86025,Generalin Rieger.,2,größere,ADJA,groß,33224,,
tg,rfd2.0,85399,86025,Generalin Rieger.,2,Dummheit,NN,dummheit,33224,,
tg,rfd2.0,85399,86025,Generalin Rieger.,2,als,APPR,als,33224,,
tg,rfd2.0,85399,86025,Generalin Rieger.,2,jetzt,ADV,jetzt,33224,,
tg,rfd2.0,85399,86025,Generalin Rieger.,2,mit,APPR,mit,33224,,
tg,rfd2.0,85399,86025,Generalin Rieger.,2,dem,ART,der,33224,,
tg,rfd2.0,85399,86025,Generalin Rieger.,2,Schiller,NE,schiller,33224,SCHILLER,29
tg,rfd2.0,85399,86025,Generalin Rieger.,2,und,KON,und,33224,,
tg,rfd2.0,85399,86025,Generalin Rieger.,2,der,ART,der,33224,,
tg,rfd2.0,85399,86025,Generalin Rieger.,2,Laura,NN,laura,33224,,
tg,rfd2.0,85399,86025,Generalin Rieger.,2,"!",$.,--,33224,,
tg,rfd2.0,85399,86025,Generalin Rieger.,2,Du,PPER,du,33224,,
tg,rfd2.0,85399,86025,Generalin Rieger.,2,wurdest,VAFIN,wurdest,33224,,
tg,rfd2.0,85399,86025,Generalin Rieger.,2,eben,ADV,eben,33224,,
tg,rfd2.0,85399,86025,Generalin Rieger.,2,verheiratet,VVPP,verheiraten,33224,,
tg,rfd2.0,85399,86025,Generalin Rieger.,2,",","$,",--,33224,,
tg,rfd2.0,85399,86025,Generalin Rieger.,2,und,KON,und,33224,,
tg,rfd2.0,85399,86025,Generalin Rieger.,2,der,ART,der,33224,,
tg,rfd2.0,85399,86025,Generalin Rieger.,2,Herzog,NE,herzog,33224,,
tg,rfd2.0,85399,86025,Generalin Rieger.,2,war,VAFIN,sein,33224,,
tg,rfd2.0,85399,86025,Generalin Rieger.,2,verheiratet,VVPP,verheiraten,33224,,
tg,rfd2.0,85399,86025,Generalin Rieger.,2,",","$,",--,33224,,
tg,rfd2.0,85399,86025,Generalin Rieger.,2,und,KON,und,33224,,
tg,rfd2.0,85399,86025,Generalin Rieger.,2,du,PPER,du,33224,,
tg,rfd2.0,85399,86025,Generalin Rieger.,2,warst,VAFIN,sein,33224,,
tg,rfd2.0,85399,86025,Generalin Rieger.,2,doch,ADV,doch,33224,,
tg,rfd2.0,85399,86025,Generalin Rieger.,2,eben,ADV,eben,33224,,
tg,rfd2.0,85399,86025,Generalin Rieger.,2,keine,PIAT,kein,33224,,
tg,rfd2.0,85399,86025,Generalin Rieger.,2,Prinzessin,NN,prinzessin,33224,,
tg,rfd2.0,85399,86025,Generalin Rieger.,2,",","$,",--,33224,,
tg,rfd2.0,85399,86025,Generalin Rieger.,2,was,PWS,was,33224,,
tg,rfd2.0,85399,86025,Generalin Rieger.,2,stand,VVFIN,stehen,33224,,
tg,rfd2.0,85399,86025,Generalin Rieger.,2,denn,ADV,denn,33224,,
tg,rfd2.0,85399,86025,Generalin Rieger.,2,da,ADV,da,33224,,
tg,rfd2.0,85399,86025,Generalin Rieger.,2,für,APPR,für,33224,,
tg,rfd2.0,85399,86025,Generalin Rieger.,2,Aussicht,NN,aussicht,33224,,
tg,rfd2.0,85399,86025,Generalin Rieger.,2,offen,ADJD,offen,33224,,
tg,rfd2.0,85399,86025,Generalin Rieger.,2,?,$.,--,33224,,
tg,rfd2.0,85399,86025,Generalin Rieger.,2,Nicht,PTKNEG,nicht,33224,,
tg,rfd2.0,85399,86025,Generalin Rieger.,2,die,ART,der,33224,,
tg,rfd2.0,85399,86025,Generalin Rieger.,2,allergeringste,ADJA,allergering,33224,,
tg,rfd2.0,85399,86025,Generalin Rieger.,2,.,$.,--,33224,,
tg,rfd2.0,85399,86025,Generalin Rieger.,2,Eine,ART,ein,33224,,
tg,rfd2.0,85399,86025,Generalin Rieger.,2,Scheidung,NN,scheidung,33224,,
tg,rfd2.0,85399,86025,Generalin Rieger.,2,",","$,",--,33224,,
tg,rfd2.0,85399,86025,Generalin Rieger.,2,zwei,CARD,zwei,33224,,
tg,rfd2.0,85399,86025,Generalin Rieger.,2,Scheidungen,NN,scheidung,33224,,
tg,rfd2.0,85399,86025,Generalin Rieger.,2,waren,VAFIN,sein,33224,,
tg,rfd2.0,85399,86025,Generalin Rieger.,2,nötig,ADJD,nötig,33224,,
tg,rfd2.0,85399,86025,Generalin Rieger.,2,",","$,",--,33224,,
tg,rfd2.0,85399,86025,Generalin Rieger.,2,und,KON,und,33224,,
tg,rfd2.0,85399,86025,Generalin Rieger.,2,ein,ART,ein,33224,,
tg,rfd2.0,85399,86025,Generalin Rieger.,2,Mittel,NN,mittel,33224,,
tg,rfd2.0,85399,86025,Generalin Rieger.,2,mußte,VMFIN,müssen,33224,,
tg,rfd2.0,85399,86025,Generalin Rieger.,2,gefunden,VVPP,finden,33224,,
tg,rfd2.0,85399,86025,Generalin Rieger.,2,werden,VAINF,werden,33224,,
tg,rfd2.0,85399,86025,Generalin Rieger.,2,",","$,",--,33224,,
tg,rfd2.0,85399,86025,Generalin Rieger.,2,wie,PWAV,wie,33224,,
tg,rfd2.0,85399,86025,Generalin Rieger.,2,ein,ART,ein,33224,,
tg,rfd2.0,85399,86025,Generalin Rieger.,2,armes,ADJA,arm,33224,,
tg,rfd2.0,85399,86025,Generalin Rieger.,2,Fräulein,NN,fräulein,33224,,
tg,rfd2.0,85399,86025,Generalin Rieger.,2,einem,ART,ein,33224,,
tg,rfd2.0,85399,86025,Generalin Rieger.,2,regierenden,ADJA,regierend,33224,,
tg,rfd2.0,85399,86025,Generalin Rieger.,2,Herrn,NN,herr,33224,,
tg,rfd2.0,85399,86025,Generalin Rieger.,2,angetraut,VVPP,antrauen,33224,,
tg,rfd2.0,85399,86025,Generalin Rieger.,2,werden,VAINF,werden,33224,,
tg,rfd2.0,85399,86025,Generalin Rieger.,2,könnte,VMFIN,können,33224,,
tg,rfd2.0,85399,86025,Generalin Rieger.,2,",","$,",--,33224,,
tg,rfd2.0,85399,86025,Generalin Rieger.,2,waren,VAFIN,sein,33224,,
tg,rfd2.0,85399,86025,Generalin Rieger.,2,das,PDS,der,33224,,
tg,rfd2.0,85399,86025,Generalin Rieger.,2,etwa,ADV,etwa,33224,,
tg,rfd2.0,85399,86025,Generalin Rieger.,2,nicht,PTKNEG,nicht,33224,,
tg,rfd2.0,85399,86025,Generalin Rieger.,2,die,ART,der,33224,,
tg,rfd2.0,85399,86025,Generalin Rieger.,2,ärgsten,ADJA,arg,33224,,
tg,rfd2.0,85399,86025,Generalin Rieger.,2,Phantastereien,NN,phantasterei,33224,,
tg,rfd2.0,85399,86025,Generalin Rieger.,2,",","$,",--,33224,,
tg,rfd2.0,85399,86025,Generalin Rieger.,2,nicht,PTKNEG,nicht,33224,,
tg,rfd2.0,85399,86025,Generalin Rieger.,2,?,$.,--,33224,,
tg,rfd2.0,85399,86025,Generalin Rieger.,2,Und,KON,und,33224,,
tg,rfd2.0,85399,86025,Generalin Rieger.,2,',$[,--,33224,,
tg,rfd2.0,85399,86025,Generalin Rieger.,2,s,PDS,--,33224,,
tg,rfd2.0,85399,86025,Generalin Rieger.,2,ist,VAFIN,sein,33224,,
tg,rfd2.0,85399,86025,Generalin Rieger.,2,doch,ADV,doch,33224,,
tg,rfd2.0,85399,86025,Generalin Rieger.,2,alles,PIS,alle,33224,,
tg,rfd2.0,85399,86025,Generalin Rieger.,2,wahr,ADJD,wahr,33224,,
tg,rfd2.0,85399,86025,Generalin Rieger.,2,geworden,VAPP,werden,33224,,
tg,rfd2.0,85399,86025,Generalin Rieger.,2,",","$,",--,33224,,
tg,rfd2.0,85399,86025,Generalin Rieger.,2,und,KON,und,33224,,
tg,rfd2.0,85399,86025,Generalin Rieger.,2,du,PPER,du,33224,,
tg,rfd2.0,85399,86025,Generalin Rieger.,2,regierst,ADV,regierst,33224,,
tg,rfd2.0,85399,86025,Generalin Rieger.,2,doch,ADV,doch,33224,,
tg,rfd2.0,85399,86025,Generalin Rieger.,2,jetzt,ADV,jetzt,33224,,
tg,rfd2.0,85399,86025,Generalin Rieger.,2,Württemberg,NE,württemberg,33224,,
tg,rfd2.0,85399,86025,Generalin Rieger.,2,so,ADV,so,33224,,
tg,rfd2.0,85399,86025,Generalin Rieger.,2,gut,ADJD,gut,33224,,
tg,rfd2.0,85399,86025,Generalin Rieger.,2,wie,KOKOM,wie,33224,,
tg,rfd2.0,85399,86025,Generalin Rieger.,2,er,PPER,er,33224,,
tg,rfd2.0,85399,86025,Generalin Rieger.,2,",","$,",--,33224,,
tg,rfd2.0,85399,86025,Generalin Rieger.,2,nicht,PTKNEG,nicht,33224,,
tg,rfd2.0,85399,86025,Generalin Rieger.,2,?,$.,--,33224,,
tg,rfd2.0,86030,86049,Gräfin Franziska von Hohenheim.,1,Ja,PTKANT,ja,33224,,
tg,rfd2.0,86030,86049,Gräfin Franziska von Hohenheim.,1,",","$,",--,33224,,
tg,rfd2.0,86030,86049,Gräfin Franziska von Hohenheim.,1,aber,KON,aber,33224,,
tg,rfd2.0,86030,86049,Gräfin Franziska von Hohenheim.,1,–,XY,–,33224,,
tg,rfd2.0,86054,86480,Generalin Rieger.,2,Und,KON,und,33224,,
tg,rfd2.0,86054,86480,Generalin Rieger.,2,",","$,",--,33224,,
tg,rfd2.0,86054,86480,Generalin Rieger.,2,mit,APPR,mit,33224,,
tg,rfd2.0,86054,86480,Generalin Rieger.,2,Respekt,NN,respekt,33224,,
tg,rfd2.0,86054,86480,Generalin Rieger.,2,zu,PTKZU,zu,33224,,
tg,rfd2.0,86054,86480,Generalin Rieger.,2,sagen,VVINF,sagen,33224,,
tg,rfd2.0,86054,86480,Generalin Rieger.,2,",","$,",--,33224,,
tg,rfd2.0,86054,86480,Generalin Rieger.,2,Seiner,PPOSAT,sein,33224,,
tg,rfd2.0,86054,86480,Generalin Rieger.,2,Durchlaucht,NN,durchlaucht,33224,,
tg,rfd2.0,86054,86480,Generalin Rieger.,2,weltliche,ADJA,weltlich,33224,,
tg,rfd2.0,86054,86480,Generalin Rieger.,2,Herrlichkeit,NN,herrlichkeit,33224,,
tg,rfd2.0,86054,86480,Generalin Rieger.,2,und,KON,und,33224,,
tg,rfd2.0,86054,86480,Generalin Rieger.,2,dein,PPOSAT,dein,33224,,
tg,rfd2.0,86054,86480,Generalin Rieger.,2,bißchen,PIS,bißchen,33224,,
tg,rfd2.0,86054,86480,Generalin Rieger.,2,Schönheit,NN,schönheit,33224,,
tg,rfd2.0,86054,86480,Generalin Rieger.,2,",","$,",--,33224,,
tg,rfd2.0,86054,86480,Generalin Rieger.,2,die,PDS,der,33224,,
tg,rfd2.0,86054,86480,Generalin Rieger.,2,sind,VAFIN,sein,33224,,
tg,rfd2.0,86054,86480,Generalin Rieger.,2,mir,PPER,sich,33224,Generalin Rieger.,2
tg,rfd2.0,86054,86480,Generalin Rieger.,2,zusammengenommen,VVPP,zusammengenommen,33224,,
tg,rfd2.0,86054,86480,Generalin Rieger.,2,doch,KON,doch,33224,,
tg,rfd2.0,86054,86480,Generalin Rieger.,2,nicht,PTKNEG,nicht,33224,,
tg,rfd2.0,86054,86480,Generalin Rieger.,2,soviel,PIS,soviel,33224,,
tg,rfd2.0,86054,86480,Generalin Rieger.,2,wert,ADJD,wert,33224,,
tg,rfd2.0,86054,86480,Generalin Rieger.,2,",","$,",--,33224,,
tg,rfd2.0,86054,86480,Generalin Rieger.,2,das,PDS,der,33224,,
tg,rfd2.0,86054,86480,Generalin Rieger.,2,heißt,VVFIN,heißen,33224,,
tg,rfd2.0,86054,86480,Generalin Rieger.,2,so,ADV,so,33224,,
tg,rfd2.0,86054,86480,Generalin Rieger.,2,recht,ADJD,recht,33224,,
tg,rfd2.0,86054,86480,Generalin Rieger.,2,innerlich,ADJD,innerlich,33224,,
tg,rfd2.0,86054,86480,Generalin Rieger.,2,im,APPRART,in,33224,,
tg,rfd2.0,86054,86480,Generalin Rieger.,2,Herzen,NN,herz,33224,,
tg,rfd2.0,86054,86480,Generalin Rieger.,2,nicht,PTKNEG,nicht,33224,,
tg,rfd2.0,86054,86480,Generalin Rieger.,2,soviel,PIS,soviel,33224,,
tg,rfd2.0,86054,86480,Generalin Rieger.,2,wert,ADJD,wert,33224,,
tg,rfd2.0,86054,86480,Generalin Rieger.,2,",","$,",--,33224,,
tg,rfd2.0,86054,86480,Generalin Rieger.,2,wie,PWAV,wie,33224,,
tg,rfd2.0,86054,86480,Generalin Rieger.,2,des,ART,der,33224,,
tg,rfd2.0,86054,86480,Generalin Rieger.,2,jungen,ADJA,jung,33224,,
tg,rfd2.0,86054,86480,Generalin Rieger.,2,Schillers,NN,schiller,33224,,
tg,rfd2.0,86054,86480,Generalin Rieger.,2,Schwung,NN,schwung,33224,,
tg,rfd2.0,86054,86480,Generalin Rieger.,2,und,KON,und,33224,,
tg,rfd2.0,86054,86480,Generalin Rieger.,2,Herrlichkeit,NN,herrlichkeit,33224,,
tg,rfd2.0,86054,86480,Generalin Rieger.,2,",","$,",--,33224,,
tg,rfd2.0,86054,86480,Generalin Rieger.,2,wenn,KOUS,wenn,33224,,
tg,rfd2.0,86054,86480,Generalin Rieger.,2,er,PPER,er,33224,,
tg,rfd2.0,86054,86480,Generalin Rieger.,2,so,ADV,so,33224,,
tg,rfd2.0,86054,86480,Generalin Rieger.,2,in,APPR,in,33224,,
tg,rfd2.0,86054,86480,Generalin Rieger.,2,Zug,NN,zug,33224,,
tg,rfd2.0,86054,86480,Generalin Rieger.,2,kommt,VVFIN,kommen,33224,,
tg,rfd2.0,86054,86480,Generalin Rieger.,2,mit,APPR,mit,33224,,
tg,rfd2.0,86054,86480,Generalin Rieger.,2,Predigen,NN,predig,33224,,
tg,rfd2.0,86054,86480,Generalin Rieger.,2,und,KON,und,33224,,
tg,rfd2.0,86054,86480,Generalin Rieger.,2,Dichten,NN,dichten,33224,,
tg,rfd2.0,86054,86480,Generalin Rieger.,2,.,$.,--,33224,,
tg,rfd2.0,86054,86480,Generalin Rieger.,2,Denn,KON,denn,33224,,
tg,rfd2.0,86054,86480,Generalin Rieger.,2,das,PDS,der,33224,,
tg,rfd2.0,86054,86480,Generalin Rieger.,2,gibt,VVFIN,geben,33224,,
tg,rfd2.0,86054,86480,Generalin Rieger.,2,mir,PPER,sich,33224,Generalin Rieger.,2
tg,rfd2.0,86054,86480,Generalin Rieger.,2,eine,ART,ein,33224,,
tg,rfd2.0,86054,86480,Generalin Rieger.,2,Andacht,NN,andacht,33224,,
tg,rfd2.0,86054,86480,Generalin Rieger.,2,und,KON,und,33224,,
tg,rfd2.0,86054,86480,Generalin Rieger.,2,ein,ART,ein,33224,,
tg,rfd2.0,86054,86480,Generalin Rieger.,2,Herzklopfen,NN,herzklopfen,33224,,
tg,rfd2.0,86054,86480,Generalin Rieger.,2,",","$,",--,33224,,
tg,rfd2.0,86054,86480,Generalin Rieger.,2,als,APPR,als,33224,,
tg,rfd2.0,86054,86480,Generalin Rieger.,2,wenn,KOUS,wenn,33224,,
tg,rfd2.0,86054,86480,Generalin Rieger.,2,ich,PPER,ich,33224,Generalin Rieger.,2
tg,rfd2.0,86054,86480,Generalin Rieger.,2,in,APPR,in,33224,,
tg,rfd2.0,86054,86480,Generalin Rieger.,2,der,ART,der,33224,,
tg,rfd2.0,86054,86480,Generalin Rieger.,2,Kirche,NN,kirche,33224,,
tg,rfd2.0,86054,86480,Generalin Rieger.,2,vor,APPR,vor,33224,,
tg,rfd2.0,86054,86480,Generalin Rieger.,2,Gottes,NN,gott,33224,,
tg,rfd2.0,86054,86480,Generalin Rieger.,2,Thron,NE,thron,33224,,
tg,rfd2.0,86054,86480,Generalin Rieger.,2,stünde,VVFIN,stehen,33224,,
tg,rfd2.0,86054,86480,Generalin Rieger.,2,–,XY,–,33224,,
tg,rfd2.0,86485,86503,Gräfin Franziska von Hohenheim.,1,Mir,PPER,sich,33224,,
tg,rfd2.0,86485,86503,Gräfin Franziska von Hohenheim.,1,auch,ADV,auch,33224,,
tg,rfd2.0,86485,86503,Gräfin Franziska von Hohenheim.,1,"!",$.,--,33224,,
tg,rfd2.0,86508,86806,Generalin Rieger.,2,Und,KON,und,33224,,
tg,rfd2.0,86508,86806,Generalin Rieger.,2,wenn,KOUS,wenn,33224,,
tg,rfd2.0,86508,86806,Generalin Rieger.,2,einer,ART,ein,33224,,
tg,rfd2.0,86508,86806,Generalin Rieger.,2,noch,ADV,noch,33224,,
tg,rfd2.0,86508,86806,Generalin Rieger.,2,einmal,ADV,einmal,33224,,
tg,rfd2.0,86508,86806,Generalin Rieger.,2,Wunderdinge,NN,wunderding,33224,,
tg,rfd2.0,86508,86806,Generalin Rieger.,2,zustande,PTKVZ,zustande,33224,,
tg,rfd2.0,86508,86806,Generalin Rieger.,2,bringt,VVFIN,bringen,33224,,
tg,rfd2.0,86508,86806,Generalin Rieger.,2,",","$,",--,33224,,
tg,rfd2.0,86508,86806,Generalin Rieger.,2,dann,ADV,dann,33224,,
tg,rfd2.0,86508,86806,Generalin Rieger.,2,ist's,VVFIN,ist's,33224,,
tg,rfd2.0,86508,86806,Generalin Rieger.,2,der,ART,der,33224,,
tg,rfd2.0,86508,86806,Generalin Rieger.,2,Schiller,NE,schiller,33224,SCHILLER,29
tg,rfd2.0,86508,86806,Generalin Rieger.,2,",","$,",--,33224,,
tg,rfd2.0,86508,86806,Generalin Rieger.,2,das,ART,der,33224,,
tg,rfd2.0,86508,86806,Generalin Rieger.,2,sollt,ADJD,sollen,33224,,
tg,rfd2.0,86508,86806,Generalin Rieger.,2,ihr,PPOSAT,ihr,33224,,
tg,rfd2.0,86508,86806,Generalin Rieger.,2,noch,ADV,noch,33224,,
tg,rfd2.0,86508,86806,Generalin Rieger.,2,einmal,ADV,einmal,33224,,
tg,rfd2.0,86508,86806,Generalin Rieger.,2,sehen,VVINF,sehen,33224,,
tg,rfd2.0,86508,86806,Generalin Rieger.,2,und,KON,und,33224,,
tg,rfd2.0,86508,86806,Generalin Rieger.,2,an,APPR,an,33224,,
tg,rfd2.0,86508,86806,Generalin Rieger.,2,mich,PPER,mich,33224,Generalin Rieger.,2
tg,rfd2.0,86508,86806,Generalin Rieger.,2,denken,VVINF,denken,33224,,
tg,rfd2.0,86508,86806,Generalin Rieger.,2,",","$,",--,33224,,
tg,rfd2.0,86508,86806,Generalin Rieger.,2,und,KON,und,33224,,
tg,rfd2.0,86508,86806,Generalin Rieger.,2,wenn,KOUS,wenn,33224,,
tg,rfd2.0,86508,86806,Generalin Rieger.,2,für,APPR,für,33224,,
tg,rfd2.0,86508,86806,Generalin Rieger.,2,irgend,ADV,irgend,33224,,
tg,rfd2.0,86508,86806,Generalin Rieger.,2,einen,ART,ein,33224,,
tg,rfd2.0,86508,86806,Generalin Rieger.,2,unser,PPOSAT,unser,33224,,
tg,rfd2.0,86508,86806,Generalin Rieger.,2,Pflegkind,NN,pflegkind,33224,,
tg,rfd2.0,86508,86806,Generalin Rieger.,2,nicht,PTKNEG,nicht,33224,,
tg,rfd2.0,86508,86806,Generalin Rieger.,2,zu,PTKZU,zu,33224,,
tg,rfd2.0,86508,86806,Generalin Rieger.,2,gut,ADJD,gut,33224,,
tg,rfd2.0,86508,86806,Generalin Rieger.,2,ist,VAFIN,sein,33224,,
tg,rfd2.0,86508,86806,Generalin Rieger.,2,",","$,",--,33224,,
tg,rfd2.0,86508,86806,Generalin Rieger.,2,dann,ADV,dann,33224,,
tg,rfd2.0,86508,86806,Generalin Rieger.,2,ist's,ADV,ist's,33224,,
tg,rfd2.0,86508,86806,Generalin Rieger.,2,für,APPR,für,33224,,
tg,rfd2.0,86508,86806,Generalin Rieger.,2,den,ART,der,33224,,
tg,rfd2.0,86508,86806,Generalin Rieger.,2,Schiller,NE,schiller,33224,SCHILLER,29
tg,rfd2.0,86508,86806,Generalin Rieger.,2,",","$,",--,33224,,
tg,rfd2.0,86508,86806,Generalin Rieger.,2,das,PRELS,der,33224,,
tg,rfd2.0,86508,86806,Generalin Rieger.,2,sag,VVIMP,sag,33224,,
tg,rfd2.0,86508,86806,Generalin Rieger.,2,',$[,--,33224,,
tg,rfd2.0,86508,86806,Generalin Rieger.,2,ich,PPER,ich,33224,Generalin Rieger.,2
tg,rfd2.0,86508,86806,Generalin Rieger.,2,",","$,",--,33224,,
tg,rfd2.0,86508,86806,Generalin Rieger.,2,und,KON,und,33224,,
tg,rfd2.0,86508,86806,Generalin Rieger.,2,dabei,PROAV,dabei,33224,,
tg,rfd2.0,86508,86806,Generalin Rieger.,2,bleib,VVFIN,bleib,33224,,
tg,rfd2.0,86508,86806,Generalin Rieger.,2,',$[,--,33224,,
tg,rfd2.0,86508,86806,Generalin Rieger.,2,ich,PPER,ich,33224,Generalin Rieger.,2
tg,rfd2.0,86508,86806,Generalin Rieger.,2,"!",$.,--,33224,,
tg,rfd2.0,86812,86860,Gräfin Franziska von Hohenheim.,1,Ist,VAFIN,sein,33224,,
tg,rfd2.0,86812,86860,Gräfin Franziska von Hohenheim.,1,denn,ADV,denn,33224,,
tg,rfd2.0,86812,86860,Gräfin Franziska von Hohenheim.,1,die,ART,der,33224,,
tg,rfd2.0,86812,86860,Gräfin Franziska von Hohenheim.,1,Laura,NN,laura,33224,,
tg,rfd2.0,86812,86860,Gräfin Franziska von Hohenheim.,1,im,APPRART,in,33224,,
tg,rfd2.0,86812,86860,Gräfin Franziska von Hohenheim.,1,Einverständnisse,NN,einverständnis,33224,,
tg,rfd2.0,86812,86860,Gräfin Franziska von Hohenheim.,1,.,$.,--,33224,,
tg,rfd2.0,86865,87053,Generalin Rieger.,2,I,CARD,I,33224,,
tg,rfd2.0,86865,87053,Generalin Rieger.,2,Gott,NN,gott,33224,,
tg,rfd2.0,86865,87053,Generalin Rieger.,2,bewahre,VVFIN,bewahr,33224,,
tg,rfd2.0,86865,87053,Generalin Rieger.,2,"!",$.,--,33224,,
tg,rfd2.0,86865,87053,Generalin Rieger.,2,Das,ART,der,33224,,
tg,rfd2.0,86865,87053,Generalin Rieger.,2,dumme,ADJA,dumm,33224,,
tg,rfd2.0,86865,87053,Generalin Rieger.,2,Ding,NN,ding,33224,,
tg,rfd2.0,86865,87053,Generalin Rieger.,2,weiß,VVFIN,weiß,33224,,
tg,rfd2.0,86865,87053,Generalin Rieger.,2,ihn,PPER,ihn,33224,,
tg,rfd2.0,86865,87053,Generalin Rieger.,2,ja,ADV,ja,33224,,
tg,rfd2.0,86865,87053,Generalin Rieger.,2,gar,ADV,gar,33224,,
tg,rfd2.0,86865,87053,Generalin Rieger.,2,nicht,PTKNEG,nicht,33224,,
tg,rfd2.0,86865,87053,Generalin Rieger.,2,zu,PTKZU,zu,33224,,
tg,rfd2.0,86865,87053,Generalin Rieger.,2,schätzen,VVINF,schätzen,33224,,
tg,rfd2.0,86865,87053,Generalin Rieger.,2,"!",$.,--,33224,,
tg,rfd2.0,86865,87053,Generalin Rieger.,2,Der,PDS,der,33224,,
tg,rfd2.0,86865,87053,Generalin Rieger.,2,ist,VAFIN,sein,33224,,
tg,rfd2.0,86865,87053,Generalin Rieger.,2,er,PPER,er,33224,,
tg,rfd2.0,86865,87053,Generalin Rieger.,2,nicht,PTKNEG,nicht,33224,,
tg,rfd2.0,86865,87053,Generalin Rieger.,2,hübsch,ADJD,hübsch,33224,,
tg,rfd2.0,86865,87053,Generalin Rieger.,2,genug,ADV,genug,33224,,
tg,rfd2.0,86865,87053,Generalin Rieger.,2,",","$,",--,33224,,
tg,rfd2.0,86865,87053,Generalin Rieger.,2,und,KON,und,33224,,
tg,rfd2.0,86865,87053,Generalin Rieger.,2,ungeschickt,ADJD,ungeschickt,33224,,
tg,rfd2.0,86865,87053,Generalin Rieger.,2,und,KON,und,33224,,
tg,rfd2.0,86865,87053,Generalin Rieger.,2,ungalant,ADJD,ungalant,33224,,
tg,rfd2.0,86865,87053,Generalin Rieger.,2,und,KON,und,33224,,
tg,rfd2.0,86865,87053,Generalin Rieger.,2,wunderlich,ADJD,wunderlich,33224,,
tg,rfd2.0,86865,87053,Generalin Rieger.,2,ist,VAFIN,sein,33224,,
tg,rfd2.0,86865,87053,Generalin Rieger.,2,er,PPER,er,33224,,
tg,rfd2.0,86865,87053,Generalin Rieger.,2,auch,ADV,auch,33224,,
tg,rfd2.0,86865,87053,Generalin Rieger.,2,",","$,",--,33224,,
tg,rfd2.0,86865,87053,Generalin Rieger.,2,das,PDS,der,33224,,
tg,rfd2.0,86865,87053,Generalin Rieger.,2,ist,VAFIN,sein,33224,,
tg,rfd2.0,86865,87053,Generalin Rieger.,2,freilich,ADV,freilich,33224,,
tg,rfd2.0,86865,87053,Generalin Rieger.,2,wahr,ADJD,wahr,33224,,
tg,rfd2.0,86865,87053,Generalin Rieger.,2,.,$.,--,33224,,
tg,rfd2.0,87058,87118,Gräfin Franziska von Hohenheim.,1,Aber,KON,aber,33224,,
tg,rfd2.0,87058,87118,Gräfin Franziska von Hohenheim.,1,sie,PPER,sie,33224,,
tg,rfd2.0,87058,87118,Gräfin Franziska von Hohenheim.,1,wird,VAFIN,werden,33224,,
tg,rfd2.0,87058,87118,Gräfin Franziska von Hohenheim.,1,die,ART,der,33224,,
tg,rfd2.0,87058,87118,Gräfin Franziska von Hohenheim.,1,Liebeserklärung,NN,liebeserklärung,33224,,
tg,rfd2.0,87058,87118,Gräfin Franziska von Hohenheim.,1,im,APPRART,in,33224,,
tg,rfd2.0,87058,87118,Gräfin Franziska von Hohenheim.,1,Magazin,NN,magazin,33224,,
tg,rfd2.0,87058,87118,Gräfin Franziska von Hohenheim.,1,lesen,VVINF,lesen,33224,,
tg,rfd2.0,87058,87118,Gräfin Franziska von Hohenheim.,1,"!",$.,--,33224,,
tg,rfd2.0,87123,87307,Generalin Rieger.,2,Wenn,KOUS,wenn,33224,,
tg,rfd2.0,87123,87307,Generalin Rieger.,2,auch,ADV,auch,33224,,
tg,rfd2.0,87123,87307,Generalin Rieger.,2,"!",$.,--,33224,,
tg,rfd2.0,87123,87307,Generalin Rieger.,2,Ich,PPER,ich,33224,,
tg,rfd2.0,87123,87307,Generalin Rieger.,2,radiere,VVFIN,radieren,33224,,
tg,rfd2.0,87123,87307,Generalin Rieger.,2,den,ART,der,33224,,
tg,rfd2.0,87123,87307,Generalin Rieger.,2,Namen,NN,name,33224,,
tg,rfd2.0,87123,87307,Generalin Rieger.,2,Laura,NE,laura,33224,,
tg,rfd2.0,87123,87307,Generalin Rieger.,2,heraus,PTKVZ,heraus,33224,,
tg,rfd2.0,87123,87307,Generalin Rieger.,2,oder,KON,oder,33224,,
tg,rfd2.0,87123,87307,Generalin Rieger.,2,klebe,ADJA,kleb,33224,,
tg,rfd2.0,87123,87307,Generalin Rieger.,2,Englischpflaster,NN,englischpflaster,33224,,
tg,rfd2.0,87123,87307,Generalin Rieger.,2,drauf,PROAV,drauf,33224,,
tg,rfd2.0,87123,87307,Generalin Rieger.,2,",","$,",--,33224,,
tg,rfd2.0,87123,87307,Generalin Rieger.,2,da,ADV,da,33224,,
tg,rfd2.0,87123,87307,Generalin Rieger.,2,weiß,VVFIN,weiß,33224,,
tg,rfd2.0,87123,87307,Generalin Rieger.,2,sie,PPER,sie,33224,,
tg,rfd2.0,87123,87307,Generalin Rieger.,2,den,ART,der,33224,,
tg,rfd2.0,87123,87307,Generalin Rieger.,2,Kuckuck,NN,kuckuck,33224,,
tg,rfd2.0,87123,87307,Generalin Rieger.,2,",","$,",--,33224,,
tg,rfd2.0,87123,87307,Generalin Rieger.,2,auf,APPR,auf,33224,,
tg,rfd2.0,87123,87307,Generalin Rieger.,2,wen,PWS,wen,33224,,
tg,rfd2.0,87123,87307,Generalin Rieger.,2,die,ART,der,33224,,
tg,rfd2.0,87123,87307,Generalin Rieger.,2,»,NN,»,33224,,
tg,rfd2.0,87123,87307,Generalin Rieger.,2,Entzückung,NN,entzückung,33224,,
tg,rfd2.0,87123,87307,Generalin Rieger.,2,«,XY,«,33224,,
tg,rfd2.0,87123,87307,Generalin Rieger.,2,geht,VVFIN,gehen,33224,,
tg,rfd2.0,87123,87307,Generalin Rieger.,2,",","$,",--,33224,,
tg,rfd2.0,87123,87307,Generalin Rieger.,2,',$[,--,33224,,
tg,rfd2.0,87123,87307,Generalin Rieger.,2,s,PPER,--,33224,,
tg,rfd2.0,87123,87307,Generalin Rieger.,2,ist,VAFIN,sein,33224,,
tg,rfd2.0,87123,87307,Generalin Rieger.,2,ja,ADV,ja,33224,,
tg,rfd2.0,87123,87307,Generalin Rieger.,2,noch,ADV,noch,33224,,
tg,rfd2.0,87123,87307,Generalin Rieger.,2,ein,ART,ein,33224,,
tg,rfd2.0,87123,87307,Generalin Rieger.,2,unerfahren,ADJA,unerfahren,33224,,
tg,rfd2.0,87123,87307,Generalin Rieger.,2,Kind,NN,kind,33224,,
tg,rfd2.0,87123,87307,Generalin Rieger.,2,.,$.,--,33224,,
tg,rfd2.0,87375,87586,"Laura, deren Pflegetochter.",3,Träume,NN,traum,33224,,
tg,rfd2.0,87375,87586,"Laura, deren Pflegetochter.",3,werden,VAFIN,werden,33224,,
tg,rfd2.0,87375,87586,"Laura, deren Pflegetochter.",3,um,APPR,um,33224,,
tg,rfd2.0,87375,87586,"Laura, deren Pflegetochter.",3,mich,PPER,mich,33224,"Laura, deren Pflegetochter.",3
tg,rfd2.0,87375,87586,"Laura, deren Pflegetochter.",3,her,PTKVZ,her,33224,,
tg,rfd2.0,87375,87586,"Laura, deren Pflegetochter.",3,zu,APPR,zu,33224,,
tg,rfd2.0,87375,87586,"Laura, deren Pflegetochter.",3,Wesen,NN,wesen,33224,,
tg,rfd2.0,87375,87586,"Laura, deren Pflegetochter.",3,",","$,",--,33224,,
tg,rfd2.0,87375,87586,"Laura, deren Pflegetochter.",3,Kann,VMFIN,können,33224,,
tg,rfd2.0,87375,87586,"Laura, deren Pflegetochter.",3,ich,PPER,ich,33224,"Laura, deren Pflegetochter.",3
tg,rfd2.0,87375,87586,"Laura, deren Pflegetochter.",3,nur,ADV,nur,33224,,
tg,rfd2.0,87375,87586,"Laura, deren Pflegetochter.",3,in,APPR,in,33224,,
tg,rfd2.0,87375,87586,"Laura, deren Pflegetochter.",3,deinen,PPOSAT,dein,33224,,
tg,rfd2.0,87375,87586,"Laura, deren Pflegetochter.",3,Augen,NN,auge,33224,,
tg,rfd2.0,87375,87586,"Laura, deren Pflegetochter.",3,lesen,VVFIN,lesen,33224,,
tg,rfd2.0,87375,87586,"Laura, deren Pflegetochter.",3,:,$.,--,33224,,
tg,rfd2.0,87375,87586,"Laura, deren Pflegetochter.",3,Laura,NE,laura,33224,,
tg,rfd2.0,87375,87586,"Laura, deren Pflegetochter.",3,",","$,",--,33224,,
tg,rfd2.0,87375,87586,"Laura, deren Pflegetochter.",3,Laura,NE,laura,33224,,
tg,rfd2.0,87375,87586,"Laura, deren Pflegetochter.",3,mein,PPOSAT,mein,33224,"Laura, deren Pflegetochter.",3
tg,rfd2.0,87375,87586,"Laura, deren Pflegetochter.",3,"!",$.,--,33224,,
tg,rfd2.0,87593,87646,Gräfin Franziska von Hohenheim.,1,Das,ART,der,33224,,
tg,rfd2.0,87593,87646,Gräfin Franziska von Hohenheim.,1,englische,ADJA,englisch,33224,,
tg,rfd2.0,87593,87646,Gräfin Franziska von Hohenheim.,1,Pflaster,NN,pflaster,33224,,
tg,rfd2.0,87593,87646,Gräfin Franziska von Hohenheim.,1,ist,VAFIN,sein,33224,,
tg,rfd2.0,87593,87646,Gräfin Franziska von Hohenheim.,1,nicht,PTKNEG,nicht,33224,,
tg,rfd2.0,87593,87646,Gräfin Franziska von Hohenheim.,1,mehr,ADV,mehr,33224,,
tg,rfd2.0,87593,87646,Gräfin Franziska von Hohenheim.,1,nötig,ADJD,nötig,33224,,
tg,rfd2.0,87593,87646,Gräfin Franziska von Hohenheim.,1,.,$.,--,33224,,
tg,rfd2.0,87651,87676,Generalin Rieger.,2,So,ADV,so,33224,,
tg,rfd2.0,87651,87676,Generalin Rieger.,2,scheint's,VVFIN,scheint's,33224,,
tg,rfd2.0,87651,87676,Generalin Rieger.,2,.,$.,--,33224,,
tg,rfd2.0,87681,87718,"Laura, deren Pflegetochter.",3,Ah,NN,ah,33224,,
tg,rfd2.0,87681,87718,"Laura, deren Pflegetochter.",3,",","$,",--,33224,,
tg,rfd2.0,87681,87718,"Laura, deren Pflegetochter.",3,bonjour,ADJD,bonjour,33224,,
tg,rfd2.0,87681,87718,"Laura, deren Pflegetochter.",3,"!",$.,--,33224,,
tg,rfd2.0,87723,87771,Generalin Rieger.,2,Was,PWS,was,33224,,
tg,rfd2.0,87723,87771,Generalin Rieger.,2,liesest,VVFIN,lieseen,33224,,
tg,rfd2.0,87723,87771,Generalin Rieger.,2,du,PPER,du,33224,,
tg,rfd2.0,87723,87771,Generalin Rieger.,2,denn,ADV,denn,33224,,
tg,rfd2.0,87723,87771,Generalin Rieger.,2,da,ADV,da,33224,,
tg,rfd2.0,87723,87771,Generalin Rieger.,2,so,ADV,so,33224,,
tg,rfd2.0,87723,87771,Generalin Rieger.,2,andächtig,ADJD,andächtig,33224,,
tg,rfd2.0,87723,87771,Generalin Rieger.,2,?,$.,--,33224,,
tg,rfd2.0,87776,87860,"Laura, deren Pflegetochter.",3,Schnurriges,ADJA,schnurrig,33224,,
tg,rfd2.0,87776,87860,"Laura, deren Pflegetochter.",3,Zeug,NN,zeug,33224,,
tg,rfd2.0,87776,87860,"Laura, deren Pflegetochter.",3,",","$,",--,33224,,
tg,rfd2.0,87776,87860,"Laura, deren Pflegetochter.",3,Mama,NN,--,33224,,
tg,rfd2.0,87776,87860,"Laura, deren Pflegetochter.",3,",","$,",--,33224,,
tg,rfd2.0,87776,87860,"Laura, deren Pflegetochter.",3,»,XY,»,33224,,
tg,rfd2.0,87776,87860,"Laura, deren Pflegetochter.",3,Die,ART,der,33224,,
tg,rfd2.0,87776,87860,"Laura, deren Pflegetochter.",3,Entzückung,NN,entzückung,33224,,
tg,rfd2.0,87776,87860,"Laura, deren Pflegetochter.",3,an,APPR,an,33224,,
tg,rfd2.0,87776,87860,"Laura, deren Pflegetochter.",3,Laura,NE,laura,33224,,
tg,rfd2.0,87776,87860,"Laura, deren Pflegetochter.",3,«,XY,«,33224,,
tg,rfd2.0,87776,87860,"Laura, deren Pflegetochter.",3,heißt,VVFIN,heißen,33224,,
tg,rfd2.0,87776,87860,"Laura, deren Pflegetochter.",3,es,PPER,es,33224,,
tg,rfd2.0,87776,87860,"Laura, deren Pflegetochter.",3,.,$.,--,33224,,
tg,rfd2.0,87865,87952,Gräfin Franziska von Hohenheim.,1,Und,KON,und,33224,,
tg,rfd2.0,87865,87952,Gräfin Franziska von Hohenheim.,1,das,PDS,der,33224,,
tg,rfd2.0,87865,87952,Gräfin Franziska von Hohenheim.,1,interessiert,VVPP,interessiert,33224,,
tg,rfd2.0,87865,87952,Gräfin Franziska von Hohenheim.,1,dich,PRF,dich,33224,,
tg,rfd2.0,87865,87952,Gräfin Franziska von Hohenheim.,1,",","$,",--,33224,,
tg,rfd2.0,87865,87952,Gräfin Franziska von Hohenheim.,1,weil,KOUS,weil,33224,,
tg,rfd2.0,87865,87952,Gräfin Franziska von Hohenheim.,1,die,ART,der,33224,,
tg,rfd2.0,87865,87952,Gräfin Franziska von Hohenheim.,1,angedichtete,ADJA,angedichtet,33224,,
tg,rfd2.0,87865,87952,Gräfin Franziska von Hohenheim.,1,Person,NN,person,33224,,
tg,rfd2.0,87865,87952,Gräfin Franziska von Hohenheim.,1,ebenfalls,ADV,ebenfalls,33224,,
tg,rfd2.0,87865,87952,Gräfin Franziska von Hohenheim.,1,Laura,NE,laura,33224,,
tg,rfd2.0,87865,87952,Gräfin Franziska von Hohenheim.,1,heißt,VVFIN,heißen,33224,,
tg,rfd2.0,87865,87952,Gräfin Franziska von Hohenheim.,1,.,$.,--,33224,,
tg,rfd2.0,87957,88156,"Laura, deren Pflegetochter.",3,Nein,PTKANT,nein,33224,,
tg,rfd2.0,87957,88156,"Laura, deren Pflegetochter.",3,",","$,",--,33224,,
tg,rfd2.0,87957,88156,"Laura, deren Pflegetochter.",3,liebe,VVFIN,lieb,33224,,
tg,rfd2.0,87957,88156,"Laura, deren Pflegetochter.",3,Tante,TRUNC,tante,33224,,
tg,rfd2.0,87957,88156,"Laura, deren Pflegetochter.",3,",","$,",--,33224,,
tg,rfd2.0,87957,88156,"Laura, deren Pflegetochter.",3,ich,PPER,ich,33224,"Laura, deren Pflegetochter.",3
tg,rfd2.0,87957,88156,"Laura, deren Pflegetochter.",3,versteh,ADV,versteh,33224,,
tg,rfd2.0,87957,88156,"Laura, deren Pflegetochter.",3,',$[,--,33224,,
tg,rfd2.0,87957,88156,"Laura, deren Pflegetochter.",3,nicht,PTKNEG,nicht,33224,,
tg,rfd2.0,87957,88156,"Laura, deren Pflegetochter.",3,viel,PIS,viel,33224,,
tg,rfd2.0,87957,88156,"Laura, deren Pflegetochter.",3,davon,PROAV,davon,33224,,
tg,rfd2.0,87957,88156,"Laura, deren Pflegetochter.",3,",","$,",--,33224,,
tg,rfd2.0,87957,88156,"Laura, deren Pflegetochter.",3,und,KON,und,33224,,
tg,rfd2.0,87957,88156,"Laura, deren Pflegetochter.",3,es,PPER,es,33224,,
tg,rfd2.0,87957,88156,"Laura, deren Pflegetochter.",3,würde,VAFIN,werden,33224,,
tg,rfd2.0,87957,88156,"Laura, deren Pflegetochter.",3,mich,PPER,mich,33224,"Laura, deren Pflegetochter.",3
tg,rfd2.0,87957,88156,"Laura, deren Pflegetochter.",3,vielleicht,ADV,vielleicht,33224,,
tg,rfd2.0,87957,88156,"Laura, deren Pflegetochter.",3,gar,ADV,gar,33224,,
tg,rfd2.0,87957,88156,"Laura, deren Pflegetochter.",3,nicht,PTKNEG,nicht,33224,,
tg,rfd2.0,87957,88156,"Laura, deren Pflegetochter.",3,interessieren,VVINF,interessieren,33224,,
tg,rfd2.0,87957,88156,"Laura, deren Pflegetochter.",3,",","$,",--,33224,,
tg,rfd2.0,87957,88156,"Laura, deren Pflegetochter.",3,wenn,KOUS,wenn,33224,,
tg,rfd2.0,87957,88156,"Laura, deren Pflegetochter.",3,ich,PPER,ich,33224,"Laura, deren Pflegetochter.",3
tg,rfd2.0,87957,88156,"Laura, deren Pflegetochter.",3,nicht,PTKNEG,nicht,33224,,
tg,rfd2.0,87957,88156,"Laura, deren Pflegetochter.",3,selbst,ADV,selbst,33224,,
tg,rfd2.0,87957,88156,"Laura, deren Pflegetochter.",3,die,ART,der,33224,,
tg,rfd2.0,87957,88156,"Laura, deren Pflegetochter.",3,Laura,NN,laura,33224,,
tg,rfd2.0,87957,88156,"Laura, deren Pflegetochter.",3,sein,VAINF,sein,33224,,
tg,rfd2.0,87957,88156,"Laura, deren Pflegetochter.",3,sollte,VMFIN,sollen,33224,,
tg,rfd2.0,87957,88156,"Laura, deren Pflegetochter.",3,",","$,",--,33224,,
tg,rfd2.0,87957,88156,"Laura, deren Pflegetochter.",3,über,APPR,über,33224,,
tg,rfd2.0,87957,88156,"Laura, deren Pflegetochter.",3,welche,PRELS,welcher,33224,,
tg,rfd2.0,87957,88156,"Laura, deren Pflegetochter.",3,man,PIS,man,33224,,
tg,rfd2.0,87957,88156,"Laura, deren Pflegetochter.",3,in,APPR,in,33224,,
tg,rfd2.0,87957,88156,"Laura, deren Pflegetochter.",3,Entzückung,NN,entzückung,33224,,
tg,rfd2.0,87957,88156,"Laura, deren Pflegetochter.",3,geraten,VVPP,geraten,33224,,
tg,rfd2.0,87957,88156,"Laura, deren Pflegetochter.",3,ist,VAFIN,sein,33224,,
tg,rfd2.0,87957,88156,"Laura, deren Pflegetochter.",3,.,$.,--,33224,,
tg,rfd2.0,88161,88204,Generalin Rieger.,2,Da,ADV,da,33224,,
tg,rfd2.0,88161,88204,Generalin Rieger.,2,ist,VAFIN,sein,33224,,
tg,rfd2.0,88161,88204,Generalin Rieger.,2,nichts,PIS,nichts,33224,,
tg,rfd2.0,88161,88204,Generalin Rieger.,2,mehr,ADV,mehr,33224,,
tg,rfd2.0,88161,88204,Generalin Rieger.,2,zu,PTKZU,zu,33224,,
tg,rfd2.0,88161,88204,Generalin Rieger.,2,radieren,VVINF,radieren,33224,,
tg,rfd2.0,88161,88204,Generalin Rieger.,2,"!",$.,--,33224,,
tg,rfd2.0,88209,88246,Gräfin Franziska von Hohenheim.,1,Wer,PWS,wer,33224,,
tg,rfd2.0,88209,88246,Gräfin Franziska von Hohenheim.,1,hat,VAFIN,haben,33224,,
tg,rfd2.0,88209,88246,Gräfin Franziska von Hohenheim.,1,dir,PPER,dir,33224,,
tg,rfd2.0,88209,88246,Gräfin Franziska von Hohenheim.,1,denn,ADV,denn,33224,,
tg,rfd2.0,88209,88246,Gräfin Franziska von Hohenheim.,1,das,ART,der,33224,,
tg,rfd2.0,88209,88246,Gräfin Franziska von Hohenheim.,1,gesagt,VVPP,sagen,33224,,
tg,rfd2.0,88209,88246,Gräfin Franziska von Hohenheim.,1,?,$.,--,33224,,
tg,rfd2.0,88251,88311,"Laura, deren Pflegetochter.",3,Ei,ITJ,ei,33224,,
tg,rfd2.0,88251,88311,"Laura, deren Pflegetochter.",3,",","$,",--,33224,,
tg,rfd2.0,88251,88311,"Laura, deren Pflegetochter.",3,der,ART,der,33224,,
tg,rfd2.0,88251,88311,"Laura, deren Pflegetochter.",3,Verfasser,NN,verfasser,33224,,
tg,rfd2.0,88251,88311,"Laura, deren Pflegetochter.",3,selbst,ADV,selbst,33224,,
tg,rfd2.0,88251,88311,"Laura, deren Pflegetochter.",3,",","$,",--,33224,,
tg,rfd2.0,88251,88311,"Laura, deren Pflegetochter.",3,der,PRELS,der,33224,,
tg,rfd2.0,88251,88311,"Laura, deren Pflegetochter.",3,mir,PPER,sich,33224,"Laura, deren Pflegetochter.",3
tg,rfd2.0,88251,88311,"Laura, deren Pflegetochter.",3,das,ART,der,33224,,
tg,rfd2.0,88251,88311,"Laura, deren Pflegetochter.",3,Blatt,NN,blatt,33224,,
tg,rfd2.0,88251,88311,"Laura, deren Pflegetochter.",3,gegeben,VVPP,geben,33224,,
tg,rfd2.0,88251,88311,"Laura, deren Pflegetochter.",3,"!",$.,--,33224,,
tg,rfd2.0,88316,88389,Gräfin Franziska von Hohenheim.,1,Was,PWS,was,33224,,
tg,rfd2.0,88316,88389,Gräfin Franziska von Hohenheim.,1,",","$,",--,33224,,
tg,rfd2.0,88316,88389,Gräfin Franziska von Hohenheim.,1,der,ART,der,33224,,
tg,rfd2.0,88316,88389,Gräfin Franziska von Hohenheim.,1,Schiller,NE,schiller,33224,SCHILLER,29
tg,rfd2.0,88316,88389,Gräfin Franziska von Hohenheim.,1,erlaubt,VVFIN,erlauben,33224,,
tg,rfd2.0,88316,88389,Gräfin Franziska von Hohenheim.,1,sich,PRF,sich,33224,,
tg,rfd2.0,88316,88389,Gräfin Franziska von Hohenheim.,1,solche,PIAT,solcher,33224,,
tg,rfd2.0,88316,88389,Gräfin Franziska von Hohenheim.,1,Vertraulichkeiten,NN,vertraulichkeit,33224,,
tg,rfd2.0,88316,88389,Gräfin Franziska von Hohenheim.,1,mit,APPR,mit,33224,,
tg,rfd2.0,88316,88389,Gräfin Franziska von Hohenheim.,1,dir,PPER,dir,33224,,
tg,rfd2.0,88316,88389,Gräfin Franziska von Hohenheim.,1,?,$.,--,33224,,
tg,rfd2.0,88394,88600,"Laura, deren Pflegetochter.",3,Der,ART,der,33224,,
tg,rfd2.0,88394,88600,"Laura, deren Pflegetochter.",3,Schiller,NE,schiller,33224,SCHILLER,29
tg,rfd2.0,88394,88600,"Laura, deren Pflegetochter.",3,"!",$.,--,33224,,
tg,rfd2.0,88394,88600,"Laura, deren Pflegetochter.",3,I,CARD,I,33224,,
tg,rfd2.0,88394,88600,"Laura, deren Pflegetochter.",3,Gott,NN,gott,33224,,
tg,rfd2.0,88394,88600,"Laura, deren Pflegetochter.",3,bewahre,VVFIN,bewahr,33224,,
tg,rfd2.0,88394,88600,"Laura, deren Pflegetochter.",3,"!",$.,--,33224,,
tg,rfd2.0,88394,88600,"Laura, deren Pflegetochter.",3,Das,PDS,der,33224,,
tg,rfd2.0,88394,88600,"Laura, deren Pflegetochter.",3,ist,VAFIN,sein,33224,,
tg,rfd2.0,88394,88600,"Laura, deren Pflegetochter.",3,ja,ADV,ja,33224,,
tg,rfd2.0,88394,88600,"Laura, deren Pflegetochter.",3,der,ART,der,33224,,
tg,rfd2.0,88394,88600,"Laura, deren Pflegetochter.",3,ernsthafteste,ADJA,ernsthaft,33224,,
tg,rfd2.0,88394,88600,"Laura, deren Pflegetochter.",3,Peter,NE,peter,33224,PETER,22
tg,rfd2.0,88394,88600,"Laura, deren Pflegetochter.",3,von,APPR,von,33224,,
tg,rfd2.0,88394,88600,"Laura, deren Pflegetochter.",3,der,ART,der,33224,,
tg,rfd2.0,88394,88600,"Laura, deren Pflegetochter.",3,Welt,NN,welt,33224,,
tg,rfd2.0,88394,88600,"Laura, deren Pflegetochter.",3,",","$,",--,33224,,
tg,rfd2.0,88394,88600,"Laura, deren Pflegetochter.",3,der,PRELS,der,33224,,
tg,rfd2.0,88394,88600,"Laura, deren Pflegetochter.",3,mir,PPER,sich,33224,"Laura, deren Pflegetochter.",3
tg,rfd2.0,88394,88600,"Laura, deren Pflegetochter.",3,nimmermehr,ADJD,nimmermehr,33224,,
tg,rfd2.0,88394,88600,"Laura, deren Pflegetochter.",3,ein,ART,ein,33224,,
tg,rfd2.0,88394,88600,"Laura, deren Pflegetochter.",3,Blatt,NN,blatt,33224,,
tg,rfd2.0,88394,88600,"Laura, deren Pflegetochter.",3,Papier,NN,papier,33224,,
tg,rfd2.0,88394,88600,"Laura, deren Pflegetochter.",3,in,APPR,in,33224,,
tg,rfd2.0,88394,88600,"Laura, deren Pflegetochter.",3,die,ART,der,33224,,
tg,rfd2.0,88394,88600,"Laura, deren Pflegetochter.",3,Hand,NN,hand,33224,,
tg,rfd2.0,88394,88600,"Laura, deren Pflegetochter.",3,drücken,VVINF,drücken,33224,,
tg,rfd2.0,88394,88600,"Laura, deren Pflegetochter.",3,würde,VAFIN,werden,33224,,
tg,rfd2.0,88394,88600,"Laura, deren Pflegetochter.",3,.,$.,--,33224,,
tg,rfd2.0,88394,88600,"Laura, deren Pflegetochter.",3,Hast,VAFIN,haben,33224,,
tg,rfd2.0,88394,88600,"Laura, deren Pflegetochter.",3,du,PPER,du,33224,,
tg,rfd2.0,88394,88600,"Laura, deren Pflegetochter.",3,acht,CARD,acht,33224,,
tg,rfd2.0,88394,88600,"Laura, deren Pflegetochter.",3,gegeben,VVPP,geben,33224,,
tg,rfd2.0,88394,88600,"Laura, deren Pflegetochter.",3,",","$,",--,33224,,
tg,rfd2.0,88394,88600,"Laura, deren Pflegetochter.",3,Tante,TRUNC,tante,33224,,
tg,rfd2.0,88394,88600,"Laura, deren Pflegetochter.",3,",","$,",--,33224,,
tg,rfd2.0,88394,88600,"Laura, deren Pflegetochter.",3,wie,PWAV,wie,33224,,
tg,rfd2.0,88394,88600,"Laura, deren Pflegetochter.",3,der,PRELS,der,33224,,
tg,rfd2.0,88394,88600,"Laura, deren Pflegetochter.",3,den,ART,der,33224,,
tg,rfd2.0,88394,88600,"Laura, deren Pflegetochter.",3,Clavigo,NN,clavigo,33224,,
tg,rfd2.0,88394,88600,"Laura, deren Pflegetochter.",3,spielt,VVFIN,spielen,33224,,
tg,rfd2.0,88394,88600,"Laura, deren Pflegetochter.",3,?,$.,--,33224,,
tg,rfd2.0,88605,88619,Gräfin Franziska von Hohenheim.,1,Nein,PTKANT,nein,33224,,
tg,rfd2.0,88605,88619,Gräfin Franziska von Hohenheim.,1,.,$.,--,33224,,
tg,rfd2.0,88624,88856,"Laura, deren Pflegetochter.",3,Ach,ITJ,ach,33224,,
tg,rfd2.0,88624,88856,"Laura, deren Pflegetochter.",3,",","$,",--,33224,,
tg,rfd2.0,88624,88856,"Laura, deren Pflegetochter.",3,das,PDS,der,33224,,
tg,rfd2.0,88624,88856,"Laura, deren Pflegetochter.",3,ist,VAFIN,sein,33224,,
tg,rfd2.0,88624,88856,"Laura, deren Pflegetochter.",3,kurios,ADJD,kurios,33224,,
tg,rfd2.0,88624,88856,"Laura, deren Pflegetochter.",3,.,$.,--,33224,,
tg,rfd2.0,88624,88856,"Laura, deren Pflegetochter.",3,Onkel,NN,onkel,33224,,
tg,rfd2.0,88624,88856,"Laura, deren Pflegetochter.",3,Durchlaucht,VVPP,durchlaucht,33224,,
tg,rfd2.0,88624,88856,"Laura, deren Pflegetochter.",3,wird,VAFIN,werden,33224,,
tg,rfd2.0,88624,88856,"Laura, deren Pflegetochter.",3,entweder,KON,entweder,33224,,
tg,rfd2.0,88624,88856,"Laura, deren Pflegetochter.",3,sehr,ADV,sehr,33224,,
tg,rfd2.0,88624,88856,"Laura, deren Pflegetochter.",3,darüber,PROAV,darüber,33224,,
tg,rfd2.0,88624,88856,"Laura, deren Pflegetochter.",3,lachen,VVFIN,lachen,33224,,
tg,rfd2.0,88624,88856,"Laura, deren Pflegetochter.",3,oder,KON,oder,33224,,
tg,rfd2.0,88624,88856,"Laura, deren Pflegetochter.",3,sehr,ADV,sehr,33224,,
tg,rfd2.0,88624,88856,"Laura, deren Pflegetochter.",3,böse,ADJD,böse,33224,,
tg,rfd2.0,88624,88856,"Laura, deren Pflegetochter.",3,werden,VAINF,werden,33224,,
tg,rfd2.0,88624,88856,"Laura, deren Pflegetochter.",3,.,$.,--,33224,,
tg,rfd2.0,88624,88856,"Laura, deren Pflegetochter.",3,Ich,PPER,ich,33224,,
tg,rfd2.0,88624,88856,"Laura, deren Pflegetochter.",3,sage,VVFIN,sagen,33224,,
tg,rfd2.0,88624,88856,"Laura, deren Pflegetochter.",3,dir,PPER,dir,33224,,
tg,rfd2.0,88624,88856,"Laura, deren Pflegetochter.",3,",","$,",--,33224,,
tg,rfd2.0,88624,88856,"Laura, deren Pflegetochter.",3,Tante,TRUNC,tante,33224,,
tg,rfd2.0,88624,88856,"Laura, deren Pflegetochter.",3,",","$,",--,33224,,
tg,rfd2.0,88624,88856,"Laura, deren Pflegetochter.",3,dieser,PDAT,dieser,33224,,
tg,rfd2.0,88624,88856,"Laura, deren Pflegetochter.",3,Clavigo,NN,clavigo,33224,,
tg,rfd2.0,88624,88856,"Laura, deren Pflegetochter.",3,läuft,VVFIN,laufen,33224,,
tg,rfd2.0,88624,88856,"Laura, deren Pflegetochter.",3,herum,PTKVZ,herum,33224,,
tg,rfd2.0,88624,88856,"Laura, deren Pflegetochter.",3,und,KON,und,33224,,
tg,rfd2.0,88624,88856,"Laura, deren Pflegetochter.",3,macht,VVFIN,machen,33224,,
tg,rfd2.0,88624,88856,"Laura, deren Pflegetochter.",3,einen,ART,ein,33224,,
tg,rfd2.0,88624,88856,"Laura, deren Pflegetochter.",3,Spektakel,NN,spektakel,33224,,
tg,rfd2.0,88624,88856,"Laura, deren Pflegetochter.",3,",","$,",--,33224,,
tg,rfd2.0,88624,88856,"Laura, deren Pflegetochter.",3,als,KOUS,als,33224,,
tg,rfd2.0,88624,88856,"Laura, deren Pflegetochter.",3,ob,KOUS,ob,33224,,
tg,rfd2.0,88624,88856,"Laura, deren Pflegetochter.",3,er,PPER,er,33224,,
tg,rfd2.0,88624,88856,"Laura, deren Pflegetochter.",3,sich,PRF,sich,33224,,
tg,rfd2.0,88624,88856,"Laura, deren Pflegetochter.",3,immerfort,ADJD,immerfort,33224,,
tg,rfd2.0,88624,88856,"Laura, deren Pflegetochter.",3,den,ART,der,33224,,
tg,rfd2.0,88624,88856,"Laura, deren Pflegetochter.",3,Hals,NN,hals,33224,,
tg,rfd2.0,88624,88856,"Laura, deren Pflegetochter.",3,abschneiden,VVINF,abschneiden,33224,,
tg,rfd2.0,88624,88856,"Laura, deren Pflegetochter.",3,wollte,VMFIN,wollen,33224,,
tg,rfd2.0,88624,88856,"Laura, deren Pflegetochter.",3,.,$.,--,33224,,
tg,rfd2.0,88861,88953,Gräfin Franziska von Hohenheim.,1,Laß,VVIMP,lassen,33224,,
tg,rfd2.0,88861,88953,Gräfin Franziska von Hohenheim.,1,das,ART,der,33224,,
tg,rfd2.0,88861,88953,Gräfin Franziska von Hohenheim.,1,jetzt,ADV,jetzt,33224,,
tg,rfd2.0,88861,88953,Gräfin Franziska von Hohenheim.,1,.,$.,--,33224,,
tg,rfd2.0,88861,88953,Gräfin Franziska von Hohenheim.,1,Wer,PWS,wer,33224,,
tg,rfd2.0,88861,88953,Gräfin Franziska von Hohenheim.,1,hat,VAFIN,haben,33224,,
tg,rfd2.0,88861,88953,Gräfin Franziska von Hohenheim.,1,dir,PPER,dir,33224,,
tg,rfd2.0,88861,88953,Gräfin Franziska von Hohenheim.,1,also,ADV,also,33224,,
tg,rfd2.0,88861,88953,Gräfin Franziska von Hohenheim.,1,das,ART,der,33224,,
tg,rfd2.0,88861,88953,Gräfin Franziska von Hohenheim.,1,Blatt,NN,blatt,33224,,
tg,rfd2.0,88861,88953,Gräfin Franziska von Hohenheim.,1,gegeben,VVPP,geben,33224,,
tg,rfd2.0,88861,88953,Gräfin Franziska von Hohenheim.,1,",","$,",--,33224,,
tg,rfd2.0,88861,88953,Gräfin Franziska von Hohenheim.,1,wenn,KOUS,wenn,33224,,
tg,rfd2.0,88861,88953,Gräfin Franziska von Hohenheim.,1,nicht,PTKNEG,nicht,33224,,
tg,rfd2.0,88861,88953,Gräfin Franziska von Hohenheim.,1,der,ART,der,33224,,
tg,rfd2.0,88861,88953,Gräfin Franziska von Hohenheim.,1,Verfasser,NN,verfasser,33224,,
tg,rfd2.0,88861,88953,Gräfin Franziska von Hohenheim.,1,selbst,ADV,selbst,33224,,
tg,rfd2.0,88861,88953,Gräfin Franziska von Hohenheim.,1,"!",$.,--,33224,,
tg,rfd2.0,88958,89002,"Laura, deren Pflegetochter.",3,Ei,ITJ,ei,33224,,
tg,rfd2.0,88958,89002,"Laura, deren Pflegetochter.",3,",","$,",--,33224,,
tg,rfd2.0,88958,89002,"Laura, deren Pflegetochter.",3,allerdings,ADV,allerdings,33224,,
tg,rfd2.0,88958,89002,"Laura, deren Pflegetochter.",3,der,ART,der,33224,,
tg,rfd2.0,88958,89002,"Laura, deren Pflegetochter.",3,Verfasser,NN,verfasser,33224,,
tg,rfd2.0,88958,89002,"Laura, deren Pflegetochter.",3,selbst,ADV,selbst,33224,,
tg,rfd2.0,88958,89002,"Laura, deren Pflegetochter.",3,"!",$.,--,33224,,
tg,rfd2.0,89008,89034,Generalin Rieger.,2,Also,ADV,also,33224,,
tg,rfd2.0,89008,89034,Generalin Rieger.,2,Schiller,NE,schiller,33224,SCHILLER,29
tg,rfd2.0,89008,89034,Generalin Rieger.,2,?,$.,--,33224,,
tg,rfd2.0,89039,89067,Gräfin Franziska von Hohenheim.,1,Also,ADV,also,33224,,
tg,rfd2.0,89039,89067,Gräfin Franziska von Hohenheim.,1,doch,ADV,doch,33224,,
tg,rfd2.0,89039,89067,Gräfin Franziska von Hohenheim.,1,Schiller,NE,schiller,33224,SCHILLER,29
tg,rfd2.0,89039,89067,Gräfin Franziska von Hohenheim.,1,?,$.,--,33224,,
tg,rfd2.0,89072,89334,"Laura, deren Pflegetochter.",3,Herr,NN,herr,33224,,
tg,rfd2.0,89072,89334,"Laura, deren Pflegetochter.",3,Gott,NN,gott,33224,,
tg,rfd2.0,89072,89334,"Laura, deren Pflegetochter.",3,nein,PTKANT,nein,33224,,
tg,rfd2.0,89072,89334,"Laura, deren Pflegetochter.",3,",","$,",--,33224,,
tg,rfd2.0,89072,89334,"Laura, deren Pflegetochter.",3,warum,PWAV,warum,33224,,
tg,rfd2.0,89072,89334,"Laura, deren Pflegetochter.",3,soll,VMFIN,sollen,33224,,
tg,rfd2.0,89072,89334,"Laura, deren Pflegetochter.",3,denn,ADV,denn,33224,,
tg,rfd2.0,89072,89334,"Laura, deren Pflegetochter.",3,gerade,ADV,gerade,33224,,
tg,rfd2.0,89072,89334,"Laura, deren Pflegetochter.",3,Schiller,NE,schiller,33224,SCHILLER,29
tg,rfd2.0,89072,89334,"Laura, deren Pflegetochter.",3,der,ART,der,33224,,
tg,rfd2.0,89072,89334,"Laura, deren Pflegetochter.",3,Verfasser,NN,verfasser,33224,,
tg,rfd2.0,89072,89334,"Laura, deren Pflegetochter.",3,sein,PPOSAT,sein,33224,,
tg,rfd2.0,89072,89334,"Laura, deren Pflegetochter.",3,?,$.,--,33224,,
tg,rfd2.0,89072,89334,"Laura, deren Pflegetochter.",3,"!",$.,--,33224,,
tg,rfd2.0,89072,89334,"Laura, deren Pflegetochter.",3,Der,PDS,der,33224,,
tg,rfd2.0,89072,89334,"Laura, deren Pflegetochter.",3,hat,VAFIN,haben,33224,,
tg,rfd2.0,89072,89334,"Laura, deren Pflegetochter.",3,ja,ADV,ja,33224,,
tg,rfd2.0,89072,89334,"Laura, deren Pflegetochter.",3,immer,ADV,immer,33224,,
tg,rfd2.0,89072,89334,"Laura, deren Pflegetochter.",3,nur,ADV,nur,33224,,
tg,rfd2.0,89072,89334,"Laura, deren Pflegetochter.",3,turmhohe,ADJA,turmhoch,33224,,
tg,rfd2.0,89072,89334,"Laura, deren Pflegetochter.",3,und,KON,und,33224,,
tg,rfd2.0,89072,89334,"Laura, deren Pflegetochter.",3,erschreckliche,ADJA,erschrecklich,33224,,
tg,rfd2.0,89072,89334,"Laura, deren Pflegetochter.",3,Dinge,NN,ding,33224,,
tg,rfd2.0,89072,89334,"Laura, deren Pflegetochter.",3,im,APPRART,in,33224,,
tg,rfd2.0,89072,89334,"Laura, deren Pflegetochter.",3,Kopfe,NN,kopf,33224,,
tg,rfd2.0,89072,89334,"Laura, deren Pflegetochter.",3,und,KON,und,33224,,
tg,rfd2.0,89072,89334,"Laura, deren Pflegetochter.",3,ist,VAFIN,sein,33224,,
tg,rfd2.0,89072,89334,"Laura, deren Pflegetochter.",3,ganz,ADV,ganz,33224,,
tg,rfd2.0,89072,89334,"Laura, deren Pflegetochter.",3,und,KON,und,33224,,
tg,rfd2.0,89072,89334,"Laura, deren Pflegetochter.",3,gar,ADV,gar,33224,,
tg,rfd2.0,89072,89334,"Laura, deren Pflegetochter.",3,nicht,PTKNEG,nicht,33224,,
tg,rfd2.0,89072,89334,"Laura, deren Pflegetochter.",3,galant,ADJD,galant,33224,,
tg,rfd2.0,89072,89334,"Laura, deren Pflegetochter.",3,",","$,",--,33224,,
tg,rfd2.0,89072,89334,"Laura, deren Pflegetochter.",3,dem,ART,der,33224,,
tg,rfd2.0,89072,89334,"Laura, deren Pflegetochter.",3,bin,VAFIN,sein,33224,,
tg,rfd2.0,89072,89334,"Laura, deren Pflegetochter.",3,ich,PPER,ich,33224,"Laura, deren Pflegetochter.",3
tg,rfd2.0,89072,89334,"Laura, deren Pflegetochter.",3,zu,PTKZU,zu,33224,,
tg,rfd2.0,89072,89334,"Laura, deren Pflegetochter.",3,unbedeutend,ADJD,unbedeutend,33224,,
tg,rfd2.0,89072,89334,"Laura, deren Pflegetochter.",3,",","$,",--,33224,,
tg,rfd2.0,89072,89334,"Laura, deren Pflegetochter.",3,wie,PWAV,wie,33224,,
tg,rfd2.0,89072,89334,"Laura, deren Pflegetochter.",3,soll,VMFIN,sollen,33224,,
tg,rfd2.0,89072,89334,"Laura, deren Pflegetochter.",3,denn,ADV,denn,33224,,
tg,rfd2.0,89072,89334,"Laura, deren Pflegetochter.",3,der,ART,der,33224,,
tg,rfd2.0,89072,89334,"Laura, deren Pflegetochter.",3,auf,APPR,auf,33224,,
tg,rfd2.0,89072,89334,"Laura, deren Pflegetochter.",3,ein,ART,ein,33224,,
tg,rfd2.0,89072,89334,"Laura, deren Pflegetochter.",3,kleines,ADJA,klein,33224,,
tg,rfd2.0,89072,89334,"Laura, deren Pflegetochter.",3,Mädchen,NN,mädchen,33224,,
tg,rfd2.0,89072,89334,"Laura, deren Pflegetochter.",3,Gedichte,NN,gedicht,33224,,
tg,rfd2.0,89072,89334,"Laura, deren Pflegetochter.",3,machen,VVINF,machen,33224,,
tg,rfd2.0,89072,89334,"Laura, deren Pflegetochter.",3,.,$.,--,33224,,
tg,rfd2.0,89339,89382,Gräfin Franziska von Hohenheim.,1,Du,PPER,du,33224,,
tg,rfd2.0,89339,89382,Gräfin Franziska von Hohenheim.,1,bist,VAFIN,sein,33224,,
tg,rfd2.0,89339,89382,Gräfin Franziska von Hohenheim.,1,kein,PIAT,kein,33224,,
tg,rfd2.0,89339,89382,Gräfin Franziska von Hohenheim.,1,kleines,ADJA,klein,33224,,
tg,rfd2.0,89339,89382,Gräfin Franziska von Hohenheim.,1,Mädchen,NN,mädchen,33224,,
tg,rfd2.0,89339,89382,Gräfin Franziska von Hohenheim.,1,mehr,ADV,mehr,33224,,
tg,rfd2.0,89339,89382,Gräfin Franziska von Hohenheim.,1,.,$.,--,33224,,
tg,rfd2.0,89387,89524,"Laura, deren Pflegetochter.",3,Nicht,PTKNEG,nicht,33224,,
tg,rfd2.0,89387,89524,"Laura, deren Pflegetochter.",3,?,$.,--,33224,,
tg,rfd2.0,89387,89524,"Laura, deren Pflegetochter.",3,Ihr,PPOSAT,ihr,33224,,
tg,rfd2.0,89387,89524,"Laura, deren Pflegetochter.",3,die,ART,der,33224,,
tg,rfd2.0,89387,89524,"Laura, deren Pflegetochter.",3,Hand,NN,hand,33224,,
tg,rfd2.0,89387,89524,"Laura, deren Pflegetochter.",3,küssend,ADJD,küssend,33224,,
tg,rfd2.0,89387,89524,"Laura, deren Pflegetochter.",3,.,$.,--,33224,,
tg,rfd2.0,89387,89524,"Laura, deren Pflegetochter.",3,Ich,PPER,ich,33224,,
tg,rfd2.0,89387,89524,"Laura, deren Pflegetochter.",3,danke,VVFIN,danken,33224,,
tg,rfd2.0,89387,89524,"Laura, deren Pflegetochter.",3,Ihnen,PPER,ihnen,33224,,
tg,rfd2.0,89387,89524,"Laura, deren Pflegetochter.",3,",","$,",--,33224,,
tg,rfd2.0,89387,89524,"Laura, deren Pflegetochter.",3,liebe,VVFIN,lieb,33224,,
tg,rfd2.0,89387,89524,"Laura, deren Pflegetochter.",3,Tante,TRUNC,tante,33224,,
tg,rfd2.0,89387,89524,"Laura, deren Pflegetochter.",3,",","$,",--,33224,,
tg,rfd2.0,89387,89524,"Laura, deren Pflegetochter.",3,für,APPR,für,33224,,
tg,rfd2.0,89387,89524,"Laura, deren Pflegetochter.",3,das,ART,der,33224,,
tg,rfd2.0,89387,89524,"Laura, deren Pflegetochter.",3,Avancement,NN,avancement,33224,,
tg,rfd2.0,89387,89524,"Laura, deren Pflegetochter.",3,",","$,",--,33224,,
tg,rfd2.0,89387,89524,"Laura, deren Pflegetochter.",3,setzen,VVFIN,setzen,33224,,
tg,rfd2.0,89387,89524,"Laura, deren Pflegetochter.",3,Sie's,NE,sie's,33224,,
tg,rfd2.0,89387,89524,"Laura, deren Pflegetochter.",3,nur,ADV,nur,33224,,
tg,rfd2.0,89387,89524,"Laura, deren Pflegetochter.",3,auch,ADV,auch,33224,,
tg,rfd2.0,89387,89524,"Laura, deren Pflegetochter.",3,bei,APPR,bei,33224,,
tg,rfd2.0,89387,89524,"Laura, deren Pflegetochter.",3,Onkel,NN,onkel,33224,,
tg,rfd2.0,89387,89524,"Laura, deren Pflegetochter.",3,Durchlaucht,VVPP,durchlaucht,33224,,
tg,rfd2.0,89387,89524,"Laura, deren Pflegetochter.",3,durch,APPR,durch,33224,,
tg,rfd2.0,89387,89524,"Laura, deren Pflegetochter.",3,"!",$.,--,33224,,
tg,rfd2.0,89531,89569,Gräfin Franziska von Hohenheim.,1,Der,ART,der,33224,,
tg,rfd2.0,89531,89569,Gräfin Franziska von Hohenheim.,1,Verfasser,NN,verfasser,33224,,
tg,rfd2.0,89531,89569,Gräfin Franziska von Hohenheim.,1,"!",$.,--,33224,,
tg,rfd2.0,89531,89569,Gräfin Franziska von Hohenheim.,1,Der,ART,der,33224,,
tg,rfd2.0,89531,89569,Gräfin Franziska von Hohenheim.,1,Verfasser,NN,verfasser,33224,,
tg,rfd2.0,89531,89569,Gräfin Franziska von Hohenheim.,1,"!",$.,--,33224,,
tg,rfd2.0,89574,89618,Generalin Rieger.,2,Wer,PWS,wer,33224,,
tg,rfd2.0,89574,89618,Generalin Rieger.,2,ist,VAFIN,sein,33224,,
tg,rfd2.0,89574,89618,Generalin Rieger.,2,denn,ADV,denn,33224,,
tg,rfd2.0,89574,89618,Generalin Rieger.,2,also,ADV,also,33224,,
tg,rfd2.0,89574,89618,Generalin Rieger.,2,der,ART,der,33224,,
tg,rfd2.0,89574,89618,Generalin Rieger.,2,Verfasser,NN,verfasser,33224,,
tg,rfd2.0,89574,89618,Generalin Rieger.,2,?,$.,--,33224,,
tg,rfd2.0,89623,89963,"Laura, deren Pflegetochter.",3,Ja,PTKANT,ja,33224,,
tg,rfd2.0,89623,89963,"Laura, deren Pflegetochter.",3,",","$,",--,33224,,
tg,rfd2.0,89623,89963,"Laura, deren Pflegetochter.",3,meine,PPOSAT,mein,33224,"Laura, deren Pflegetochter.",3
tg,rfd2.0,89623,89963,"Laura, deren Pflegetochter.",3,verehrten,ADJA,verehrt,33224,,
tg,rfd2.0,89623,89963,"Laura, deren Pflegetochter.",3,Herrschaften,NN,herrschaft,33224,,
tg,rfd2.0,89623,89963,"Laura, deren Pflegetochter.",3,",","$,",--,33224,,
tg,rfd2.0,89623,89963,"Laura, deren Pflegetochter.",3,nachdem,KOUS,nachdem,33224,,
tg,rfd2.0,89623,89963,"Laura, deren Pflegetochter.",3,ich,PPER,ich,33224,"Laura, deren Pflegetochter.",3
tg,rfd2.0,89623,89963,"Laura, deren Pflegetochter.",3,avanciert,VVPP,avancieren,33224,,
tg,rfd2.0,89623,89963,"Laura, deren Pflegetochter.",3,worden,VAPP,werden,33224,,
tg,rfd2.0,89623,89963,"Laura, deren Pflegetochter.",3,bin,VAFIN,sein,33224,,
tg,rfd2.0,89623,89963,"Laura, deren Pflegetochter.",3,",","$,",--,33224,,
tg,rfd2.0,89623,89963,"Laura, deren Pflegetochter.",3,darf,VMFIN,dürfen,33224,,
tg,rfd2.0,89623,89963,"Laura, deren Pflegetochter.",3,ich,PPER,ich,33224,"Laura, deren Pflegetochter.",3
tg,rfd2.0,89623,89963,"Laura, deren Pflegetochter.",3,doch,ADV,doch,33224,,
tg,rfd2.0,89623,89963,"Laura, deren Pflegetochter.",3,nicht,PTKNEG,nicht,33224,,
tg,rfd2.0,89623,89963,"Laura, deren Pflegetochter.",3,mehr,ADV,mehr,33224,,
tg,rfd2.0,89623,89963,"Laura, deren Pflegetochter.",3,so,ADV,so,33224,,
tg,rfd2.0,89623,89963,"Laura, deren Pflegetochter.",3,indiskret,ADJD,indiskret,33224,,
tg,rfd2.0,89623,89963,"Laura, deren Pflegetochter.",3,sein,VAINF,sein,33224,,
tg,rfd2.0,89623,89963,"Laura, deren Pflegetochter.",3,wie,KOKOM,wie,33224,,
tg,rfd2.0,89623,89963,"Laura, deren Pflegetochter.",3,ein,ART,ein,33224,,
tg,rfd2.0,89623,89963,"Laura, deren Pflegetochter.",3,kleines,ADJA,klein,33224,,
tg,rfd2.0,89623,89963,"Laura, deren Pflegetochter.",3,Mädchen,NN,mädchen,33224,,
tg,rfd2.0,89623,89963,"Laura, deren Pflegetochter.",3,und,KON,und,33224,,
tg,rfd2.0,89623,89963,"Laura, deren Pflegetochter.",3,meinen,PPOSAT,mein,33224,"Laura, deren Pflegetochter.",3
tg,rfd2.0,89623,89963,"Laura, deren Pflegetochter.",3,Sänger,NN,sänger,33224,,
tg,rfd2.0,89623,89963,"Laura, deren Pflegetochter.",3,verraten,VVPP,verraten,33224,,
tg,rfd2.0,89623,89963,"Laura, deren Pflegetochter.",3,.,$.,--,33224,,
tg,rfd2.0,89623,89963,"Laura, deren Pflegetochter.",3,Sonst,ADV,sonst,33224,,
tg,rfd2.0,89623,89963,"Laura, deren Pflegetochter.",3,singt,VVFIN,singen,33224,,
tg,rfd2.0,89623,89963,"Laura, deren Pflegetochter.",3,er,PPER,er,33224,,
tg,rfd2.0,89623,89963,"Laura, deren Pflegetochter.",3,am,APPRART,an,33224,,
tg,rfd2.0,89623,89963,"Laura, deren Pflegetochter.",3,Ende,NN,ende,33224,,
tg,rfd2.0,89623,89963,"Laura, deren Pflegetochter.",3,nicht,PTKNEG,nicht,33224,,
tg,rfd2.0,89623,89963,"Laura, deren Pflegetochter.",3,mehr,ADV,mehr,33224,,
tg,rfd2.0,89623,89963,"Laura, deren Pflegetochter.",3,",","$,",--,33224,,
tg,rfd2.0,89623,89963,"Laura, deren Pflegetochter.",3,und,KON,und,33224,,
tg,rfd2.0,89623,89963,"Laura, deren Pflegetochter.",3,es,PPER,es,33224,,
tg,rfd2.0,89623,89963,"Laura, deren Pflegetochter.",3,ist,VAFIN,sein,33224,,
tg,rfd2.0,89623,89963,"Laura, deren Pflegetochter.",3,ein,ART,ein,33224,,
tg,rfd2.0,89623,89963,"Laura, deren Pflegetochter.",3,ganz,ADV,ganz,33224,,
tg,rfd2.0,89623,89963,"Laura, deren Pflegetochter.",3,eignes,ADJA,eignes,33224,,
tg,rfd2.0,89623,89963,"Laura, deren Pflegetochter.",3,angenehmes,ADJA,angenehm,33224,,
tg,rfd2.0,89623,89963,"Laura, deren Pflegetochter.",3,Gefühl,NN,gefühl,33224,,
tg,rfd2.0,89623,89963,"Laura, deren Pflegetochter.",3,",","$,",--,33224,,
tg,rfd2.0,89623,89963,"Laura, deren Pflegetochter.",3,so,ADV,so,33224,,
tg,rfd2.0,89623,89963,"Laura, deren Pflegetochter.",3,angesungen,VVPP,angesung,33224,,
tg,rfd2.0,89623,89963,"Laura, deren Pflegetochter.",3,zu,PTKZU,zu,33224,,
tg,rfd2.0,89623,89963,"Laura, deren Pflegetochter.",3,werden,VAINF,werden,33224,,
tg,rfd2.0,89623,89963,"Laura, deren Pflegetochter.",3,mit,APPR,mit,33224,,
tg,rfd2.0,89623,89963,"Laura, deren Pflegetochter.",3,großen,ADJA,groß,33224,,
tg,rfd2.0,89623,89963,"Laura, deren Pflegetochter.",3,unverständlichen,ADJA,unverständlich,33224,,
tg,rfd2.0,89623,89963,"Laura, deren Pflegetochter.",3,Worten,NN,wort,33224,,
tg,rfd2.0,89623,89963,"Laura, deren Pflegetochter.",3,.,$.,--,33224,,
tg,rfd2.0,89968,90145,Generalin Rieger.,2,Larifari,NE,larifari,33224,,
tg,rfd2.0,89968,90145,Generalin Rieger.,2,"!",$.,--,33224,,
tg,rfd2.0,89968,90145,Generalin Rieger.,2,Das,ART,der,33224,,
tg,rfd2.0,89968,90145,Generalin Rieger.,2,Mädchen,NN,mädchen,33224,,
tg,rfd2.0,89968,90145,Generalin Rieger.,2,hat,VAFIN,haben,33224,,
tg,rfd2.0,89968,90145,Generalin Rieger.,2,uns,PPER,uns,33224,,
tg,rfd2.0,89968,90145,Generalin Rieger.,2,zum,APPRART,zu,33224,,
tg,rfd2.0,89968,90145,Generalin Rieger.,2,Besten,NN,gut,33224,,
tg,rfd2.0,89968,90145,Generalin Rieger.,2,"!",$.,--,33224,,
tg,rfd2.0,89968,90145,Generalin Rieger.,2,',$[,--,33224,,
tg,rfd2.0,89968,90145,Generalin Rieger.,2,s,PPER,--,33224,,
tg,rfd2.0,89968,90145,Generalin Rieger.,2,kann,VMFIN,können,33224,,
tg,rfd2.0,89968,90145,Generalin Rieger.,2,kein,PIAT,kein,33224,,
tg,rfd2.0,89968,90145,Generalin Rieger.,2,Mensch,NN,mensch,33224,,
tg,rfd2.0,89968,90145,Generalin Rieger.,2,in,APPR,in,33224,,
tg,rfd2.0,89968,90145,Generalin Rieger.,2,ganz,ADV,ganz,33224,,
tg,rfd2.0,89968,90145,Generalin Rieger.,2,Schwaben,NN,schwaben,33224,,
tg,rfd2.0,89968,90145,Generalin Rieger.,2,so,ADV,so,33224,,
tg,rfd2.0,89968,90145,Generalin Rieger.,2,schöne,ADJA,schön,33224,,
tg,rfd2.0,89968,90145,Generalin Rieger.,2,Verse,NN,vers,33224,,
tg,rfd2.0,89968,90145,Generalin Rieger.,2,machen,VVINF,machen,33224,,
tg,rfd2.0,89968,90145,Generalin Rieger.,2,als,KOKOM,als,33224,,
tg,rfd2.0,89968,90145,Generalin Rieger.,2,der,ART,der,33224,,
tg,rfd2.0,89968,90145,Generalin Rieger.,2,Schiller,NE,schiller,33224,SCHILLER,29
tg,rfd2.0,89968,90145,Generalin Rieger.,2,",","$,",--,33224,,
tg,rfd2.0,89968,90145,Generalin Rieger.,2,und,KON,und,33224,,
tg,rfd2.0,89968,90145,Generalin Rieger.,2,',$[,--,33224,,
tg,rfd2.0,89968,90145,Generalin Rieger.,2,s,PPER,--,33224,,
tg,rfd2.0,89968,90145,Generalin Rieger.,2,steht,VVFIN,stehen,33224,,
tg,rfd2.0,89968,90145,Generalin Rieger.,2,ja,ADV,ja,33224,,
tg,rfd2.0,89968,90145,Generalin Rieger.,2,auch,ADV,auch,33224,,
tg,rfd2.0,89968,90145,Generalin Rieger.,2,wohl,ADV,wohl,33224,,
tg,rfd2.0,89968,90145,Generalin Rieger.,2,sein,PPOSAT,sein,33224,,
tg,rfd2.0,89968,90145,Generalin Rieger.,2,Name,NN,name,33224,,
tg,rfd2.0,89968,90145,Generalin Rieger.,2,darunter,PROAV,darunter,33224,,
tg,rfd2.0,89968,90145,Generalin Rieger.,2,.,$.,--,33224,,
tg,rfd2.0,90150,90198,"Laura, deren Pflegetochter.",3,Gott,NN,gott,33224,,
tg,rfd2.0,90150,90198,"Laura, deren Pflegetochter.",3,bewahre,VVFIN,bewahren,33224,,
tg,rfd2.0,90150,90198,"Laura, deren Pflegetochter.",3,"!",$.,--,33224,,
tg,rfd2.0,90203,90298,Gräfin Franziska von Hohenheim.,1,S,XY,--,33224,,
tg,rfd2.0,90203,90298,Gräfin Franziska von Hohenheim.,1,steht,VVFIN,stehen,33224,,
tg,rfd2.0,90203,90298,Gräfin Franziska von Hohenheim.,1,darunter,PROAV,darunter,33224,,
tg,rfd2.0,90203,90298,Gräfin Franziska von Hohenheim.,1,",","$,",--,33224,,
tg,rfd2.0,90203,90298,Gräfin Franziska von Hohenheim.,1,das,PDS,der,33224,,
tg,rfd2.0,90203,90298,Gräfin Franziska von Hohenheim.,1,ist,VAFIN,sein,33224,,
tg,rfd2.0,90203,90298,Gräfin Franziska von Hohenheim.,1,Schiller,NE,schiller,33224,SCHILLER,29
tg,rfd2.0,90203,90298,Gräfin Franziska von Hohenheim.,1,"!",$.,--,33224,,
tg,rfd2.0,90303,90551,"Laura, deren Pflegetochter.",3,Fehlgeschossen,NN,feheschießen,33224,,
tg,rfd2.0,90303,90551,"Laura, deren Pflegetochter.",3,"!",$.,--,33224,,
tg,rfd2.0,90557,90779,Gräfin Franziska von Hohenheim.,1,Ich,PPER,ich,33224,,
tg,rfd2.0,90557,90779,Gräfin Franziska von Hohenheim.,1,befehle,VVFIN,befehlen,33224,,
tg,rfd2.0,90557,90779,Gräfin Franziska von Hohenheim.,1,dir,PPER,dir,33224,,
tg,rfd2.0,90557,90779,Gräfin Franziska von Hohenheim.,1,",","$,",--,33224,,
tg,rfd2.0,90557,90779,Gräfin Franziska von Hohenheim.,1,Laura,NE,laura,33224,,
tg,rfd2.0,90557,90779,Gräfin Franziska von Hohenheim.,1,die,ART,der,33224,,
tg,rfd2.0,90557,90779,Gräfin Franziska von Hohenheim.,1,Sache,NN,sache,33224,,
tg,rfd2.0,90557,90779,Gräfin Franziska von Hohenheim.,1,ernsthaft,ADJD,ernsthaft,33224,,
tg,rfd2.0,90557,90779,Gräfin Franziska von Hohenheim.,1,zu,PTKZU,zu,33224,,
tg,rfd2.0,90557,90779,Gräfin Franziska von Hohenheim.,1,behandeln,VVINF,behandeln,33224,,
tg,rfd2.0,90557,90779,Gräfin Franziska von Hohenheim.,1,.,$.,--,33224,,
tg,rfd2.0,90557,90779,Gräfin Franziska von Hohenheim.,1,Wenn,KOUS,wenn,33224,,
tg,rfd2.0,90557,90779,Gräfin Franziska von Hohenheim.,1,der,ART,der,33224,,
tg,rfd2.0,90557,90779,Gräfin Franziska von Hohenheim.,1,Herzog,NE,herzog,33224,,
tg,rfd2.0,90557,90779,Gräfin Franziska von Hohenheim.,1,von,APPR,von,33224,,
tg,rfd2.0,90557,90779,Gräfin Franziska von Hohenheim.,1,diesem,PDAT,dieser,33224,,
tg,rfd2.0,90557,90779,Gräfin Franziska von Hohenheim.,1,öffentlichen,ADJA,öffentlich,33224,,
tg,rfd2.0,90557,90779,Gräfin Franziska von Hohenheim.,1,Spektakel,NN,spektakel,33224,,
tg,rfd2.0,90557,90779,Gräfin Franziska von Hohenheim.,1,mit,APPR,mit,33224,,
tg,rfd2.0,90557,90779,Gräfin Franziska von Hohenheim.,1,deinem,PPOSAT,dein,33224,,
tg,rfd2.0,90557,90779,Gräfin Franziska von Hohenheim.,1,Namen,NN,name,33224,,
tg,rfd2.0,90557,90779,Gräfin Franziska von Hohenheim.,1,erfährt,VVFIN,erfahren,33224,,
tg,rfd2.0,90557,90779,Gräfin Franziska von Hohenheim.,1,",","$,",--,33224,,
tg,rfd2.0,90557,90779,Gräfin Franziska von Hohenheim.,1,dann,ADV,dann,33224,,
tg,rfd2.0,90557,90779,Gräfin Franziska von Hohenheim.,1,kann,VMFIN,können,33224,,
tg,rfd2.0,90557,90779,Gräfin Franziska von Hohenheim.,1,es,PPER,es,33224,,
tg,rfd2.0,90557,90779,Gräfin Franziska von Hohenheim.,1,die,ART,der,33224,,
tg,rfd2.0,90557,90779,Gräfin Franziska von Hohenheim.,1,übelsten,ADJA,übel,33224,,
tg,rfd2.0,90557,90779,Gräfin Franziska von Hohenheim.,1,Folgen,NN,folge,33224,,
tg,rfd2.0,90557,90779,Gräfin Franziska von Hohenheim.,1,haben,VAFIN,haben,33224,,
tg,rfd2.0,90557,90779,Gräfin Franziska von Hohenheim.,1,für,APPR,für,33224,,
tg,rfd2.0,90557,90779,Gräfin Franziska von Hohenheim.,1,den,ART,der,33224,,
tg,rfd2.0,90557,90779,Gräfin Franziska von Hohenheim.,1,zudringlichen,ADJA,zudringlich,33224,,
tg,rfd2.0,90557,90779,Gräfin Franziska von Hohenheim.,1,Poeten,NN,poet,33224,,
tg,rfd2.0,90557,90779,Gräfin Franziska von Hohenheim.,1,–,XY,–,33224,,
tg,rfd2.0,90557,90779,Gräfin Franziska von Hohenheim.,1,wer,PWS,wer,33224,,
tg,rfd2.0,90557,90779,Gräfin Franziska von Hohenheim.,1,ist's,FM,ist's,33224,,
tg,rfd2.0,90557,90779,Gräfin Franziska von Hohenheim.,1,?,$.,--,33224,,
tg,rfd2.0,90784,90965,"Laura, deren Pflegetochter.",3,Pst,NN,pst,33224,,
tg,rfd2.0,90784,90965,"Laura, deren Pflegetochter.",3,"!",$.,--,33224,,
tg,rfd2.0,90784,90965,"Laura, deren Pflegetochter.",3,Die,ART,der,33224,,
tg,rfd2.0,90784,90965,"Laura, deren Pflegetochter.",3,Generalin,NN,generalin,33224,,
tg,rfd2.0,90784,90965,"Laura, deren Pflegetochter.",3,herzuwinkend,ADJD,herzuwinkend,33224,,
tg,rfd2.0,90784,90965,"Laura, deren Pflegetochter.",3,.,$.,--,33224,,
tg,rfd2.0,90784,90965,"Laura, deren Pflegetochter.",3,Verratet,NN,verraten,33224,,
tg,rfd2.0,90784,90965,"Laura, deren Pflegetochter.",3,nur,ADV,nur,33224,,
tg,rfd2.0,90784,90965,"Laura, deren Pflegetochter.",3,nichts,PIS,nichts,33224,,
tg,rfd2.0,90784,90965,"Laura, deren Pflegetochter.",3,an,APPR,an,33224,,
tg,rfd2.0,90784,90965,"Laura, deren Pflegetochter.",3,den,ART,der,33224,,
tg,rfd2.0,90784,90965,"Laura, deren Pflegetochter.",3,Silberkalb,NN,silberkalb,33224,,
tg,rfd2.0,90784,90965,"Laura, deren Pflegetochter.",3,da,ADV,da,33224,,
tg,rfd2.0,90784,90965,"Laura, deren Pflegetochter.",3,draußen,ADV,draußen,33224,,
tg,rfd2.0,90784,90965,"Laura, deren Pflegetochter.",3,",","$,",--,33224,,
tg,rfd2.0,90784,90965,"Laura, deren Pflegetochter.",3,den,PRELS,der,33224,,
tg,rfd2.0,90784,90965,"Laura, deren Pflegetochter.",3,die,ART,der,33224,,
tg,rfd2.0,90784,90965,"Laura, deren Pflegetochter.",3,Karlsschüler,NN,karlsschüler,33224,,
tg,rfd2.0,90784,90965,"Laura, deren Pflegetochter.",3,für,APPR,für,33224,,
tg,rfd2.0,90784,90965,"Laura, deren Pflegetochter.",3,ihren,PPOSAT,ihr,33224,,
tg,rfd2.0,90784,90965,"Laura, deren Pflegetochter.",3,Spion,NN,spion,33224,,
tg,rfd2.0,90784,90965,"Laura, deren Pflegetochter.",3,halten,VVFIN,halten,33224,,
tg,rfd2.0,90784,90965,"Laura, deren Pflegetochter.",3,–,PPER,–,33224,,
tg,rfd2.0,90784,90965,"Laura, deren Pflegetochter.",3,das,PDS,der,33224,,
tg,rfd2.0,90784,90965,"Laura, deren Pflegetochter.",3,S,XY,--,33224,,
tg,rfd2.0,90784,90965,"Laura, deren Pflegetochter.",3,heißt,VVFIN,heißen,33224,,
tg,rfd2.0,90784,90965,"Laura, deren Pflegetochter.",3,–,PPER,–,33224,,
tg,rfd2.0,90784,90965,"Laura, deren Pflegetochter.",3,Sich,PRF,sich,33224,,
tg,rfd2.0,90784,90965,"Laura, deren Pflegetochter.",3,nach,APPR,nach,33224,,
tg,rfd2.0,90784,90965,"Laura, deren Pflegetochter.",3,Silberkalb,NN,silberkalb,33224,,
tg,rfd2.0,90784,90965,"Laura, deren Pflegetochter.",3,umsehend,ADJD,umsehend,33224,,
tg,rfd2.0,90784,90965,"Laura, deren Pflegetochter.",3,.,$.,--,33224,,
tg,rfd2.0,90971,90987,Generalin Rieger.,2,Nun,ADV,nun,33224,,
tg,rfd2.0,90971,90987,Generalin Rieger.,2,?,$.,--,33224,,
tg,rfd2.0,90992,91027,Gräfin Franziska von Hohenheim.,1,Rasch,NE,rasch,33224,,
tg,rfd2.0,90992,91027,Gräfin Franziska von Hohenheim.,1,"!",$.,--,33224,,
tg,rfd2.0,90992,91027,Gräfin Franziska von Hohenheim.,1,Wie,PWAV,wie,33224,,
tg,rfd2.0,90992,91027,Gräfin Franziska von Hohenheim.,1,heißt,VVFIN,heißen,33224,,
tg,rfd2.0,90992,91027,Gräfin Franziska von Hohenheim.,1,der,ART,der,33224,,
tg,rfd2.0,90992,91027,Gräfin Franziska von Hohenheim.,1,Poet,NN,poet,33224,,
tg,rfd2.0,90992,91027,Gräfin Franziska von Hohenheim.,1,?,$.,--,33224,,
tg,rfd2.0,91032,91052,"Laura, deren Pflegetochter.",3,Spiegelberg,NE,spiegelberg,33224,,
tg,rfd2.0,91032,91052,"Laura, deren Pflegetochter.",3,"!",$.,--,33224,,
tg,rfd2.0,91057,91070,Gräfin Franziska von Hohenheim.,1,Was,PWS,was,33224,,
tg,rfd2.0,91057,91070,Gräfin Franziska von Hohenheim.,1,?,$.,--,33224,,
tg,rfd2.0,91075,91107,Generalin Rieger.,2,Wer,PWS,wer,33224,,
tg,rfd2.0,91075,91107,Generalin Rieger.,2,ist,VAFIN,sein,33224,,
tg,rfd2.0,91075,91107,Generalin Rieger.,2,Spiegelberg,NE,spiegelberg,33224,,
tg,rfd2.0,91075,91107,Generalin Rieger.,2,?,$.,--,33224,,
tg,rfd2.0,91112,91140,"Laura, deren Pflegetochter.",3,Den,ART,der,33224,,
tg,rfd2.0,91112,91140,"Laura, deren Pflegetochter.",3,kennt,VVFIN,kennen,33224,,
tg,rfd2.0,91112,91140,"Laura, deren Pflegetochter.",3,ihr,PPOSAT,ihr,33224,,
tg,rfd2.0,91112,91140,"Laura, deren Pflegetochter.",3,nicht,PTKNEG,nicht,33224,,
tg,rfd2.0,91112,91140,"Laura, deren Pflegetochter.",3,?,$.,--,33224,,
tg,rfd2.0,91145,91159,Gräfin Franziska von Hohenheim.,1,Nein,PTKANT,nein,33224,,
tg,rfd2.0,91145,91159,Gräfin Franziska von Hohenheim.,1,.,$.,--,33224,,
tg,rfd2.0,91164,91224,Generalin Rieger.,2,Ich,PPER,ich,33224,,
tg,rfd2.0,91164,91224,Generalin Rieger.,2,hab,VAFIN,hab,33224,,
tg,rfd2.0,91164,91224,Generalin Rieger.,2,',$[,--,33224,,
tg,rfd2.0,91164,91224,Generalin Rieger.,2,den,ART,der,33224,,
tg,rfd2.0,91164,91224,Generalin Rieger.,2,Namen,NN,name,33224,,
tg,rfd2.0,91164,91224,Generalin Rieger.,2,in,APPR,in,33224,,
tg,rfd2.0,91164,91224,Generalin Rieger.,2,meinem,PPOSAT,mein,33224,Generalin Rieger.,2
tg,rfd2.0,91164,91224,Generalin Rieger.,2,Leben,NN,leben,33224,,
tg,rfd2.0,91164,91224,Generalin Rieger.,2,nicht,PTKNEG,nicht,33224,,
tg,rfd2.0,91164,91224,Generalin Rieger.,2,gehört,VVFIN,gehören,33224,,
tg,rfd2.0,91164,91224,Generalin Rieger.,2,.,$.,--,33224,,
tg,rfd2.0,91229,91357,"Laura, deren Pflegetochter.",3,Da,ADV,da,33224,,
tg,rfd2.0,91229,91357,"Laura, deren Pflegetochter.",3,kennt,VVFIN,kennen,33224,,
tg,rfd2.0,91229,91357,"Laura, deren Pflegetochter.",3,ihr,PPOSAT,ihr,33224,,
tg,rfd2.0,91229,91357,"Laura, deren Pflegetochter.",3,wohl,ADV,wohl,33224,,
tg,rfd2.0,91229,91357,"Laura, deren Pflegetochter.",3,auch,ADV,auch,33224,,
tg,rfd2.0,91229,91357,"Laura, deren Pflegetochter.",3,den,ART,der,33224,,
tg,rfd2.0,91229,91357,"Laura, deren Pflegetochter.",3,Schweizer,NN,schweizer,33224,,
tg,rfd2.0,91229,91357,"Laura, deren Pflegetochter.",3,nicht,PTKNEG,nicht,33224,,
tg,rfd2.0,91229,91357,"Laura, deren Pflegetochter.",3,und,KON,und,33224,,
tg,rfd2.0,91229,91357,"Laura, deren Pflegetochter.",3,den,ART,der,33224,,
tg,rfd2.0,91229,91357,"Laura, deren Pflegetochter.",3,Roller,NN,roller,33224,,
tg,rfd2.0,91229,91357,"Laura, deren Pflegetochter.",3,",","$,",--,33224,,
tg,rfd2.0,91229,91357,"Laura, deren Pflegetochter.",3,den,ART,der,33224,,
tg,rfd2.0,91229,91357,"Laura, deren Pflegetochter.",3,Ratzmann,NN,ratzmann,33224,,
tg,rfd2.0,91229,91357,"Laura, deren Pflegetochter.",3,nicht,PTKNEG,nicht,33224,,
tg,rfd2.0,91229,91357,"Laura, deren Pflegetochter.",3,",","$,",--,33224,,
tg,rfd2.0,91229,91357,"Laura, deren Pflegetochter.",3,den,ART,der,33224,,
tg,rfd2.0,91229,91357,"Laura, deren Pflegetochter.",3,Schufterle,NN,schufterle,33224,,
tg,rfd2.0,91229,91357,"Laura, deren Pflegetochter.",3,nicht,PTKNEG,nicht,33224,,
tg,rfd2.0,91229,91357,"Laura, deren Pflegetochter.",3,und,KON,und,33224,,
tg,rfd2.0,91229,91357,"Laura, deren Pflegetochter.",3,die,ART,der,33224,,
tg,rfd2.0,91229,91357,"Laura, deren Pflegetochter.",3,ganze,ADJA,ganz,33224,,
tg,rfd2.0,91229,91357,"Laura, deren Pflegetochter.",3,Bande,NN,Bande,33224,,
tg,rfd2.0,91229,91357,"Laura, deren Pflegetochter.",3,?,$.,--,33224,,
tg,rfd2.0,91362,91429,Generalin Rieger.,2,Es,PPER,es,33224,,
tg,rfd2.0,91362,91429,Generalin Rieger.,2,hat,VAFIN,haben,33224,,
tg,rfd2.0,91362,91429,Generalin Rieger.,2,wohl,ADV,wohl,33224,,
tg,rfd2.0,91362,91429,Generalin Rieger.,2,übergeschnappt,VVPP,übergeschnappen,33224,,
tg,rfd2.0,91362,91429,Generalin Rieger.,2,mit,APPR,mit,33224,,
tg,rfd2.0,91362,91429,Generalin Rieger.,2,dem,ART,der,33224,,
tg,rfd2.0,91362,91429,Generalin Rieger.,2,Mädchen,NN,mädchen,33224,,
tg,rfd2.0,91362,91429,Generalin Rieger.,2,"!",$.,--,33224,,
tg,rfd2.0,91362,91429,Generalin Rieger.,2,Schufterle,NN,schufterle,33224,,
tg,rfd2.0,91362,91429,Generalin Rieger.,2,"!",$.,--,33224,,
tg,rfd2.0,91435,91482,Gräfin Franziska von Hohenheim.,1,Laura,NE,laura,33224,,
tg,rfd2.0,91435,91482,Gräfin Franziska von Hohenheim.,1,"!",$.,--,33224,,
tg,rfd2.0,91435,91482,Gräfin Franziska von Hohenheim.,1,»,XY,»,33224,,
tg,rfd2.0,91435,91482,Gräfin Franziska von Hohenheim.,1,Die,ART,der,33224,,
tg,rfd2.0,91435,91482,Gräfin Franziska von Hohenheim.,1,Bande,NN,Bande,33224,,
tg,rfd2.0,91435,91482,Gräfin Franziska von Hohenheim.,1,"!",$.,--,33224,,
tg,rfd2.0,91435,91482,Gräfin Franziska von Hohenheim.,1,«,XY,«,33224,,
tg,rfd2.0,91435,91482,Gräfin Franziska von Hohenheim.,1,Was,PWS,was,33224,,
tg,rfd2.0,91435,91482,Gräfin Franziska von Hohenheim.,1,für,APPR,für,33224,,
tg,rfd2.0,91435,91482,Gräfin Franziska von Hohenheim.,1,Ausdrücke,NN,ausdruck,33224,,
tg,rfd2.0,91435,91482,Gräfin Franziska von Hohenheim.,1,"!",$.,--,33224,,
tg,rfd2.0,91487,91571,"Laura, deren Pflegetochter.",3,Nein,PTKANT,nein,33224,,
tg,rfd2.0,91487,91571,"Laura, deren Pflegetochter.",3,wahrhaftig,ADJD,wahrhaftig,33224,,
tg,rfd2.0,91487,91571,"Laura, deren Pflegetochter.",3,",","$,",--,33224,,
tg,rfd2.0,91487,91571,"Laura, deren Pflegetochter.",3,Tante,TRUNC,tante,33224,,
tg,rfd2.0,91487,91571,"Laura, deren Pflegetochter.",3,"!",$.,--,33224,,
tg,rfd2.0,91487,91571,"Laura, deren Pflegetochter.",3,Die,ART,der,33224,,
tg,rfd2.0,91487,91571,"Laura, deren Pflegetochter.",3,Leute,NN,leute,33224,,
tg,rfd2.0,91487,91571,"Laura, deren Pflegetochter.",3,nennen,VVFIN,nennen,33224,,
tg,rfd2.0,91487,91571,"Laura, deren Pflegetochter.",3,einander,ADV,einander,33224,,
tg,rfd2.0,91487,91571,"Laura, deren Pflegetochter.",3,so,ADV,so,33224,,
tg,rfd2.0,91487,91571,"Laura, deren Pflegetochter.",3,",","$,",--,33224,,
tg,rfd2.0,91487,91571,"Laura, deren Pflegetochter.",3,ich,PPER,ich,33224,"Laura, deren Pflegetochter.",3
tg,rfd2.0,91487,91571,"Laura, deren Pflegetochter.",3,weiß,VVFIN,weiß,33224,,
tg,rfd2.0,91487,91571,"Laura, deren Pflegetochter.",3,nicht,PTKNEG,nicht,33224,,
tg,rfd2.0,91487,91571,"Laura, deren Pflegetochter.",3,",","$,",--,33224,,
tg,rfd2.0,91487,91571,"Laura, deren Pflegetochter.",3,warum,PWAV,warum,33224,,
tg,rfd2.0,91487,91571,"Laura, deren Pflegetochter.",3,.,$.,--,33224,,
tg,rfd2.0,91576,91620,Gräfin Franziska von Hohenheim.,1,Und,KON,und,33224,,
tg,rfd2.0,91576,91620,Gräfin Franziska von Hohenheim.,1,der,ART,der,33224,,
tg,rfd2.0,91576,91620,Gräfin Franziska von Hohenheim.,1,Schiller,NE,schiller,33224,SCHILLER,29
tg,rfd2.0,91576,91620,Gräfin Franziska von Hohenheim.,1,heißt,VVFIN,heißen,33224,,
tg,rfd2.0,91576,91620,Gräfin Franziska von Hohenheim.,1,Spiegelberg,NE,spiegelberg,33224,,
tg,rfd2.0,91576,91620,Gräfin Franziska von Hohenheim.,1,"!",$.,--,33224,,
tg,rfd2.0,91625,91773,"Laura, deren Pflegetochter.",3,Gott,NN,gott,33224,,
tg,rfd2.0,91625,91773,"Laura, deren Pflegetochter.",3,bewahre,VVFIN,bewahren,33224,,
tg,rfd2.0,91625,91773,"Laura, deren Pflegetochter.",3,",","$,",--,33224,,
tg,rfd2.0,91625,91773,"Laura, deren Pflegetochter.",3,der,ART,der,33224,,
tg,rfd2.0,91625,91773,"Laura, deren Pflegetochter.",3,Schiller,NE,schiller,33224,SCHILLER,29
tg,rfd2.0,91625,91773,"Laura, deren Pflegetochter.",3,ist,VAFIN,sein,33224,,
tg,rfd2.0,91625,91773,"Laura, deren Pflegetochter.",3,der,ART,der,33224,,
tg,rfd2.0,91625,91773,"Laura, deren Pflegetochter.",3,Hauptmann,NN,hauptmann,33224,,
tg,rfd2.0,91625,91773,"Laura, deren Pflegetochter.",3,und,KON,und,33224,,
tg,rfd2.0,91625,91773,"Laura, deren Pflegetochter.",3,heißt,VVFIN,heißen,33224,,
tg,rfd2.0,91625,91773,"Laura, deren Pflegetochter.",3,Moor,NE,moor,33224,,
tg,rfd2.0,91625,91773,"Laura, deren Pflegetochter.",3,",","$,",--,33224,,
tg,rfd2.0,91625,91773,"Laura, deren Pflegetochter.",3,Karl,NE,karl,33224,,
tg,rfd2.0,91625,91773,"Laura, deren Pflegetochter.",3,Moor,NE,moor,33224,,
tg,rfd2.0,91625,91773,"Laura, deren Pflegetochter.",3,",","$,",--,33224,,
tg,rfd2.0,91625,91773,"Laura, deren Pflegetochter.",3,der,ART,der,33224,,
tg,rfd2.0,91625,91773,"Laura, deren Pflegetochter.",3,Koch,NN,koch,33224,KOCH,20
tg,rfd2.0,91625,91773,"Laura, deren Pflegetochter.",3,heißt,VVFIN,heißen,33224,,
tg,rfd2.0,91625,91773,"Laura, deren Pflegetochter.",3,Spiegelberg,NE,spiegelberg,33224,,
tg,rfd2.0,91625,91773,"Laura, deren Pflegetochter.",3,.,$.,--,33224,,
tg,rfd2.0,91625,91773,"Laura, deren Pflegetochter.",3,Gräfin,NE,gräfin,33224,,
tg,rfd2.0,91625,91773,"Laura, deren Pflegetochter.",3,wirft,VVFIN,werfen,33224,,
tg,rfd2.0,91625,91773,"Laura, deren Pflegetochter.",3,das,ART,der,33224,,
tg,rfd2.0,91625,91773,"Laura, deren Pflegetochter.",3,Blatt,NN,blatt,33224,,
tg,rfd2.0,91625,91773,"Laura, deren Pflegetochter.",3,wieder,ADV,wieder,33224,,
tg,rfd2.0,91625,91773,"Laura, deren Pflegetochter.",3,aufs,APPRART,auf,33224,,
tg,rfd2.0,91625,91773,"Laura, deren Pflegetochter.",3,Sofa,NN,sofa,33224,,
tg,rfd2.0,91625,91773,"Laura, deren Pflegetochter.",3,.,$.,--,33224,,
tg,rfd2.0,91779,91848,Generalin Rieger.,2,Der,ART,der,33224,,
tg,rfd2.0,91779,91848,Generalin Rieger.,2,Sausewind,NN,sausewind,33224,,
tg,rfd2.0,91779,91848,Generalin Rieger.,2,ist,VAFIN,sein,33224,,
tg,rfd2.0,91779,91848,Generalin Rieger.,2,also,ADV,also,33224,,
tg,rfd2.0,91779,91848,Generalin Rieger.,2,dein,PPOSAT,dein,33224,,
tg,rfd2.0,91779,91848,Generalin Rieger.,2,Poet,NN,poet,33224,,
tg,rfd2.0,91779,91848,Generalin Rieger.,2,?,$.,--,33224,,
tg,rfd2.0,91779,91848,Generalin Rieger.,2,Nun,ADV,nun,33224,,
tg,rfd2.0,91779,91848,Generalin Rieger.,2,das,PDS,der,33224,,
tg,rfd2.0,91779,91848,Generalin Rieger.,2,lohnt,VVFIN,lohnen,33224,,
tg,rfd2.0,91779,91848,Generalin Rieger.,2,der,ART,der,33224,,
tg,rfd2.0,91779,91848,Generalin Rieger.,2,Mühe,NN,mühe,33224,,
tg,rfd2.0,91779,91848,Generalin Rieger.,2,"!",$.,--,33224,,
tg,rfd2.0,91853,91895,"Laura, deren Pflegetochter.",3,Da,ADV,da,33224,,
tg,rfd2.0,91853,91895,"Laura, deren Pflegetochter.",3,hab,VAFIN,hab,33224,,
tg,rfd2.0,91853,91895,"Laura, deren Pflegetochter.",3,',$[,--,33224,,
tg,rfd2.0,91853,91895,"Laura, deren Pflegetochter.",3,ich,PPER,ich,33224,"Laura, deren Pflegetochter.",3
tg,rfd2.0,91853,91895,"Laura, deren Pflegetochter.",3,mich,PRF,mich,33224,"Laura, deren Pflegetochter.",3
tg,rfd2.0,91853,91895,"Laura, deren Pflegetochter.",3,doch,ADV,doch,33224,,
tg,rfd2.0,91853,91895,"Laura, deren Pflegetochter.",3,verschwätzt,VVPP,verschwätzen,33224,,
tg,rfd2.0,91853,91895,"Laura, deren Pflegetochter.",3,?,$.,--,33224,,
tg,rfd2.0,91900,91985,Gräfin Franziska von Hohenheim.,1,Herr,NN,herr,33224,,
tg,rfd2.0,91900,91985,Gräfin Franziska von Hohenheim.,1,Hauptmann,NE,hauptmann,33224,,
tg,rfd2.0,91900,91985,Gräfin Franziska von Hohenheim.,1,Kammerherr,NN,kammerherr,33224,,
tg,rfd2.0,91900,91985,Gräfin Franziska von Hohenheim.,1,von,APPR,von,33224,,
tg,rfd2.0,91900,91985,Gräfin Franziska von Hohenheim.,1,Silberkalb,NN,silberkalb,33224,,
tg,rfd2.0,91900,91985,Gräfin Franziska von Hohenheim.,1,"!",$.,--,33224,,
tg,rfd2.0,91900,91985,Gräfin Franziska von Hohenheim.,1,Hauptmann,NE,hauptmann,33224,,
tg,rfd2.0,91900,91985,Gräfin Franziska von Hohenheim.,1,verbeugt,VVFIN,verbeugen,33224,,
tg,rfd2.0,91900,91985,Gräfin Franziska von Hohenheim.,1,sich,PRF,sich,33224,,
tg,rfd2.0,91900,91985,Gräfin Franziska von Hohenheim.,1,und,KON,und,33224,,
tg,rfd2.0,91900,91985,Gräfin Franziska von Hohenheim.,1,kommt,VVFIN,kommen,33224,,
tg,rfd2.0,91900,91985,Gräfin Franziska von Hohenheim.,1,.,$.,--,33224,,
tg,rfd2.0,91991,92039,"Laura, deren Pflegetochter.",3,Bitte,NN,bitte,33224,,
tg,rfd2.0,91991,92039,"Laura, deren Pflegetochter.",3,",","$,",--,33224,,
tg,rfd2.0,91991,92039,"Laura, deren Pflegetochter.",3,bitte,VVFIN,bitte,33224,,
tg,rfd2.0,91991,92039,"Laura, deren Pflegetochter.",3,",","$,",--,33224,,
tg,rfd2.0,91991,92039,"Laura, deren Pflegetochter.",3,liebe,VVFIN,lieb,33224,,
tg,rfd2.0,91991,92039,"Laura, deren Pflegetochter.",3,Tante,TRUNC,tante,33224,,
tg,rfd2.0,91991,92039,"Laura, deren Pflegetochter.",3,",","$,",--,33224,,
tg,rfd2.0,91991,92039,"Laura, deren Pflegetochter.",3,nichts,PIS,nichts,33224,,
tg,rfd2.0,91991,92039,"Laura, deren Pflegetochter.",3,sagen,VVINF,sagen,33224,,
tg,rfd2.0,91991,92039,"Laura, deren Pflegetochter.",3,"!",$.,--,33224,,
tg,rfd2.0,92111,92180,Gräfin Franziska von Hohenheim.,1,Ist,VAFIN,sein,33224,,
tg,rfd2.0,92111,92180,Gräfin Franziska von Hohenheim.,1,noch,ADV,noch,33224,,
tg,rfd2.0,92111,92180,Gräfin Franziska von Hohenheim.,1,kein,PIAT,kein,33224,,
tg,rfd2.0,92111,92180,Gräfin Franziska von Hohenheim.,1,Pikör,NN,pikör,33224,,
tg,rfd2.0,92111,92180,Gräfin Franziska von Hohenheim.,1,da,ADV,da,33224,,
tg,rfd2.0,92111,92180,Gräfin Franziska von Hohenheim.,1,",","$,",--,33224,,
tg,rfd2.0,92111,92180,Gräfin Franziska von Hohenheim.,1,der,PRELS,der,33224,,
tg,rfd2.0,92111,92180,Gräfin Franziska von Hohenheim.,1,die,ART,der,33224,,
tg,rfd2.0,92111,92180,Gräfin Franziska von Hohenheim.,1,Ankunft,NN,ankunft,33224,,
tg,rfd2.0,92111,92180,Gräfin Franziska von Hohenheim.,1,des,ART,der,33224,,
tg,rfd2.0,92111,92180,Gräfin Franziska von Hohenheim.,1,Herzogs,NN,herzog,33224,,
tg,rfd2.0,92111,92180,Gräfin Franziska von Hohenheim.,1,meldete,VVFIN,melden,33224,,
tg,rfd2.0,92111,92180,Gräfin Franziska von Hohenheim.,1,?,$.,--,33224,,
tg,rfd2.0,92185,93076,"Hauptmann von Silberkalb, Kammerherr.",5,Nein,PTKANT,nein,33224,,
tg,rfd2.0,92185,93076,"Hauptmann von Silberkalb, Kammerherr.",5,",","$,",--,33224,,
tg,rfd2.0,92185,93076,"Hauptmann von Silberkalb, Kammerherr.",5,erlauchte,VVFIN,erlaucht,33224,,
tg,rfd2.0,92185,93076,"Hauptmann von Silberkalb, Kammerherr.",5,Frau,NN,frau,33224,,
tg,rfd2.0,92185,93076,"Hauptmann von Silberkalb, Kammerherr.",5,Gräfin,NE,gräfin,33224,,
tg,rfd2.0,92185,93076,"Hauptmann von Silberkalb, Kammerherr.",5,",","$,",--,33224,,
tg,rfd2.0,92185,93076,"Hauptmann von Silberkalb, Kammerherr.",5,aber,KON,aber,33224,,
tg,rfd2.0,92185,93076,"Hauptmann von Silberkalb, Kammerherr.",5,man,PIS,man,33224,,
tg,rfd2.0,92185,93076,"Hauptmann von Silberkalb, Kammerherr.",5,sieht,VVFIN,sehen,33224,,
tg,rfd2.0,92185,93076,"Hauptmann von Silberkalb, Kammerherr.",5,Fackelträger,NN,fackelträger,33224,,
tg,rfd2.0,92185,93076,"Hauptmann von Silberkalb, Kammerherr.",5,postiert,VVFIN,postieren,33224,,
tg,rfd2.0,92185,93076,"Hauptmann von Silberkalb, Kammerherr.",5,nach,APPR,nach,33224,,
tg,rfd2.0,92185,93076,"Hauptmann von Silberkalb, Kammerherr.",5,der,ART,der,33224,,
tg,rfd2.0,92185,93076,"Hauptmann von Silberkalb, Kammerherr.",5,Solitude,NN,solitude,33224,,
tg,rfd2.0,92185,93076,"Hauptmann von Silberkalb, Kammerherr.",5,hinauf,ADV,hinauf,33224,,
tg,rfd2.0,92185,93076,"Hauptmann von Silberkalb, Kammerherr.",5,.,$.,--,33224,,
tg,rfd2.0,92185,93076,"Hauptmann von Silberkalb, Kammerherr.",5,Se,PPER,--,33224,,
tg,rfd2.0,92185,93076,"Hauptmann von Silberkalb, Kammerherr.",5,.,$.,--,33224,,
tg,rfd2.0,92185,93076,"Hauptmann von Silberkalb, Kammerherr.",5,Durchlaucht,NN,durchlaucht,33224,,
tg,rfd2.0,92185,93076,"Hauptmann von Silberkalb, Kammerherr.",5,der,ART,der,33224,,
tg,rfd2.0,92185,93076,"Hauptmann von Silberkalb, Kammerherr.",5,Herr,NN,herr,33224,,
tg,rfd2.0,92185,93076,"Hauptmann von Silberkalb, Kammerherr.",5,Herzog,NE,herzog,33224,,
tg,rfd2.0,92185,93076,"Hauptmann von Silberkalb, Kammerherr.",5,haben,VAFIN,haben,33224,,
tg,rfd2.0,92185,93076,"Hauptmann von Silberkalb, Kammerherr.",5,also,ADV,also,33224,,
tg,rfd2.0,92185,93076,"Hauptmann von Silberkalb, Kammerherr.",5,darauf,PROAV,darauf,33224,,
tg,rfd2.0,92185,93076,"Hauptmann von Silberkalb, Kammerherr.",5,gerechnet,VVPP,rechnen,33224,,
tg,rfd2.0,92185,93076,"Hauptmann von Silberkalb, Kammerherr.",5,",","$,",--,33224,,
tg,rfd2.0,92185,93076,"Hauptmann von Silberkalb, Kammerherr.",5,erst,ADV,erst,33224,,
tg,rfd2.0,92185,93076,"Hauptmann von Silberkalb, Kammerherr.",5,mit,APPR,mit,33224,,
tg,rfd2.0,92185,93076,"Hauptmann von Silberkalb, Kammerherr.",5,einbrechender,ADJA,einbrechend,33224,,
tg,rfd2.0,92185,93076,"Hauptmann von Silberkalb, Kammerherr.",5,Nacht,NN,nacht,33224,,
tg,rfd2.0,92185,93076,"Hauptmann von Silberkalb, Kammerherr.",5,heimzukehren,VVIZU,heimkehren,33224,,
tg,rfd2.0,92185,93076,"Hauptmann von Silberkalb, Kammerherr.",5,.,$.,--,33224,,
tg,rfd2.0,92185,93076,"Hauptmann von Silberkalb, Kammerherr.",5,Soweit,ADV,soweit,33224,,
tg,rfd2.0,92185,93076,"Hauptmann von Silberkalb, Kammerherr.",5,mir,PPER,sich,33224,"Hauptmann von Silberkalb, Kammerherr.",5
tg,rfd2.0,92185,93076,"Hauptmann von Silberkalb, Kammerherr.",5,bekannt,ADJD,bekannt,33224,,
tg,rfd2.0,92185,93076,"Hauptmann von Silberkalb, Kammerherr.",5,",","$,",--,33224,,
tg,rfd2.0,92185,93076,"Hauptmann von Silberkalb, Kammerherr.",5,revidiert,VVFIN,revidieren,33224,,
tg,rfd2.0,92185,93076,"Hauptmann von Silberkalb, Kammerherr.",5,Durchlaucht,NN,durchlaucht,33224,,
tg,rfd2.0,92185,93076,"Hauptmann von Silberkalb, Kammerherr.",5,die,ART,der,33224,,
tg,rfd2.0,92185,93076,"Hauptmann von Silberkalb, Kammerherr.",5,ganze,ADJA,ganz,33224,,
tg,rfd2.0,92185,93076,"Hauptmann von Silberkalb, Kammerherr.",5,Treiberlinie,NN,treiberlinie,33224,,
tg,rfd2.0,92185,93076,"Hauptmann von Silberkalb, Kammerherr.",5,zu,APPR,zu,33224,,
tg,rfd2.0,92185,93076,"Hauptmann von Silberkalb, Kammerherr.",5,der,ART,der,33224,,
tg,rfd2.0,92185,93076,"Hauptmann von Silberkalb, Kammerherr.",5,großen,ADJA,groß,33224,,
tg,rfd2.0,92185,93076,"Hauptmann von Silberkalb, Kammerherr.",5,Jagd,NN,jagd,33224,,
tg,rfd2.0,92185,93076,"Hauptmann von Silberkalb, Kammerherr.",5,",","$,",--,33224,,
tg,rfd2.0,92185,93076,"Hauptmann von Silberkalb, Kammerherr.",5,welche,PWAT,welcher,33224,,
tg,rfd2.0,92185,93076,"Hauptmann von Silberkalb, Kammerherr.",5,für,APPR,für,33224,,
tg,rfd2.0,92185,93076,"Hauptmann von Silberkalb, Kammerherr.",5,den,ART,der,33224,,
tg,rfd2.0,92185,93076,"Hauptmann von Silberkalb, Kammerherr.",5,hohen,ADJA,hoch,33224,,
tg,rfd2.0,92185,93076,"Hauptmann von Silberkalb, Kammerherr.",5,Besuch,NN,besuch,33224,,
tg,rfd2.0,92185,93076,"Hauptmann von Silberkalb, Kammerherr.",5,vorbereitet,VVPP,vorbereiten,33224,,
tg,rfd2.0,92185,93076,"Hauptmann von Silberkalb, Kammerherr.",5,wird,VAFIN,werden,33224,,
tg,rfd2.0,92185,93076,"Hauptmann von Silberkalb, Kammerherr.",5,.,$.,--,33224,,
tg,rfd2.0,92185,93076,"Hauptmann von Silberkalb, Kammerherr.",5,Diese,PDAT,dieser,33224,,
tg,rfd2.0,92185,93076,"Hauptmann von Silberkalb, Kammerherr.",5,Linie,NN,linie,33224,,
tg,rfd2.0,92185,93076,"Hauptmann von Silberkalb, Kammerherr.",5,umfaßt,VVFIN,umfassen,33224,,
tg,rfd2.0,92185,93076,"Hauptmann von Silberkalb, Kammerherr.",5,mehrere,PIAT,mehrere,33224,,
tg,rfd2.0,92185,93076,"Hauptmann von Silberkalb, Kammerherr.",5,Meilen,NN,meile,33224,,
tg,rfd2.0,92185,93076,"Hauptmann von Silberkalb, Kammerherr.",5,und,KON,und,33224,,
tg,rfd2.0,92185,93076,"Hauptmann von Silberkalb, Kammerherr.",5,kann,VMFIN,können,33224,,
tg,rfd2.0,92185,93076,"Hauptmann von Silberkalb, Kammerherr.",5,des,ART,der,33224,,
tg,rfd2.0,92185,93076,"Hauptmann von Silberkalb, Kammerherr.",5,mannigfaltigen,ADJA,mannigfaltig,33224,,
tg,rfd2.0,92185,93076,"Hauptmann von Silberkalb, Kammerherr.",5,Terrains,NN,terrain,33224,,
tg,rfd2.0,92185,93076,"Hauptmann von Silberkalb, Kammerherr.",5,wegen,APPR,wegen,33224,,
tg,rfd2.0,92185,93076,"Hauptmann von Silberkalb, Kammerherr.",5,nicht,PTKNEG,nicht,33224,,
tg,rfd2.0,92185,93076,"Hauptmann von Silberkalb, Kammerherr.",5,schnell,ADJD,schnell,33224,,
tg,rfd2.0,92185,93076,"Hauptmann von Silberkalb, Kammerherr.",5,beritten,VVPP,bereiten,33224,,
tg,rfd2.0,92185,93076,"Hauptmann von Silberkalb, Kammerherr.",5,werden,VAINF,werden,33224,,
tg,rfd2.0,92185,93076,"Hauptmann von Silberkalb, Kammerherr.",5,.,$.,--,33224,,
tg,rfd2.0,92185,93076,"Hauptmann von Silberkalb, Kammerherr.",5,Daraus,PROAV,daraus,33224,,
tg,rfd2.0,92185,93076,"Hauptmann von Silberkalb, Kammerherr.",5,erklärt,VVFIN,erklären,33224,,
tg,rfd2.0,92185,93076,"Hauptmann von Silberkalb, Kammerherr.",5,sich,PRF,sich,33224,,
tg,rfd2.0,92185,93076,"Hauptmann von Silberkalb, Kammerherr.",5,wohl,ADV,wohl,33224,,
tg,rfd2.0,92185,93076,"Hauptmann von Silberkalb, Kammerherr.",5,auf,APPR,auf,33224,,
tg,rfd2.0,92185,93076,"Hauptmann von Silberkalb, Kammerherr.",5,ganz,ADV,ganz,33224,,
tg,rfd2.0,92185,93076,"Hauptmann von Silberkalb, Kammerherr.",5,natürliche,ADJA,natürlich,33224,,
tg,rfd2.0,92185,93076,"Hauptmann von Silberkalb, Kammerherr.",5,Weise,NN,weise,33224,,
tg,rfd2.0,92185,93076,"Hauptmann von Silberkalb, Kammerherr.",5,die,ART,der,33224,,
tg,rfd2.0,92185,93076,"Hauptmann von Silberkalb, Kammerherr.",5,Verspätung,NN,verspätung,33224,,
tg,rfd2.0,92185,93076,"Hauptmann von Silberkalb, Kammerherr.",5,Sr,NN,sr,33224,,
tg,rfd2.0,92185,93076,"Hauptmann von Silberkalb, Kammerherr.",5,.,$.,--,33224,,
tg,rfd2.0,92185,93076,"Hauptmann von Silberkalb, Kammerherr.",5,Durchlaucht,NN,durchlaucht,33224,,
tg,rfd2.0,92185,93076,"Hauptmann von Silberkalb, Kammerherr.",5,.,$.,--,33224,,
tg,rfd2.0,92185,93076,"Hauptmann von Silberkalb, Kammerherr.",5,Ich,PPER,ich,33224,,
tg,rfd2.0,92185,93076,"Hauptmann von Silberkalb, Kammerherr.",5,erlaube,VVFIN,erlauben,33224,,
tg,rfd2.0,92185,93076,"Hauptmann von Silberkalb, Kammerherr.",5,mir,PPER,sich,33224,"Hauptmann von Silberkalb, Kammerherr.",5
tg,rfd2.0,92185,93076,"Hauptmann von Silberkalb, Kammerherr.",5,auch,ADV,auch,33224,,
tg,rfd2.0,92185,93076,"Hauptmann von Silberkalb, Kammerherr.",5,die,ART,der,33224,,
tg,rfd2.0,92185,93076,"Hauptmann von Silberkalb, Kammerherr.",5,Vermutung,NN,vermutung,33224,,
tg,rfd2.0,92185,93076,"Hauptmann von Silberkalb, Kammerherr.",5,auszusprechen,VVIZU,aussprechen,33224,,
tg,rfd2.0,92185,93076,"Hauptmann von Silberkalb, Kammerherr.",5,",","$,",--,33224,,
tg,rfd2.0,92185,93076,"Hauptmann von Silberkalb, Kammerherr.",5,daß,KOUS,daß,33224,,
tg,rfd2.0,92185,93076,"Hauptmann von Silberkalb, Kammerherr.",5,Serenissimus,NN,serenissimus,33224,,
tg,rfd2.0,92185,93076,"Hauptmann von Silberkalb, Kammerherr.",5,noch,ADV,noch,33224,,
tg,rfd2.0,92185,93076,"Hauptmann von Silberkalb, Kammerherr.",5,nicht,PTKNEG,nicht,33224,,
tg,rfd2.0,92185,93076,"Hauptmann von Silberkalb, Kammerherr.",5,so,ADV,so,33224,,
tg,rfd2.0,92185,93076,"Hauptmann von Silberkalb, Kammerherr.",5,bald,ADV,bald,33224,,
tg,rfd2.0,92185,93076,"Hauptmann von Silberkalb, Kammerherr.",5,zu,PTKZU,zu,33224,,
tg,rfd2.0,92185,93076,"Hauptmann von Silberkalb, Kammerherr.",5,erwarten,VVINF,erwarten,33224,,
tg,rfd2.0,92185,93076,"Hauptmann von Silberkalb, Kammerherr.",5,sein,VAINF,sein,33224,,
tg,rfd2.0,92185,93076,"Hauptmann von Silberkalb, Kammerherr.",5,dürfte,VMFIN,dürfen,33224,,
tg,rfd2.0,92185,93076,"Hauptmann von Silberkalb, Kammerherr.",5,.,$.,--,33224,,
tg,rfd2.0,92185,93076,"Hauptmann von Silberkalb, Kammerherr.",5,Soviel,PIS,soviel,33224,,
tg,rfd2.0,92185,93076,"Hauptmann von Silberkalb, Kammerherr.",5,verlautete,VVFIN,verlauten,33224,,
tg,rfd2.0,92185,93076,"Hauptmann von Silberkalb, Kammerherr.",5,",","$,",--,33224,,
tg,rfd2.0,92185,93076,"Hauptmann von Silberkalb, Kammerherr.",5,sind,VAFIN,sein,33224,,
tg,rfd2.0,92185,93076,"Hauptmann von Silberkalb, Kammerherr.",5,Hochdieselben,NN,hochdieselbe,33224,,
tg,rfd2.0,92185,93076,"Hauptmann von Silberkalb, Kammerherr.",5,jede,PIDAT,jeder,33224,,
tg,rfd2.0,92185,93076,"Hauptmann von Silberkalb, Kammerherr.",5,Stunde,NN,stunde,33224,,
tg,rfd2.0,92185,93076,"Hauptmann von Silberkalb, Kammerherr.",5,gewärtig,ADJD,gewärtig,33224,,
tg,rfd2.0,92185,93076,"Hauptmann von Silberkalb, Kammerherr.",5,",","$,",--,33224,,
tg,rfd2.0,92185,93076,"Hauptmann von Silberkalb, Kammerherr.",5,den,ART,der,33224,,
tg,rfd2.0,92185,93076,"Hauptmann von Silberkalb, Kammerherr.",5,hohen,ADJA,hoch,33224,,
tg,rfd2.0,92185,93076,"Hauptmann von Silberkalb, Kammerherr.",5,Besuch,NN,besuch,33224,,
tg,rfd2.0,92185,93076,"Hauptmann von Silberkalb, Kammerherr.",5,von,APPR,von,33224,,
tg,rfd2.0,92185,93076,"Hauptmann von Silberkalb, Kammerherr.",5,Seiner,PPOSAT,sein,33224,,
tg,rfd2.0,92185,93076,"Hauptmann von Silberkalb, Kammerherr.",5,Kaiserlichen,ADJA,kaiserlich,33224,,
tg,rfd2.0,92185,93076,"Hauptmann von Silberkalb, Kammerherr.",5,Hoheit,NN,hoheit,33224,,
tg,rfd2.0,92185,93076,"Hauptmann von Silberkalb, Kammerherr.",5,dem,ART,der,33224,,
tg,rfd2.0,92185,93076,"Hauptmann von Silberkalb, Kammerherr.",5,Herrn,NN,herr,33224,,
tg,rfd2.0,92185,93076,"Hauptmann von Silberkalb, Kammerherr.",5,Großfürsten,NN,großfürsten,33224,,
tg,rfd2.0,92185,93076,"Hauptmann von Silberkalb, Kammerherr.",5,von,APPR,von,33224,,
tg,rfd2.0,92185,93076,"Hauptmann von Silberkalb, Kammerherr.",5,Rußland,NE,rußland,33224,,
tg,rfd2.0,92185,93076,"Hauptmann von Silberkalb, Kammerherr.",5,ankommen,VVINF,ankommen,33224,,
tg,rfd2.0,92185,93076,"Hauptmann von Silberkalb, Kammerherr.",5,zu,PTKZU,zu,33224,,
tg,rfd2.0,92185,93076,"Hauptmann von Silberkalb, Kammerherr.",5,sehen,VVINF,sehen,33224,,
tg,rfd2.0,92185,93076,"Hauptmann von Silberkalb, Kammerherr.",5,",","$,",--,33224,,
tg,rfd2.0,92185,93076,"Hauptmann von Silberkalb, Kammerherr.",5,und,KON,und,33224,,
tg,rfd2.0,92185,93076,"Hauptmann von Silberkalb, Kammerherr.",5,haben,VAFIN,haben,33224,,
tg,rfd2.0,92185,93076,"Hauptmann von Silberkalb, Kammerherr.",5,vielerlei,PIAT,vielerlei,33224,,
tg,rfd2.0,92185,93076,"Hauptmann von Silberkalb, Kammerherr.",5,Arrangements,NN,arrangement,33224,,
tg,rfd2.0,92185,93076,"Hauptmann von Silberkalb, Kammerherr.",5,von,APPR,von,33224,,
tg,rfd2.0,92185,93076,"Hauptmann von Silberkalb, Kammerherr.",5,Empfangsfeierlichkeiten,NN,empfangsfeierlichkeit,33224,,
tg,rfd2.0,92185,93076,"Hauptmann von Silberkalb, Kammerherr.",5,auf,APPR,auf,33224,,
tg,rfd2.0,92185,93076,"Hauptmann von Silberkalb, Kammerherr.",5,der,ART,der,33224,,
tg,rfd2.0,92185,93076,"Hauptmann von Silberkalb, Kammerherr.",5,Landstraße,NN,landstraße,33224,,
tg,rfd2.0,92185,93076,"Hauptmann von Silberkalb, Kammerherr.",5,im,APPRART,in,33224,,
tg,rfd2.0,92185,93076,"Hauptmann von Silberkalb, Kammerherr.",5,Werke,NN,werk,33224,,
tg,rfd2.0,92185,93076,"Hauptmann von Silberkalb, Kammerherr.",5,.,$.,--,33224,,
tg,rfd2.0,93081,93296,Gräfin Franziska von Hohenheim.,1,Ich,PPER,ich,33224,,
tg,rfd2.0,93081,93296,Gräfin Franziska von Hohenheim.,1,danke,VVFIN,danken,33224,,
tg,rfd2.0,93081,93296,Gräfin Franziska von Hohenheim.,1,Ihnen,PPER,ihnen,33224,,
tg,rfd2.0,93081,93296,Gräfin Franziska von Hohenheim.,1,.,$.,--,33224,,
tg,rfd2.0,93081,93296,Gräfin Franziska von Hohenheim.,1,Sie,PPER,sie,33224,,
tg,rfd2.0,93081,93296,Gräfin Franziska von Hohenheim.,1,erstatten,VVINF,erstatten,33224,,
tg,rfd2.0,93081,93296,Gräfin Franziska von Hohenheim.,1,Sr,NN,sr,33224,,
tg,rfd2.0,93081,93296,Gräfin Franziska von Hohenheim.,1,.,$.,--,33224,,
tg,rfd2.0,93081,93296,Gräfin Franziska von Hohenheim.,1,Durchlaucht,NN,durchlaucht,33224,,
tg,rfd2.0,93081,93296,Gräfin Franziska von Hohenheim.,1,noch,ADV,noch,33224,,
tg,rfd2.0,93081,93296,Gräfin Franziska von Hohenheim.,1,zuweilen,ADV,zuweilen,33224,,
tg,rfd2.0,93081,93296,Gräfin Franziska von Hohenheim.,1,Rapport,NN,rapport,33224,,
tg,rfd2.0,93081,93296,Gräfin Franziska von Hohenheim.,1,über,APPR,über,33224,,
tg,rfd2.0,93081,93296,Gräfin Franziska von Hohenheim.,1,Zeitungsnachrichten,NN,zeitungsnachricht,33224,,
tg,rfd2.0,93081,93296,Gräfin Franziska von Hohenheim.,1,",","$,",--,33224,,
tg,rfd2.0,93081,93296,Gräfin Franziska von Hohenheim.,1,und,KON,und,33224,,
tg,rfd2.0,93081,93296,Gräfin Franziska von Hohenheim.,1,was,PWS,was,33224,,
tg,rfd2.0,93081,93296,Gräfin Franziska von Hohenheim.,1,in,APPR,in,33224,,
tg,rfd2.0,93081,93296,Gräfin Franziska von Hohenheim.,1,der,ART,der,33224,,
tg,rfd2.0,93081,93296,Gräfin Franziska von Hohenheim.,1,Stadt,NN,stadt,33224,,
tg,rfd2.0,93081,93296,Gräfin Franziska von Hohenheim.,1,vorgeht,VVFIN,vorgehen,33224,,
tg,rfd2.0,93081,93296,Gräfin Franziska von Hohenheim.,1,",","$,",--,33224,,
tg,rfd2.0,93081,93296,Gräfin Franziska von Hohenheim.,1,und,KON,und,33224,,
tg,rfd2.0,93081,93296,Gräfin Franziska von Hohenheim.,1,was,PWS,was,33224,,
tg,rfd2.0,93081,93296,Gräfin Franziska von Hohenheim.,1,in,APPR,in,33224,,
tg,rfd2.0,93081,93296,Gräfin Franziska von Hohenheim.,1,seiner,PPOSAT,sein,33224,,
tg,rfd2.0,93081,93296,Gräfin Franziska von Hohenheim.,1,Karlsakademie,NN,karlsakademie,33224,,
tg,rfd2.0,93081,93296,Gräfin Franziska von Hohenheim.,1,etwa,ADV,etwa,33224,,
tg,rfd2.0,93081,93296,Gräfin Franziska von Hohenheim.,1,seinen,PPOSAT,sein,33224,,
tg,rfd2.0,93081,93296,Gräfin Franziska von Hohenheim.,1,aufmerksamen,VVIZU,aufmerksam,33224,,
tg,rfd2.0,93081,93296,Gräfin Franziska von Hohenheim.,1,Blicken,VVFIN,blick,33224,,
tg,rfd2.0,93081,93296,Gräfin Franziska von Hohenheim.,1,entgehen,VVINF,entgehen,33224,,
tg,rfd2.0,93081,93296,Gräfin Franziska von Hohenheim.,1,könnte,VMFIN,können,33224,,
tg,rfd2.0,93081,93296,Gräfin Franziska von Hohenheim.,1,?,$.,--,33224,,
tg,rfd2.0,93302,93560,"Hauptmann von Silberkalb, Kammerherr.",5,Durchlaucht,NN,durchlaucht,33224,,
tg,rfd2.0,93302,93560,"Hauptmann von Silberkalb, Kammerherr.",5,haben,VAFIN,haben,33224,,
tg,rfd2.0,93302,93560,"Hauptmann von Silberkalb, Kammerherr.",5,noch,ADV,noch,33224,,
tg,rfd2.0,93302,93560,"Hauptmann von Silberkalb, Kammerherr.",5,zuweilen,ADV,zuweilen,33224,,
tg,rfd2.0,93302,93560,"Hauptmann von Silberkalb, Kammerherr.",5,die,ART,der,33224,,
tg,rfd2.0,93302,93560,"Hauptmann von Silberkalb, Kammerherr.",5,Gnade,NN,gnade,33224,,
tg,rfd2.0,93302,93560,"Hauptmann von Silberkalb, Kammerherr.",5,",","$,",--,33224,,
tg,rfd2.0,93302,93560,"Hauptmann von Silberkalb, Kammerherr.",5,nach,APPR,nach,33224,,
tg,rfd2.0,93302,93560,"Hauptmann von Silberkalb, Kammerherr.",5,meinen,PPOSAT,mein,33224,"Hauptmann von Silberkalb, Kammerherr.",5
tg,rfd2.0,93302,93560,"Hauptmann von Silberkalb, Kammerherr.",5,Bemerkungen,NN,bemerkung,33224,,
tg,rfd2.0,93302,93560,"Hauptmann von Silberkalb, Kammerherr.",5,zu,PTKZU,zu,33224,,
tg,rfd2.0,93302,93560,"Hauptmann von Silberkalb, Kammerherr.",5,fragen,VVINF,fragen,33224,,
tg,rfd2.0,93302,93560,"Hauptmann von Silberkalb, Kammerherr.",5,",","$,",--,33224,,
tg,rfd2.0,93302,93560,"Hauptmann von Silberkalb, Kammerherr.",5,besonders,ADV,besonders,33224,,
tg,rfd2.0,93302,93560,"Hauptmann von Silberkalb, Kammerherr.",5,in,APPR,in,33224,,
tg,rfd2.0,93302,93560,"Hauptmann von Silberkalb, Kammerherr.",5,Sachen,NN,sache,33224,,
tg,rfd2.0,93302,93560,"Hauptmann von Silberkalb, Kammerherr.",5,der,ART,der,33224,,
tg,rfd2.0,93302,93560,"Hauptmann von Silberkalb, Kammerherr.",5,öffentlichen,ADJA,öffentlich,33224,,
tg,rfd2.0,93302,93560,"Hauptmann von Silberkalb, Kammerherr.",5,Moral,NN,Moral,33224,,
tg,rfd2.0,93302,93560,"Hauptmann von Silberkalb, Kammerherr.",5,und,KON,und,33224,,
tg,rfd2.0,93302,93560,"Hauptmann von Silberkalb, Kammerherr.",5,des,ART,der,33224,,
tg,rfd2.0,93302,93560,"Hauptmann von Silberkalb, Kammerherr.",5,Rufes,NN,ruf,33224,,
tg,rfd2.0,93302,93560,"Hauptmann von Silberkalb, Kammerherr.",5,",","$,",--,33224,,
tg,rfd2.0,93302,93560,"Hauptmann von Silberkalb, Kammerherr.",5,welchen,PWAT,welcher,33224,,
tg,rfd2.0,93302,93560,"Hauptmann von Silberkalb, Kammerherr.",5,die,ART,der,33224,,
tg,rfd2.0,93302,93560,"Hauptmann von Silberkalb, Kammerherr.",5,hohe,ADJA,hoch,33224,,
tg,rfd2.0,93302,93560,"Hauptmann von Silberkalb, Kammerherr.",5,Karlsakademie,NN,karlsakademie,33224,,
tg,rfd2.0,93302,93560,"Hauptmann von Silberkalb, Kammerherr.",5,im,APPRART,in,33224,,
tg,rfd2.0,93302,93560,"Hauptmann von Silberkalb, Kammerherr.",5,Auslande,NN,auslande,33224,,
tg,rfd2.0,93302,93560,"Hauptmann von Silberkalb, Kammerherr.",5,genießt,VVFIN,genießen,33224,,
tg,rfd2.0,93302,93560,"Hauptmann von Silberkalb, Kammerherr.",5,",","$,",--,33224,,
tg,rfd2.0,93302,93560,"Hauptmann von Silberkalb, Kammerherr.",5,da,KOUS,da,33224,,
tg,rfd2.0,93302,93560,"Hauptmann von Silberkalb, Kammerherr.",5,diese,PDAT,dieser,33224,,
tg,rfd2.0,93302,93560,"Hauptmann von Silberkalb, Kammerherr.",5,preiswürdige,ADJA,preiswürdig,33224,,
tg,rfd2.0,93302,93560,"Hauptmann von Silberkalb, Kammerherr.",5,Anstalt,NN,anstalt,33224,,
tg,rfd2.0,93302,93560,"Hauptmann von Silberkalb, Kammerherr.",5,quasi,ADV,quasi,33224,,
tg,rfd2.0,93302,93560,"Hauptmann von Silberkalb, Kammerherr.",5,Dero,NE,dero,33224,,
tg,rfd2.0,93302,93560,"Hauptmann von Silberkalb, Kammerherr.",5,Steckenpferd,NE,steckenpferd,33224,,
tg,rfd2.0,93302,93560,"Hauptmann von Silberkalb, Kammerherr.",5,ist,VAFIN,sein,33224,,
tg,rfd2.0,93302,93560,"Hauptmann von Silberkalb, Kammerherr.",5,.,$.,--,33224,,
tg,rfd2.0,93565,93646,Gräfin Franziska von Hohenheim.,1,Haben,VAFIN,haben,33224,,
tg,rfd2.0,93565,93646,Gräfin Franziska von Hohenheim.,1,Sie,PPER,sie,33224,,
tg,rfd2.0,93565,93646,Gräfin Franziska von Hohenheim.,1,neuester,ADJA,neuest,33224,,
tg,rfd2.0,93565,93646,Gräfin Franziska von Hohenheim.,1,Zeit,NN,zeit,33224,,
tg,rfd2.0,93565,93646,Gräfin Franziska von Hohenheim.,1,Günstiges,ADJA,günstige,33224,,
tg,rfd2.0,93565,93646,Gräfin Franziska von Hohenheim.,1,oder,KON,oder,33224,,
tg,rfd2.0,93565,93646,Gräfin Franziska von Hohenheim.,1,Ungünstiges,NN,ungünstige,33224,,
tg,rfd2.0,93565,93646,Gräfin Franziska von Hohenheim.,1,darüber,PROAV,darüber,33224,,
tg,rfd2.0,93565,93646,Gräfin Franziska von Hohenheim.,1,zu,PTKZU,zu,33224,,
tg,rfd2.0,93565,93646,Gräfin Franziska von Hohenheim.,1,berichten,VVINF,berichten,33224,,
tg,rfd2.0,93565,93646,Gräfin Franziska von Hohenheim.,1,?,$.,--,33224,,
tg,rfd2.0,93651,93930,"Hauptmann von Silberkalb, Kammerherr.",5,C'est,NE,c'est,33224,,
tg,rfd2.0,93651,93930,"Hauptmann von Silberkalb, Kammerherr.",5,selon,VVFIN,selon,33224,,
tg,rfd2.0,93651,93930,"Hauptmann von Silberkalb, Kammerherr.",5,.,$.,--,33224,,
tg,rfd2.0,93651,93930,"Hauptmann von Silberkalb, Kammerherr.",5,Jugend,NN,jugend,33224,,
tg,rfd2.0,93651,93930,"Hauptmann von Silberkalb, Kammerherr.",5,hat,VAFIN,haben,33224,,
tg,rfd2.0,93651,93930,"Hauptmann von Silberkalb, Kammerherr.",5,nicht,PTKNEG,nicht,33224,,
tg,rfd2.0,93651,93930,"Hauptmann von Silberkalb, Kammerherr.",5,Tugend,NN,tugend,33224,,
tg,rfd2.0,93651,93930,"Hauptmann von Silberkalb, Kammerherr.",5,;,$.,--,33224,,
tg,rfd2.0,93651,93930,"Hauptmann von Silberkalb, Kammerherr.",5,aber,KON,aber,33224,,
tg,rfd2.0,93651,93930,"Hauptmann von Silberkalb, Kammerherr.",5,im,APPRART,in,33224,,
tg,rfd2.0,93651,93930,"Hauptmann von Silberkalb, Kammerherr.",5,ganzen,ADJA,ganz,33224,,
tg,rfd2.0,93651,93930,"Hauptmann von Silberkalb, Kammerherr.",5,ist,VAFIN,sein,33224,,
tg,rfd2.0,93651,93930,"Hauptmann von Silberkalb, Kammerherr.",5,die,ART,der,33224,,
tg,rfd2.0,93651,93930,"Hauptmann von Silberkalb, Kammerherr.",5,Konduite,NN,konduite,33224,,
tg,rfd2.0,93651,93930,"Hauptmann von Silberkalb, Kammerherr.",5,der,ART,der,33224,,
tg,rfd2.0,93651,93930,"Hauptmann von Silberkalb, Kammerherr.",5,jungen,ADJA,jung,33224,,
tg,rfd2.0,93651,93930,"Hauptmann von Silberkalb, Kammerherr.",5,Leute,NN,leute,33224,,
tg,rfd2.0,93651,93930,"Hauptmann von Silberkalb, Kammerherr.",5,respektabel,ADJD,respektabel,33224,,
tg,rfd2.0,93651,93930,"Hauptmann von Silberkalb, Kammerherr.",5,.,$.,--,33224,,
tg,rfd2.0,93651,93930,"Hauptmann von Silberkalb, Kammerherr.",5,Es,PPER,es,33224,,
tg,rfd2.0,93651,93930,"Hauptmann von Silberkalb, Kammerherr.",5,ist,VAFIN,sein,33224,,
tg,rfd2.0,93651,93930,"Hauptmann von Silberkalb, Kammerherr.",5,nur,ADV,nur,33224,,
tg,rfd2.0,93651,93930,"Hauptmann von Silberkalb, Kammerherr.",5,ein,ART,ein,33224,,
tg,rfd2.0,93651,93930,"Hauptmann von Silberkalb, Kammerherr.",5,kleines,ADJA,klein,33224,,
tg,rfd2.0,93651,93930,"Hauptmann von Silberkalb, Kammerherr.",5,Häuflein,NN,häuflein,33224,,
tg,rfd2.0,93651,93930,"Hauptmann von Silberkalb, Kammerherr.",5,",","$,",--,33224,,
tg,rfd2.0,93651,93930,"Hauptmann von Silberkalb, Kammerherr.",5,welches,PRELS,welcher,33224,,
tg,rfd2.0,93651,93930,"Hauptmann von Silberkalb, Kammerherr.",5,seit,APPR,seit,33224,,
tg,rfd2.0,93651,93930,"Hauptmann von Silberkalb, Kammerherr.",5,einiger,PIAT,einiger,33224,,
tg,rfd2.0,93651,93930,"Hauptmann von Silberkalb, Kammerherr.",5,Zeit,NN,zeit,33224,,
tg,rfd2.0,93651,93930,"Hauptmann von Silberkalb, Kammerherr.",5,eine,ART,ein,33224,,
tg,rfd2.0,93651,93930,"Hauptmann von Silberkalb, Kammerherr.",5,verdächtige,ADJA,verdächtig,33224,,
tg,rfd2.0,93651,93930,"Hauptmann von Silberkalb, Kammerherr.",5,Kommunikation,NN,kommunikation,33224,,
tg,rfd2.0,93651,93930,"Hauptmann von Silberkalb, Kammerherr.",5,mit,APPR,mit,33224,,
tg,rfd2.0,93651,93930,"Hauptmann von Silberkalb, Kammerherr.",5,Leuten,NN,leute,33224,,
tg,rfd2.0,93651,93930,"Hauptmann von Silberkalb, Kammerherr.",5,aus,APPR,aus,33224,,
tg,rfd2.0,93651,93930,"Hauptmann von Silberkalb, Kammerherr.",5,der,ART,der,33224,,
tg,rfd2.0,93651,93930,"Hauptmann von Silberkalb, Kammerherr.",5,Stadt,NN,stadt,33224,,
tg,rfd2.0,93651,93930,"Hauptmann von Silberkalb, Kammerherr.",5,und,KON,und,33224,,
tg,rfd2.0,93651,93930,"Hauptmann von Silberkalb, Kammerherr.",5,namentlich,ADV,namentlich,33224,,
tg,rfd2.0,93651,93930,"Hauptmann von Silberkalb, Kammerherr.",5,mit,APPR,mit,33224,,
tg,rfd2.0,93651,93930,"Hauptmann von Silberkalb, Kammerherr.",5,einem,ART,ein,33224,,
tg,rfd2.0,93651,93930,"Hauptmann von Silberkalb, Kammerherr.",5,früheren,ADJA,früh,33224,,
tg,rfd2.0,93651,93930,"Hauptmann von Silberkalb, Kammerherr.",5,Eleven,NN,eleven,33224,,
tg,rfd2.0,93651,93930,"Hauptmann von Silberkalb, Kammerherr.",5,unterhält,VVFIN,unterhalten,33224,,
tg,rfd2.0,93651,93930,"Hauptmann von Silberkalb, Kammerherr.",5,–,XY,–,33224,,
tg,rfd2.0,93935,93970,Gräfin Franziska von Hohenheim.,1,Wer,PWS,wer,33224,,
tg,rfd2.0,93935,93970,Gräfin Franziska von Hohenheim.,1,ist,VAFIN,sein,33224,,
tg,rfd2.0,93935,93970,Gräfin Franziska von Hohenheim.,1,der,ART,der,33224,,
tg,rfd2.0,93935,93970,Gräfin Franziska von Hohenheim.,1,frühere,ADJA,früh,33224,,
tg,rfd2.0,93935,93970,Gräfin Franziska von Hohenheim.,1,Eleve,NN,eleve,33224,,
tg,rfd2.0,93935,93970,Gräfin Franziska von Hohenheim.,1,?,$.,--,33224,,
tg,rfd2.0,93975,94108,"Hauptmann von Silberkalb, Kammerherr.",5,Er,PPER,er,33224,,
tg,rfd2.0,93975,94108,"Hauptmann von Silberkalb, Kammerherr.",5,ist,VAFIN,sein,33224,,
tg,rfd2.0,93975,94108,"Hauptmann von Silberkalb, Kammerherr.",5,aus,APPR,aus,33224,,
tg,rfd2.0,93975,94108,"Hauptmann von Silberkalb, Kammerherr.",5,dem,ART,der,33224,,
tg,rfd2.0,93975,94108,"Hauptmann von Silberkalb, Kammerherr.",5,medizinischen,ADJA,medizinisch,33224,,
tg,rfd2.0,93975,94108,"Hauptmann von Silberkalb, Kammerherr.",5,Fache,NN,fache,33224,,
tg,rfd2.0,93975,94108,"Hauptmann von Silberkalb, Kammerherr.",5,und,KON,und,33224,,
tg,rfd2.0,93975,94108,"Hauptmann von Silberkalb, Kammerherr.",5,jetzt,ADV,jetzt,33224,,
tg,rfd2.0,93975,94108,"Hauptmann von Silberkalb, Kammerherr.",5,beim,APPRART,bei,33224,,
tg,rfd2.0,93975,94108,"Hauptmann von Silberkalb, Kammerherr.",5,Grenadierregimente,NN,grenadierregiment,33224,,
tg,rfd2.0,93975,94108,"Hauptmann von Silberkalb, Kammerherr.",5,des,ART,der,33224,,
tg,rfd2.0,93975,94108,"Hauptmann von Silberkalb, Kammerherr.",5,General,NN,General,33224,,
tg,rfd2.0,93975,94108,"Hauptmann von Silberkalb, Kammerherr.",5,Augé,NE,augé,33224,,
tg,rfd2.0,93975,94108,"Hauptmann von Silberkalb, Kammerherr.",5,angestellt,VVPP,anstellen,33224,,
tg,rfd2.0,93975,94108,"Hauptmann von Silberkalb, Kammerherr.",5,als,KOKOM,als,33224,,
tg,rfd2.0,93975,94108,"Hauptmann von Silberkalb, Kammerherr.",5,Regimentsfeldscher,ADJA,regimentsfeldscher,33224,,
tg,rfd2.0,93975,94108,"Hauptmann von Silberkalb, Kammerherr.",5,–,NN,–,33224,,
tg,rfd2.0,94114,94133,Gräfin Franziska von Hohenheim.,1,Schiller,NE,schiller,33224,SCHILLER,29
tg,rfd2.0,94114,94133,Gräfin Franziska von Hohenheim.,1,?,$.,--,33224,,
tg,rfd2.0,94114,94133,Gräfin Franziska von Hohenheim.,1,"!",$.,--,33224,,
tg,rfd2.0,94138,94160,Generalin Rieger.,2,Schiller,NE,schiller,33224,SCHILLER,29
tg,rfd2.0,94138,94160,Generalin Rieger.,2,?,$.,--,33224,,
tg,rfd2.0,94138,94160,Generalin Rieger.,2,"!",$.,--,33224,,
tg,rfd2.0,94165,94183,"Laura, deren Pflegetochter.",3,Schiller,NE,schiller,33224,SCHILLER,29
tg,rfd2.0,94165,94183,"Laura, deren Pflegetochter.",3,?,$.,--,33224,,
tg,rfd2.0,94165,94183,"Laura, deren Pflegetochter.",3,"!",$.,--,33224,,
tg,rfd2.0,94188,94260,"Hauptmann von Silberkalb, Kammerherr.",5,Friedrich,NE,friedrich,33224,,
tg,rfd2.0,94188,94260,"Hauptmann von Silberkalb, Kammerherr.",5,Schiller,NE,schiller,33224,SCHILLER,29
tg,rfd2.0,94188,94260,"Hauptmann von Silberkalb, Kammerherr.",5,–,XY,–,33224,,
tg,rfd2.0,94188,94260,"Hauptmann von Silberkalb, Kammerherr.",5,Gräfliche,ADJA,gräflich,33224,,
tg,rfd2.0,94188,94260,"Hauptmann von Silberkalb, Kammerherr.",5,Gnaden,NN,gnade,33224,,
tg,rfd2.0,94188,94260,"Hauptmann von Silberkalb, Kammerherr.",5,sehen,VVFIN,sehen,33224,,
tg,rfd2.0,94188,94260,"Hauptmann von Silberkalb, Kammerherr.",5,mich,PPER,mich,33224,"Hauptmann von Silberkalb, Kammerherr.",5
tg,rfd2.0,94188,94260,"Hauptmann von Silberkalb, Kammerherr.",5,betroffen,ADJD,betreffen,33224,,
tg,rfd2.0,94188,94260,"Hauptmann von Silberkalb, Kammerherr.",5,–,XY,–,33224,,
tg,rfd2.0,94265,94401,Gräfin Franziska von Hohenheim.,1,Wir,PPER,wir,33224,,
tg,rfd2.0,94265,94401,Gräfin Franziska von Hohenheim.,1,sprachen,VVFIN,sprechen,33224,,
tg,rfd2.0,94265,94401,Gräfin Franziska von Hohenheim.,1,eben,ADV,eben,33224,,
tg,rfd2.0,94265,94401,Gräfin Franziska von Hohenheim.,1,von,APPR,von,33224,,
tg,rfd2.0,94265,94401,Gräfin Franziska von Hohenheim.,1,ihm,PPER,ihm,33224,,
tg,rfd2.0,94265,94401,Gräfin Franziska von Hohenheim.,1,"!",$.,--,33224,,
tg,rfd2.0,94265,94401,Gräfin Franziska von Hohenheim.,1,–,XY,–,33224,,
tg,rfd2.0,94265,94401,Gräfin Franziska von Hohenheim.,1,Tun,NN,tun,33224,,
tg,rfd2.0,94265,94401,Gräfin Franziska von Hohenheim.,1,Sie,PPER,sie,33224,,
tg,rfd2.0,94265,94401,Gräfin Franziska von Hohenheim.,1,mir,PPER,sich,33224,Gräfin Franziska von Hohenheim.,1
tg,rfd2.0,94265,94401,Gräfin Franziska von Hohenheim.,1,doch,ADV,doch,33224,,
tg,rfd2.0,94265,94401,Gräfin Franziska von Hohenheim.,1,den,ART,der,33224,,
tg,rfd2.0,94265,94401,Gräfin Franziska von Hohenheim.,1,Gefallen,NN,gefallen,33224,,
tg,rfd2.0,94265,94401,Gräfin Franziska von Hohenheim.,1,",","$,",--,33224,,
tg,rfd2.0,94265,94401,Gräfin Franziska von Hohenheim.,1,nach,APPR,nach,33224,,
tg,rfd2.0,94265,94401,Gräfin Franziska von Hohenheim.,1,dem,ART,der,33224,,
tg,rfd2.0,94265,94401,Gräfin Franziska von Hohenheim.,1,Theatersaale,NN,theatersaale,33224,,
tg,rfd2.0,94265,94401,Gräfin Franziska von Hohenheim.,1,hinaufzugehn,CARD,hinaufzugehn,33224,,
tg,rfd2.0,94265,94401,Gräfin Franziska von Hohenheim.,1,–,XY,–,33224,,
tg,rfd2.0,94265,94401,Gräfin Franziska von Hohenheim.,1,wie,KOKOM,wie,33224,,
tg,rfd2.0,94265,94401,Gräfin Franziska von Hohenheim.,1,weit,ADJD,weit,33224,,
tg,rfd2.0,94265,94401,Gräfin Franziska von Hohenheim.,1,ist,VAFIN,sein,33224,,
tg,rfd2.0,94265,94401,Gräfin Franziska von Hohenheim.,1,die,ART,der,33224,,
tg,rfd2.0,94265,94401,Gräfin Franziska von Hohenheim.,1,Probe,NN,probe,33224,,
tg,rfd2.0,94265,94401,Gräfin Franziska von Hohenheim.,1,",","$,",--,33224,,
tg,rfd2.0,94265,94401,Gräfin Franziska von Hohenheim.,1,Laura,NE,laura,33224,,
tg,rfd2.0,94265,94401,Gräfin Franziska von Hohenheim.,1,?,$.,--,33224,,
tg,rfd2.0,94406,94558,"Laura, deren Pflegetochter.",3,Ich,PPER,ich,33224,,
tg,rfd2.0,94406,94558,"Laura, deren Pflegetochter.",3,war,VAFIN,sein,33224,,
tg,rfd2.0,94406,94558,"Laura, deren Pflegetochter.",3,eben,ADV,eben,33224,,
tg,rfd2.0,94406,94558,"Laura, deren Pflegetochter.",3,gestorben,VVPP,sterben,33224,,
tg,rfd2.0,94406,94558,"Laura, deren Pflegetochter.",3,",","$,",--,33224,,
tg,rfd2.0,94406,94558,"Laura, deren Pflegetochter.",3,als,KOUS,als,33224,,
tg,rfd2.0,94406,94558,"Laura, deren Pflegetochter.",3,ich,PPER,ich,33224,"Laura, deren Pflegetochter.",3
tg,rfd2.0,94406,94558,"Laura, deren Pflegetochter.",3,ankam,VVFIN,ankommen,33224,,
tg,rfd2.0,94406,94558,"Laura, deren Pflegetochter.",3,",","$,",--,33224,,
tg,rfd2.0,94406,94558,"Laura, deren Pflegetochter.",3,sie,PPER,sie,33224,,
tg,rfd2.0,94406,94558,"Laura, deren Pflegetochter.",3,sind,VAFIN,sein,33224,,
tg,rfd2.0,94406,94558,"Laura, deren Pflegetochter.",3,also,ADV,also,33224,,
tg,rfd2.0,94406,94558,"Laura, deren Pflegetochter.",3,jetzt,ADV,jetzt,33224,,
tg,rfd2.0,94406,94558,"Laura, deren Pflegetochter.",3,schon,ADV,schon,33224,,
tg,rfd2.0,94406,94558,"Laura, deren Pflegetochter.",3,mitten,ADV,mitten,33224,,
tg,rfd2.0,94406,94558,"Laura, deren Pflegetochter.",3,im,APPRART,in,33224,,
tg,rfd2.0,94406,94558,"Laura, deren Pflegetochter.",3,letzten,ADJA,letzter,33224,,
tg,rfd2.0,94406,94558,"Laura, deren Pflegetochter.",3,Akt,NN,Akt,33224,,
tg,rfd2.0,94406,94558,"Laura, deren Pflegetochter.",3,",","$,",--,33224,,
tg,rfd2.0,94406,94558,"Laura, deren Pflegetochter.",3,und,KON,und,33224,,
tg,rfd2.0,94406,94558,"Laura, deren Pflegetochter.",3,der,ART,der,33224,,
tg,rfd2.0,94406,94558,"Laura, deren Pflegetochter.",3,ist,VAFIN,sein,33224,,
tg,rfd2.0,94406,94558,"Laura, deren Pflegetochter.",3,sehr,ADV,sehr,33224,,
tg,rfd2.0,94406,94558,"Laura, deren Pflegetochter.",3,kurz,ADJD,kurz,33224,,
tg,rfd2.0,94406,94558,"Laura, deren Pflegetochter.",3,",","$,",--,33224,,
tg,rfd2.0,94406,94558,"Laura, deren Pflegetochter.",3,sie,PPER,sie,33224,,
tg,rfd2.0,94406,94558,"Laura, deren Pflegetochter.",3,müssen,VMFIN,müssen,33224,,
tg,rfd2.0,94406,94558,"Laura, deren Pflegetochter.",3,sogleich,ADV,sogleich,33224,,
tg,rfd2.0,94406,94558,"Laura, deren Pflegetochter.",3,zu,APPR,zu,33224,,
tg,rfd2.0,94406,94558,"Laura, deren Pflegetochter.",3,Ende,NN,ende,33224,,
tg,rfd2.0,94406,94558,"Laura, deren Pflegetochter.",3,sein,VAINF,sein,33224,,
tg,rfd2.0,94406,94558,"Laura, deren Pflegetochter.",3,.,$.,--,33224,,
tg,rfd2.0,94563,94639,Gräfin Franziska von Hohenheim.,1,Sie,PPER,sie,33224,,
tg,rfd2.0,94563,94639,Gräfin Franziska von Hohenheim.,1,finden,VVFIN,finden,33224,,
tg,rfd2.0,94563,94639,Gräfin Franziska von Hohenheim.,1,da,ADV,da,33224,,
tg,rfd2.0,94563,94639,Gräfin Franziska von Hohenheim.,1,unter,APPR,unter,33224,,
tg,rfd2.0,94563,94639,Gräfin Franziska von Hohenheim.,1,den,ART,der,33224,,
tg,rfd2.0,94563,94639,Gräfin Franziska von Hohenheim.,1,probierenden,ADJA,probierend,33224,,
tg,rfd2.0,94563,94639,Gräfin Franziska von Hohenheim.,1,Karlsschülern,NN,karlsschüler,33224,,
tg,rfd2.0,94563,94639,Gräfin Franziska von Hohenheim.,1,den,ART,der,33224,,
tg,rfd2.0,94563,94639,Gräfin Franziska von Hohenheim.,1,Anton,NE,anton,33224,,
tg,rfd2.0,94563,94639,Gräfin Franziska von Hohenheim.,1,Koch,NE,koch,33224,KOCH,20
tg,rfd2.0,94563,94639,Gräfin Franziska von Hohenheim.,1,–,XY,–,33224,,
tg,rfd2.0,94644,94678,"Hauptmann von Silberkalb, Kammerherr.",5,Mir,PPER,sich,33224,,
tg,rfd2.0,94644,94678,"Hauptmann von Silberkalb, Kammerherr.",5,sehr,ADV,sehr,33224,,
tg,rfd2.0,94644,94678,"Hauptmann von Silberkalb, Kammerherr.",5,wohl,ADV,wohl,33224,,
tg,rfd2.0,94644,94678,"Hauptmann von Silberkalb, Kammerherr.",5,bekannt,ADJD,bekannt,33224,,
tg,rfd2.0,94644,94678,"Hauptmann von Silberkalb, Kammerherr.",5,.,$.,--,33224,,
tg,rfd2.0,94683,94731,"Laura, deren Pflegetochter.",3,Ein,ART,ein,33224,,
tg,rfd2.0,94683,94731,"Laura, deren Pflegetochter.",3,liebenswürdiger,ADJA,liebenswürdig,33224,,
tg,rfd2.0,94683,94731,"Laura, deren Pflegetochter.",3,junger,ADJA,jung,33224,,
tg,rfd2.0,94683,94731,"Laura, deren Pflegetochter.",3,Beaumarchais,NN,beaumarchai,33224,,
tg,rfd2.0,94683,94731,"Laura, deren Pflegetochter.",3,"!",$.,--,33224,,
tg,rfd2.0,94736,94774,Generalin Rieger.,2,Ein,ART,ein,33224,,
tg,rfd2.0,94736,94774,Generalin Rieger.,2,leichtsinniger,ADJA,leichtsinnig,33224,,
tg,rfd2.0,94736,94774,Generalin Rieger.,2,Patron,NN,patron,33224,,
tg,rfd2.0,94736,94774,Generalin Rieger.,2,"!",$.,--,33224,,
tg,rfd2.0,94779,94798,HAUPTMAUN,19,Jawohl,NE,jawohl,33224,,
tg,rfd2.0,94779,94798,HAUPTMAUN,19,.,$.,--,33224,,
tg,rfd2.0,94803,95150,Gräfin Franziska von Hohenheim.,1,Und,KON,und,33224,,
tg,rfd2.0,94803,95150,Gräfin Franziska von Hohenheim.,1,finden,VVFIN,finden,33224,,
tg,rfd2.0,94803,95150,Gräfin Franziska von Hohenheim.,1,auch,ADV,auch,33224,,
tg,rfd2.0,94803,95150,Gräfin Franziska von Hohenheim.,1,den,ART,der,33224,,
tg,rfd2.0,94803,95150,Gräfin Franziska von Hohenheim.,1,Friedrich,NE,friedrich,33224,,
tg,rfd2.0,94803,95150,Gräfin Franziska von Hohenheim.,1,Schiller,NE,schiller,33224,SCHILLER,29
tg,rfd2.0,94803,95150,Gräfin Franziska von Hohenheim.,1,",","$,",--,33224,,
tg,rfd2.0,94803,95150,Gräfin Franziska von Hohenheim.,1,welcher,ADJA,welcher,33224,,
tg,rfd2.0,94803,95150,Gräfin Franziska von Hohenheim.,1,zur,APPRART,zu,33224,,
tg,rfd2.0,94803,95150,Gräfin Franziska von Hohenheim.,1,Probe,NN,probe,33224,,
tg,rfd2.0,94803,95150,Gräfin Franziska von Hohenheim.,1,kommandiert,VVPP,kommandieren,33224,,
tg,rfd2.0,94803,95150,Gräfin Franziska von Hohenheim.,1,ist,VAFIN,sein,33224,,
tg,rfd2.0,94803,95150,Gräfin Franziska von Hohenheim.,1,",","$,",--,33224,,
tg,rfd2.0,94803,95150,Gräfin Franziska von Hohenheim.,1,weil,KOUS,weil,33224,,
tg,rfd2.0,94803,95150,Gräfin Franziska von Hohenheim.,1,er,PPER,er,33224,,
tg,rfd2.0,94803,95150,Gräfin Franziska von Hohenheim.,1,die,ART,der,33224,,
tg,rfd2.0,94803,95150,Gräfin Franziska von Hohenheim.,1,Rolle,NN,rolle,33224,,
tg,rfd2.0,94803,95150,Gräfin Franziska von Hohenheim.,1,des,ART,der,33224,,
tg,rfd2.0,94803,95150,Gräfin Franziska von Hohenheim.,1,Clavigo,NN,clavigo,33224,,
tg,rfd2.0,94803,95150,Gräfin Franziska von Hohenheim.,1,schon,ADV,schon,33224,,
tg,rfd2.0,94803,95150,Gräfin Franziska von Hohenheim.,1,früher,ADV,früh,33224,,
tg,rfd2.0,94803,95150,Gräfin Franziska von Hohenheim.,1,gespielt,VVPP,spielen,33224,,
tg,rfd2.0,94803,95150,Gräfin Franziska von Hohenheim.,1,",","$,",--,33224,,
tg,rfd2.0,94803,95150,Gräfin Franziska von Hohenheim.,1,also,ADV,also,33224,,
tg,rfd2.0,94803,95150,Gräfin Franziska von Hohenheim.,1,inne,ADJD,inne,33224,,
tg,rfd2.0,94803,95150,Gräfin Franziska von Hohenheim.,1,hat,VAFIN,haben,33224,,
tg,rfd2.0,94803,95150,Gräfin Franziska von Hohenheim.,1,",","$,",--,33224,,
tg,rfd2.0,94803,95150,Gräfin Franziska von Hohenheim.,1,und,KON,und,33224,,
tg,rfd2.0,94803,95150,Gräfin Franziska von Hohenheim.,1,weil,KOUS,weil,33224,,
tg,rfd2.0,94803,95150,Gräfin Franziska von Hohenheim.,1,der,ART,der,33224,,
tg,rfd2.0,94803,95150,Gräfin Franziska von Hohenheim.,1,Herzog,NE,herzog,33224,,
tg,rfd2.0,94803,95150,Gräfin Franziska von Hohenheim.,1,die,ART,der,33224,,
tg,rfd2.0,94803,95150,Gräfin Franziska von Hohenheim.,1,Vorstellung,NN,vorstellung,33224,,
tg,rfd2.0,94803,95150,Gräfin Franziska von Hohenheim.,1,rasch,ADJD,rasch,33224,,
tg,rfd2.0,94803,95150,Gräfin Franziska von Hohenheim.,1,ermöglicht,VVFIN,ermöglichen,33224,,
tg,rfd2.0,94803,95150,Gräfin Franziska von Hohenheim.,1,sehen,VVINF,sehen,33224,,
tg,rfd2.0,94803,95150,Gräfin Franziska von Hohenheim.,1,will,VMFIN,wollen,33224,,
tg,rfd2.0,94803,95150,Gräfin Franziska von Hohenheim.,1,–,XY,–,33224,,
tg,rfd2.0,94803,95150,Gräfin Franziska von Hohenheim.,1,diese,PDAT,dieser,33224,,
tg,rfd2.0,94803,95150,Gräfin Franziska von Hohenheim.,1,beiden,PIDAT,beide,33224,,
tg,rfd2.0,94803,95150,Gräfin Franziska von Hohenheim.,1,jungen,ADJA,jung,33224,,
tg,rfd2.0,94803,95150,Gräfin Franziska von Hohenheim.,1,Leute,NN,leute,33224,,
tg,rfd2.0,94803,95150,Gräfin Franziska von Hohenheim.,1,möchten,VMFIN,möchten,33224,,
tg,rfd2.0,94803,95150,Gräfin Franziska von Hohenheim.,1,sich,PRF,sich,33224,,
tg,rfd2.0,94803,95150,Gräfin Franziska von Hohenheim.,1,unmittelbar,ADJD,unmittelbar,33224,,
tg,rfd2.0,94803,95150,Gräfin Franziska von Hohenheim.,1,nach,APPR,nach,33224,,
tg,rfd2.0,94803,95150,Gräfin Franziska von Hohenheim.,1,Schluß,NN,schluß,33224,,
tg,rfd2.0,94803,95150,Gräfin Franziska von Hohenheim.,1,der,ART,der,33224,,
tg,rfd2.0,94803,95150,Gräfin Franziska von Hohenheim.,1,Probe,NN,probe,33224,,
tg,rfd2.0,94803,95150,Gräfin Franziska von Hohenheim.,1,hierher,PROAV,hierher,33224,,
tg,rfd2.0,94803,95150,Gräfin Franziska von Hohenheim.,1,zu,APPR,zu,33224,,
tg,rfd2.0,94803,95150,Gräfin Franziska von Hohenheim.,1,mir,PPER,sich,33224,Gräfin Franziska von Hohenheim.,1
tg,rfd2.0,94803,95150,Gräfin Franziska von Hohenheim.,1,verfügen,VVFIN,verfügen,33224,,
tg,rfd2.0,94803,95150,Gräfin Franziska von Hohenheim.,1,.,$.,--,33224,,
tg,rfd2.0,94803,95150,Gräfin Franziska von Hohenheim.,1,Rieger,NN,rieger,33224,RIEGER,27
tg,rfd2.0,94803,95150,Gräfin Franziska von Hohenheim.,1,erscheint,VVFIN,erscheinen,33224,,
tg,rfd2.0,94803,95150,Gräfin Franziska von Hohenheim.,1,im,APPRART,in,33224,,
tg,rfd2.0,94803,95150,Gräfin Franziska von Hohenheim.,1,Vorzimmer,NN,vorzimmer,33224,,
tg,rfd2.0,94803,95150,Gräfin Franziska von Hohenheim.,1,.,$.,--,33224,,
tg,rfd2.0,95317,95497,Generalin Rieger.,2,Herr,NN,herr,33224,,
tg,rfd2.0,95317,95497,Generalin Rieger.,2,Gott,NN,gott,33224,,
tg,rfd2.0,95317,95497,Generalin Rieger.,2,",","$,",--,33224,,
tg,rfd2.0,95317,95497,Generalin Rieger.,2,da,ADV,da,33224,,
tg,rfd2.0,95317,95497,Generalin Rieger.,2,ist,VAFIN,sein,33224,,
tg,rfd2.0,95317,95497,Generalin Rieger.,2,ja,ADV,ja,33224,,
tg,rfd2.0,95317,95497,Generalin Rieger.,2,mein,PPOSAT,mein,33224,Generalin Rieger.,2
tg,rfd2.0,95317,95497,Generalin Rieger.,2,Alter,NN,alter,33224,,
tg,rfd2.0,95317,95497,Generalin Rieger.,2,–,VVFIN,–,33224,,
tg,rfd2.0,95317,95497,Generalin Rieger.,2,ich,PPER,ich,33224,Generalin Rieger.,2
tg,rfd2.0,95317,95497,Generalin Rieger.,2,erschrecke,VVFIN,erschrecken,33224,,
tg,rfd2.0,95317,95497,Generalin Rieger.,2,immer,ADV,immer,33224,,
tg,rfd2.0,95317,95497,Generalin Rieger.,2,",","$,",--,33224,,
tg,rfd2.0,95317,95497,Generalin Rieger.,2,wenn,KOUS,wenn,33224,,
tg,rfd2.0,95317,95497,Generalin Rieger.,2,ich,PPER,ich,33224,Generalin Rieger.,2
tg,rfd2.0,95317,95497,Generalin Rieger.,2,ihn,PPER,ihn,33224,,
tg,rfd2.0,95317,95497,Generalin Rieger.,2,hier,ADV,hier,33224,,
tg,rfd2.0,95317,95497,Generalin Rieger.,2,im,APPRART,in,33224,,
tg,rfd2.0,95317,95497,Generalin Rieger.,2,Schlosse,NN,schloß,33224,,
tg,rfd2.0,95317,95497,Generalin Rieger.,2,sehe,VVFIN,sehen,33224,,
tg,rfd2.0,95317,95497,Generalin Rieger.,2,;,$.,--,33224,,
tg,rfd2.0,95317,95497,Generalin Rieger.,2,es,PPER,es,33224,,
tg,rfd2.0,95317,95497,Generalin Rieger.,2,ist,VAFIN,sein,33224,,
tg,rfd2.0,95317,95497,Generalin Rieger.,2,gewöhnlich,ADJD,gewöhnlich,33224,,
tg,rfd2.0,95317,95497,Generalin Rieger.,2,ein,ART,ein,33224,,
tg,rfd2.0,95317,95497,Generalin Rieger.,2,Unglück,NN,unglück,33224,,
tg,rfd2.0,95317,95497,Generalin Rieger.,2,im,APPRART,in,33224,,
tg,rfd2.0,95317,95497,Generalin Rieger.,2,Anzuge,NN,anzug,33224,,
tg,rfd2.0,95317,95497,Generalin Rieger.,2,",","$,",--,33224,,
tg,rfd2.0,95317,95497,Generalin Rieger.,2,wenn,KOUS,wenn,33224,,
tg,rfd2.0,95317,95497,Generalin Rieger.,2,er,PPER,er,33224,,
tg,rfd2.0,95317,95497,Generalin Rieger.,2,vom,APPRART,von,33224,,
tg,rfd2.0,95317,95497,Generalin Rieger.,2,Asperge,NN,asperge,33224,,
tg,rfd2.0,95317,95497,Generalin Rieger.,2,heruntersteigt,VVPP,heruntersteigen,33224,,
tg,rfd2.0,95317,95497,Generalin Rieger.,2,.,$.,--,33224,,
tg,rfd2.0,95502,95601,Gräfin Franziska von Hohenheim.,1,General,NN,General,33224,,
tg,rfd2.0,95502,95601,Gräfin Franziska von Hohenheim.,1,Rieger,NN,rieger,33224,RIEGER,27
tg,rfd2.0,95502,95601,Gräfin Franziska von Hohenheim.,1,"!",$.,--,33224,,
tg,rfd2.0,95502,95601,Gräfin Franziska von Hohenheim.,1,Was,PWS,was,33224,,
tg,rfd2.0,95502,95601,Gräfin Franziska von Hohenheim.,1,führt,VVFIN,führen,33224,,
tg,rfd2.0,95502,95601,Gräfin Franziska von Hohenheim.,1,Euch,PPER,euch,33224,,
tg,rfd2.0,95502,95601,Gräfin Franziska von Hohenheim.,1,zum,APPRART,zu,33224,,
tg,rfd2.0,95502,95601,Gräfin Franziska von Hohenheim.,1,späten,ADJA,spät,33224,,
tg,rfd2.0,95502,95601,Gräfin Franziska von Hohenheim.,1,Abende,NN,abend,33224,,
tg,rfd2.0,95502,95601,Gräfin Franziska von Hohenheim.,1,vom,APPRART,von,33224,,
tg,rfd2.0,95502,95601,Gräfin Franziska von Hohenheim.,1,Asperge,NN,asperge,33224,,
tg,rfd2.0,95502,95601,Gräfin Franziska von Hohenheim.,1,herab,ADV,herab,33224,,
tg,rfd2.0,95502,95601,Gräfin Franziska von Hohenheim.,1,nach,APPR,nach,33224,,
tg,rfd2.0,95502,95601,Gräfin Franziska von Hohenheim.,1,Stuttgart,NE,stuttgart,33224,,
tg,rfd2.0,95502,95601,Gräfin Franziska von Hohenheim.,1,?,$.,--,33224,,
tg,rfd2.0,95606,95850,RIEGER,27,Meines,NE,mein,33224,,
tg,rfd2.0,95606,95850,RIEGER,27,Durchlauchtigsten,NN,durchlauchtigst,33224,,
tg,rfd2.0,95606,95850,RIEGER,27,Herrn,NN,herr,33224,,
tg,rfd2.0,95606,95850,RIEGER,27,Befehl,NN,befehl,33224,,
tg,rfd2.0,95606,95850,RIEGER,27,",","$,",--,33224,,
tg,rfd2.0,95606,95850,RIEGER,27,Hochgräfliche,ADJA,hochgräflich,33224,,
tg,rfd2.0,95606,95850,RIEGER,27,Gnaden,NN,gnade,33224,,
tg,rfd2.0,95606,95850,RIEGER,27,.,$.,--,33224,,
tg,rfd2.0,95606,95850,RIEGER,27,Hochderselben,NN,hochderselbe,33224,,
tg,rfd2.0,95606,95850,RIEGER,27,erwartet,VVFIN,erwarten,33224,,
tg,rfd2.0,95606,95850,RIEGER,27,fürnehmen,ADJA,fürnehmen,33224,,
tg,rfd2.0,95606,95850,RIEGER,27,Besuch,NN,besuch,33224,,
tg,rfd2.0,95606,95850,RIEGER,27,aus,APPR,aus,33224,,
tg,rfd2.0,95606,95850,RIEGER,27,fernen,ADJA,fern,33224,,
tg,rfd2.0,95606,95850,RIEGER,27,Landen,VVFIN,lande,33224,,
tg,rfd2.0,95606,95850,RIEGER,27,",","$,",--,33224,,
tg,rfd2.0,95606,95850,RIEGER,27,und,KON,und,33224,,
tg,rfd2.0,95606,95850,RIEGER,27,bei,APPR,bei,33224,,
tg,rfd2.0,95606,95850,RIEGER,27,solcher,PIAT,solcher,33224,,
tg,rfd2.0,95606,95850,RIEGER,27,Gelegenheit,NN,gelegenheit,33224,,
tg,rfd2.0,95606,95850,RIEGER,27,verlangt,VVFIN,verlangen,33224,,
tg,rfd2.0,95606,95850,RIEGER,27,sein,PPOSAT,sein,33224,,
tg,rfd2.0,95606,95850,RIEGER,27,Herz,NN,herz,33224,,
tg,rfd2.0,95606,95850,RIEGER,27,",","$,",--,33224,,
tg,rfd2.0,95606,95850,RIEGER,27,daß,KOUS,daß,33224,,
tg,rfd2.0,95606,95850,RIEGER,27,das,ART,der,33224,,
tg,rfd2.0,95606,95850,RIEGER,27,Haus,NN,haus,33224,,
tg,rfd2.0,95606,95850,RIEGER,27,frisch,ADJD,frisch,33224,,
tg,rfd2.0,95606,95850,RIEGER,27,gesäubert,VVPP,säubern,33224,,
tg,rfd2.0,95606,95850,RIEGER,27,werde,VAFIN,werden,33224,,
tg,rfd2.0,95606,95850,RIEGER,27,von,APPR,von,33224,,
tg,rfd2.0,95606,95850,RIEGER,27,allem,PIS,alle,33224,,
tg,rfd2.0,95606,95850,RIEGER,27,Unrate,NN,unrate,33224,,
tg,rfd2.0,95606,95850,RIEGER,27,der,ART,der,33224,,
tg,rfd2.0,95606,95850,RIEGER,27,Übeltäter,NN,übeltäter,33224,,
tg,rfd2.0,95606,95850,RIEGER,27,.,$.,--,33224,,
tg,rfd2.0,95855,95885,Generalin Rieger.,2,Dacht,NN,dacht,33224,,
tg,rfd2.0,95855,95885,Generalin Rieger.,2,',$[,--,33224,,
tg,rfd2.0,95855,95885,Generalin Rieger.,2,ich's,PPER,ich's,33224,,
tg,rfd2.0,95855,95885,Generalin Rieger.,2,doch,ADV,doch,33224,,
tg,rfd2.0,95855,95885,Generalin Rieger.,2,"!",$.,--,33224,,
tg,rfd2.0,95890,96103,Gräfin Franziska von Hohenheim.,1,Was,PWS,was,33224,,
tg,rfd2.0,95890,96103,Gräfin Franziska von Hohenheim.,1,heißt,VVFIN,heißen,33224,,
tg,rfd2.0,95890,96103,Gräfin Franziska von Hohenheim.,1,das,PDS,der,33224,,
tg,rfd2.0,95890,96103,Gräfin Franziska von Hohenheim.,1,",","$,",--,33224,,
tg,rfd2.0,95890,96103,Gräfin Franziska von Hohenheim.,1,General,NN,General,33224,,
tg,rfd2.0,95890,96103,Gräfin Franziska von Hohenheim.,1,?,$.,--,33224,,
tg,rfd2.0,95890,96103,Gräfin Franziska von Hohenheim.,1,Ihr,PPOSAT,ihr,33224,,
tg,rfd2.0,95890,96103,Gräfin Franziska von Hohenheim.,1,wollt,NN,wollen,33224,,
tg,rfd2.0,95890,96103,Gräfin Franziska von Hohenheim.,1,',$[,--,33224,,
tg,rfd2.0,95890,96103,Gräfin Franziska von Hohenheim.,1,doch,ADV,doch,33224,,
tg,rfd2.0,95890,96103,Gräfin Franziska von Hohenheim.,1,nicht,PTKNEG,nicht,33224,,
tg,rfd2.0,95890,96103,Gräfin Franziska von Hohenheim.,1,Eure,PPER,euer,33224,,
tg,rfd2.0,95890,96103,Gräfin Franziska von Hohenheim.,1,armen,ADJA,arm,33224,,
tg,rfd2.0,95890,96103,Gräfin Franziska von Hohenheim.,1,Gefangenen,NN,gefangener,33224,,
tg,rfd2.0,95890,96103,Gräfin Franziska von Hohenheim.,1,noch,ADV,noch,33224,,
tg,rfd2.0,95890,96103,Gräfin Franziska von Hohenheim.,1,ärger,ADJA,arg,33224,,
tg,rfd2.0,95890,96103,Gräfin Franziska von Hohenheim.,1,mißhandeln,NN,mißhandeln,33224,,
tg,rfd2.0,95890,96103,Gräfin Franziska von Hohenheim.,1,",","$,",--,33224,,
tg,rfd2.0,95890,96103,Gräfin Franziska von Hohenheim.,1,wenn,KOUS,wenn,33224,,
tg,rfd2.0,95890,96103,Gräfin Franziska von Hohenheim.,1,der,ART,der,33224,,
tg,rfd2.0,95890,96103,Gräfin Franziska von Hohenheim.,1,Herzog,NE,herzog,33224,,
tg,rfd2.0,95890,96103,Gräfin Franziska von Hohenheim.,1,Besuch,NN,besuch,33224,,
tg,rfd2.0,95890,96103,Gräfin Franziska von Hohenheim.,1,empfängt,VVFIN,empfangen,33224,,
tg,rfd2.0,95890,96103,Gräfin Franziska von Hohenheim.,1,.,$.,--,33224,,
tg,rfd2.0,95890,96103,Gräfin Franziska von Hohenheim.,1,Mich,PPER,mich,33224,,
tg,rfd2.0,95890,96103,Gräfin Franziska von Hohenheim.,1,dünkt,VVFIN,dünken,33224,,
tg,rfd2.0,95890,96103,Gräfin Franziska von Hohenheim.,1,",","$,",--,33224,,
tg,rfd2.0,95890,96103,Gräfin Franziska von Hohenheim.,1,das,PDS,der,33224,,
tg,rfd2.0,95890,96103,Gräfin Franziska von Hohenheim.,1,wäre,VAFIN,sein,33224,,
tg,rfd2.0,95890,96103,Gräfin Franziska von Hohenheim.,1,eher,ADV,eher,33224,,
tg,rfd2.0,95890,96103,Gräfin Franziska von Hohenheim.,1,ein,ART,ein,33224,,
tg,rfd2.0,95890,96103,Gräfin Franziska von Hohenheim.,1,Grund,NN,grund,33224,,
tg,rfd2.0,95890,96103,Gräfin Franziska von Hohenheim.,1,",","$,",--,33224,,
tg,rfd2.0,95890,96103,Gräfin Franziska von Hohenheim.,1,ihre,PPOSAT,ihr,33224,,
tg,rfd2.0,95890,96103,Gräfin Franziska von Hohenheim.,1,Ketten,NN,kette,33224,,
tg,rfd2.0,95890,96103,Gräfin Franziska von Hohenheim.,1,zu,PTKZU,zu,33224,,
tg,rfd2.0,95890,96103,Gräfin Franziska von Hohenheim.,1,lüften,VVINF,lüften,33224,,
tg,rfd2.0,95890,96103,Gräfin Franziska von Hohenheim.,1,",","$,",--,33224,,
tg,rfd2.0,95890,96103,Gräfin Franziska von Hohenheim.,1,wenn,KOUS,wenn,33224,,
tg,rfd2.0,95890,96103,Gräfin Franziska von Hohenheim.,1,nicht,PTKNEG,nicht,33224,,
tg,rfd2.0,95890,96103,Gräfin Franziska von Hohenheim.,1,zu,PTKZU,zu,33224,,
tg,rfd2.0,95890,96103,Gräfin Franziska von Hohenheim.,1,lösen,VVINF,lösen,33224,,
tg,rfd2.0,95890,96103,Gräfin Franziska von Hohenheim.,1,.,$.,--,33224,,
tg,rfd2.0,96108,96222,RIEGER,27,Die,ART,der,33224,,
tg,rfd2.0,96108,96222,RIEGER,27,Gesangenen,NN,gesangener,33224,,
tg,rfd2.0,96108,96222,RIEGER,27,sind,VAFIN,sein,33224,,
tg,rfd2.0,96108,96222,RIEGER,27,nicht,PTKNEG,nicht,33224,,
tg,rfd2.0,96108,96222,RIEGER,27,arm,ADJD,arm,33224,,
tg,rfd2.0,96108,96222,RIEGER,27,;,$.,--,33224,,
tg,rfd2.0,96108,96222,RIEGER,27,denn,KON,denn,33224,,
tg,rfd2.0,96108,96222,RIEGER,27,das,ART,der,33224,,
tg,rfd2.0,96108,96222,RIEGER,27,Himmelreich,NN,himmelreich,33224,,
tg,rfd2.0,96108,96222,RIEGER,27,steht,VVFIN,stehen,33224,,
tg,rfd2.0,96108,96222,RIEGER,27,ihnen,PPER,ihnen,33224,,
tg,rfd2.0,96108,96222,RIEGER,27,offen,ADJD,offen,33224,,
tg,rfd2.0,96108,96222,RIEGER,27,",","$,",--,33224,,
tg,rfd2.0,96108,96222,RIEGER,27,und,KON,und,33224,,
tg,rfd2.0,96108,96222,RIEGER,27,ein,ART,ein,33224,,
tg,rfd2.0,96108,96222,RIEGER,27,weiser,ADJA,weise,33224,,
tg,rfd2.0,96108,96222,RIEGER,27,Regent,NN,regent,33224,,
tg,rfd2.0,96108,96222,RIEGER,27,ist,VAFIN,sein,33224,,
tg,rfd2.0,96108,96222,RIEGER,27,strenge,ADJA,streng,33224,,
tg,rfd2.0,96108,96222,RIEGER,27,.,$.,--,33224,,
tg,rfd2.0,96227,96258,Generalin Rieger.,2,Das,PDS,der,33224,,
tg,rfd2.0,96227,96258,Generalin Rieger.,2,ist,VAFIN,sein,33224,,
tg,rfd2.0,96227,96258,Generalin Rieger.,2,nicht,PTKNEG,nicht,33224,,
tg,rfd2.0,96227,96258,Generalin Rieger.,2,wahr,ADJD,wahr,33224,,
tg,rfd2.0,96227,96258,Generalin Rieger.,2,"!",$.,--,33224,,
tg,rfd2.0,96263,96300,RIEGER,27,Es,PPER,es,33224,,
tg,rfd2.0,96263,96300,RIEGER,27,ist,VAFIN,sein,33224,,
tg,rfd2.0,96263,96300,RIEGER,27,ein,ART,ein,33224,,
tg,rfd2.0,96263,96300,RIEGER,27,Wort,NN,wort,33224,,
tg,rfd2.0,96263,96300,RIEGER,27,der,ART,der,33224,,
tg,rfd2.0,96263,96300,RIEGER,27,Schrift,NN,schrift,33224,,
tg,rfd2.0,96263,96300,RIEGER,27,.,$.,--,33224,,
tg,rfd2.0,96305,96582,Gräfin Franziska von Hohenheim.,1,Ein,ART,ein,33224,,
tg,rfd2.0,96305,96582,Gräfin Franziska von Hohenheim.,1,weiser,ADJA,weise,33224,,
tg,rfd2.0,96305,96582,Gräfin Franziska von Hohenheim.,1,Regent,NN,regent,33224,,
tg,rfd2.0,96305,96582,Gräfin Franziska von Hohenheim.,1,ist,VAFIN,sein,33224,,
tg,rfd2.0,96305,96582,Gräfin Franziska von Hohenheim.,1,milde,ADJA,milde,33224,,
tg,rfd2.0,96305,96582,Gräfin Franziska von Hohenheim.,1,.,$.,--,33224,,
tg,rfd2.0,96305,96582,Gräfin Franziska von Hohenheim.,1,Ich,PPER,ich,33224,,
tg,rfd2.0,96305,96582,Gräfin Franziska von Hohenheim.,1,wiederhole,VVFIN,wiederholen,33224,,
tg,rfd2.0,96305,96582,Gräfin Franziska von Hohenheim.,1,Euch,PPER,euch,33224,,
tg,rfd2.0,96305,96582,Gräfin Franziska von Hohenheim.,1,.,$.,--,33224,,
tg,rfd2.0,96305,96582,Gräfin Franziska von Hohenheim.,1,General,NN,General,33224,,
tg,rfd2.0,96305,96582,Gräfin Franziska von Hohenheim.,1,",","$,",--,33224,,
tg,rfd2.0,96305,96582,Gräfin Franziska von Hohenheim.,1,was,PWS,was,33224,,
tg,rfd2.0,96305,96582,Gräfin Franziska von Hohenheim.,1,ich,PPER,ich,33224,Gräfin Franziska von Hohenheim.,1
tg,rfd2.0,96305,96582,Gräfin Franziska von Hohenheim.,1,Euch,PPER,euch,33224,,
tg,rfd2.0,96305,96582,Gräfin Franziska von Hohenheim.,1,durch,APPR,durch,33224,,
tg,rfd2.0,96305,96582,Gräfin Franziska von Hohenheim.,1,Eure,NN,euer,33224,,
tg,rfd2.0,96305,96582,Gräfin Franziska von Hohenheim.,1,Frau,NN,frau,33224,,
tg,rfd2.0,96305,96582,Gräfin Franziska von Hohenheim.,1,schon,ADV,schon,33224,,
tg,rfd2.0,96305,96582,Gräfin Franziska von Hohenheim.,1,zu,APPR,zu,33224,,
tg,rfd2.0,96305,96582,Gräfin Franziska von Hohenheim.,1,wiederholten,ADJA,wiederholt,33224,,
tg,rfd2.0,96305,96582,Gräfin Franziska von Hohenheim.,1,Malen,NN,male,33224,,
tg,rfd2.0,96305,96582,Gräfin Franziska von Hohenheim.,1,habe,VAFIN,haben,33224,,
tg,rfd2.0,96305,96582,Gräfin Franziska von Hohenheim.,1,sagen,VVINF,sagen,33224,,
tg,rfd2.0,96305,96582,Gräfin Franziska von Hohenheim.,1,lassen,VVINF,lassen,33224,,
tg,rfd2.0,96305,96582,Gräfin Franziska von Hohenheim.,1,",","$,",--,33224,,
tg,rfd2.0,96305,96582,Gräfin Franziska von Hohenheim.,1,daß,KOUS,daß,33224,,
tg,rfd2.0,96305,96582,Gräfin Franziska von Hohenheim.,1,ich,PPER,ich,33224,Gräfin Franziska von Hohenheim.,1
tg,rfd2.0,96305,96582,Gräfin Franziska von Hohenheim.,1,Eure,NN,euer,33224,,
tg,rfd2.0,96305,96582,Gräfin Franziska von Hohenheim.,1,finstere,ADJA,finster,33224,,
tg,rfd2.0,96305,96582,Gräfin Franziska von Hohenheim.,1,Auslegung,NN,auslegung,33224,,
tg,rfd2.0,96305,96582,Gräfin Franziska von Hohenheim.,1,des,ART,der,33224,,
tg,rfd2.0,96305,96582,Gräfin Franziska von Hohenheim.,1,Christentums,NN,christentum,33224,,
tg,rfd2.0,96305,96582,Gräfin Franziska von Hohenheim.,1,nicht,PTKNEG,nicht,33224,,
tg,rfd2.0,96305,96582,Gräfin Franziska von Hohenheim.,1,gutheißen,VVINF,gutheißen,33224,,
tg,rfd2.0,96305,96582,Gräfin Franziska von Hohenheim.,1,",","$,",--,33224,,
tg,rfd2.0,96305,96582,Gräfin Franziska von Hohenheim.,1,Eure,NN,euer,33224,,
tg,rfd2.0,96305,96582,Gräfin Franziska von Hohenheim.,1,Strenge,NN,strenge,33224,,
tg,rfd2.0,96305,96582,Gräfin Franziska von Hohenheim.,1,gegen,APPR,gegen,33224,,
tg,rfd2.0,96305,96582,Gräfin Franziska von Hohenheim.,1,die,ART,der,33224,,
tg,rfd2.0,96305,96582,Gräfin Franziska von Hohenheim.,1,Gefangenen,NN,gefangener,33224,,
tg,rfd2.0,96305,96582,Gräfin Franziska von Hohenheim.,1,nicht,PTKNEG,nicht,33224,,
tg,rfd2.0,96305,96582,Gräfin Franziska von Hohenheim.,1,loben,VVINF,loben,33224,,
tg,rfd2.0,96305,96582,Gräfin Franziska von Hohenheim.,1,kann,VMFIN,können,33224,,
tg,rfd2.0,96305,96582,Gräfin Franziska von Hohenheim.,1,vor,APPR,vor,33224,,
tg,rfd2.0,96305,96582,Gräfin Franziska von Hohenheim.,1,dem,ART,der,33224,,
tg,rfd2.0,96305,96582,Gräfin Franziska von Hohenheim.,1,Herzoge,NN,herzoge,33224,,
tg,rfd2.0,96305,96582,Gräfin Franziska von Hohenheim.,1,.,$.,--,33224,,
tg,rfd2.0,96587,96635,RIEGER,27,Wen,PWS,wen,33224,,
tg,rfd2.0,96587,96635,RIEGER,27,der,ART,der,33224,,
tg,rfd2.0,96587,96635,RIEGER,27,Herr,NN,herr,33224,,
tg,rfd2.0,96587,96635,RIEGER,27,lieb,NE,leiben,33224,,
tg,rfd2.0,96587,96635,RIEGER,27,hat,VAFIN,haben,33224,,
tg,rfd2.0,96587,96635,RIEGER,27,",","$,",--,33224,,
tg,rfd2.0,96587,96635,RIEGER,27,den,PRELS,der,33224,,
tg,rfd2.0,96587,96635,RIEGER,27,züchtigt,VVFIN,züchtigen,33224,,
tg,rfd2.0,96587,96635,RIEGER,27,er,PPER,er,33224,,
tg,rfd2.0,96587,96635,RIEGER,27,.,$.,--,33224,,
tg,rfd2.0,96640,97739,Gräfin Franziska von Hohenheim.,1,Wollt,NE,wollen,33224,,
tg,rfd2.0,96640,97739,Gräfin Franziska von Hohenheim.,1,Ihr,PPOSAT,ihr,33224,,
tg,rfd2.0,96640,97739,Gräfin Franziska von Hohenheim.,1,wieder,ADV,wieder,33224,,
tg,rfd2.0,96640,97739,Gräfin Franziska von Hohenheim.,1,in,APPR,in,33224,,
tg,rfd2.0,96640,97739,Gräfin Franziska von Hohenheim.,1,Euer,NE,euer,33224,,
tg,rfd2.0,96640,97739,Gräfin Franziska von Hohenheim.,1,unterirdisch,ADJD,unterirdisch,33224,,
tg,rfd2.0,96640,97739,Gräfin Franziska von Hohenheim.,1,Gefängnis,NN,gefängnis,33224,,
tg,rfd2.0,96640,97739,Gräfin Franziska von Hohenheim.,1,zurück,PTKVZ,zurück,33224,,
tg,rfd2.0,96640,97739,Gräfin Franziska von Hohenheim.,1,",","$,",--,33224,,
tg,rfd2.0,96640,97739,Gräfin Franziska von Hohenheim.,1,um,KOUI,um,33224,,
tg,rfd2.0,96640,97739,Gräfin Franziska von Hohenheim.,1,die,ART,der,33224,,
tg,rfd2.0,96640,97739,Gräfin Franziska von Hohenheim.,1,Liebe,NN,liebe,33224,,
tg,rfd2.0,96640,97739,Gräfin Franziska von Hohenheim.,1,des,ART,der,33224,,
tg,rfd2.0,96640,97739,Gräfin Franziska von Hohenheim.,1,Herrn,NN,herr,33224,,
tg,rfd2.0,96640,97739,Gräfin Franziska von Hohenheim.,1,gegen,APPR,gegen,33224,,
tg,rfd2.0,96640,97739,Gräfin Franziska von Hohenheim.,1,Euch,PPER,euch,33224,,
tg,rfd2.0,96640,97739,Gräfin Franziska von Hohenheim.,1,noch,ADV,noch,33224,,
tg,rfd2.0,96640,97739,Gräfin Franziska von Hohenheim.,1,höher,ADJD,hoch,33224,,
tg,rfd2.0,96640,97739,Gräfin Franziska von Hohenheim.,1,zu,PTKZU,zu,33224,,
tg,rfd2.0,96640,97739,Gräfin Franziska von Hohenheim.,1,preisen,VVINF,preisen,33224,,
tg,rfd2.0,96640,97739,Gräfin Franziska von Hohenheim.,1,?,$.,--,33224,,
tg,rfd2.0,96640,97739,Gräfin Franziska von Hohenheim.,1,Seid,NE,sein,33224,,
tg,rfd2.0,96640,97739,Gräfin Franziska von Hohenheim.,1,unbesorgt,VVFIN,unbesorgt,33224,,
tg,rfd2.0,96640,97739,Gräfin Franziska von Hohenheim.,1,",","$,",--,33224,,
tg,rfd2.0,96640,97739,Gräfin Franziska von Hohenheim.,1,ich,PPER,ich,33224,Gräfin Franziska von Hohenheim.,1
tg,rfd2.0,96640,97739,Gräfin Franziska von Hohenheim.,1,bin,VAFIN,sein,33224,,
tg,rfd2.0,96640,97739,Gräfin Franziska von Hohenheim.,1,nicht,PTKNEG,nicht,33224,,
tg,rfd2.0,96640,97739,Gräfin Franziska von Hohenheim.,1,von,APPR,von,33224,,
tg,rfd2.0,96640,97739,Gräfin Franziska von Hohenheim.,1,derjenigen,PDS,derjenig,33224,,
tg,rfd2.0,96640,97739,Gräfin Franziska von Hohenheim.,1,Frömmigkeit,NN,frömmigkeit,33224,,
tg,rfd2.0,96640,97739,Gräfin Franziska von Hohenheim.,1,",","$,",--,33224,,
tg,rfd2.0,96640,97739,Gräfin Franziska von Hohenheim.,1,welche,PWAT,welcher,33224,,
tg,rfd2.0,96640,97739,Gräfin Franziska von Hohenheim.,1,Gott,NN,gott,33224,,
tg,rfd2.0,96640,97739,Gräfin Franziska von Hohenheim.,1,nur,ADV,nur,33224,,
tg,rfd2.0,96640,97739,Gräfin Franziska von Hohenheim.,1,in,APPR,in,33224,,
tg,rfd2.0,96640,97739,Gräfin Franziska von Hohenheim.,1,Leid,NN,leid,33224,,
tg,rfd2.0,96640,97739,Gräfin Franziska von Hohenheim.,1,und,KON,und,33224,,
tg,rfd2.0,96640,97739,Gräfin Franziska von Hohenheim.,1,Trübsal,NN,trübsal,33224,,
tg,rfd2.0,96640,97739,Gräfin Franziska von Hohenheim.,1,sucht,VVFIN,suchen,33224,,
tg,rfd2.0,96640,97739,Gräfin Franziska von Hohenheim.,1,.,$.,--,33224,,
tg,rfd2.0,96640,97739,Gräfin Franziska von Hohenheim.,1,Im,APPRART,in,33224,,
tg,rfd2.0,96640,97739,Gräfin Franziska von Hohenheim.,1,Gegenteile,NN,gegenteil,33224,,
tg,rfd2.0,96640,97739,Gräfin Franziska von Hohenheim.,1,",","$,",--,33224,,
tg,rfd2.0,96640,97739,Gräfin Franziska von Hohenheim.,1,ich,PPER,ich,33224,Gräfin Franziska von Hohenheim.,1
tg,rfd2.0,96640,97739,Gräfin Franziska von Hohenheim.,1,glaube,VVFIN,glauben,33224,,
tg,rfd2.0,96640,97739,Gräfin Franziska von Hohenheim.,1,in,APPR,in,33224,,
tg,rfd2.0,96640,97739,Gräfin Franziska von Hohenheim.,1,Gott,NN,gott,33224,,
tg,rfd2.0,96640,97739,Gräfin Franziska von Hohenheim.,1,zu,PTKZU,zu,33224,,
tg,rfd2.0,96640,97739,Gräfin Franziska von Hohenheim.,1,wandeln,VVINF,wandeln,33224,,
tg,rfd2.0,96640,97739,Gräfin Franziska von Hohenheim.,1,",","$,",--,33224,,
tg,rfd2.0,96640,97739,Gräfin Franziska von Hohenheim.,1,wenn,KOUS,wenn,33224,,
tg,rfd2.0,96640,97739,Gräfin Franziska von Hohenheim.,1,ich,PPER,ich,33224,Gräfin Franziska von Hohenheim.,1
tg,rfd2.0,96640,97739,Gräfin Franziska von Hohenheim.,1,meinen,VVFIN,mein,33224,,
tg,rfd2.0,96640,97739,Gräfin Franziska von Hohenheim.,1,Mitmenschen,NN,mitmensch,33224,,
tg,rfd2.0,96640,97739,Gräfin Franziska von Hohenheim.,1,zu,APPR,zu,33224,,
tg,rfd2.0,96640,97739,Gräfin Franziska von Hohenheim.,1,Zufriedenheit,NN,zufriedenheit,33224,,
tg,rfd2.0,96640,97739,Gräfin Franziska von Hohenheim.,1,und,KON,und,33224,,
tg,rfd2.0,96640,97739,Gräfin Franziska von Hohenheim.,1,Freude,NN,freude,33224,,
tg,rfd2.0,96640,97739,Gräfin Franziska von Hohenheim.,1,verhelfe,VVFIN,verhelfen,33224,,
tg,rfd2.0,96640,97739,Gräfin Franziska von Hohenheim.,1,.,$.,--,33224,,
tg,rfd2.0,96640,97739,Gräfin Franziska von Hohenheim.,1,–,XY,–,33224,,
tg,rfd2.0,96640,97739,Gräfin Franziska von Hohenheim.,1,Deshalb,PROAV,deshalb,33224,,
tg,rfd2.0,96640,97739,Gräfin Franziska von Hohenheim.,1,hab,VAFIN,hab,33224,,
tg,rfd2.0,96640,97739,Gräfin Franziska von Hohenheim.,1,',$[,--,33224,,
tg,rfd2.0,96640,97739,Gräfin Franziska von Hohenheim.,1,ich,PPER,ich,33224,Gräfin Franziska von Hohenheim.,1
tg,rfd2.0,96640,97739,Gräfin Franziska von Hohenheim.,1,die,ART,der,33224,,
tg,rfd2.0,96640,97739,Gräfin Franziska von Hohenheim.,1,Bäbele,NN,bäbele,33224,,
tg,rfd2.0,96640,97739,Gräfin Franziska von Hohenheim.,1,da,ADV,da,33224,,
tg,rfd2.0,96640,97739,Gräfin Franziska von Hohenheim.,1,schon,ADV,schon,33224,,
tg,rfd2.0,96640,97739,Gräfin Franziska von Hohenheim.,1,heruntergeholt,VVPP,herunterholen,33224,,
tg,rfd2.0,96640,97739,Gräfin Franziska von Hohenheim.,1,von,APPR,von,33224,,
tg,rfd2.0,96640,97739,Gräfin Franziska von Hohenheim.,1,Eurer,ADJA,eurer,33224,,
tg,rfd2.0,96640,97739,Gräfin Franziska von Hohenheim.,1,Seite,NN,seite,33224,,
tg,rfd2.0,96640,97739,Gräfin Franziska von Hohenheim.,1,",","$,",--,33224,,
tg,rfd2.0,96640,97739,Gräfin Franziska von Hohenheim.,1,weil,KOUS,weil,33224,,
tg,rfd2.0,96640,97739,Gräfin Franziska von Hohenheim.,1,ihr,PPOSAT,ihr,33224,,
tg,rfd2.0,96640,97739,Gräfin Franziska von Hohenheim.,1,Herz,NN,herz,33224,,
tg,rfd2.0,96640,97739,Gräfin Franziska von Hohenheim.,1,gepeinigt,VVPP,geinigen,33224,,
tg,rfd2.0,96640,97739,Gräfin Franziska von Hohenheim.,1,wurde,VAFIN,werden,33224,,
tg,rfd2.0,96640,97739,Gräfin Franziska von Hohenheim.,1,von,APPR,von,33224,,
tg,rfd2.0,96640,97739,Gräfin Franziska von Hohenheim.,1,Eurer,NE,eurer,33224,,
tg,rfd2.0,96640,97739,Gräfin Franziska von Hohenheim.,1,schwarzen,ADJA,schwarz,33224,,
tg,rfd2.0,96640,97739,Gräfin Franziska von Hohenheim.,1,Lebensfarbe,NN,lebensfarbe,33224,,
tg,rfd2.0,96640,97739,Gräfin Franziska von Hohenheim.,1,",","$,",--,33224,,
tg,rfd2.0,96640,97739,Gräfin Franziska von Hohenheim.,1,und,KON,und,33224,,
tg,rfd2.0,96640,97739,Gräfin Franziska von Hohenheim.,1,die,ART,der,33224,,
tg,rfd2.0,96640,97739,Gräfin Franziska von Hohenheim.,1,Laura,NN,laura,33224,,
tg,rfd2.0,96640,97739,Gräfin Franziska von Hohenheim.,1,desgleichen,ADV,desgleichen,33224,,
tg,rfd2.0,96640,97739,Gräfin Franziska von Hohenheim.,1,",","$,",--,33224,,
tg,rfd2.0,96640,97739,Gräfin Franziska von Hohenheim.,1,und,KON,und,33224,,
tg,rfd2.0,96640,97739,Gräfin Franziska von Hohenheim.,1,ich,PPER,ich,33224,Gräfin Franziska von Hohenheim.,1
tg,rfd2.0,96640,97739,Gräfin Franziska von Hohenheim.,1,werde,VAFIN,werden,33224,,
tg,rfd2.0,96640,97739,Gräfin Franziska von Hohenheim.,1,ihnen,PPER,ihnen,33224,,
tg,rfd2.0,96640,97739,Gräfin Franziska von Hohenheim.,1,den,ART,der,33224,,
tg,rfd2.0,96640,97739,Gräfin Franziska von Hohenheim.,1,Besuch,NN,besuch,33224,,
tg,rfd2.0,96640,97739,Gräfin Franziska von Hohenheim.,1,bei,APPR,bei,33224,,
tg,rfd2.0,96640,97739,Gräfin Franziska von Hohenheim.,1,Euch,PPER,euch,33224,,
tg,rfd2.0,96640,97739,Gräfin Franziska von Hohenheim.,1,oben,ADV,oben,33224,,
tg,rfd2.0,96640,97739,Gräfin Franziska von Hohenheim.,1,ganz,ADV,ganz,33224,,
tg,rfd2.0,96640,97739,Gräfin Franziska von Hohenheim.,1,untersagen,VVINF,untersagen,33224,,
tg,rfd2.0,96640,97739,Gräfin Franziska von Hohenheim.,1,",","$,",--,33224,,
tg,rfd2.0,96640,97739,Gräfin Franziska von Hohenheim.,1,wenn,KOUS,wenn,33224,,
tg,rfd2.0,96640,97739,Gräfin Franziska von Hohenheim.,1,Ihr,PPOSAT,ihr,33224,,
tg,rfd2.0,96640,97739,Gräfin Franziska von Hohenheim.,1,fortfahrt,NN,fortfahren,33224,,
tg,rfd2.0,96640,97739,Gräfin Franziska von Hohenheim.,1,",","$,",--,33224,,
tg,rfd2.0,96640,97739,Gräfin Franziska von Hohenheim.,1,die,ART,der,33224,,
tg,rfd2.0,96640,97739,Gräfin Franziska von Hohenheim.,1,Trockenheit,NN,trockenheit,33224,,
tg,rfd2.0,96640,97739,Gräfin Franziska von Hohenheim.,1,Eures,ADJA,dein,33224,,
tg,rfd2.0,96640,97739,Gräfin Franziska von Hohenheim.,1,Herzens,NN,Herz,33224,,
tg,rfd2.0,96640,97739,Gräfin Franziska von Hohenheim.,1,für,APPR,für,33224,,
tg,rfd2.0,96640,97739,Gräfin Franziska von Hohenheim.,1,eine,ART,ein,33224,,
tg,rfd2.0,96640,97739,Gräfin Franziska von Hohenheim.,1,Gottseligkeit,NN,gottseligkeit,33224,,
tg,rfd2.0,96640,97739,Gräfin Franziska von Hohenheim.,1,auszugeben,VVIZU,ausgeben,33224,,
tg,rfd2.0,96640,97739,Gräfin Franziska von Hohenheim.,1,",","$,",--,33224,,
tg,rfd2.0,96640,97739,Gräfin Franziska von Hohenheim.,1,wenn,KOUS,wenn,33224,,
tg,rfd2.0,96640,97739,Gräfin Franziska von Hohenheim.,1,Ihr,PPOSAT,ihr,33224,,
tg,rfd2.0,96640,97739,Gräfin Franziska von Hohenheim.,1,fortfahrt,NN,fortfahren,33224,,
tg,rfd2.0,96640,97739,Gräfin Franziska von Hohenheim.,1,",","$,",--,33224,,
tg,rfd2.0,96640,97739,Gräfin Franziska von Hohenheim.,1,die,ART,der,33224,,
tg,rfd2.0,96640,97739,Gräfin Franziska von Hohenheim.,1,armen,ADJA,arm,33224,,
tg,rfd2.0,96640,97739,Gräfin Franziska von Hohenheim.,1,Gefangenen,NN,gefangener,33224,,
tg,rfd2.0,96640,97739,Gräfin Franziska von Hohenheim.,1,mit,APPR,mit,33224,,
tg,rfd2.0,96640,97739,Gräfin Franziska von Hohenheim.,1,verkehrt,VVPP,verkehren,33224,,
tg,rfd2.0,96640,97739,Gräfin Franziska von Hohenheim.,1,gedeuteten,ADJA,gedeutet,33224,,
tg,rfd2.0,96640,97739,Gräfin Franziska von Hohenheim.,1,Bibelsprüchen,NN,bibelspruch,33224,,
tg,rfd2.0,96640,97739,Gräfin Franziska von Hohenheim.,1,in,APPR,in,33224,,
tg,rfd2.0,96640,97739,Gräfin Franziska von Hohenheim.,1,Verzweiflung,NN,verzweiflung,33224,,
tg,rfd2.0,96640,97739,Gräfin Franziska von Hohenheim.,1,zu,PTKZU,zu,33224,,
tg,rfd2.0,96640,97739,Gräfin Franziska von Hohenheim.,1,bringen,VVINF,bringen,33224,,
tg,rfd2.0,96640,97739,Gräfin Franziska von Hohenheim.,1,.,$.,--,33224,,
tg,rfd2.0,96640,97739,Gräfin Franziska von Hohenheim.,1,–,XY,–,33224,,
tg,rfd2.0,96640,97739,Gräfin Franziska von Hohenheim.,1,Das,PDS,der,33224,,
tg,rfd2.0,96640,97739,Gräfin Franziska von Hohenheim.,1,merkt,VVFIN,merken,33224,,
tg,rfd2.0,96640,97739,Gräfin Franziska von Hohenheim.,1,Euch,PPER,euch,33224,,
tg,rfd2.0,96640,97739,Gräfin Franziska von Hohenheim.,1,"!",$.,--,33224,,
tg,rfd2.0,96640,97739,Gräfin Franziska von Hohenheim.,1,Wenn,KOUS,wenn,33224,,
tg,rfd2.0,96640,97739,Gräfin Franziska von Hohenheim.,1,der,ART,der,33224,,
tg,rfd2.0,96640,97739,Gräfin Franziska von Hohenheim.,1,Herzog,NE,herzog,33224,,
tg,rfd2.0,96640,97739,Gräfin Franziska von Hohenheim.,1,auch,ADV,auch,33224,,
tg,rfd2.0,96640,97739,Gräfin Franziska von Hohenheim.,1,leider,ADV,leider,33224,,
tg,rfd2.0,96640,97739,Gräfin Franziska von Hohenheim.,1,Kerkermeister,NN,kerkermeister,33224,,
tg,rfd2.0,96640,97739,Gräfin Franziska von Hohenheim.,1,braucht,VVFIN,brauchen,33224,,
tg,rfd2.0,96640,97739,Gräfin Franziska von Hohenheim.,1,",","$,",--,33224,,
tg,rfd2.0,96640,97739,Gräfin Franziska von Hohenheim.,1,so,ADV,so,33224,,
tg,rfd2.0,96640,97739,Gräfin Franziska von Hohenheim.,1,hat,VAFIN,haben,33224,,
tg,rfd2.0,96640,97739,Gräfin Franziska von Hohenheim.,1,er,PPER,er,33224,,
tg,rfd2.0,96640,97739,Gräfin Franziska von Hohenheim.,1,doch,ADV,doch,33224,,
tg,rfd2.0,96640,97739,Gräfin Franziska von Hohenheim.,1,ein,ART,ein,33224,,
tg,rfd2.0,96640,97739,Gräfin Franziska von Hohenheim.,1,zu,PTKZU,zu,33224,,
tg,rfd2.0,96640,97739,Gräfin Franziska von Hohenheim.,1,edles,ADJA,edl,33224,,
tg,rfd2.0,96640,97739,Gräfin Franziska von Hohenheim.,1,Herz,NN,herz,33224,,
tg,rfd2.0,96640,97739,Gräfin Franziska von Hohenheim.,1,",","$,",--,33224,,
tg,rfd2.0,96640,97739,Gräfin Franziska von Hohenheim.,1,um,KOUI,um,33224,,
tg,rfd2.0,96640,97739,Gräfin Franziska von Hohenheim.,1,nicht,PTKNEG,nicht,33224,,
tg,rfd2.0,96640,97739,Gräfin Franziska von Hohenheim.,1,wenigstens,ADV,wenigstens,33224,,
tg,rfd2.0,96640,97739,Gräfin Franziska von Hohenheim.,1,in,APPR,in,33224,,
tg,rfd2.0,96640,97739,Gräfin Franziska von Hohenheim.,1,der,ART,der,33224,,
tg,rfd2.0,96640,97739,Gräfin Franziska von Hohenheim.,1,Wahl,NN,wahl,33224,,
tg,rfd2.0,96640,97739,Gräfin Franziska von Hohenheim.,1,des,ART,der,33224,,
tg,rfd2.0,96640,97739,Gräfin Franziska von Hohenheim.,1,Kerkermeisters,NN,kerkermeister,33224,,
tg,rfd2.0,96640,97739,Gräfin Franziska von Hohenheim.,1,auf,APPR,auf,33224,,
tg,rfd2.0,96640,97739,Gräfin Franziska von Hohenheim.,1,den,ART,der,33224,,
tg,rfd2.0,96640,97739,Gräfin Franziska von Hohenheim.,1,menschlichen,ADJA,menschlich,33224,,
tg,rfd2.0,96640,97739,Gräfin Franziska von Hohenheim.,1,Rat,NN,Rat,33224,,
tg,rfd2.0,96640,97739,Gräfin Franziska von Hohenheim.,1,seines,PPOSAT,sein,33224,,
tg,rfd2.0,96640,97739,Gräfin Franziska von Hohenheim.,1,Weibes,NN,weibe,33224,,
tg,rfd2.0,96640,97739,Gräfin Franziska von Hohenheim.,1,zu,PTKZU,zu,33224,,
tg,rfd2.0,96640,97739,Gräfin Franziska von Hohenheim.,1,hören,VVINF,hören,33224,,
tg,rfd2.0,96640,97739,Gräfin Franziska von Hohenheim.,1,.,$.,--,33224,,
tg,rfd2.0,96640,97739,Gräfin Franziska von Hohenheim.,1,Sie,PPER,sie,33224,,
tg,rfd2.0,96640,97739,Gräfin Franziska von Hohenheim.,1,ist,VAFIN,sein,33224,,
tg,rfd2.0,96640,97739,Gräfin Franziska von Hohenheim.,1,entrüstet,VVPP,entrüsten,33224,,
tg,rfd2.0,96640,97739,Gräfin Franziska von Hohenheim.,1,hin,PTKVZ,hin,33224,,
tg,rfd2.0,96640,97739,Gräfin Franziska von Hohenheim.,1,und,KON,und,33224,,
tg,rfd2.0,96640,97739,Gräfin Franziska von Hohenheim.,1,her,APZR,her,33224,,
tg,rfd2.0,96640,97739,Gräfin Franziska von Hohenheim.,1,gegangen,VVPP,gehen,33224,,
tg,rfd2.0,96640,97739,Gräfin Franziska von Hohenheim.,1,und,KON,und,33224,,
tg,rfd2.0,96640,97739,Gräfin Franziska von Hohenheim.,1,setzt,VVFIN,setzen,33224,,
tg,rfd2.0,96640,97739,Gräfin Franziska von Hohenheim.,1,sich,PRF,sich,33224,,
tg,rfd2.0,96640,97739,Gräfin Franziska von Hohenheim.,1,aufs,APPRART,auf,33224,,
tg,rfd2.0,96640,97739,Gräfin Franziska von Hohenheim.,1,Sofa,NN,sofa,33224,,
tg,rfd2.0,96640,97739,Gräfin Franziska von Hohenheim.,1,.,$.,--,33224,,
tg,rfd2.0,96640,97739,Gräfin Franziska von Hohenheim.,1,Laura,NE,laura,33224,,
tg,rfd2.0,96640,97739,Gräfin Franziska von Hohenheim.,1,geht,VVFIN,gehen,33224,,
tg,rfd2.0,96640,97739,Gräfin Franziska von Hohenheim.,1,hin,ADV,hin,33224,,
tg,rfd2.0,96640,97739,Gräfin Franziska von Hohenheim.,1,zu,APPR,zu,33224,,
tg,rfd2.0,96640,97739,Gräfin Franziska von Hohenheim.,1,ihr,PPOSAT,ihr,33224,,
tg,rfd2.0,96640,97739,Gräfin Franziska von Hohenheim.,1,und,KON,und,33224,,
tg,rfd2.0,96640,97739,Gräfin Franziska von Hohenheim.,1,küßt,VVFIN,küssen,33224,,
tg,rfd2.0,96640,97739,Gräfin Franziska von Hohenheim.,1,ihr,PPER,ihr,33224,,
tg,rfd2.0,96640,97739,Gräfin Franziska von Hohenheim.,1,die,ART,der,33224,,
tg,rfd2.0,96640,97739,Gräfin Franziska von Hohenheim.,1,Hand,NN,hand,33224,,
tg,rfd2.0,96640,97739,Gräfin Franziska von Hohenheim.,1,.,$.,--,33224,,
tg,rfd2.0,96640,97739,Gräfin Franziska von Hohenheim.,1,–,XY,–,33224,,
tg,rfd2.0,96640,97739,Gräfin Franziska von Hohenheim.,1,Pause,NN,pause,33224,,
tg,rfd2.0,96640,97739,Gräfin Franziska von Hohenheim.,1,.,$.,--,33224,,
tg,rfd2.0,97745,97781,Generalin Rieger.,2,Das,PDS,der,33224,,
tg,rfd2.0,97745,97781,Generalin Rieger.,2,ist,VAFIN,sein,33224,,
tg,rfd2.0,97745,97781,Generalin Rieger.,2,ihm,PPER,ihm,33224,,
tg,rfd2.0,97745,97781,Generalin Rieger.,2,schon,ADV,schon,33224,,
tg,rfd2.0,97745,97781,Generalin Rieger.,2,recht,ADV,recht,33224,,
tg,rfd2.0,97745,97781,Generalin Rieger.,2,.,$.,--,33224,,
tg,rfd2.0,97786,97884,Gräfin Franziska von Hohenheim.,1,Was,PWS,was,33224,,
tg,rfd2.0,97786,97884,Gräfin Franziska von Hohenheim.,1,habt,VAFIN,haben,33224,,
tg,rfd2.0,97786,97884,Gräfin Franziska von Hohenheim.,1,Ihr,PPOSAT,ihr,33224,,
tg,rfd2.0,97786,97884,Gräfin Franziska von Hohenheim.,1,denn,KON,denn,33224,,
tg,rfd2.0,97786,97884,Gräfin Franziska von Hohenheim.,1,wieder,ADV,wieder,33224,,
tg,rfd2.0,97786,97884,Gräfin Franziska von Hohenheim.,1,anzuklagen,VVIZU,anklagen,33224,,
tg,rfd2.0,97786,97884,Gräfin Franziska von Hohenheim.,1,?,$.,--,33224,,
tg,rfd2.0,97786,97884,Gräfin Franziska von Hohenheim.,1,Es,PPER,es,33224,,
tg,rfd2.0,97786,97884,Gräfin Franziska von Hohenheim.,1,betrifft,VVFIN,betreffen,33224,,
tg,rfd2.0,97786,97884,Gräfin Franziska von Hohenheim.,1,wohl,ADV,wohl,33224,,
tg,rfd2.0,97786,97884,Gräfin Franziska von Hohenheim.,1,wieder,ADV,wieder,33224,,
tg,rfd2.0,97786,97884,Gräfin Franziska von Hohenheim.,1,den,ART,der,33224,,
tg,rfd2.0,97786,97884,Gräfin Franziska von Hohenheim.,1,unglückseligen,ADJA,unglückselig,33224,,
tg,rfd2.0,97786,97884,Gräfin Franziska von Hohenheim.,1,Schubart,NN,schubart,33224,,
tg,rfd2.0,97786,97884,Gräfin Franziska von Hohenheim.,1,?,$.,--,33224,,
tg,rfd2.0,97889,97923,"Laura, deren Pflegetochter.",3,Mein,PPOSAT,mein,33224,,
tg,rfd2.0,97889,97923,"Laura, deren Pflegetochter.",3,unglücklicher,ADJA,unglücklich,33224,,
tg,rfd2.0,97889,97923,"Laura, deren Pflegetochter.",3,Lehrer,NN,lehrer,33224,,
tg,rfd2.0,97889,97923,"Laura, deren Pflegetochter.",3,"!",$.,--,33224,,
tg,rfd2.0,97928,98029,Gräfin Franziska von Hohenheim.,1,Ist,VAFIN,sein,33224,,
tg,rfd2.0,97928,98029,Gräfin Franziska von Hohenheim.,1,er,PPER,er,33224,,
tg,rfd2.0,97928,98029,Gräfin Franziska von Hohenheim.,1,noch,ADV,noch,33224,,
tg,rfd2.0,97928,98029,Gräfin Franziska von Hohenheim.,1,nicht,PTKNEG,nicht,33224,,
tg,rfd2.0,97928,98029,Gräfin Franziska von Hohenheim.,1,genug,ADV,genug,33224,,
tg,rfd2.0,97928,98029,Gräfin Franziska von Hohenheim.,1,gepeinigt,VVPP,peinigen,33224,,
tg,rfd2.0,97928,98029,Gräfin Franziska von Hohenheim.,1,?,$.,--,33224,,
tg,rfd2.0,97928,98029,Gräfin Franziska von Hohenheim.,1,Hat,VAFIN,haben,33224,,
tg,rfd2.0,97928,98029,Gräfin Franziska von Hohenheim.,1,er,PPER,er,33224,,
tg,rfd2.0,97928,98029,Gräfin Franziska von Hohenheim.,1,zu,APPR,zu,33224,,
tg,rfd2.0,97928,98029,Gräfin Franziska von Hohenheim.,1,seufzen,ADJA,seufzen,33224,,
tg,rfd2.0,97928,98029,Gräfin Franziska von Hohenheim.,1,gewagt,ADJD,wagen,33224,,
tg,rfd2.0,97928,98029,Gräfin Franziska von Hohenheim.,1,über,APPR,über,33224,,
tg,rfd2.0,97928,98029,Gräfin Franziska von Hohenheim.,1,so,ADV,so,33224,,
tg,rfd2.0,97928,98029,Gräfin Franziska von Hohenheim.,1,schreckliches,ADJA,schrecklich,33224,,
tg,rfd2.0,97928,98029,Gräfin Franziska von Hohenheim.,1,Schicksal,NN,schicksal,33224,,
tg,rfd2.0,97928,98029,Gräfin Franziska von Hohenheim.,1,?,$.,--,33224,,
tg,rfd2.0,98034,98349,RIEGER,27,Er,PPER,er,33224,,
tg,rfd2.0,98034,98349,RIEGER,27,hat,VAFIN,haben,33224,,
tg,rfd2.0,98034,98349,RIEGER,27,es,PPER,es,33224,,
tg,rfd2.0,98034,98349,RIEGER,27,endlich,ADV,endlich,33224,,
tg,rfd2.0,98034,98349,RIEGER,27,verlernt,VVPP,verlernen,33224,,
tg,rfd2.0,98034,98349,RIEGER,27,",","$,",--,33224,,
tg,rfd2.0,98034,98349,RIEGER,27,wieder,ADV,wieder,33224,,
tg,rfd2.0,98034,98349,RIEGER,27,den,ART,der,33224,,
tg,rfd2.0,98034,98349,RIEGER,27,Stachel,NN,stachel,33224,,
tg,rfd2.0,98034,98349,RIEGER,27,zu,PTKZU,zu,33224,,
tg,rfd2.0,98034,98349,RIEGER,27,löken,VVINF,löken,33224,,
tg,rfd2.0,98034,98349,RIEGER,27,.,$.,--,33224,,
tg,rfd2.0,98034,98349,RIEGER,27,Die,ART,der,33224,,
tg,rfd2.0,98034,98349,RIEGER,27,Gnade,NN,gnade,33224,,
tg,rfd2.0,98034,98349,RIEGER,27,des,ART,der,33224,,
tg,rfd2.0,98034,98349,RIEGER,27,Herrn,NN,herr,33224,,
tg,rfd2.0,98034,98349,RIEGER,27,ist,VAFIN,sein,33224,,
tg,rfd2.0,98034,98349,RIEGER,27,ihm,PPER,ihm,33224,,
tg,rfd2.0,98034,98349,RIEGER,27,aufgegangen,VVPP,aufgehen,33224,,
tg,rfd2.0,98034,98349,RIEGER,27,in,APPR,in,33224,,
tg,rfd2.0,98034,98349,RIEGER,27,der,ART,der,33224,,
tg,rfd2.0,98034,98349,RIEGER,27,Finsternis,NN,finsternis,33224,,
tg,rfd2.0,98034,98349,RIEGER,27,des,ART,der,33224,,
tg,rfd2.0,98034,98349,RIEGER,27,Kerkers,NN,kerker,33224,,
tg,rfd2.0,98034,98349,RIEGER,27,;,$.,--,33224,,
tg,rfd2.0,98034,98349,RIEGER,27,aber,KON,aber,33224,,
tg,rfd2.0,98034,98349,RIEGER,27,die,ART,der,33224,,
tg,rfd2.0,98034,98349,RIEGER,27,Jugend,NN,jugend,33224,,
tg,rfd2.0,98034,98349,RIEGER,27,hier,ADV,hier,33224,,
tg,rfd2.0,98034,98349,RIEGER,27,unten,ADV,unten,33224,,
tg,rfd2.0,98034,98349,RIEGER,27,mißkennt,VVFIN,mißkennen,33224,,
tg,rfd2.0,98034,98349,RIEGER,27,und,KON,und,33224,,
tg,rfd2.0,98034,98349,RIEGER,27,mißdeutet,VVFIN,mißdeuten,33224,,
tg,rfd2.0,98034,98349,RIEGER,27,seinen,PPOSAT,sein,33224,,
tg,rfd2.0,98034,98349,RIEGER,27,Zustand,NN,zustand,33224,,
tg,rfd2.0,98034,98349,RIEGER,27,der,ART,der,33224,,
tg,rfd2.0,98034,98349,RIEGER,27,Gnade,NN,gnade,33224,,
tg,rfd2.0,98034,98349,RIEGER,27,.,$.,--,33224,,
tg,rfd2.0,98034,98349,RIEGER,27,Von,APPR,von,33224,,
tg,rfd2.0,98034,98349,RIEGER,27,dieser,PDAT,dieser,33224,,
tg,rfd2.0,98034,98349,RIEGER,27,Jugend,NN,jugend,33224,,
tg,rfd2.0,98034,98349,RIEGER,27,hab,VAFIN,hab,33224,,
tg,rfd2.0,98034,98349,RIEGER,27,',$[,--,33224,,
tg,rfd2.0,98034,98349,RIEGER,27,ich,PPER,ich,33224,RIEGER,27
tg,rfd2.0,98034,98349,RIEGER,27,einen,ART,ein,33224,,
tg,rfd2.0,98034,98349,RIEGER,27,anzuklagen,ADJA,anklagen,33224,,
tg,rfd2.0,98034,98349,RIEGER,27,",","$,",--,33224,,
tg,rfd2.0,98034,98349,RIEGER,27,wenn,KOUS,wenn,33224,,
tg,rfd2.0,98034,98349,RIEGER,27,mein,PPOSAT,mein,33224,RIEGER,27
tg,rfd2.0,98034,98349,RIEGER,27,irdischer,ADJA,irdisch,33224,,
tg,rfd2.0,98034,98349,RIEGER,27,Herr,NN,herr,33224,,
tg,rfd2.0,98034,98349,RIEGER,27,das,ART,der,33224,,
tg,rfd2.0,98034,98349,RIEGER,27,Schloß,NN,schloß,33224,,
tg,rfd2.0,98034,98349,RIEGER,27,meines,PPOSAT,mein,33224,RIEGER,27
tg,rfd2.0,98034,98349,RIEGER,27,Mundes,NN,mund,33224,,
tg,rfd2.0,98034,98349,RIEGER,27,öffnet,VVFIN,öffnen,33224,,
tg,rfd2.0,98034,98349,RIEGER,27,.,$.,--,33224,,
tg,rfd2.0,98354,98380,Gräfin Franziska von Hohenheim.,1,Wen,PWS,wen,33224,,
tg,rfd2.0,98354,98380,Gräfin Franziska von Hohenheim.,1,?,$.,--,33224,,
tg,rfd2.0,98385,98452,Generalin Rieger.,2,Rieger,NN,rieger,33224,RIEGER,27
tg,rfd2.0,98385,98452,Generalin Rieger.,2,"!",$.,--,33224,,
tg,rfd2.0,98385,98452,Generalin Rieger.,2,Schon,ADV,schon,33224,,
tg,rfd2.0,98385,98452,Generalin Rieger.,2,wieder,ADV,wieder,33224,,
tg,rfd2.0,98385,98452,Generalin Rieger.,2,einen,ART,ein,33224,,
tg,rfd2.0,98385,98452,Generalin Rieger.,2,Menschen,NN,mensch,33224,,
tg,rfd2.0,98385,98452,Generalin Rieger.,2,unglücklich,ADJD,unglücklich,33224,,
tg,rfd2.0,98385,98452,Generalin Rieger.,2,machen,VVINF,machen,33224,,
tg,rfd2.0,98385,98452,Generalin Rieger.,2,"!",$.,--,33224,,
tg,rfd2.0,98457,98876,Gräfin Franziska von Hohenheim.,1,Rieger,NN,rieger,33224,RIEGER,27
tg,rfd2.0,98457,98876,Gräfin Franziska von Hohenheim.,1,"!",$.,--,33224,,
tg,rfd2.0,98457,98876,Gräfin Franziska von Hohenheim.,1,Ihr,PPOSAT,ihr,33224,,
tg,rfd2.0,98457,98876,Gräfin Franziska von Hohenheim.,1,habt,VAFIN,haben,33224,,
tg,rfd2.0,98457,98876,Gräfin Franziska von Hohenheim.,1,das,ART,der,33224,,
tg,rfd2.0,98457,98876,Gräfin Franziska von Hohenheim.,1,schrecklichste,ADJA,schrecklich,33224,,
tg,rfd2.0,98457,98876,Gräfin Franziska von Hohenheim.,1,Los,NN,los,33224,,
tg,rfd2.0,98457,98876,Gräfin Franziska von Hohenheim.,1,eines,ART,ein,33224,,
tg,rfd2.0,98457,98876,Gräfin Franziska von Hohenheim.,1,Menschen,NN,mensch,33224,,
tg,rfd2.0,98457,98876,Gräfin Franziska von Hohenheim.,1,erfahren,VVINF,erfahren,33224,,
tg,rfd2.0,98457,98876,Gräfin Franziska von Hohenheim.,1,"!",$.,--,33224,,
tg,rfd2.0,98457,98876,Gräfin Franziska von Hohenheim.,1,Von,APPR,von,33224,,
tg,rfd2.0,98457,98876,Gräfin Franziska von Hohenheim.,1,diesem,PDAT,dieser,33224,,
tg,rfd2.0,98457,98876,Gräfin Franziska von Hohenheim.,1,Schlosse,NN,schloß,33224,,
tg,rfd2.0,98457,98876,Gräfin Franziska von Hohenheim.,1,aus,APPR,aus,33224,,
tg,rfd2.0,98457,98876,Gräfin Franziska von Hohenheim.,1,habt,VAFIN,haben,33224,,
tg,rfd2.0,98457,98876,Gräfin Franziska von Hohenheim.,1,Ihr,PPOSAT,ihr,33224,,
tg,rfd2.0,98457,98876,Gräfin Franziska von Hohenheim.,1,einst,ADV,einst,33224,,
tg,rfd2.0,98457,98876,Gräfin Franziska von Hohenheim.,1,Württemberg,NE,württemberg,33224,,
tg,rfd2.0,98457,98876,Gräfin Franziska von Hohenheim.,1,beherrscht,VVFIN,beherrschen,33224,,
tg,rfd2.0,98457,98876,Gräfin Franziska von Hohenheim.,1,",","$,",--,33224,,
tg,rfd2.0,98457,98876,Gräfin Franziska von Hohenheim.,1,bis,APPR,bis,33224,,
tg,rfd2.0,98457,98876,Gräfin Franziska von Hohenheim.,1,Eure,NN,euer,33224,,
tg,rfd2.0,98457,98876,Gräfin Franziska von Hohenheim.,1,Feinde,NN,feind,33224,,
tg,rfd2.0,98457,98876,Gräfin Franziska von Hohenheim.,1,Euch,PPER,euch,33224,,
tg,rfd2.0,98457,98876,Gräfin Franziska von Hohenheim.,1,schmählich,ADJD,schmählich,33224,,
tg,rfd2.0,98457,98876,Gräfin Franziska von Hohenheim.,1,zu,APPR,zu,33224,,
tg,rfd2.0,98457,98876,Gräfin Franziska von Hohenheim.,1,Boden,NN,boden,33224,,
tg,rfd2.0,98457,98876,Gräfin Franziska von Hohenheim.,1,und,KON,und,33224,,
tg,rfd2.0,98457,98876,Gräfin Franziska von Hohenheim.,1,in,APPR,in,33224,,
tg,rfd2.0,98457,98876,Gräfin Franziska von Hohenheim.,1,den,ART,der,33224,,
tg,rfd2.0,98457,98876,Gräfin Franziska von Hohenheim.,1,tiefsten,ADJA,tief,33224,,
tg,rfd2.0,98457,98876,Gräfin Franziska von Hohenheim.,1,Kerker,NN,kerker,33224,,
tg,rfd2.0,98457,98876,Gräfin Franziska von Hohenheim.,1,warfen,VVFIN,werfen,33224,,
tg,rfd2.0,98457,98876,Gräfin Franziska von Hohenheim.,1,;,$.,--,33224,,
tg,rfd2.0,98457,98876,Gräfin Franziska von Hohenheim.,1,in,APPR,in,33224,,
tg,rfd2.0,98457,98876,Gräfin Franziska von Hohenheim.,1,grauenvoller,ADJA,grauenvoll,33224,,
tg,rfd2.0,98457,98876,Gräfin Franziska von Hohenheim.,1,Gefangenschaft,NN,gefangenschaft,33224,,
tg,rfd2.0,98457,98876,Gräfin Franziska von Hohenheim.,1,habt,VAFIN,haben,33224,,
tg,rfd2.0,98457,98876,Gräfin Franziska von Hohenheim.,1,Ihr,PPOSAT,ihr,33224,,
tg,rfd2.0,98457,98876,Gräfin Franziska von Hohenheim.,1,jahrelang,ADJD,jahrelang,33224,,
tg,rfd2.0,98457,98876,Gräfin Franziska von Hohenheim.,1,geschmachtet,VVPP,gesmachten,33224,,
tg,rfd2.0,98457,98876,Gräfin Franziska von Hohenheim.,1,",","$,",--,33224,,
tg,rfd2.0,98457,98876,Gräfin Franziska von Hohenheim.,1,ärger,ADJA,arg,33224,,
tg,rfd2.0,98457,98876,Gräfin Franziska von Hohenheim.,1,geschmachtet,VVPP,schmachten,33224,,
tg,rfd2.0,98457,98876,Gräfin Franziska von Hohenheim.,1,als,KOKOM,als,33224,,
tg,rfd2.0,98457,98876,Gräfin Franziska von Hohenheim.,1,das,ART,der,33224,,
tg,rfd2.0,98457,98876,Gräfin Franziska von Hohenheim.,1,verworfenste,ADJA,verworfenst,33224,,
tg,rfd2.0,98457,98876,Gräfin Franziska von Hohenheim.,1,Geschöpf,NN,geschöpf,33224,,
tg,rfd2.0,98457,98876,Gräfin Franziska von Hohenheim.,1,–,XY,–,33224,,
tg,rfd2.0,98457,98876,Gräfin Franziska von Hohenheim.,1,hat,VAFIN,haben,33224,,
tg,rfd2.0,98457,98876,Gräfin Franziska von Hohenheim.,1,Euch,PPER,euch,33224,,
tg,rfd2.0,98457,98876,Gräfin Franziska von Hohenheim.,1,so,ADV,so,33224,,
tg,rfd2.0,98457,98876,Gräfin Franziska von Hohenheim.,1,schreckliche,ADJA,schrecklich,33224,,
tg,rfd2.0,98457,98876,Gräfin Franziska von Hohenheim.,1,Erfahrung,NN,erfahrung,33224,,
tg,rfd2.0,98457,98876,Gräfin Franziska von Hohenheim.,1,nicht,PTKNEG,nicht,33224,,
tg,rfd2.0,98457,98876,Gräfin Franziska von Hohenheim.,1,gelehrt,VVPP,lehren,33224,,
tg,rfd2.0,98457,98876,Gräfin Franziska von Hohenheim.,1,",","$,",--,33224,,
tg,rfd2.0,98457,98876,Gräfin Franziska von Hohenheim.,1,daß,KOUS,daß,33224,,
tg,rfd2.0,98457,98876,Gräfin Franziska von Hohenheim.,1,der,ART,der,33224,,
tg,rfd2.0,98457,98876,Gräfin Franziska von Hohenheim.,1,Mensch,NN,mensch,33224,,
tg,rfd2.0,98457,98876,Gräfin Franziska von Hohenheim.,1,den,ART,der,33224,,
tg,rfd2.0,98457,98876,Gräfin Franziska von Hohenheim.,1,Menschen,NN,mensch,33224,,
tg,rfd2.0,98457,98876,Gräfin Franziska von Hohenheim.,1,lieben,ADJA,lieben,33224,,
tg,rfd2.0,98457,98876,Gräfin Franziska von Hohenheim.,1,solle,VMFIN,sollen,33224,,
tg,rfd2.0,98457,98876,Gräfin Franziska von Hohenheim.,1,?,$.,--,33224,,
tg,rfd2.0,98881,99079,RIEGER,27,Gott,NN,gott,33224,,
tg,rfd2.0,98881,99079,RIEGER,27,verläßt,VVFIN,verlassen,33224,,
tg,rfd2.0,98881,99079,RIEGER,27,uns,PPER,uns,33224,,
tg,rfd2.0,98881,99079,RIEGER,27,in,APPR,in,33224,,
tg,rfd2.0,98881,99079,RIEGER,27,der,ART,der,33224,,
tg,rfd2.0,98881,99079,RIEGER,27,Freude,NN,freude,33224,,
tg,rfd2.0,98881,99079,RIEGER,27,",","$,",--,33224,,
tg,rfd2.0,98881,99079,RIEGER,27,in,APPR,in,33224,,
tg,rfd2.0,98881,99079,RIEGER,27,der,ART,der,33224,,
tg,rfd2.0,98881,99079,RIEGER,27,Trübsal,NN,trübsal,33224,,
tg,rfd2.0,98881,99079,RIEGER,27,findet,VVFIN,finden,33224,,
tg,rfd2.0,98881,99079,RIEGER,27,er,PPER,er,33224,,
tg,rfd2.0,98881,99079,RIEGER,27,uns,PPER,uns,33224,,
tg,rfd2.0,98881,99079,RIEGER,27,.,$.,--,33224,,
tg,rfd2.0,98881,99079,RIEGER,27,Mich,PPER,mich,33224,,
tg,rfd2.0,98881,99079,RIEGER,27,fand,VVFIN,finden,33224,,
tg,rfd2.0,98881,99079,RIEGER,27,er,PPER,er,33224,,
tg,rfd2.0,98881,99079,RIEGER,27,in,APPR,in,33224,,
tg,rfd2.0,98881,99079,RIEGER,27,dem,ART,der,33224,,
tg,rfd2.0,98881,99079,RIEGER,27,tiefsten,ADJA,tief,33224,,
tg,rfd2.0,98881,99079,RIEGER,27,Loche,NN,loche,33224,,
tg,rfd2.0,98881,99079,RIEGER,27,von,APPR,von,33224,,
tg,rfd2.0,98881,99079,RIEGER,27,Hohentwiel,NN,hohentwiel,33224,,
tg,rfd2.0,98881,99079,RIEGER,27,",","$,",--,33224,,
tg,rfd2.0,98881,99079,RIEGER,27,wo,PWAV,wo,33224,,
tg,rfd2.0,98881,99079,RIEGER,27,mein,PPOSAT,mein,33224,RIEGER,27
tg,rfd2.0,98881,99079,RIEGER,27,Leib,NN,leib,33224,,
tg,rfd2.0,98881,99079,RIEGER,27,in,APPR,in,33224,,
tg,rfd2.0,98881,99079,RIEGER,27,Schmutz,NE,schmutz,33224,,
tg,rfd2.0,98881,99079,RIEGER,27,und,KON,und,33224,,
tg,rfd2.0,98881,99079,RIEGER,27,Wasser,NN,wasser,33224,,
tg,rfd2.0,98881,99079,RIEGER,27,verdarb,VVFIN,verdarb,33224,,
tg,rfd2.0,98881,99079,RIEGER,27,",","$,",--,33224,,
tg,rfd2.0,98881,99079,RIEGER,27,meine,PPOSAT,mein,33224,RIEGER,27
tg,rfd2.0,98881,99079,RIEGER,27,Seele,NN,seele,33224,,
tg,rfd2.0,98881,99079,RIEGER,27,aber,ADV,aber,33224,,
tg,rfd2.0,98881,99079,RIEGER,27,erquickt,VVPP,erquicken,33224,,
tg,rfd2.0,98881,99079,RIEGER,27,wurde,VAFIN,werden,33224,,
tg,rfd2.0,98881,99079,RIEGER,27,.,$.,--,33224,,
tg,rfd2.0,99085,99160,Gräfin Franziska von Hohenheim.,1,Entsetzlich,ADJD,entsetzlich,33224,,
tg,rfd2.0,99085,99160,Gräfin Franziska von Hohenheim.,1,"!",$.,--,33224,,
tg,rfd2.0,99085,99160,Gräfin Franziska von Hohenheim.,1,Und,KON,und,33224,,
tg,rfd2.0,99085,99160,Gräfin Franziska von Hohenheim.,1,wer,PWS,wer,33224,,
tg,rfd2.0,99085,99160,Gräfin Franziska von Hohenheim.,1,ist,VAFIN,sein,33224,,
tg,rfd2.0,99085,99160,Gräfin Franziska von Hohenheim.,1,der,ART,der,33224,,
tg,rfd2.0,99085,99160,Gräfin Franziska von Hohenheim.,1,Unglückliche,NN,unglückliche,33224,,
tg,rfd2.0,99085,99160,Gräfin Franziska von Hohenheim.,1,",","$,",--,33224,,
tg,rfd2.0,99085,99160,Gräfin Franziska von Hohenheim.,1,den,ART,der,33224,,
tg,rfd2.0,99085,99160,Gräfin Franziska von Hohenheim.,1,Ihr,PPOSAT,ihr,33224,,
tg,rfd2.0,99085,99160,Gräfin Franziska von Hohenheim.,1,anklagen,ADJA,anklagen,33224,,
tg,rfd2.0,99085,99160,Gräfin Franziska von Hohenheim.,1,wollt,VVFIN,wollen,33224,,
tg,rfd2.0,99085,99160,Gräfin Franziska von Hohenheim.,1,?,$.,--,33224,,
tg,rfd2.0,99165,99295,RIEGER,27,Ich,PPER,ich,33224,,
tg,rfd2.0,99165,99295,RIEGER,27,will,VMFIN,wollen,33224,,
tg,rfd2.0,99165,99295,RIEGER,27,nicht,PTKNEG,nicht,33224,,
tg,rfd2.0,99165,99295,RIEGER,27,",","$,",--,33224,,
tg,rfd2.0,99165,99295,RIEGER,27,ich,PPER,ich,33224,RIEGER,27
tg,rfd2.0,99165,99295,RIEGER,27,muß,VMFIN,müssen,33224,,
tg,rfd2.0,99165,99295,RIEGER,27,.,$.,--,33224,,
tg,rfd2.0,99165,99295,RIEGER,27,Der,ART,der,33224,,
tg,rfd2.0,99165,99295,RIEGER,27,Befehl,NN,befehl,33224,,
tg,rfd2.0,99165,99295,RIEGER,27,meines,PPOSAT,mein,33224,RIEGER,27
tg,rfd2.0,99165,99295,RIEGER,27,Herzogs,NN,herzog,33224,,
tg,rfd2.0,99165,99295,RIEGER,27,",","$,",--,33224,,
tg,rfd2.0,99165,99295,RIEGER,27,der,ART,der,33224,,
tg,rfd2.0,99165,99295,RIEGER,27,Geist,NN,geist,33224,,
tg,rfd2.0,99165,99295,RIEGER,27,der,ART,der,33224,,
tg,rfd2.0,99165,99295,RIEGER,27,Wahrheit,NN,wahrheit,33224,,
tg,rfd2.0,99165,99295,RIEGER,27,zwingt,VVFIN,zwingen,33224,,
tg,rfd2.0,99165,99295,RIEGER,27,mich,PPER,mich,33224,RIEGER,27
tg,rfd2.0,99165,99295,RIEGER,27,",","$,",--,33224,,
tg,rfd2.0,99165,99295,RIEGER,27,diesen,PDAT,dieser,33224,,
tg,rfd2.0,99165,99295,RIEGER,27,jungen,ADJA,jung,33224,,
tg,rfd2.0,99165,99295,RIEGER,27,Mann,NN,mann,33224,,
tg,rfd2.0,99165,99295,RIEGER,27,zu,PTKZU,zu,33224,,
tg,rfd2.0,99165,99295,RIEGER,27,bezeichnen,VVINF,bezeichnen,33224,,
tg,rfd2.0,99165,99295,RIEGER,27,.,$.,--,33224,,
tg,rfd2.0,99300,99319,Gräfin Franziska von Hohenheim.,1,Wer,PWS,wer,33224,,
tg,rfd2.0,99300,99319,Gräfin Franziska von Hohenheim.,1,ist's,VVFIN,ist's,33224,,
tg,rfd2.0,99300,99319,Gräfin Franziska von Hohenheim.,1,?,$.,--,33224,,
tg,rfd2.0,99324,99349,Generalin Rieger.,2,Wie,PWAV,wie,33224,,
tg,rfd2.0,99324,99349,Generalin Rieger.,2,heißt,VVFIN,heißen,33224,,
tg,rfd2.0,99324,99349,Generalin Rieger.,2,er,PPER,er,33224,,
tg,rfd2.0,99324,99349,Generalin Rieger.,2,?,$.,--,33224,,
tg,rfd2.0,99354,99533,RIEGER,27,Von,APPR,von,33224,,
tg,rfd2.0,99354,99533,RIEGER,27,der,ART,der,33224,,
tg,rfd2.0,99354,99533,RIEGER,27,Gnade,NN,gnade,33224,,
tg,rfd2.0,99354,99533,RIEGER,27,des,ART,der,33224,,
tg,rfd2.0,99354,99533,RIEGER,27,Herzogs,NN,herzog,33224,,
tg,rfd2.0,99354,99533,RIEGER,27,ist,VAFIN,sein,33224,,
tg,rfd2.0,99354,99533,RIEGER,27,er,PPER,er,33224,,
tg,rfd2.0,99354,99533,RIEGER,27,auferzogen,VVPP,auferehen,33224,,
tg,rfd2.0,99354,99533,RIEGER,27,worden,VAPP,werden,33224,,
tg,rfd2.0,99354,99533,RIEGER,27,in,APPR,in,33224,,
tg,rfd2.0,99354,99533,RIEGER,27,der,ART,der,33224,,
tg,rfd2.0,99354,99533,RIEGER,27,Karlsschule,NN,karlsschule,33224,,
tg,rfd2.0,99354,99533,RIEGER,27,",","$,",--,33224,,
tg,rfd2.0,99354,99533,RIEGER,27,die,ART,der,33224,,
tg,rfd2.0,99354,99533,RIEGER,27,Gnade,NN,gnade,33224,,
tg,rfd2.0,99354,99533,RIEGER,27,des,ART,der,33224,,
tg,rfd2.0,99354,99533,RIEGER,27,Herzogs,NN,herzog,33224,,
tg,rfd2.0,99354,99533,RIEGER,27,hat,VAFIN,haben,33224,,
tg,rfd2.0,99354,99533,RIEGER,27,ihn,PPER,ihn,33224,,
tg,rfd2.0,99354,99533,RIEGER,27,angestellt,VVPP,anstellen,33224,,
tg,rfd2.0,99354,99533,RIEGER,27,beim,APPRART,bei,33224,,
tg,rfd2.0,99354,99533,RIEGER,27,Regimente,NN,regiment,33224,,
tg,rfd2.0,99354,99533,RIEGER,27,als,APPR,als,33224,,
tg,rfd2.0,99354,99533,RIEGER,27,einen,ART,ein,33224,,
tg,rfd2.0,99354,99533,RIEGER,27,Helfer,NN,helfer,33224,,
tg,rfd2.0,99354,99533,RIEGER,27,bei,APPR,bei,33224,,
tg,rfd2.0,99354,99533,RIEGER,27,leiblichen,ADJA,leiblich,33224,,
tg,rfd2.0,99354,99533,RIEGER,27,Gebresten,NN,gebrest,33224,,
tg,rfd2.0,99354,99533,RIEGER,27,–,VVFIN,–,33224,,
tg,rfd2.0,99539,99570,Generalin Rieger.,2,O,NE,O,33224,,
tg,rfd2.0,99539,99570,Generalin Rieger.,2,Gott,NN,gott,33224,,
tg,rfd2.0,99539,99570,Generalin Rieger.,2,–,XY,–,33224,,
tg,rfd2.0,99539,99570,Generalin Rieger.,2,sein,PPOSAT,sein,33224,,
tg,rfd2.0,99539,99570,Generalin Rieger.,2,Name,NN,name,33224,,
tg,rfd2.0,99539,99570,Generalin Rieger.,2,?,$.,--,33224,,
tg,rfd2.0,99575,99605,Gräfin Franziska von Hohenheim.,1,Sein,PPOSAT,sein,33224,,
tg,rfd2.0,99575,99605,Gräfin Franziska von Hohenheim.,1,Name,NN,name,33224,,
tg,rfd2.0,99575,99605,Gräfin Franziska von Hohenheim.,1,?,$.,--,33224,,
tg,rfd2.0,99575,99605,Gräfin Franziska von Hohenheim.,1,Sein,PPOSAT,sein,33224,,
tg,rfd2.0,99575,99605,Gräfin Franziska von Hohenheim.,1,Name,NN,name,33224,,
tg,rfd2.0,99575,99605,Gräfin Franziska von Hohenheim.,1,?,$.,--,33224,,
tg,rfd2.0,99610,99628,"Laura, deren Pflegetochter.",3,Sein,PPOSAT,sein,33224,,
tg,rfd2.0,99610,99628,"Laura, deren Pflegetochter.",3,Name,NN,name,33224,,
tg,rfd2.0,99610,99628,"Laura, deren Pflegetochter.",3,"!",$.,--,33224,,
tg,rfd2.0,99633,99697,RIEGER,27,Des,ART,der,33224,,
tg,rfd2.0,99633,99697,RIEGER,27,Hauptmanns,NN,hauptmann,33224,,
tg,rfd2.0,99633,99697,RIEGER,27,Sohn,NN,sohn,33224,,
tg,rfd2.0,99633,99697,RIEGER,27,in,APPR,in,33224,,
tg,rfd2.0,99633,99697,RIEGER,27,Ludwigsburg,NE,ludwigsburg,33224,,
tg,rfd2.0,99633,99697,RIEGER,27,",","$,",--,33224,,
tg,rfd2.0,99633,99697,RIEGER,27,Friedrich,NE,friedrich,33224,,
tg,rfd2.0,99633,99697,RIEGER,27,Schiller,NE,schiller,33224,SCHILLER,29
tg,rfd2.0,99633,99697,RIEGER,27,.,$.,--,33224,,
tg,rfd2.0,99702,99741,Gräfin Franziska von Hohenheim.,1,Schiller,NE,schiller,33224,SCHILLER,29
tg,rfd2.0,99702,99741,Gräfin Franziska von Hohenheim.,1,"!",$.,--,33224,,
tg,rfd2.0,99702,99741,Gräfin Franziska von Hohenheim.,1,wie,KOKOM,wie,33224,,
tg,rfd2.0,99702,99741,Gräfin Franziska von Hohenheim.,1,ich,PPER,ich,33224,Gräfin Franziska von Hohenheim.,1
tg,rfd2.0,99702,99741,Gräfin Franziska von Hohenheim.,1,gefürchtet,VVPP,fürchten,33224,,
tg,rfd2.0,99702,99741,Gräfin Franziska von Hohenheim.,1,–,XY,–,33224,,
tg,rfd2.0,99746,99767,Generalin Rieger.,2,Schiller,NE,schiller,33224,SCHILLER,29
tg,rfd2.0,99746,99767,Generalin Rieger.,2,"!",$.,--,33224,,
tg,rfd2.0,99772,99880,"Laura, deren Pflegetochter.",3,Wieder,ADV,wieder,33224,,
tg,rfd2.0,99772,99880,"Laura, deren Pflegetochter.",3,Schiller,NE,schiller,33224,SCHILLER,29
tg,rfd2.0,99772,99880,"Laura, deren Pflegetochter.",3,"!",$.,--,33224,,
tg,rfd2.0,99772,99880,"Laura, deren Pflegetochter.",3,Das,PDS,der,33224,,
tg,rfd2.0,99772,99880,"Laura, deren Pflegetochter.",3,ist,VAFIN,sein,33224,,
tg,rfd2.0,99772,99880,"Laura, deren Pflegetochter.",3,doch,ADV,doch,33224,,
tg,rfd2.0,99772,99880,"Laura, deren Pflegetochter.",3,wirklich,ADJD,wirklich,33224,,
tg,rfd2.0,99772,99880,"Laura, deren Pflegetochter.",3,der,ART,der,33224,,
tg,rfd2.0,99772,99880,"Laura, deren Pflegetochter.",3,Matador,NN,matador,33224,,
tg,rfd2.0,99772,99880,"Laura, deren Pflegetochter.",3,"!",$.,--,33224,,
tg,rfd2.0,99886,100612,Gräfin Franziska von Hohenheim.,1,Da,ADV,da,33224,,
tg,rfd2.0,99886,100612,Gräfin Franziska von Hohenheim.,1,kommt,VVFIN,kommen,33224,,
tg,rfd2.0,99886,100612,Gräfin Franziska von Hohenheim.,1,der,ART,der,33224,,
tg,rfd2.0,99886,100612,Gräfin Franziska von Hohenheim.,1,Herzog,NE,herzog,33224,,
tg,rfd2.0,99886,100612,Gräfin Franziska von Hohenheim.,1,"!",$.,--,33224,,
tg,rfd2.0,99886,100612,Gräfin Franziska von Hohenheim.,1,Sie,PPER,sie,33224,,
tg,rfd2.0,99886,100612,Gräfin Franziska von Hohenheim.,1,geht,VVFIN,gehen,33224,,
tg,rfd2.0,99886,100612,Gräfin Franziska von Hohenheim.,1,rasch,ADJD,rasch,33224,,
tg,rfd2.0,99886,100612,Gräfin Franziska von Hohenheim.,1,zur,APPRART,zu,33224,,
tg,rfd2.0,99886,100612,Gräfin Franziska von Hohenheim.,1,Generalin,NN,generalin,33224,,
tg,rfd2.0,99886,100612,Gräfin Franziska von Hohenheim.,1,nach,APPR,nach,33224,,
tg,rfd2.0,99886,100612,Gräfin Franziska von Hohenheim.,1,rechts,ADV,rechts,33224,,
tg,rfd2.0,99886,100612,Gräfin Franziska von Hohenheim.,1,hinüber,ADV,hinüber,33224,,
tg,rfd2.0,99886,100612,Gräfin Franziska von Hohenheim.,1,–,XY,–,33224,,
tg,rfd2.0,99886,100612,Gräfin Franziska von Hohenheim.,1,Rieger,NN,rieger,33224,RIEGER,27
tg,rfd2.0,99886,100612,Gräfin Franziska von Hohenheim.,1,tritt,VVFIN,treten,33224,,
tg,rfd2.0,99886,100612,Gräfin Franziska von Hohenheim.,1,zurück,PTKVZ,zurück,33224,,
tg,rfd2.0,99886,100612,Gräfin Franziska von Hohenheim.,1,",","$,",--,33224,,
tg,rfd2.0,99886,100612,Gräfin Franziska von Hohenheim.,1,nach,APPR,nach,33224,,
tg,rfd2.0,99886,100612,Gräfin Franziska von Hohenheim.,1,hinten,ADV,hinten,33224,,
tg,rfd2.0,99886,100612,Gräfin Franziska von Hohenheim.,1,blickend,ADJD,blickend,33224,,
tg,rfd2.0,99886,100612,Gräfin Franziska von Hohenheim.,1,",","$,",--,33224,,
tg,rfd2.0,99886,100612,Gräfin Franziska von Hohenheim.,1,Laura,NE,laura,33224,,
tg,rfd2.0,99886,100612,Gräfin Franziska von Hohenheim.,1,geht,VVFIN,gehen,33224,,
tg,rfd2.0,99886,100612,Gräfin Franziska von Hohenheim.,1,nach,APPR,nach,33224,,
tg,rfd2.0,99886,100612,Gräfin Franziska von Hohenheim.,1,links,ADV,links,33224,,
tg,rfd2.0,99886,100612,Gräfin Franziska von Hohenheim.,1,hinten,ADV,hinten,33224,,
tg,rfd2.0,99886,100612,Gräfin Franziska von Hohenheim.,1,zur,APPRART,zu,33224,,
tg,rfd2.0,99886,100612,Gräfin Franziska von Hohenheim.,1,Ecktür,NN,ecktür,33224,,
tg,rfd2.0,99886,100612,Gräfin Franziska von Hohenheim.,1,",","$,",--,33224,,
tg,rfd2.0,99886,100612,Gräfin Franziska von Hohenheim.,1,durch,APPR,durch,33224,,
tg,rfd2.0,99886,100612,Gräfin Franziska von Hohenheim.,1,welche,PWAT,welcher,33224,,
tg,rfd2.0,99886,100612,Gräfin Franziska von Hohenheim.,1,Silberkalb,NN,silberkalb,33224,,
tg,rfd2.0,99886,100612,Gräfin Franziska von Hohenheim.,1,eintritt,VVFIN,eintreten,33224,,
tg,rfd2.0,99886,100612,Gräfin Franziska von Hohenheim.,1,",","$,",--,33224,,
tg,rfd2.0,99886,100612,Gräfin Franziska von Hohenheim.,1,dem,PRELS,der,33224,,
tg,rfd2.0,99886,100612,Gräfin Franziska von Hohenheim.,1,sie,PPER,sie,33224,,
tg,rfd2.0,99886,100612,Gräfin Franziska von Hohenheim.,1,bittend,ADJD,bittend,33224,,
tg,rfd2.0,99886,100612,Gräfin Franziska von Hohenheim.,1,was,PWS,was,33224,,
tg,rfd2.0,99886,100612,Gräfin Franziska von Hohenheim.,1,zu,PTKZU,zu,33224,,
tg,rfd2.0,99886,100612,Gräfin Franziska von Hohenheim.,1,sagen,VVINF,sagen,33224,,
tg,rfd2.0,99886,100612,Gräfin Franziska von Hohenheim.,1,scheint,VVFIN,scheinen,33224,,
tg,rfd2.0,99886,100612,Gräfin Franziska von Hohenheim.,1,",","$,",--,33224,,
tg,rfd2.0,99886,100612,Gräfin Franziska von Hohenheim.,1,und,KON,und,33224,,
tg,rfd2.0,99886,100612,Gräfin Franziska von Hohenheim.,1,der,ART,der,33224,,
tg,rfd2.0,99886,100612,Gräfin Franziska von Hohenheim.,1,dazu,PROAV,dazu,33224,,
tg,rfd2.0,99886,100612,Gräfin Franziska von Hohenheim.,1,die,ART,der,33224,,
tg,rfd2.0,99886,100612,Gräfin Franziska von Hohenheim.,1,Achseln,NN,achsel,33224,,
tg,rfd2.0,99886,100612,Gräfin Franziska von Hohenheim.,1,zuckt,VVFIN,zucken,33224,,
tg,rfd2.0,99886,100612,Gräfin Franziska von Hohenheim.,1,.,$.,--,33224,,
tg,rfd2.0,99886,100612,Gräfin Franziska von Hohenheim.,1,O,NE,O,33224,,
tg,rfd2.0,99886,100612,Gräfin Franziska von Hohenheim.,1,Gott,NN,gott,33224,,
tg,rfd2.0,99886,100612,Gräfin Franziska von Hohenheim.,1,",","$,",--,33224,,
tg,rfd2.0,99886,100612,Gräfin Franziska von Hohenheim.,1,Bäbele,NN,bäbele,33224,,
tg,rfd2.0,99886,100612,Gräfin Franziska von Hohenheim.,1,",","$,",--,33224,,
tg,rfd2.0,99886,100612,Gräfin Franziska von Hohenheim.,1,und,KON,und,33224,,
tg,rfd2.0,99886,100612,Gräfin Franziska von Hohenheim.,1,nun,ADV,nun,33224,,
tg,rfd2.0,99886,100612,Gräfin Franziska von Hohenheim.,1,muß,VMFIN,müssen,33224,,
tg,rfd2.0,99886,100612,Gräfin Franziska von Hohenheim.,1,ich,PPER,ich,33224,Gräfin Franziska von Hohenheim.,1
tg,rfd2.0,99886,100612,Gräfin Franziska von Hohenheim.,1,auch,ADV,auch,33224,,
tg,rfd2.0,99886,100612,Gräfin Franziska von Hohenheim.,1,gerade,ADV,gerade,33224,,
tg,rfd2.0,99886,100612,Gräfin Franziska von Hohenheim.,1,den,ART,der,33224,,
tg,rfd2.0,99886,100612,Gräfin Franziska von Hohenheim.,1,unglücklichen,ADJA,unglücklich,33224,,
tg,rfd2.0,99886,100612,Gräfin Franziska von Hohenheim.,1,Menschen,NN,mensch,33224,,
tg,rfd2.0,99886,100612,Gräfin Franziska von Hohenheim.,1,",","$,",--,33224,,
tg,rfd2.0,99886,100612,Gräfin Franziska von Hohenheim.,1,den,ART,der,33224,,
tg,rfd2.0,99886,100612,Gräfin Franziska von Hohenheim.,1,Schiller,NE,schiller,33224,SCHILLER,29
tg,rfd2.0,99886,100612,Gräfin Franziska von Hohenheim.,1,",","$,",--,33224,,
tg,rfd2.0,99886,100612,Gräfin Franziska von Hohenheim.,1,hierherbestellen,VVINF,hierherbestellen,33224,,
tg,rfd2.0,99886,100612,Gräfin Franziska von Hohenheim.,1,",","$,",--,33224,,
tg,rfd2.0,99886,100612,Gräfin Franziska von Hohenheim.,1,daß,KOUS,daß,33224,,
tg,rfd2.0,99886,100612,Gräfin Franziska von Hohenheim.,1,der,ART,der,33224,,
tg,rfd2.0,99886,100612,Gräfin Franziska von Hohenheim.,1,Herzog,NE,herzog,33224,,
tg,rfd2.0,99886,100612,Gräfin Franziska von Hohenheim.,1,an,APPR,an,33224,,
tg,rfd2.0,99886,100612,Gräfin Franziska von Hohenheim.,1,ihn,PPER,ihn,33224,,
tg,rfd2.0,99886,100612,Gräfin Franziska von Hohenheim.,1,erinnert,VVFIN,erinnern,33224,,
tg,rfd2.0,99886,100612,Gräfin Franziska von Hohenheim.,1,werde,VAFIN,werden,33224,,
tg,rfd2.0,99886,100612,Gräfin Franziska von Hohenheim.,1,"!",$.,--,33224,,
tg,rfd2.0,99886,100612,Gräfin Franziska von Hohenheim.,1,Richtig,ADJD,richtig,33224,,
tg,rfd2.0,99886,100612,Gräfin Franziska von Hohenheim.,1,",","$,",--,33224,,
tg,rfd2.0,99886,100612,Gräfin Franziska von Hohenheim.,1,da,ADV,da,33224,,
tg,rfd2.0,99886,100612,Gräfin Franziska von Hohenheim.,1,ist,VAFIN,sein,33224,,
tg,rfd2.0,99886,100612,Gräfin Franziska von Hohenheim.,1,der,ART,der,33224,,
tg,rfd2.0,99886,100612,Gräfin Franziska von Hohenheim.,1,Hauptmann,NN,hauptmann,33224,,
tg,rfd2.0,99886,100612,Gräfin Franziska von Hohenheim.,1,zurück,PTKVZ,zurück,33224,,
tg,rfd2.0,99886,100612,Gräfin Franziska von Hohenheim.,1,",","$,",--,33224,,
tg,rfd2.0,99886,100612,Gräfin Franziska von Hohenheim.,1,und,KON,und,33224,,
tg,rfd2.0,99886,100612,Gräfin Franziska von Hohenheim.,1,der,PDS,der,33224,,
tg,rfd2.0,99886,100612,Gräfin Franziska von Hohenheim.,1,ist,VAFIN,sein,33224,,
tg,rfd2.0,99886,100612,Gräfin Franziska von Hohenheim.,1,auch,ADV,auch,33224,,
tg,rfd2.0,99886,100612,Gräfin Franziska von Hohenheim.,1,falsch,ADJD,falsch,33224,,
tg,rfd2.0,99886,100612,Gräfin Franziska von Hohenheim.,1,",","$,",--,33224,,
tg,rfd2.0,99886,100612,Gräfin Franziska von Hohenheim.,1,ich,PPER,ich,33224,Gräfin Franziska von Hohenheim.,1
tg,rfd2.0,99886,100612,Gräfin Franziska von Hohenheim.,1,wag,VAFIN,wag,33224,,
tg,rfd2.0,99886,100612,Gräfin Franziska von Hohenheim.,1,',$[,--,33224,,
tg,rfd2.0,99886,100612,Gräfin Franziska von Hohenheim.,1,es,PPER,es,33224,,
tg,rfd2.0,99886,100612,Gräfin Franziska von Hohenheim.,1,nicht,PTKNEG,nicht,33224,,
tg,rfd2.0,99886,100612,Gräfin Franziska von Hohenheim.,1,",","$,",--,33224,,
tg,rfd2.0,99886,100612,Gräfin Franziska von Hohenheim.,1,ihn,PPER,ihn,33224,,
tg,rfd2.0,99886,100612,Gräfin Franziska von Hohenheim.,1,mit,APPR,mit,33224,,
tg,rfd2.0,99886,100612,Gräfin Franziska von Hohenheim.,1,Kontreordre,NN,kontreordre,33224,,
tg,rfd2.0,99886,100612,Gräfin Franziska von Hohenheim.,1,zu,PTKZU,zu,33224,,
tg,rfd2.0,99886,100612,Gräfin Franziska von Hohenheim.,1,beauftragen,VVINF,beauftragen,33224,,
tg,rfd2.0,99886,100612,Gräfin Franziska von Hohenheim.,1,",","$,",--,33224,,
tg,rfd2.0,99886,100612,Gräfin Franziska von Hohenheim.,1,und,KON,und,33224,,
tg,rfd2.0,99886,100612,Gräfin Franziska von Hohenheim.,1,über,APPR,über,33224,,
tg,rfd2.0,99886,100612,Gräfin Franziska von Hohenheim.,1,diesen,PDAT,dieser,33224,,
tg,rfd2.0,99886,100612,Gräfin Franziska von Hohenheim.,1,Rieger,NN,rieger,33224,RIEGER,27
tg,rfd2.0,99886,100612,Gräfin Franziska von Hohenheim.,1,",","$,",--,33224,,
tg,rfd2.0,99886,100612,Gräfin Franziska von Hohenheim.,1,deinen,PPOSAT,dein,33224,,
tg,rfd2.0,99886,100612,Gräfin Franziska von Hohenheim.,1,Mann,NN,mann,33224,,
tg,rfd2.0,99886,100612,Gräfin Franziska von Hohenheim.,1,",","$,",--,33224,,
tg,rfd2.0,99886,100612,Gräfin Franziska von Hohenheim.,1,vermag,VVFIN,vermögen,33224,,
tg,rfd2.0,99886,100612,Gräfin Franziska von Hohenheim.,1,ich,PPER,ich,33224,Gräfin Franziska von Hohenheim.,1
tg,rfd2.0,99886,100612,Gräfin Franziska von Hohenheim.,1,nichts,PIS,nichts,33224,,
tg,rfd2.0,99886,100612,Gräfin Franziska von Hohenheim.,1,",","$,",--,33224,,
tg,rfd2.0,99886,100612,Gräfin Franziska von Hohenheim.,1,er,PPER,er,33224,,
tg,rfd2.0,99886,100612,Gräfin Franziska von Hohenheim.,1,weiß,VVFIN,weiß,33224,,
tg,rfd2.0,99886,100612,Gräfin Franziska von Hohenheim.,1,",","$,",--,33224,,
tg,rfd2.0,99886,100612,Gräfin Franziska von Hohenheim.,1,wie,PWAV,wie,33224,,
tg,rfd2.0,99886,100612,Gräfin Franziska von Hohenheim.,1,fest,ADJD,fest,33224,,
tg,rfd2.0,99886,100612,Gräfin Franziska von Hohenheim.,1,er,PPER,er,33224,,
tg,rfd2.0,99886,100612,Gräfin Franziska von Hohenheim.,1,beim,APPRART,bei,33224,,
tg,rfd2.0,99886,100612,Gräfin Franziska von Hohenheim.,1,Herzoge,NN,herzoge,33224,,
tg,rfd2.0,99886,100612,Gräfin Franziska von Hohenheim.,1,steht,VVFIN,stehen,33224,,
tg,rfd2.0,99886,100612,Gräfin Franziska von Hohenheim.,1,.,$.,--,33224,,
tg,rfd2.0,100618,100712,"Laura, deren Pflegetochter.",3,Mama,NN,--,33224,,
tg,rfd2.0,100618,100712,"Laura, deren Pflegetochter.",3,"!",$.,--,33224,,
tg,rfd2.0,100618,100712,"Laura, deren Pflegetochter.",3,Der,ART,der,33224,,
tg,rfd2.0,100618,100712,"Laura, deren Pflegetochter.",3,garstige,ADJA,garstig,33224,,
tg,rfd2.0,100618,100712,"Laura, deren Pflegetochter.",3,Hauptmann,NN,hauptmann,33224,,
tg,rfd2.0,100618,100712,"Laura, deren Pflegetochter.",3,will,VMFIN,wollen,33224,,
tg,rfd2.0,100618,100712,"Laura, deren Pflegetochter.",3,die,ART,der,33224,,
tg,rfd2.0,100618,100712,"Laura, deren Pflegetochter.",3,beiden,PIDAT,beide,33224,,
tg,rfd2.0,100618,100712,"Laura, deren Pflegetochter.",3,Leute,NN,leute,33224,,
tg,rfd2.0,100618,100712,"Laura, deren Pflegetochter.",3,nicht,PTKNEG,nicht,33224,,
tg,rfd2.0,100618,100712,"Laura, deren Pflegetochter.",3,abbestellen,VVINF,abbestellen,33224,,
tg,rfd2.0,100618,100712,"Laura, deren Pflegetochter.",3,"!",$.,--,33224,,
tg,rfd2.0,100717,101139,Generalin Rieger.,2,Komm,VVIMP,komm,33224,,
tg,rfd2.0,100717,101139,Generalin Rieger.,2,',$[,--,33224,,
tg,rfd2.0,100717,101139,Generalin Rieger.,2,mit,APPR,mit,33224,,
tg,rfd2.0,100717,101139,Generalin Rieger.,2,"!",$.,--,33224,,
tg,rfd2.0,100717,101139,Generalin Rieger.,2,Du,PPER,du,33224,,
tg,rfd2.0,100717,101139,Generalin Rieger.,2,mußt,VMFIN,mussen,33224,,
tg,rfd2.0,100717,101139,Generalin Rieger.,2,Kundschaft,NN,kundschaft,33224,,
tg,rfd2.0,100717,101139,Generalin Rieger.,2,einziehn,CARD,einziehn,33224,,
tg,rfd2.0,100717,101139,Generalin Rieger.,2,.,$.,--,33224,,
tg,rfd2.0,101294,101601,Herzog Karl von Württemberg.,0,Seinem,PPOSAT,sein,33224,,
tg,rfd2.0,101294,101601,Herzog Karl von Württemberg.,0,Erscheinen,NN,erschein,33224,,
tg,rfd2.0,101294,101601,Herzog Karl von Württemberg.,0,hinten,ADV,hinten,33224,,
tg,rfd2.0,101294,101601,Herzog Karl von Württemberg.,0,voraus,ADV,voraus,33224,,
tg,rfd2.0,101294,101601,Herzog Karl von Württemberg.,0,ein,ART,ein,33224,,
tg,rfd2.0,101294,101601,Herzog Karl von Württemberg.,0,Tambour,NN,tambour,33224,,
tg,rfd2.0,101294,101601,Herzog Karl von Württemberg.,0,",","$,",--,33224,,
tg,rfd2.0,101294,101601,Herzog Karl von Württemberg.,0,der,PRELS,der,33224,,
tg,rfd2.0,101294,101601,Herzog Karl von Württemberg.,0,einen,ART,ein,33224,,
tg,rfd2.0,101294,101601,Herzog Karl von Württemberg.,0,Wirbel,NN,wirbel,33224,,
tg,rfd2.0,101294,101601,Herzog Karl von Württemberg.,0,schlägt,VVFIN,schlagen,33224,,
tg,rfd2.0,101294,101601,Herzog Karl von Württemberg.,0,und,KON,und,33224,,
tg,rfd2.0,101294,101601,Herzog Karl von Württemberg.,0,jenseits,APPR,jenseits,33224,,
tg,rfd2.0,101294,101601,Herzog Karl von Württemberg.,0,des,ART,der,33224,,
tg,rfd2.0,101294,101601,Herzog Karl von Württemberg.,0,Vorzimmers,NN,vorzimmer,33224,,
tg,rfd2.0,101294,101601,Herzog Karl von Württemberg.,0,zurückbleibt,VVFIN,zurückbleiben,33224,,
tg,rfd2.0,101294,101601,Herzog Karl von Württemberg.,0,.,$.,--,33224,,
tg,rfd2.0,101294,101601,Herzog Karl von Württemberg.,0,Sowie,NE,sowie,33224,,
tg,rfd2.0,101294,101601,Herzog Karl von Württemberg.,0,er,PPER,er,33224,,
tg,rfd2.0,101294,101601,Herzog Karl von Württemberg.,0,durch,APPR,durch,33224,,
tg,rfd2.0,101294,101601,Herzog Karl von Württemberg.,0,die,ART,der,33224,,
tg,rfd2.0,101294,101601,Herzog Karl von Württemberg.,0,Glastür,NN,glastür,33224,,
tg,rfd2.0,101294,101601,Herzog Karl von Württemberg.,0,schreitet,VVFIN,schreiten,33224,,
tg,rfd2.0,101294,101601,Herzog Karl von Württemberg.,0,und,KON,und,33224,,
tg,rfd2.0,101294,101601,Herzog Karl von Württemberg.,0,Rieger,NN,rieger,33224,RIEGER,27
tg,rfd2.0,101294,101601,Herzog Karl von Württemberg.,0,sieht,VVFIN,sehen,33224,,
tg,rfd2.0,101294,101601,Herzog Karl von Württemberg.,0,",","$,",--,33224,,
tg,rfd2.0,101294,101601,Herzog Karl von Württemberg.,0,sagt,VVFIN,sagen,33224,,
tg,rfd2.0,101294,101601,Herzog Karl von Württemberg.,0,er,PPER,er,33224,,
tg,rfd2.0,101294,101601,Herzog Karl von Württemberg.,0,.,$.,--,33224,,
tg,rfd2.0,101294,101601,Herzog Karl von Württemberg.,0,Wie,PWAV,wie,33224,,
tg,rfd2.0,101294,101601,Herzog Karl von Württemberg.,0,geht,VVFIN,gehen,33224,,
tg,rfd2.0,101294,101601,Herzog Karl von Württemberg.,0,dir's,FM,dir,33224,,
tg,rfd2.0,101294,101601,Herzog Karl von Württemberg.,0,",","$,",--,33224,,
tg,rfd2.0,101294,101601,Herzog Karl von Württemberg.,0,alter,ADJA,alt,33224,,
tg,rfd2.0,101294,101601,Herzog Karl von Württemberg.,0,Sünder,NN,sünder,33224,,
tg,rfd2.0,101294,101601,Herzog Karl von Württemberg.,0,?,$.,--,33224,,
tg,rfd2.0,101294,101601,Herzog Karl von Württemberg.,0,Fortschreitend,ADJD,fortschreitend,33224,,
tg,rfd2.0,101294,101601,Herzog Karl von Württemberg.,0,.,$.,--,33224,,
tg,rfd2.0,101607,101651,RIEGER,27,Nach,APPR,nach,33224,,
tg,rfd2.0,101607,101651,RIEGER,27,Gottes,NN,gott,33224,,
tg,rfd2.0,101607,101651,RIEGER,27,Ratschluß,NN,ratschluß,33224,,
tg,rfd2.0,101607,101651,RIEGER,27,",","$,",--,33224,,
tg,rfd2.0,101607,101651,RIEGER,27,Durchlaucht,NN,durchlaucht,33224,,
tg,rfd2.0,101607,101651,RIEGER,27,"!",$.,--,33224,,
tg,rfd2.0,101656,102102,Herzog Karl von Württemberg.,0,Um,KOUI,um,33224,,
tg,rfd2.0,101656,102102,Herzog Karl von Württemberg.,0,was,PWS,was,33224,,
tg,rfd2.0,101656,102102,Herzog Karl von Württemberg.,0,alles,PIS,alle,33224,,
tg,rfd2.0,101656,102102,Herzog Karl von Württemberg.,0,soll,VMFIN,sollen,33224,,
tg,rfd2.0,101656,102102,Herzog Karl von Württemberg.,0,sich,PRF,sich,33224,,
tg,rfd2.0,101656,102102,Herzog Karl von Württemberg.,0,der,ART,der,33224,,
tg,rfd2.0,101656,102102,Herzog Karl von Württemberg.,0,Herrgott,NN,herrgott,33224,,
tg,rfd2.0,101656,102102,Herzog Karl von Württemberg.,0,speziell,ADJD,speziell,33224,,
tg,rfd2.0,101656,102102,Herzog Karl von Württemberg.,0,kümmern,VVINF,kümmern,33224,,
tg,rfd2.0,101656,102102,Herzog Karl von Württemberg.,0,"!",$.,--,33224,,
tg,rfd2.0,101656,102102,Herzog Karl von Württemberg.,0,–,XY,–,33224,,
tg,rfd2.0,101656,102102,Herzog Karl von Württemberg.,0,Grüß,NN,grüß,33224,,
tg,rfd2.0,101656,102102,Herzog Karl von Württemberg.,0,di,NE,--,33224,,
tg,rfd2.0,101656,102102,Herzog Karl von Württemberg.,0,Gott,NN,gott,33224,,
tg,rfd2.0,101656,102102,Herzog Karl von Württemberg.,0,",","$,",--,33224,,
tg,rfd2.0,101656,102102,Herzog Karl von Württemberg.,0,Franzel,NE,franzel,33224,,
tg,rfd2.0,101656,102102,Herzog Karl von Württemberg.,0,Küßt,VVFIN,küßt,33224,,
tg,rfd2.0,101656,102102,Herzog Karl von Württemberg.,0,sie,PPER,sie,33224,,
tg,rfd2.0,101656,102102,Herzog Karl von Württemberg.,0,auf,APPR,auf,33224,,
tg,rfd2.0,101656,102102,Herzog Karl von Württemberg.,0,die,ART,der,33224,,
tg,rfd2.0,101656,102102,Herzog Karl von Württemberg.,0,Stirn,NN,stirn,33224,,
tg,rfd2.0,101656,102102,Herzog Karl von Württemberg.,0,.,$.,--,33224,,
tg,rfd2.0,101656,102102,Herzog Karl von Württemberg.,0,Der,ART,der,33224,,
tg,rfd2.0,101656,102102,Herzog Karl von Württemberg.,0,Großfürst,NN,großfürst,33224,,
tg,rfd2.0,101656,102102,Herzog Karl von Württemberg.,0,wird,VAFIN,werden,33224,,
tg,rfd2.0,101656,102102,Herzog Karl von Württemberg.,0,wohl,ADV,wohl,33224,,
tg,rfd2.0,101656,102102,Herzog Karl von Württemberg.,0,noch,ADV,noch,33224,,
tg,rfd2.0,101656,102102,Herzog Karl von Württemberg.,0,diese,PDAT,dieser,33224,,
tg,rfd2.0,101656,102102,Herzog Karl von Württemberg.,0,Nacht,NN,nacht,33224,,
tg,rfd2.0,101656,102102,Herzog Karl von Württemberg.,0,eintreffen,VVINF,eintreffen,33224,,
tg,rfd2.0,101656,102102,Herzog Karl von Württemberg.,0,",","$,",--,33224,,
tg,rfd2.0,101656,102102,Herzog Karl von Württemberg.,0,',$[,--,33224,,
tg,rfd2.0,101656,102102,Herzog Karl von Württemberg.,0,s,PPER,--,33224,,
tg,rfd2.0,101656,102102,Herzog Karl von Württemberg.,0,gibt,VVFIN,geben,33224,,
tg,rfd2.0,101656,102102,Herzog Karl von Württemberg.,0,Not,NN,not,33224,,
tg,rfd2.0,101656,102102,Herzog Karl von Württemberg.,0,",","$,",--,33224,,
tg,rfd2.0,101656,102102,Herzog Karl von Württemberg.,0,meine,PPOSAT,mein,33224,Herzog Karl von Württemberg.,0
tg,rfd2.0,101656,102102,Herzog Karl von Württemberg.,0,Jagd,NN,jagd,33224,,
tg,rfd2.0,101656,102102,Herzog Karl von Württemberg.,0,ist,VAFIN,sein,33224,,
tg,rfd2.0,101656,102102,Herzog Karl von Württemberg.,0,noch,ADV,noch,33224,,
tg,rfd2.0,101656,102102,Herzog Karl von Württemberg.,0,nicht,PTKNEG,nicht,33224,,
tg,rfd2.0,101656,102102,Herzog Karl von Württemberg.,0,ganz,ADV,ganz,33224,,
tg,rfd2.0,101656,102102,Herzog Karl von Württemberg.,0,in,APPR,in,33224,,
tg,rfd2.0,101656,102102,Herzog Karl von Württemberg.,0,Ordnung,NN,ordnung,33224,,
tg,rfd2.0,101656,102102,Herzog Karl von Württemberg.,0,",","$,",--,33224,,
tg,rfd2.0,101656,102102,Herzog Karl von Württemberg.,0,wenn's,VVFIN,wenn's,33224,,
tg,rfd2.0,101656,102102,Herzog Karl von Württemberg.,0,was,PWS,was,33224,,
tg,rfd2.0,101656,102102,Herzog Karl von Württemberg.,0,Apartes,NN,aparter,33224,,
tg,rfd2.0,101656,102102,Herzog Karl von Württemberg.,0,werden,VAINF,werden,33224,,
tg,rfd2.0,101656,102102,Herzog Karl von Württemberg.,0,soll,VMFIN,sollen,33224,,
tg,rfd2.0,101656,102102,Herzog Karl von Württemberg.,0,–,XY,–,33224,,
tg,rfd2.0,101656,102102,Herzog Karl von Württemberg.,0,na,ITJ,na,33224,,
tg,rfd2.0,101656,102102,Herzog Karl von Württemberg.,0,",","$,",--,33224,,
tg,rfd2.0,101656,102102,Herzog Karl von Württemberg.,0,Frau,NN,frau,33224,,
tg,rfd2.0,101656,102102,Herzog Karl von Württemberg.,0,Gevatterin,NE,gevatterin,33224,,
tg,rfd2.0,101656,102102,Herzog Karl von Württemberg.,0,Zur,APPRART,zu,33224,,
tg,rfd2.0,101656,102102,Herzog Karl von Württemberg.,0,Generalin,NN,generalin,33224,,
tg,rfd2.0,101656,102102,Herzog Karl von Württemberg.,0,.,$.,--,33224,,
tg,rfd2.0,101656,102102,Herzog Karl von Württemberg.,0,die,ART,der,33224,,
tg,rfd2.0,101656,102102,Herzog Karl von Württemberg.,0,Demoiselles,NN,demoiselle,33224,,
tg,rfd2.0,101656,102102,Herzog Karl von Württemberg.,0,unsrer,ADJA,unsrer,33224,,
tg,rfd2.0,101656,102102,Herzog Karl von Württemberg.,0,Schule,NN,schule,33224,,
tg,rfd2.0,101656,102102,Herzog Karl von Württemberg.,0,sind,VAFIN,sein,33224,,
tg,rfd2.0,101656,102102,Herzog Karl von Württemberg.,0,doch,ADV,doch,33224,,
tg,rfd2.0,101656,102102,Herzog Karl von Württemberg.,0,in,APPR,in,33224,,
tg,rfd2.0,101656,102102,Herzog Karl von Württemberg.,0,Ordnung,NN,ordnung,33224,,
tg,rfd2.0,101656,102102,Herzog Karl von Württemberg.,0,",","$,",--,33224,,
tg,rfd2.0,101656,102102,Herzog Karl von Württemberg.,0,mit,APPR,mit,33224,,
tg,rfd2.0,101656,102102,Herzog Karl von Württemberg.,0,weißgewaschenen,ADJA,weißgewaschen,33224,,
tg,rfd2.0,101656,102102,Herzog Karl von Württemberg.,0,Kleidern,NN,kleid,33224,,
tg,rfd2.0,101656,102102,Herzog Karl von Württemberg.,0,",","$,",--,33224,,
tg,rfd2.0,101656,102102,Herzog Karl von Württemberg.,0,niedergeschlagenen,ADJA,niedergeschlagen,33224,,
tg,rfd2.0,101656,102102,Herzog Karl von Württemberg.,0,Augen,NN,auge,33224,,
tg,rfd2.0,101656,102102,Herzog Karl von Württemberg.,0,",","$,",--,33224,,
tg,rfd2.0,101656,102102,Herzog Karl von Württemberg.,0,gutem,ADJA,gut,33224,,
tg,rfd2.0,101656,102102,Herzog Karl von Württemberg.,0,Gewissen,NN,gewissen,33224,,
tg,rfd2.0,101656,102102,Herzog Karl von Württemberg.,0,und,KON,und,33224,,
tg,rfd2.0,101656,102102,Herzog Karl von Württemberg.,0,guter,ADJA,gut,33224,,
tg,rfd2.0,101656,102102,Herzog Karl von Württemberg.,0,französischer,ADJA,französisch,33224,,
tg,rfd2.0,101656,102102,Herzog Karl von Württemberg.,0,Aussprache,NN,aussprache,33224,,
tg,rfd2.0,101656,102102,Herzog Karl von Württemberg.,0,?,$.,--,33224,,
tg,rfd2.0,102107,102222,Generalin Rieger.,2,Ich,PPER,ich,33224,,
tg,rfd2.0,102107,102222,Generalin Rieger.,2,hab,VAFIN,hab,33224,,
tg,rfd2.0,102107,102222,Generalin Rieger.,2,',$[,--,33224,,
tg,rfd2.0,102107,102222,Generalin Rieger.,2,den,ART,der,33224,,
tg,rfd2.0,102107,102222,Generalin Rieger.,2,Demoiselles,NN,demoisell,33224,,
tg,rfd2.0,102107,102222,Generalin Rieger.,2,noch,ADV,noch,33224,,
tg,rfd2.0,102107,102222,Generalin Rieger.,2,zu,PTKZU,zu,33224,,
tg,rfd2.0,102107,102222,Generalin Rieger.,2,sagen,VVINF,sagen,33224,,
tg,rfd2.0,102107,102222,Generalin Rieger.,2,vergessen,VVINF,vergessen,33224,,
tg,rfd2.0,102107,102222,Generalin Rieger.,2,",","$,",--,33224,,
tg,rfd2.0,102107,102222,Generalin Rieger.,2,daß,KOUS,daß,33224,,
tg,rfd2.0,102107,102222,Generalin Rieger.,2,ein,ART,ein,33224,,
tg,rfd2.0,102107,102222,Generalin Rieger.,2,gutes,ADJA,gut,33224,,
tg,rfd2.0,102107,102222,Generalin Rieger.,2,Gewissen,NN,gewissen,33224,,
tg,rfd2.0,102107,102222,Generalin Rieger.,2,die,ART,der,33224,,
tg,rfd2.0,102107,102222,Generalin Rieger.,2,Augen,NN,auge,33224,,
tg,rfd2.0,102107,102222,Generalin Rieger.,2,niederschlagen,VVINF,niederschlagen,33224,,
tg,rfd2.0,102107,102222,Generalin Rieger.,2,soll,VMFIN,sollen,33224,,
tg,rfd2.0,102107,102222,Generalin Rieger.,2,.,$.,--,33224,,
tg,rfd2.0,102227,102610,Herzog Karl von Württemberg.,0,Blitz,NE,blitz,33224,,
tg,rfd2.0,102227,102610,Herzog Karl von Württemberg.,0,",","$,",--,33224,,
tg,rfd2.0,102227,102610,Herzog Karl von Württemberg.,0,die,ART,der,33224,,
tg,rfd2.0,102227,102610,Herzog Karl von Württemberg.,0,Bäbele,NN,bäbele,33224,,
tg,rfd2.0,102227,102610,Herzog Karl von Württemberg.,0,ist,VAFIN,sein,33224,,
tg,rfd2.0,102227,102610,Herzog Karl von Württemberg.,0,unwirsch,ADJD,unwirsch,33224,,
tg,rfd2.0,102227,102610,Herzog Karl von Württemberg.,0,–,XY,–,33224,,
tg,rfd2.0,102227,102610,Herzog Karl von Württemberg.,0,Bleistift,NN,bleistift,33224,BLEISTIFT,31
tg,rfd2.0,102227,102610,Herzog Karl von Württemberg.,0,winkend,ADJD,winkend,33224,,
tg,rfd2.0,102227,102610,Herzog Karl von Württemberg.,0,.,$.,--,33224,,
tg,rfd2.0,102227,102610,Herzog Karl von Württemberg.,0,Sessel,NN,sessel,33224,,
tg,rfd2.0,102227,102610,Herzog Karl von Württemberg.,0,"!",$.,--,33224,,
tg,rfd2.0,102227,102610,Herzog Karl von Württemberg.,0,Bleistift,NN,bleistift,33224,BLEISTIFT,31
tg,rfd2.0,102227,102610,Herzog Karl von Württemberg.,0,bringt,VVFIN,bringen,33224,,
tg,rfd2.0,102227,102610,Herzog Karl von Württemberg.,0,hastig,ADJD,hastig,33224,,
tg,rfd2.0,102227,102610,Herzog Karl von Württemberg.,0,einen,ART,ein,33224,,
tg,rfd2.0,102227,102610,Herzog Karl von Württemberg.,0,Sessel,NN,sessel,33224,,
tg,rfd2.0,102227,102610,Herzog Karl von Württemberg.,0,.,$.,--,33224,,
tg,rfd2.0,102227,102610,Herzog Karl von Württemberg.,0,Ich,PPER,ich,33224,,
tg,rfd2.0,102227,102610,Herzog Karl von Württemberg.,0,bin,VAFIN,sein,33224,,
tg,rfd2.0,102227,102610,Herzog Karl von Württemberg.,0,müde,ADJD,müde,33224,,
tg,rfd2.0,102227,102610,Herzog Karl von Württemberg.,0,wie,KOKOM,wie,33224,,
tg,rfd2.0,102227,102610,Herzog Karl von Württemberg.,0,ein,ART,ein,33224,,
tg,rfd2.0,102227,102610,Herzog Karl von Württemberg.,0,Jagdhund,NN,jagdhund,33224,,
tg,rfd2.0,102227,102610,Herzog Karl von Württemberg.,0,.,$.,--,33224,,
tg,rfd2.0,102227,102610,Herzog Karl von Württemberg.,0,Das,ART,der,33224,,
tg,rfd2.0,102227,102610,Herzog Karl von Württemberg.,0,Bauernvolk,NN,bauernvolk,33224,,
tg,rfd2.0,102227,102610,Herzog Karl von Württemberg.,0,stellt,VVFIN,stellen,33224,,
tg,rfd2.0,102227,102610,Herzog Karl von Württemberg.,0,sich,PRF,sich,33224,,
tg,rfd2.0,102227,102610,Herzog Karl von Württemberg.,0,an,PTKVZ,an,33224,,
tg,rfd2.0,102227,102610,Herzog Karl von Württemberg.,0,",","$,",--,33224,,
tg,rfd2.0,102227,102610,Herzog Karl von Württemberg.,0,als,APPR,als,33224,,
tg,rfd2.0,102227,102610,Herzog Karl von Württemberg.,0,ob,KOUS,ob,33224,,
tg,rfd2.0,102227,102610,Herzog Karl von Württemberg.,0,es,PPER,es,33224,,
tg,rfd2.0,102227,102610,Herzog Karl von Württemberg.,0,das,ART,der,33224,,
tg,rfd2.0,102227,102610,Herzog Karl von Württemberg.,0,Hirschezusammentreiben,NN,hirschezusammentreiben,33224,,
tg,rfd2.0,102227,102610,Herzog Karl von Württemberg.,0,erst,ADV,erst,33224,,
tg,rfd2.0,102227,102610,Herzog Karl von Württemberg.,0,heute,ADV,heute,33224,,
tg,rfd2.0,102227,102610,Herzog Karl von Württemberg.,0,lernen,VVINF,lernen,33224,,
tg,rfd2.0,102227,102610,Herzog Karl von Württemberg.,0,sollte,VMFIN,sollen,33224,,
tg,rfd2.0,102227,102610,Herzog Karl von Württemberg.,0,.,$.,--,33224,,
tg,rfd2.0,102227,102610,Herzog Karl von Württemberg.,0,Sich,PRF,sich,33224,,
tg,rfd2.0,102227,102610,Herzog Karl von Württemberg.,0,setzend,ADJD,setzend,33224,,
tg,rfd2.0,102227,102610,Herzog Karl von Württemberg.,0,",","$,",--,33224,,
tg,rfd2.0,102227,102610,Herzog Karl von Württemberg.,0,zu,PTKZU,zu,33224,,
tg,rfd2.0,102227,102610,Herzog Karl von Württemberg.,0,Silberkalb,VVINF,silberkalb,33224,,
tg,rfd2.0,102227,102610,Herzog Karl von Württemberg.,0,:,$.,--,33224,,
tg,rfd2.0,102227,102610,Herzog Karl von Württemberg.,0,.,$.,--,33224,,
tg,rfd2.0,102227,102610,Herzog Karl von Württemberg.,0,Hat,VAFIN,haben,33224,,
tg,rfd2.0,102227,102610,Herzog Karl von Württemberg.,0,Er,PPER,er,33224,,
tg,rfd2.0,102227,102610,Herzog Karl von Württemberg.,0,nachgefragt,VVPP,nachgefragen,33224,,
tg,rfd2.0,102227,102610,Herzog Karl von Württemberg.,0,",","$,",--,33224,,
tg,rfd2.0,102227,102610,Herzog Karl von Württemberg.,0,Hauptmann,NE,hauptmann,33224,,
tg,rfd2.0,102227,102610,Herzog Karl von Württemberg.,0,",","$,",--,33224,,
tg,rfd2.0,102227,102610,Herzog Karl von Württemberg.,0,drüben,VVFIN,drüben,33224,,
tg,rfd2.0,102227,102610,Herzog Karl von Württemberg.,0,beim,APPRART,bei,33224,,
tg,rfd2.0,102227,102610,Herzog Karl von Württemberg.,0,Nieß,NN,nieß,33224,,
tg,rfd2.0,102227,102610,Herzog Karl von Württemberg.,0,",","$,",--,33224,,
tg,rfd2.0,102227,102610,Herzog Karl von Württemberg.,0,ob,KOUS,ob,33224,,
tg,rfd2.0,102227,102610,Herzog Karl von Württemberg.,0,in,APPR,in,33224,,
tg,rfd2.0,102227,102610,Herzog Karl von Württemberg.,0,der,ART,der,33224,,
tg,rfd2.0,102227,102610,Herzog Karl von Württemberg.,0,Karlsschule,NN,karlsschule,33224,,
tg,rfd2.0,102227,102610,Herzog Karl von Württemberg.,0,was,PWS,was,33224,,
tg,rfd2.0,102227,102610,Herzog Karl von Württemberg.,0,vorgefallen,VVPP,vorfallen,33224,,
tg,rfd2.0,102227,102610,Herzog Karl von Württemberg.,0,ist,VAFIN,sein,33224,,
tg,rfd2.0,102227,102610,Herzog Karl von Württemberg.,0,?,$.,--,33224,,
tg,rfd2.0,102615,102661,"Hauptmann von Silberkalb, Kammerherr.",5,Zu,APPR,zu,33224,,
tg,rfd2.0,102615,102661,"Hauptmann von Silberkalb, Kammerherr.",5,Befehl,NN,befehl,33224,,
tg,rfd2.0,102615,102661,"Hauptmann von Silberkalb, Kammerherr.",5,",","$,",--,33224,,
tg,rfd2.0,102615,102661,"Hauptmann von Silberkalb, Kammerherr.",5,Durchlauchtigster,NN,durchlauchtigster,33224,,
tg,rfd2.0,102615,102661,"Hauptmann von Silberkalb, Kammerherr.",5,Herr,NN,herr,33224,,
tg,rfd2.0,102615,102661,"Hauptmann von Silberkalb, Kammerherr.",5,.,$.,--,33224,,
tg,rfd2.0,102666,102752,Herzog Karl von Württemberg.,0,Wie,PWAV,wie,33224,,
tg,rfd2.0,102666,102752,Herzog Karl von Württemberg.,0,hieß,VVFIN,heißen,33224,,
tg,rfd2.0,102666,102752,Herzog Karl von Württemberg.,0,der,ART,der,33224,,
tg,rfd2.0,102666,102752,Herzog Karl von Württemberg.,0,Ulmer,NN,ulmer,33224,,
tg,rfd2.0,102666,102752,Herzog Karl von Württemberg.,0,Vers,NE,vers,33224,,
tg,rfd2.0,102666,102752,Herzog Karl von Württemberg.,0,",","$,",--,33224,,
tg,rfd2.0,102666,102752,Herzog Karl von Württemberg.,0,Bäbele,NN,bäbele,33224,,
tg,rfd2.0,102666,102752,Herzog Karl von Württemberg.,0,",","$,",--,33224,,
tg,rfd2.0,102666,102752,Herzog Karl von Württemberg.,0,welcher,ADJA,welcher,33224,,
tg,rfd2.0,102666,102752,Herzog Karl von Württemberg.,0,dem,ART,der,33224,,
tg,rfd2.0,102666,102752,Herzog Karl von Württemberg.,0,Schubart,NN,schubart,33224,,
tg,rfd2.0,102666,102752,Herzog Karl von Württemberg.,0,den,ART,der,33224,,
tg,rfd2.0,102666,102752,Herzog Karl von Württemberg.,0,Hals,NN,hals,33224,,
tg,rfd2.0,102666,102752,Herzog Karl von Württemberg.,0,gebrochen,VVPP,brechen,33224,,
tg,rfd2.0,102666,102752,Herzog Karl von Württemberg.,0,hat,VAFIN,haben,33224,,
tg,rfd2.0,102666,102752,Herzog Karl von Württemberg.,0,?,$.,--,33224,,
tg,rfd2.0,102757,102856,Generalin Rieger.,2,Als,APPR,als,33224,,
tg,rfd2.0,102757,102856,Generalin Rieger.,2,Dionys,NN,dionys,33224,,
tg,rfd2.0,102757,102856,Generalin Rieger.,2,zu,APPR,zu,33224,,
tg,rfd2.0,102757,102856,Generalin Rieger.,2,Syrakus,NN,syrakus,33224,,
tg,rfd2.0,102757,102856,Generalin Rieger.,2,Aufhören,VVINF,aufhören,33224,,
tg,rfd2.0,102757,102856,Generalin Rieger.,2,muß,VMFIN,müssen,33224,,
tg,rfd2.0,102757,102856,Generalin Rieger.,2,Tyrann,NN,tyrann,33224,,
tg,rfd2.0,102757,102856,Generalin Rieger.,2,zu,PTKZU,zu,33224,,
tg,rfd2.0,102757,102856,Generalin Rieger.,2,sein,VAINF,sein,33224,,
tg,rfd2.0,102757,102856,Generalin Rieger.,2,",","$,",--,33224,,
tg,rfd2.0,102757,102856,Generalin Rieger.,2,Da,KOUS,da,33224,,
tg,rfd2.0,102757,102856,Generalin Rieger.,2,wurd,VAFIN,wurd,33224,,
tg,rfd2.0,102757,102856,Generalin Rieger.,2,',$[,--,33224,,
tg,rfd2.0,102757,102856,Generalin Rieger.,2,er,PPER,er,33224,,
tg,rfd2.0,102757,102856,Generalin Rieger.,2,ein,ART,ein,33224,,
tg,rfd2.0,102757,102856,Generalin Rieger.,2,Schulmeisterlein,NN,schulmeisterlein,33224,,
tg,rfd2.0,102757,102856,Generalin Rieger.,2,.,$.,--,33224,,
tg,rfd2.0,102862,102952,Herzog Karl von Württemberg.,0,Sieh,NE,sieh,33224,,
tg,rfd2.0,102862,102952,Herzog Karl von Württemberg.,0,",","$,",--,33224,,
tg,rfd2.0,102862,102952,Herzog Karl von Württemberg.,0,wie,PWAV,wie,33224,,
tg,rfd2.0,102862,102952,Herzog Karl von Württemberg.,0,gut,ADJD,gut,33224,,
tg,rfd2.0,102862,102952,Herzog Karl von Württemberg.,0,du,PPER,du,33224,,
tg,rfd2.0,102862,102952,Herzog Karl von Württemberg.,0,dein,PPOSAT,dein,33224,,
tg,rfd2.0,102862,102952,Herzog Karl von Württemberg.,0,Sprüchlein,NN,sprüchlein,33224,,
tg,rfd2.0,102862,102952,Herzog Karl von Württemberg.,0,kennst,VVFIN,kennen,33224,,
tg,rfd2.0,102862,102952,Herzog Karl von Württemberg.,0,"!",$.,--,33224,,
tg,rfd2.0,102862,102952,Herzog Karl von Württemberg.,0,Das,ART,der,33224,,
tg,rfd2.0,102862,102952,Herzog Karl von Württemberg.,0,schmeckt,VVFIN,schmecken,33224,,
tg,rfd2.0,102862,102952,Herzog Karl von Württemberg.,0,dir,PPER,dir,33224,,
tg,rfd2.0,102862,102952,Herzog Karl von Württemberg.,0,wohl,ADV,wohl,33224,,
tg,rfd2.0,102862,102952,Herzog Karl von Württemberg.,0,besonders,ADV,besonders,33224,,
tg,rfd2.0,102862,102952,Herzog Karl von Württemberg.,0,?,$.,--,33224,,
tg,rfd2.0,102957,102992,Generalin Rieger.,2,Wie,PWAV,wie,33224,,
tg,rfd2.0,102957,102992,Generalin Rieger.,2,süßes,ADJA,süß,33224,,
tg,rfd2.0,102957,102992,Generalin Rieger.,2,Zwetschenmuß,NN,zwetschenmuß,33224,,
tg,rfd2.0,102957,102992,Generalin Rieger.,2,.,$.,--,33224,,
tg,rfd2.0,102997,103036,Herzog Karl von Württemberg.,0,Hat,VAFIN,haben,33224,,
tg,rfd2.0,102997,103036,Herzog Karl von Württemberg.,0,denn,ADV,denn,33224,,
tg,rfd2.0,102997,103036,Herzog Karl von Württemberg.,0,das,ART,der,33224,,
tg,rfd2.0,102997,103036,Herzog Karl von Württemberg.,0,Sprüchlein,NN,sprüchlein,33224,,
tg,rfd2.0,102997,103036,Herzog Karl von Württemberg.,0,recht,ADJD,recht,33224,,
tg,rfd2.0,102997,103036,Herzog Karl von Württemberg.,0,?,$.,--,33224,,
tg,rfd2.0,103041,103058,Generalin Rieger.,2,Nein,PTKANT,nein,33224,,
tg,rfd2.0,103041,103058,Generalin Rieger.,2,.,$.,--,33224,,
tg,rfd2.0,103063,103091,Herzog Karl von Württemberg.,0,Nicht,PTKNEG,nicht,33224,,
tg,rfd2.0,103063,103091,Herzog Karl von Württemberg.,0,?,$.,--,33224,,
tg,rfd2.0,103063,103091,Herzog Karl von Württemberg.,0,Warum,PWAV,warum,33224,,
tg,rfd2.0,103063,103091,Herzog Karl von Württemberg.,0,nicht,PTKNEG,nicht,33224,,
tg,rfd2.0,103063,103091,Herzog Karl von Württemberg.,0,?,$.,--,33224,,
tg,rfd2.0,103097,103165,Generalin Rieger.,2,Man,PIS,man,33224,,
tg,rfd2.0,103097,103165,Generalin Rieger.,2,kann,VMFIN,können,33224,,
tg,rfd2.0,103097,103165,Generalin Rieger.,2,ein,ART,ein,33224,,
tg,rfd2.0,103097,103165,Generalin Rieger.,2,Schulmeister,NN,schulmeister,33224,,
tg,rfd2.0,103097,103165,Generalin Rieger.,2,werden,VAFIN,werden,33224,,
tg,rfd2.0,103097,103165,Generalin Rieger.,2,und,KON,und,33224,,
tg,rfd2.0,103097,103165,Generalin Rieger.,2,ein,ART,ein,33224,,
tg,rfd2.0,103097,103165,Generalin Rieger.,2,Tyrann,NN,tyrann,33224,,
tg,rfd2.0,103097,103165,Generalin Rieger.,2,bleiben,VVINF,bleiben,33224,,
tg,rfd2.0,103097,103165,Generalin Rieger.,2,.,$.,--,33224,,
tg,rfd2.0,103170,103417,Herzog Karl von Württemberg.,0,Bäbele,NE,bäbele,33224,,
tg,rfd2.0,103170,103417,Herzog Karl von Württemberg.,0,",","$,",--,33224,,
tg,rfd2.0,103170,103417,Herzog Karl von Württemberg.,0,du,PPER,du,33224,,
tg,rfd2.0,103170,103417,Herzog Karl von Württemberg.,0,bist,VAFIN,sein,33224,,
tg,rfd2.0,103170,103417,Herzog Karl von Württemberg.,0,–,PPER,–,33224,,
tg,rfd2.0,103170,103417,Herzog Karl von Württemberg.,0,ein,ART,ein,33224,,
tg,rfd2.0,103170,103417,Herzog Karl von Württemberg.,0,ganz,ADV,ganz,33224,,
tg,rfd2.0,103170,103417,Herzog Karl von Württemberg.,0,gescheites,ADJA,gescheit,33224,,
tg,rfd2.0,103170,103417,Herzog Karl von Württemberg.,0,Frauenzimmer,NN,frauenzimmer,33224,,
tg,rfd2.0,103170,103417,Herzog Karl von Württemberg.,0,.,$.,--,33224,,
tg,rfd2.0,103170,103417,Herzog Karl von Württemberg.,0,Bleistift,NN,bleistift,33224,BLEISTIFT,31
tg,rfd2.0,103170,103417,Herzog Karl von Württemberg.,0,",","$,",--,33224,,
tg,rfd2.0,103170,103417,Herzog Karl von Württemberg.,0,',$[,--,33224,,
tg,rfd2.0,103170,103417,Herzog Karl von Württemberg.,0,nen,ADJA,n,33224,,
tg,rfd2.0,103170,103417,Herzog Karl von Württemberg.,0,Schoppen,NN,schoppen,33224,,
tg,rfd2.0,103170,103417,Herzog Karl von Württemberg.,0,Achtundvierziger,NN,achtundvierziger,33224,,
tg,rfd2.0,103170,103417,Herzog Karl von Württemberg.,0,",","$,",--,33224,,
tg,rfd2.0,103170,103417,Herzog Karl von Württemberg.,0,ich,PPER,ich,33224,Herzog Karl von Württemberg.,0
tg,rfd2.0,103170,103417,Herzog Karl von Württemberg.,0,bin,VAFIN,sein,33224,,
tg,rfd2.0,103170,103417,Herzog Karl von Württemberg.,0,ganz,ADV,ganz,33224,,
tg,rfd2.0,103170,103417,Herzog Karl von Württemberg.,0,ausgetrocknet,VVPP,ausgetrocknet,33224,,
tg,rfd2.0,103170,103417,Herzog Karl von Württemberg.,0,.,$.,--,33224,,
tg,rfd2.0,103170,103417,Herzog Karl von Württemberg.,0,Bleistift,NN,bleistift,33224,BLEISTIFT,31
tg,rfd2.0,103170,103417,Herzog Karl von Württemberg.,0,ab,PTKVZ,ab,33224,,
tg,rfd2.0,103170,103417,Herzog Karl von Württemberg.,0,.,$.,--,33224,,
tg,rfd2.0,103170,103417,Herzog Karl von Württemberg.,0,',$[,--,33224,,
tg,rfd2.0,103170,103417,Herzog Karl von Württemberg.,0,s,PPER,--,33224,,
tg,rfd2.0,103170,103417,Herzog Karl von Württemberg.,0,ist,VAFIN,sein,33224,,
tg,rfd2.0,103170,103417,Herzog Karl von Württemberg.,0,ein,ART,ein,33224,,
tg,rfd2.0,103170,103417,Herzog Karl von Württemberg.,0,Herbst,NN,herbst,33224,,
tg,rfd2.0,103170,103417,Herzog Karl von Württemberg.,0,",","$,",--,33224,,
tg,rfd2.0,103170,103417,Herzog Karl von Württemberg.,0,der,PRELS,der,33224,,
tg,rfd2.0,103170,103417,Herzog Karl von Württemberg.,0,den,ART,der,33224,,
tg,rfd2.0,103170,103417,Herzog Karl von Württemberg.,0,Sommer,NN,sommer,33224,,
tg,rfd2.0,103170,103417,Herzog Karl von Württemberg.,0,nicht,PTKNEG,nicht,33224,,
tg,rfd2.0,103170,103417,Herzog Karl von Württemberg.,0,vergessen,VVINF,vergessen,33224,,
tg,rfd2.0,103170,103417,Herzog Karl von Württemberg.,0,kann,VMFIN,können,33224,,
tg,rfd2.0,103170,103417,Herzog Karl von Württemberg.,0,.,$.,--,33224,,
tg,rfd2.0,103170,103417,Herzog Karl von Württemberg.,0,–,XY,–,33224,,
tg,rfd2.0,103170,103417,Herzog Karl von Württemberg.,0,Wie,PWAV,wie,33224,,
tg,rfd2.0,103170,103417,Herzog Karl von Württemberg.,0,weit,ADJD,weit,33224,,
tg,rfd2.0,103170,103417,Herzog Karl von Württemberg.,0,seid,ADJD,sein,33224,,
tg,rfd2.0,103170,103417,Herzog Karl von Württemberg.,0,ihr,PPOSAT,ihr,33224,,
tg,rfd2.0,103170,103417,Herzog Karl von Württemberg.,0,mit,APPR,mit,33224,,
tg,rfd2.0,103170,103417,Herzog Karl von Württemberg.,0,der,ART,der,33224,,
tg,rfd2.0,103170,103417,Herzog Karl von Württemberg.,0,Komödie,NN,komödie,33224,,
tg,rfd2.0,103170,103417,Herzog Karl von Württemberg.,0,",","$,",--,33224,,
tg,rfd2.0,103170,103417,Herzog Karl von Württemberg.,0,Franzel,NN,franzel,33224,,
tg,rfd2.0,103170,103417,Herzog Karl von Württemberg.,0,?,$.,--,33224,,
tg,rfd2.0,103422,103464,Gräfin Franziska von Hohenheim.,1,Die,ART,der,33224,,
tg,rfd2.0,103422,103464,Gräfin Franziska von Hohenheim.,1,Probe,NN,probe,33224,,
tg,rfd2.0,103422,103464,Gräfin Franziska von Hohenheim.,1,wird,VAFIN,werden,33224,,
tg,rfd2.0,103422,103464,Gräfin Franziska von Hohenheim.,1,eben,ADV,eben,33224,,
tg,rfd2.0,103422,103464,Gräfin Franziska von Hohenheim.,1,zu,APPR,zu,33224,,
tg,rfd2.0,103422,103464,Gräfin Franziska von Hohenheim.,1,Ende,NN,ende,33224,,
tg,rfd2.0,103422,103464,Gräfin Franziska von Hohenheim.,1,gehn,CARD,gehn,33224,,
tg,rfd2.0,103422,103464,Gräfin Franziska von Hohenheim.,1,.,$.,--,33224,,
tg,rfd2.0,103469,103879,Herzog Karl von Württemberg.,0,Das,PDS,der,33224,,
tg,rfd2.0,103469,103879,Herzog Karl von Württemberg.,0,ist,VAFIN,sein,33224,,
tg,rfd2.0,103469,103879,Herzog Karl von Württemberg.,0,recht,ADV,recht,33224,,
tg,rfd2.0,103469,103879,Herzog Karl von Württemberg.,0,–,VVFIN,–,33224,,
tg,rfd2.0,103469,103879,Herzog Karl von Württemberg.,0,ich,PPER,ich,33224,Herzog Karl von Württemberg.,0
tg,rfd2.0,103469,103879,Herzog Karl von Württemberg.,0,kann,VMFIN,können,33224,,
tg,rfd2.0,103469,103879,Herzog Karl von Württemberg.,0,die,ART,der,33224,,
tg,rfd2.0,103469,103879,Herzog Karl von Württemberg.,0,Spielerei,NN,spielerei,33224,,
tg,rfd2.0,103469,103879,Herzog Karl von Württemberg.,0,jeden,PIDAT,jeder,33224,,
tg,rfd2.0,103469,103879,Herzog Karl von Württemberg.,0,Augenblick,NN,augenblick,33224,,
tg,rfd2.0,103469,103879,Herzog Karl von Württemberg.,0,brauchen,VVFIN,brauchen,33224,,
tg,rfd2.0,103469,103879,Herzog Karl von Württemberg.,0,zum,APPRART,zu,33224,,
tg,rfd2.0,103469,103879,Herzog Karl von Württemberg.,0,Unterhaltungsimbiß,NN,unterhaltungsimbiß,33224,,
tg,rfd2.0,103469,103879,Herzog Karl von Württemberg.,0,für,APPR,für,33224,,
tg,rfd2.0,103469,103879,Herzog Karl von Württemberg.,0,unsre,ADJA,unsr,33224,,
tg,rfd2.0,103469,103879,Herzog Karl von Württemberg.,0,Gäste,NN,gast,33224,,
tg,rfd2.0,103469,103879,Herzog Karl von Württemberg.,0,;,$.,--,33224,,
tg,rfd2.0,103469,103879,Herzog Karl von Württemberg.,0,denn,KON,denn,33224,,
tg,rfd2.0,103469,103879,Herzog Karl von Württemberg.,0,mit,APPR,mit,33224,,
tg,rfd2.0,103469,103879,Herzog Karl von Württemberg.,0,der,ART,der,33224,,
tg,rfd2.0,103469,103879,Herzog Karl von Württemberg.,0,Jagd,NN,jagd,33224,,
tg,rfd2.0,103469,103879,Herzog Karl von Württemberg.,0,ist's,ADV,ist's,33224,,
tg,rfd2.0,103469,103879,Herzog Karl von Württemberg.,0,noch,ADV,noch,33224,,
tg,rfd2.0,103469,103879,Herzog Karl von Württemberg.,0,nicht,PTKNEG,nicht,33224,,
tg,rfd2.0,103469,103879,Herzog Karl von Württemberg.,0,so,ADV,so,33224,,
tg,rfd2.0,103469,103879,Herzog Karl von Württemberg.,0,weit,ADJD,weit,33224,,
tg,rfd2.0,103469,103879,Herzog Karl von Württemberg.,0,",","$,",--,33224,,
tg,rfd2.0,103469,103879,Herzog Karl von Württemberg.,0,und,KON,und,33224,,
tg,rfd2.0,103469,103879,Herzog Karl von Württemberg.,0,die,ART,der,33224,,
tg,rfd2.0,103469,103879,Herzog Karl von Württemberg.,0,italienischen,ADJA,italienisch,33224,,
tg,rfd2.0,103469,103879,Herzog Karl von Württemberg.,0,Sänger,NN,sänger,33224,,
tg,rfd2.0,103469,103879,Herzog Karl von Württemberg.,0,haben,VAFIN,haben,33224,,
tg,rfd2.0,103469,103879,Herzog Karl von Württemberg.,0,nur,ADV,nur,33224,,
tg,rfd2.0,103469,103879,Herzog Karl von Württemberg.,0,zum,APPRART,zu,33224,,
tg,rfd2.0,103469,103879,Herzog Karl von Württemberg.,0,bestimmten,ADJA,bestimmt,33224,,
tg,rfd2.0,103469,103879,Herzog Karl von Württemberg.,0,Abende,NN,abend,33224,,
tg,rfd2.0,103469,103879,Herzog Karl von Württemberg.,0,ihre,PPOSAT,ihr,33224,,
tg,rfd2.0,103469,103879,Herzog Karl von Württemberg.,0,Stimme,NN,stimme,33224,,
tg,rfd2.0,103469,103879,Herzog Karl von Württemberg.,0,und,KON,und,33224,,
tg,rfd2.0,103469,103879,Herzog Karl von Württemberg.,0,dann,ADV,dann,33224,,
tg,rfd2.0,103469,103879,Herzog Karl von Württemberg.,0,nicht,PTKNEG,nicht,33224,,
tg,rfd2.0,103469,103879,Herzog Karl von Württemberg.,0,immer,ADV,immer,33224,,
tg,rfd2.0,103469,103879,Herzog Karl von Württemberg.,0,",","$,",--,33224,,
tg,rfd2.0,103469,103879,Herzog Karl von Württemberg.,0,dies,PDS,dieser,33224,,
tg,rfd2.0,103469,103879,Herzog Karl von Württemberg.,0,Sängervolk,NN,sängervolk,33224,,
tg,rfd2.0,103469,103879,Herzog Karl von Württemberg.,0,lernt,VVFIN,lernen,33224,,
tg,rfd2.0,103469,103879,Herzog Karl von Württemberg.,0,kein,PIAT,kein,33224,,
tg,rfd2.0,103469,103879,Herzog Karl von Württemberg.,0,Kommando,NN,kommando,33224,,
tg,rfd2.0,103469,103879,Herzog Karl von Württemberg.,0,.,$.,--,33224,,
tg,rfd2.0,103469,103879,Herzog Karl von Württemberg.,0,Unsre,NE,unsr,33224,,
tg,rfd2.0,103469,103879,Herzog Karl von Württemberg.,0,Eleven,NE,eleven,33224,,
tg,rfd2.0,103469,103879,Herzog Karl von Württemberg.,0,und,KON,und,33224,,
tg,rfd2.0,103469,103879,Herzog Karl von Württemberg.,0,Demoiselles,NN,demoisell,33224,,
tg,rfd2.0,103469,103879,Herzog Karl von Württemberg.,0,haben,VAFIN,haben,33224,,
tg,rfd2.0,103469,103879,Herzog Karl von Württemberg.,0,wir,PPER,wir,33224,,
tg,rfd2.0,103469,103879,Herzog Karl von Württemberg.,0,aber,ADV,aber,33224,,
tg,rfd2.0,103469,103879,Herzog Karl von Württemberg.,0,Tag,NN,tag,33224,,
tg,rfd2.0,103469,103879,Herzog Karl von Württemberg.,0,und,KON,und,33224,,
tg,rfd2.0,103469,103879,Herzog Karl von Württemberg.,0,Nacht,NN,nacht,33224,,
tg,rfd2.0,103469,103879,Herzog Karl von Württemberg.,0,zur,APPRART,zu,33224,,
tg,rfd2.0,103469,103879,Herzog Karl von Württemberg.,0,Disposition,NN,disposition,33224,,
tg,rfd2.0,103469,103879,Herzog Karl von Württemberg.,0,.,$.,--,33224,,
tg,rfd2.0,103469,103879,Herzog Karl von Württemberg.,0,Ihr,PPOSAT,ihr,33224,,
tg,rfd2.0,103469,103879,Herzog Karl von Württemberg.,0,habt,VAFIN,haben,33224,,
tg,rfd2.0,103469,103879,Herzog Karl von Württemberg.,0,doch,ADV,doch,33224,,
tg,rfd2.0,103469,103879,Herzog Karl von Württemberg.,0,für,APPR,für,33224,,
tg,rfd2.0,103469,103879,Herzog Karl von Württemberg.,0,',$[,--,33224,,
tg,rfd2.0,103469,103879,Herzog Karl von Württemberg.,0,ne,ADJA,ne,33224,,
tg,rfd2.0,103469,103879,Herzog Karl von Württemberg.,0,gute,ADJA,gut,33224,,
tg,rfd2.0,103469,103879,Herzog Karl von Württemberg.,0,Garderobe,NN,garderobe,33224,,
tg,rfd2.0,103469,103879,Herzog Karl von Württemberg.,0,gesorgt,VVPP,sorgen,33224,,
tg,rfd2.0,103469,103879,Herzog Karl von Württemberg.,0,?,$.,--,33224,,
tg,rfd2.0,103884,103911,Gräfin Franziska von Hohenheim.,1,Für,APPR,für,33224,,
tg,rfd2.0,103884,103911,Gräfin Franziska von Hohenheim.,1,eine,ART,ein,33224,,
tg,rfd2.0,103884,103911,Gräfin Franziska von Hohenheim.,1,passende,ADJA,passend,33224,,
tg,rfd2.0,103884,103911,Gräfin Franziska von Hohenheim.,1,.,$.,--,33224,,
tg,rfd2.0,103916,104215,Herzog Karl von Württemberg.,0,Prächtig,ADJD,prächtig,33224,,
tg,rfd2.0,103916,104215,Herzog Karl von Württemberg.,0,muß,VMFIN,müssen,33224,,
tg,rfd2.0,103916,104215,Herzog Karl von Württemberg.,0,sie,PPER,sie,33224,,
tg,rfd2.0,103916,104215,Herzog Karl von Württemberg.,0,sein,VAINF,sein,33224,,
tg,rfd2.0,103916,104215,Herzog Karl von Württemberg.,0,",","$,",--,33224,,
tg,rfd2.0,103916,104215,Herzog Karl von Württemberg.,0,sag,VVIMP,sag,33224,,
tg,rfd2.0,103916,104215,Herzog Karl von Württemberg.,0,',$[,--,33224,,
tg,rfd2.0,103916,104215,Herzog Karl von Württemberg.,0,ich,PPER,ich,33224,Herzog Karl von Württemberg.,0
tg,rfd2.0,103916,104215,Herzog Karl von Württemberg.,0,dir,PRF,dir,33224,,
tg,rfd2.0,103916,104215,Herzog Karl von Württemberg.,0,",","$,",--,33224,,
tg,rfd2.0,103916,104215,Herzog Karl von Württemberg.,0,Franzel,NE,franzel,33224,,
tg,rfd2.0,103916,104215,Herzog Karl von Württemberg.,0,"!",$.,--,33224,,
tg,rfd2.0,103916,104215,Herzog Karl von Württemberg.,0,Mit,APPR,mit,33224,,
tg,rfd2.0,103916,104215,Herzog Karl von Württemberg.,0,eurer,ADJA,eurer,33224,,
tg,rfd2.0,103916,104215,Herzog Karl von Württemberg.,0,historischen,ADJA,historisch,33224,,
tg,rfd2.0,103916,104215,Herzog Karl von Württemberg.,0,Treue,NN,treue,33224,,
tg,rfd2.0,103916,104215,Herzog Karl von Württemberg.,0,ist,VAFIN,sein,33224,,
tg,rfd2.0,103916,104215,Herzog Karl von Württemberg.,0,nichts,PIS,nichts,33224,,
tg,rfd2.0,103916,104215,Herzog Karl von Württemberg.,0,getan,VVPP,tun,33224,,
tg,rfd2.0,103916,104215,Herzog Karl von Württemberg.,0,;,$.,--,33224,,
tg,rfd2.0,103916,104215,Herzog Karl von Württemberg.,0,denn,KON,denn,33224,,
tg,rfd2.0,103916,104215,Herzog Karl von Württemberg.,0,es,PPER,es,33224,,
tg,rfd2.0,103916,104215,Herzog Karl von Württemberg.,0,ist,VAFIN,sein,33224,,
tg,rfd2.0,103916,104215,Herzog Karl von Württemberg.,0,doch,ADV,doch,33224,,
tg,rfd2.0,103916,104215,Herzog Karl von Württemberg.,0,und,KON,und,33224,,
tg,rfd2.0,103916,104215,Herzog Karl von Württemberg.,0,bleibt,VVFIN,bleiben,33224,,
tg,rfd2.0,103916,104215,Herzog Karl von Württemberg.,0,ein,ART,ein,33224,,
tg,rfd2.0,103916,104215,Herzog Karl von Württemberg.,0,erhöhter,ADJA,erhöht,33224,,
tg,rfd2.0,103916,104215,Herzog Karl von Württemberg.,0,Zustand,NN,zustand,33224,,
tg,rfd2.0,103916,104215,Herzog Karl von Württemberg.,0,bei,APPR,bei,33224,,
tg,rfd2.0,103916,104215,Herzog Karl von Württemberg.,0,solcher,PIAT,solcher,33224,,
tg,rfd2.0,103916,104215,Herzog Karl von Württemberg.,0,Aufführung,NN,aufführung,33224,,
tg,rfd2.0,103916,104215,Herzog Karl von Württemberg.,0,",","$,",--,33224,,
tg,rfd2.0,103916,104215,Herzog Karl von Württemberg.,0,und,KON,und,33224,,
tg,rfd2.0,103916,104215,Herzog Karl von Württemberg.,0,verhältnismäßig,ADV,verhältnismäßig,33224,,
tg,rfd2.0,103916,104215,Herzog Karl von Württemberg.,0,muß,VMFIN,müssen,33224,,
tg,rfd2.0,103916,104215,Herzog Karl von Württemberg.,0,alles,PIS,alle,33224,,
tg,rfd2.0,103916,104215,Herzog Karl von Württemberg.,0,im,APPRART,in,33224,,
tg,rfd2.0,103916,104215,Herzog Karl von Württemberg.,0,Sonntagsstaate,NN,sonntagsstaat,33224,,
tg,rfd2.0,103916,104215,Herzog Karl von Württemberg.,0,sein,PPOSAT,sein,33224,,
tg,rfd2.0,103916,104215,Herzog Karl von Württemberg.,0,–,NN,–,33224,,
tg,rfd2.0,103916,104215,Herzog Karl von Württemberg.,0,und,KON,und,33224,,
tg,rfd2.0,103916,104215,Herzog Karl von Württemberg.,0,diesmal,ADV,diesmal,33224,,
tg,rfd2.0,103916,104215,Herzog Karl von Württemberg.,0,also,ADV,also,33224,,
tg,rfd2.0,103916,104215,Herzog Karl von Württemberg.,0,sind,VAFIN,sein,33224,,
tg,rfd2.0,103916,104215,Herzog Karl von Württemberg.,0,die,ART,der,33224,,
tg,rfd2.0,103916,104215,Herzog Karl von Württemberg.,0,Frauenzimmerrollen,NN,frauenzimmerrolle,33224,,
tg,rfd2.0,103916,104215,Herzog Karl von Württemberg.,0,mit,APPR,mit,33224,,
tg,rfd2.0,103916,104215,Herzog Karl von Württemberg.,0,Demoiselles,NN,demoiselle,33224,,
tg,rfd2.0,103916,104215,Herzog Karl von Württemberg.,0,besetzt,VVPP,besetzen,33224,,
tg,rfd2.0,103916,104215,Herzog Karl von Württemberg.,0,?,$.,--,33224,,
tg,rfd2.0,104220,104249,Gräfin Franziska von Hohenheim.,1,Du,PPER,du,33224,,
tg,rfd2.0,104220,104249,Gräfin Franziska von Hohenheim.,1,hast,VAFIN,haben,33224,,
tg,rfd2.0,104220,104249,Gräfin Franziska von Hohenheim.,1,so,ADV,so,33224,,
tg,rfd2.0,104220,104249,Gräfin Franziska von Hohenheim.,1,befohlen,VVPP,befohlen,33224,,
tg,rfd2.0,104220,104249,Gräfin Franziska von Hohenheim.,1,.,$.,--,33224,,
tg,rfd2.0,104254,104357,Herzog Karl von Württemberg.,0,Ganz,ADV,ganz,33224,,
tg,rfd2.0,104254,104357,Herzog Karl von Württemberg.,0,recht,ADV,recht,33224,,
tg,rfd2.0,104254,104357,Herzog Karl von Württemberg.,0,.,$.,--,33224,,
tg,rfd2.0,104254,104357,Herzog Karl von Württemberg.,0,Für,APPR,für,33224,,
tg,rfd2.0,104254,104357,Herzog Karl von Württemberg.,0,Fremde,NN,fremde,33224,,
tg,rfd2.0,104254,104357,Herzog Karl von Württemberg.,0,geht's,VVFIN,geht,33224,,
tg,rfd2.0,104254,104357,Herzog Karl von Württemberg.,0,nicht,PTKNEG,nicht,33224,,
tg,rfd2.0,104254,104357,Herzog Karl von Württemberg.,0,mit,APPR,mit,33224,,
tg,rfd2.0,104254,104357,Herzog Karl von Württemberg.,0,meinen,PPOSAT,mein,33224,Herzog Karl von Württemberg.,0
tg,rfd2.0,104254,104357,Herzog Karl von Württemberg.,0,Buben,NN,bube,33224,,
tg,rfd2.0,104254,104357,Herzog Karl von Württemberg.,0,.,$.,--,33224,,
tg,rfd2.0,104254,104357,Herzog Karl von Württemberg.,0,Du,PPER,du,33224,,
tg,rfd2.0,104254,104357,Herzog Karl von Württemberg.,0,hast,VAFIN,haben,33224,,
tg,rfd2.0,104254,104357,Herzog Karl von Württemberg.,0,doch,ADV,doch,33224,,
tg,rfd2.0,104254,104357,Herzog Karl von Württemberg.,0,hübsche,ADJA,hübsch,33224,,
tg,rfd2.0,104254,104357,Herzog Karl von Württemberg.,0,ausgesucht,VVPP,aussuchen,33224,,
tg,rfd2.0,104254,104357,Herzog Karl von Württemberg.,0,",","$,",--,33224,,
tg,rfd2.0,104254,104357,Herzog Karl von Württemberg.,0,Bäbele,NN,bäbele,33224,,
tg,rfd2.0,104254,104357,Herzog Karl von Württemberg.,0,?,$.,--,33224,,
tg,rfd2.0,104362,104408,Generalin Rieger.,2,Wie,PWAV,wie,33224,,
tg,rfd2.0,104362,104408,Generalin Rieger.,2,sich's,FM,sich's,33224,,
tg,rfd2.0,104362,104408,Generalin Rieger.,2,schickt,VVFIN,schicken,33224,,
tg,rfd2.0,104362,104408,Generalin Rieger.,2,nach,APPR,nach,33224,,
tg,rfd2.0,104362,104408,Generalin Rieger.,2,der,ART,der,33224,,
tg,rfd2.0,104362,104408,Generalin Rieger.,2,Rolle,NN,rolle,33224,,
tg,rfd2.0,104362,104408,Generalin Rieger.,2,.,$.,--,33224,,
tg,rfd2.0,104413,104426,Herzog Karl von Württemberg.,0,Na,ITJ,na,33224,,
tg,rfd2.0,104413,104426,Herzog Karl von Württemberg.,0,?,$.,--,33224,,
tg,rfd2.0,104413,104426,Herzog Karl von Württemberg.,0,"!",$.,--,33224,,
tg,rfd2.0,104431,104509,Generalin Rieger.,2,Hübsch,NE,hübsch,33224,,
tg,rfd2.0,104431,104509,Generalin Rieger.,2,braucht,VVFIN,brauchen,33224,,
tg,rfd2.0,104431,104509,Generalin Rieger.,2,nur,ADV,nur,33224,,
tg,rfd2.0,104431,104509,Generalin Rieger.,2,die,ART,der,33224,,
tg,rfd2.0,104431,104509,Generalin Rieger.,2,Liebhaberin,NN,liebhaberin,33224,,
tg,rfd2.0,104431,104509,Generalin Rieger.,2,zu,PTKZU,zu,33224,,
tg,rfd2.0,104431,104509,Generalin Rieger.,2,sein,VAINF,sein,33224,,
tg,rfd2.0,104431,104509,Generalin Rieger.,2,",","$,",--,33224,,
tg,rfd2.0,104431,104509,Generalin Rieger.,2,und,KON,und,33224,,
tg,rfd2.0,104431,104509,Generalin Rieger.,2,das,PDS,der,33224,,
tg,rfd2.0,104431,104509,Generalin Rieger.,2,ist,VAFIN,sein,33224,,
tg,rfd2.0,104431,104509,Generalin Rieger.,2,die,ART,der,33224,,
tg,rfd2.0,104431,104509,Generalin Rieger.,2,Laura,NN,laura,33224,,
tg,rfd2.0,104431,104509,Generalin Rieger.,2,.,$.,--,33224,,
tg,rfd2.0,104514,104589,Herzog Karl von Württemberg.,0,Richtig,ADJD,richtig,33224,,
tg,rfd2.0,104514,104589,Herzog Karl von Württemberg.,0,",","$,",--,33224,,
tg,rfd2.0,104514,104589,Herzog Karl von Württemberg.,0,eine,ART,ein,33224,,
tg,rfd2.0,104514,104589,Herzog Karl von Württemberg.,0,hübschere,ADJA,hübsch,33224,,
tg,rfd2.0,104514,104589,Herzog Karl von Württemberg.,0,gibt's,VVFIN,gibt,33224,,
tg,rfd2.0,104514,104589,Herzog Karl von Württemberg.,0,nicht,PTKNEG,nicht,33224,,
tg,rfd2.0,104514,104589,Herzog Karl von Württemberg.,0,",","$,",--,33224,,
tg,rfd2.0,104514,104589,Herzog Karl von Württemberg.,0,wo,PWAV,wo,33224,,
tg,rfd2.0,104514,104589,Herzog Karl von Württemberg.,0,ist,VAFIN,sein,33224,,
tg,rfd2.0,104514,104589,Herzog Karl von Württemberg.,0,denn,ADV,denn,33224,,
tg,rfd2.0,104514,104589,Herzog Karl von Württemberg.,0,die,ART,der,33224,,
tg,rfd2.0,104514,104589,Herzog Karl von Württemberg.,0,kleine,ADJA,klein,33224,,
tg,rfd2.0,104514,104589,Herzog Karl von Württemberg.,0,Hexe,NN,hexe,33224,,
tg,rfd2.0,104514,104589,Herzog Karl von Württemberg.,0,?,$.,--,33224,,
tg,rfd2.0,104594,104628,Generalin Rieger.,2,Wird,VAFIN,werden,33224,,
tg,rfd2.0,104594,104628,Generalin Rieger.,2,gleich,ADV,gleich,33224,,
tg,rfd2.0,104594,104628,Generalin Rieger.,2,hier,ADV,hier,33224,,
tg,rfd2.0,104594,104628,Generalin Rieger.,2,sein,VAINF,sein,33224,,
tg,rfd2.0,104594,104628,Generalin Rieger.,2,"!",$.,--,33224,,
tg,rfd2.0,104633,104753,BLEISTIFT,31,Achtundvierziger,ADJA,achtundvierziger,33224,,
tg,rfd2.0,104633,104753,BLEISTIFT,31,"!",$.,--,33224,,
tg,rfd2.0,104633,104753,BLEISTIFT,31,Service,NN,service,33224,,
tg,rfd2.0,104633,104753,BLEISTIFT,31,"!",$.,--,33224,,
tg,rfd2.0,104758,104809,Herzog Karl von Württemberg.,0,Ist,VAFIN,sein,33224,,
tg,rfd2.0,104758,104809,Herzog Karl von Württemberg.,0,was,PWS,was,33224,,
tg,rfd2.0,104758,104809,Herzog Karl von Württemberg.,0,vorgefallen,VVINF,vorfallen,33224,,
tg,rfd2.0,104758,104809,Herzog Karl von Württemberg.,0,",","$,",--,33224,,
tg,rfd2.0,104758,104809,Herzog Karl von Württemberg.,0,Bleistift,NN,bleistift,33224,BLEISTIFT,31
tg,rfd2.0,104758,104809,Herzog Karl von Württemberg.,0,?,$.,--,33224,,
tg,rfd2.0,104814,104992,BLEISTIFT,31,Non,NE,--,33224,,
tg,rfd2.0,104814,104992,BLEISTIFT,31,",","$,",--,33224,,
tg,rfd2.0,104814,104992,BLEISTIFT,31,Sire,NN,sire,33224,,
tg,rfd2.0,104814,104992,BLEISTIFT,31,–,XY,–,33224,,
tg,rfd2.0,104814,104992,BLEISTIFT,31,nur,ADV,nur,33224,,
tg,rfd2.0,104814,104992,BLEISTIFT,31,der,ART,der,33224,,
tg,rfd2.0,104814,104992,BLEISTIFT,31,Mosje,NN,mosje,33224,,
tg,rfd2.0,104814,104992,BLEISTIFT,31,Herr,NN,herr,33224,,
tg,rfd2.0,104814,104992,BLEISTIFT,31,Hauptmann,NE,hauptmann,33224,,
tg,rfd2.0,104814,104992,BLEISTIFT,31,hier,ADV,hier,33224,,
tg,rfd2.0,104814,104992,BLEISTIFT,31,scheint,VVFIN,scheinen,33224,,
tg,rfd2.0,104814,104992,BLEISTIFT,31,viel,PIDAT,viel,33224,,
tg,rfd2.0,104814,104992,BLEISTIFT,31,Geld,NN,geld,33224,,
tg,rfd2.0,104814,104992,BLEISTIFT,31,zu,PTKZU,zu,33224,,
tg,rfd2.0,104814,104992,BLEISTIFT,31,brauchen,VVINF,brauchen,33224,,
tg,rfd2.0,104814,104992,BLEISTIFT,31,",","$,",--,33224,,
tg,rfd2.0,104814,104992,BLEISTIFT,31,hat,VAFIN,haben,33224,,
tg,rfd2.0,104814,104992,BLEISTIFT,31,heute,ADV,heute,33224,,
tg,rfd2.0,104814,104992,BLEISTIFT,31,vor,APPR,vor,33224,,
tg,rfd2.0,104814,104992,BLEISTIFT,31,dem,ART,der,33224,,
tg,rfd2.0,104814,104992,BLEISTIFT,31,Lever,NN,lever,33224,,
tg,rfd2.0,104814,104992,BLEISTIFT,31,der,ART,der,33224,,
tg,rfd2.0,104814,104992,BLEISTIFT,31,Sonne,NN,sonne,33224,,
tg,rfd2.0,104814,104992,BLEISTIFT,31,einen,ART,ein,33224,,
tg,rfd2.0,104814,104992,BLEISTIFT,31,Kurier,NN,kurier,33224,,
tg,rfd2.0,104814,104992,BLEISTIFT,31,durchs,APPRART,durch,33224,,
tg,rfd2.0,104814,104992,BLEISTIFT,31,Ludwigsburger,ADJA,ludwigsburger,33224,,
tg,rfd2.0,104814,104992,BLEISTIFT,31,Tor,NN,tor,33224,,
tg,rfd2.0,104814,104992,BLEISTIFT,31,hinausgesprengt,VVFIN,hinausgesprengen,33224,,
tg,rfd2.0,104814,104992,BLEISTIFT,31,–,PPER,–,33224,,
tg,rfd2.0,104997,105043,Herzog Karl von Württemberg.,0,Er,PPER,er,33224,,
tg,rfd2.0,104997,105043,Herzog Karl von Württemberg.,0,konspiriert,VVFIN,konspirieren,33224,,
tg,rfd2.0,104997,105043,Herzog Karl von Württemberg.,0,doch,ADV,doch,33224,,
tg,rfd2.0,104997,105043,Herzog Karl von Württemberg.,0,nicht,PTKNEG,nicht,33224,,
tg,rfd2.0,104997,105043,Herzog Karl von Württemberg.,0,",","$,",--,33224,,
tg,rfd2.0,104997,105043,Herzog Karl von Württemberg.,0,Hauptmann,NE,hauptmann,33224,,
tg,rfd2.0,104997,105043,Herzog Karl von Württemberg.,0,?,$.,--,33224,,
tg,rfd2.0,105049,105083,"Hauptmann von Silberkalb, Kammerherr.",5,Im,APPRART,in,33224,,
tg,rfd2.0,105049,105083,"Hauptmann von Silberkalb, Kammerherr.",5,Sinne,NN,sinn,33224,,
tg,rfd2.0,105049,105083,"Hauptmann von Silberkalb, Kammerherr.",5,Serenissimi,NE,serenissimi,33224,,
tg,rfd2.0,105049,105083,"Hauptmann von Silberkalb, Kammerherr.",5,–,XY,–,33224,,
tg,rfd2.0,105088,105114,Herzog Karl von Württemberg.,0,Wohin,PWAV,wohin,33224,,
tg,rfd2.0,105088,105114,Herzog Karl von Württemberg.,0,der,ART,der,33224,,
tg,rfd2.0,105088,105114,Herzog Karl von Württemberg.,0,Kurier,NN,kurier,33224,,
tg,rfd2.0,105088,105114,Herzog Karl von Württemberg.,0,?,$.,--,33224,,
tg,rfd2.0,105119,105146,"Hauptmann von Silberkalb, Kammerherr.",5,Nach,APPR,nach,33224,,
tg,rfd2.0,105119,105146,"Hauptmann von Silberkalb, Kammerherr.",5,der,ART,der,33224,,
tg,rfd2.0,105119,105146,"Hauptmann von Silberkalb, Kammerherr.",5,Pfalz,NE,pfalz,33224,,
tg,rfd2.0,105119,105146,"Hauptmann von Silberkalb, Kammerherr.",5,.,$.,--,33224,,
tg,rfd2.0,105151,105164,Herzog Karl von Württemberg.,0,Was,PWS,was,33224,,
tg,rfd2.0,105151,105164,Herzog Karl von Württemberg.,0,?,$.,--,33224,,
tg,rfd2.0,105169,105258,"Hauptmann von Silberkalb, Kammerherr.",5,Morgen,ADV,morgen,33224,,
tg,rfd2.0,105169,105258,"Hauptmann von Silberkalb, Kammerherr.",5,verhoff,VVFIN,verhoff,33224,,
tg,rfd2.0,105169,105258,"Hauptmann von Silberkalb, Kammerherr.",5,',$[,--,33224,,
tg,rfd2.0,105169,105258,"Hauptmann von Silberkalb, Kammerherr.",5,ich,PPER,ich,33224,"Hauptmann von Silberkalb, Kammerherr.",5
tg,rfd2.0,105169,105258,"Hauptmann von Silberkalb, Kammerherr.",5,Auskunft,NN,auskunft,33224,,
tg,rfd2.0,105169,105258,"Hauptmann von Silberkalb, Kammerherr.",5,eben,ADV,eben,33224,,
tg,rfd2.0,105169,105258,"Hauptmann von Silberkalb, Kammerherr.",5,zu,PTKZU,zu,33224,,
tg,rfd2.0,105169,105258,"Hauptmann von Silberkalb, Kammerherr.",5,können,VMINF,können,33224,,
tg,rfd2.0,105169,105258,"Hauptmann von Silberkalb, Kammerherr.",5,.,$.,--,33224,,
tg,rfd2.0,105169,105258,"Hauptmann von Silberkalb, Kammerherr.",5,Beiseite,NN,beiseite,33224,,
tg,rfd2.0,105169,105258,"Hauptmann von Silberkalb, Kammerherr.",5,über,APPR,über,33224,,
tg,rfd2.0,105169,105258,"Hauptmann von Silberkalb, Kammerherr.",5,Bleistift,NN,bleistift,33224,BLEISTIFT,31
tg,rfd2.0,105169,105258,"Hauptmann von Silberkalb, Kammerherr.",5,.,$.,--,33224,,
tg,rfd2.0,105169,105258,"Hauptmann von Silberkalb, Kammerherr.",5,Tölpel,NE,tölpel,33224,,
tg,rfd2.0,105169,105258,"Hauptmann von Silberkalb, Kammerherr.",5,"!",$.,--,33224,,
tg,rfd2.0,105263,105487,Herzog Karl von Württemberg.,0,Ist,VAFIN,sein,33224,,
tg,rfd2.0,105263,105487,Herzog Karl von Württemberg.,0,nötig,ADJD,nötig,33224,,
tg,rfd2.0,105263,105487,Herzog Karl von Württemberg.,0,"!",$.,--,33224,,
tg,rfd2.0,105263,105487,Herzog Karl von Württemberg.,0,–,XY,–,33224,,
tg,rfd2.0,105263,105487,Herzog Karl von Württemberg.,0,Jetzt,ADV,jetzt,33224,,
tg,rfd2.0,105263,105487,Herzog Karl von Württemberg.,0,regieren,VVINF,regieren,33224,,
tg,rfd2.0,105263,105487,Herzog Karl von Württemberg.,0,"!",$.,--,33224,,
tg,rfd2.0,105263,105487,Herzog Karl von Württemberg.,0,General,NN,General,33224,,
tg,rfd2.0,105263,105487,Herzog Karl von Württemberg.,0,Rieger,NN,rieger,33224,RIEGER,27
tg,rfd2.0,105263,105487,Herzog Karl von Württemberg.,0,",","$,",--,33224,,
tg,rfd2.0,105263,105487,Herzog Karl von Württemberg.,0,Kommandant,NN,kommandant,33224,,
tg,rfd2.0,105263,105487,Herzog Karl von Württemberg.,0,des,ART,der,33224,,
tg,rfd2.0,105263,105487,Herzog Karl von Württemberg.,0,Hohenasperg,NN,hohenasperg,33224,,
tg,rfd2.0,105263,105487,Herzog Karl von Württemberg.,0,",","$,",--,33224,,
tg,rfd2.0,105263,105487,Herzog Karl von Württemberg.,0,vor,APPR,vor,33224,,
tg,rfd2.0,105263,105487,Herzog Karl von Württemberg.,0,"!",$.,--,33224,,
tg,rfd2.0,105263,105487,Herzog Karl von Württemberg.,0,Rieger,NN,rieger,33224,RIEGER,27
tg,rfd2.0,105263,105487,Herzog Karl von Württemberg.,0,marschiert,VVFIN,marschieren,33224,,
tg,rfd2.0,105263,105487,Herzog Karl von Württemberg.,0,bis,APPR,bis,33224,,
tg,rfd2.0,105263,105487,Herzog Karl von Württemberg.,0,zur,APPRART,zu,33224,,
tg,rfd2.0,105263,105487,Herzog Karl von Württemberg.,0,Linie,NN,linie,33224,,
tg,rfd2.0,105263,105487,Herzog Karl von Württemberg.,0,des,ART,der,33224,,
tg,rfd2.0,105263,105487,Herzog Karl von Württemberg.,0,Herzogs,NN,herzog,33224,,
tg,rfd2.0,105263,105487,Herzog Karl von Württemberg.,0,–,VVFIN,–,33224,,
tg,rfd2.0,105263,105487,Herzog Karl von Württemberg.,0,die,ART,der,33224,,
tg,rfd2.0,105263,105487,Herzog Karl von Württemberg.,0,Generalin,NN,generalin,33224,,
tg,rfd2.0,105263,105487,Herzog Karl von Württemberg.,0,folgt,VVFIN,folgen,33224,,
tg,rfd2.0,105263,105487,Herzog Karl von Württemberg.,0,ihm,PPER,ihm,33224,,
tg,rfd2.0,105263,105487,Herzog Karl von Württemberg.,0,einige,PIAT,einiger,33224,,
tg,rfd2.0,105263,105487,Herzog Karl von Württemberg.,0,Schritte,NN,schritt,33224,,
tg,rfd2.0,105263,105487,Herzog Karl von Württemberg.,0,",","$,",--,33224,,
tg,rfd2.0,105263,105487,Herzog Karl von Württemberg.,0,die,ART,der,33224,,
tg,rfd2.0,105263,105487,Herzog Karl von Württemberg.,0,Gräfin,NN,gräfin,33224,,
tg,rfd2.0,105263,105487,Herzog Karl von Württemberg.,0,setzt,VVFIN,setzen,33224,,
tg,rfd2.0,105263,105487,Herzog Karl von Württemberg.,0,sich,PRF,sich,33224,,
tg,rfd2.0,105263,105487,Herzog Karl von Württemberg.,0,zur,APPRART,zu,33224,,
tg,rfd2.0,105263,105487,Herzog Karl von Württemberg.,0,äußersten,ADJA,äußerer,33224,,
tg,rfd2.0,105263,105487,Herzog Karl von Württemberg.,0,Rechten,NN,rechte,33224,,
tg,rfd2.0,105263,105487,Herzog Karl von Württemberg.,0,.,$.,--,33224,,
tg,rfd2.0,105263,105487,Herzog Karl von Württemberg.,0,Halt,NN,halten,33224,,
tg,rfd2.0,105263,105487,Herzog Karl von Württemberg.,0,"!",$.,--,33224,,
tg,rfd2.0,105492,105539,Generalin Rieger.,2,Wenn,KOUS,wenn,33224,,
tg,rfd2.0,105492,105539,Generalin Rieger.,2,nur,ADV,nur,33224,,
tg,rfd2.0,105492,105539,Generalin Rieger.,2,die,ART,der,33224,,
tg,rfd2.0,105492,105539,Generalin Rieger.,2,Laura,NN,laura,33224,,
tg,rfd2.0,105492,105539,Generalin Rieger.,2,käme,VVFIN,kommen,33224,,
tg,rfd2.0,105492,105539,Generalin Rieger.,2,"!",$.,--,33224,,
tg,rfd2.0,105544,105710,Herzog Karl von Württemberg.,0,Wir,PPER,wir,33224,,
tg,rfd2.0,105544,105710,Herzog Karl von Württemberg.,0,wollen,VMFIN,wollen,33224,,
tg,rfd2.0,105544,105710,Herzog Karl von Württemberg.,0,alle,PIDAT,aller,33224,ALLE,30
tg,rfd2.0,105544,105710,Herzog Karl von Württemberg.,0,Winkel,NN,winkel,33224,,
tg,rfd2.0,105544,105710,Herzog Karl von Württemberg.,0,des,ART,der,33224,,
tg,rfd2.0,105544,105710,Herzog Karl von Württemberg.,0,Hauses,NN,haus,33224,,
tg,rfd2.0,105544,105710,Herzog Karl von Württemberg.,0,ausfegen,VVINF,ausfegen,33224,,
tg,rfd2.0,105544,105710,Herzog Karl von Württemberg.,0,",","$,",--,33224,,
tg,rfd2.0,105544,105710,Herzog Karl von Württemberg.,0,damit,KOUS,damit,33224,,
tg,rfd2.0,105544,105710,Herzog Karl von Württemberg.,0,unser,PPOSAT,unser,33224,,
tg,rfd2.0,105544,105710,Herzog Karl von Württemberg.,0,Besuch,NN,besuch,33224,,
tg,rfd2.0,105544,105710,Herzog Karl von Württemberg.,0,nirgends,NN,nirgends,33224,,
tg,rfd2.0,105544,105710,Herzog Karl von Württemberg.,0,ein,ART,ein,33224,,
tg,rfd2.0,105544,105710,Herzog Karl von Württemberg.,0,Häuflein,NN,häuflein,33224,,
tg,rfd2.0,105544,105710,Herzog Karl von Württemberg.,0,Unrat,NN,unrat,33224,,
tg,rfd2.0,105544,105710,Herzog Karl von Württemberg.,0,entdeckt,VVPP,entdecken,33224,,
tg,rfd2.0,105544,105710,Herzog Karl von Württemberg.,0,.,$.,--,33224,,
tg,rfd2.0,105544,105710,Herzog Karl von Württemberg.,0,Wie,PWAV,wie,33224,,
tg,rfd2.0,105544,105710,Herzog Karl von Württemberg.,0,steht's,VVFIN,steht,33224,,
tg,rfd2.0,105544,105710,Herzog Karl von Württemberg.,0,oben,ADV,oben,33224,,
tg,rfd2.0,105544,105710,Herzog Karl von Württemberg.,0,bei,APPR,bei,33224,,
tg,rfd2.0,105544,105710,Herzog Karl von Württemberg.,0,dir,PPER,dir,33224,,
tg,rfd2.0,105544,105710,Herzog Karl von Württemberg.,0,",","$,",--,33224,,
tg,rfd2.0,105544,105710,Herzog Karl von Württemberg.,0,sind,VAFIN,sein,33224,,
tg,rfd2.0,105544,105710,Herzog Karl von Württemberg.,0,deine,PPOSAT,dein,33224,,
tg,rfd2.0,105544,105710,Herzog Karl von Württemberg.,0,Gefangenen,NN,gefangener,33224,,
tg,rfd2.0,105544,105710,Herzog Karl von Württemberg.,0,in,APPR,in,33224,,
tg,rfd2.0,105544,105710,Herzog Karl von Württemberg.,0,Ruhe,NN,ruhe,33224,,
tg,rfd2.0,105544,105710,Herzog Karl von Württemberg.,0,?,$.,--,33224,,
tg,rfd2.0,105715,105756,RIEGER,27,Sie,PPER,sie,33224,,
tg,rfd2.0,105715,105756,RIEGER,27,fürchten,VVFIN,fürchten,33224,,
tg,rfd2.0,105715,105756,RIEGER,27,Gott,NN,gott,33224,,
tg,rfd2.0,105715,105756,RIEGER,27,und,KON,und,33224,,
tg,rfd2.0,105715,105756,RIEGER,27,loben,VVFIN,loben,33224,,
tg,rfd2.0,105715,105756,RIEGER,27,ihn,PPER,ihn,33224,,
tg,rfd2.0,105715,105756,RIEGER,27,.,$.,--,33224,,
tg,rfd2.0,105761,105856,Herzog Karl von Württemberg.,0,Ach,ITJ,ach,33224,,
tg,rfd2.0,105761,105856,Herzog Karl von Württemberg.,0,was,PWS,was,33224,,
tg,rfd2.0,105761,105856,Herzog Karl von Württemberg.,0,",","$,",--,33224,,
tg,rfd2.0,105761,105856,Herzog Karl von Württemberg.,0,dabei,PROAV,dabei,33224,,
tg,rfd2.0,105761,105856,Herzog Karl von Württemberg.,0,kann,VMFIN,können,33224,,
tg,rfd2.0,105761,105856,Herzog Karl von Württemberg.,0,man,PIS,man,33224,,
tg,rfd2.0,105761,105856,Herzog Karl von Württemberg.,0,seinen,PPOSAT,sein,33224,,
tg,rfd2.0,105761,105856,Herzog Karl von Württemberg.,0,Herrn,NN,herr,33224,,
tg,rfd2.0,105761,105856,Herzog Karl von Württemberg.,0,auf,APPR,auf,33224,,
tg,rfd2.0,105761,105856,Herzog Karl von Württemberg.,0,Erden,NN,erde,33224,,
tg,rfd2.0,105761,105856,Herzog Karl von Württemberg.,0,tadeln,VVINF,tadeln,33224,,
tg,rfd2.0,105761,105856,Herzog Karl von Württemberg.,0,"!",$.,--,33224,,
tg,rfd2.0,105761,105856,Herzog Karl von Württemberg.,0,–,XY,–,33224,,
tg,rfd2.0,105761,105856,Herzog Karl von Württemberg.,0,Wie,PWAV,wie,33224,,
tg,rfd2.0,105761,105856,Herzog Karl von Württemberg.,0,steht's,FM,steht,33224,,
tg,rfd2.0,105761,105856,Herzog Karl von Württemberg.,0,mit,APPR,mit,33224,,
tg,rfd2.0,105761,105856,Herzog Karl von Württemberg.,0,dem,ART,der,33224,,
tg,rfd2.0,105761,105856,Herzog Karl von Württemberg.,0,Schubart,NN,schubart,33224,,
tg,rfd2.0,105761,105856,Herzog Karl von Württemberg.,0,?,$.,--,33224,,
tg,rfd2.0,105861,105907,RIEGER,27,Er,PPER,er,33224,,
tg,rfd2.0,105861,105907,RIEGER,27,hat,VAFIN,haben,33224,,
tg,rfd2.0,105861,105907,RIEGER,27,den,ART,der,33224,,
tg,rfd2.0,105861,105907,RIEGER,27,alten,ADJA,alt,33224,,
tg,rfd2.0,105861,105907,RIEGER,27,Menschen,NN,mensch,33224,,
tg,rfd2.0,105861,105907,RIEGER,27,ausgezogen,VVPP,ausziehen,33224,,
tg,rfd2.0,105861,105907,RIEGER,27,.,$.,--,33224,,
tg,rfd2.0,105912,106127,Herzog Karl von Württemberg.,0,Und,KON,und,33224,,
tg,rfd2.0,105912,106127,Herzog Karl von Württemberg.,0,du,PPER,du,33224,,
tg,rfd2.0,105912,106127,Herzog Karl von Württemberg.,0,ziehst,VVFIN,ziehst,33224,,
tg,rfd2.0,105912,106127,Herzog Karl von Württemberg.,0,ihm,PPER,ihm,33224,,
tg,rfd2.0,105912,106127,Herzog Karl von Württemberg.,0,den,ART,der,33224,,
tg,rfd2.0,105912,106127,Herzog Karl von Württemberg.,0,neuen,ADJA,neu,33224,,
tg,rfd2.0,105912,106127,Herzog Karl von Württemberg.,0,an,PTKVZ,an,33224,,
tg,rfd2.0,105912,106127,Herzog Karl von Württemberg.,0,",","$,",--,33224,,
tg,rfd2.0,105912,106127,Herzog Karl von Württemberg.,0,du,PPER,du,33224,,
tg,rfd2.0,105912,106127,Herzog Karl von Württemberg.,0,verstehst,VVFIN,verstehst,33224,,
tg,rfd2.0,105912,106127,Herzog Karl von Württemberg.,0,das,ART,der,33224,,
tg,rfd2.0,105912,106127,Herzog Karl von Württemberg.,0,Schneiderhandwerk,NN,schneiderhandwerk,33224,,
tg,rfd2.0,105912,106127,Herzog Karl von Württemberg.,0,.,$.,--,33224,,
tg,rfd2.0,105912,106127,Herzog Karl von Württemberg.,0,Keine,PIAT,kein,33224,,
tg,rfd2.0,105912,106127,Herzog Karl von Württemberg.,0,Redensarten,NN,redensart,33224,,
tg,rfd2.0,105912,106127,Herzog Karl von Württemberg.,0,"!",$.,--,33224,,
tg,rfd2.0,105912,106127,Herzog Karl von Württemberg.,0,Hat,VAFIN,haben,33224,,
tg,rfd2.0,105912,106127,Herzog Karl von Württemberg.,0,er's,PPER,er's,33224,,
tg,rfd2.0,105912,106127,Herzog Karl von Württemberg.,0,aufgegeben,VVPP,aufgeben,33224,,
tg,rfd2.0,105912,106127,Herzog Karl von Württemberg.,0,",","$,",--,33224,,
tg,rfd2.0,105912,106127,Herzog Karl von Württemberg.,0,die,ART,der,33224,,
tg,rfd2.0,105912,106127,Herzog Karl von Württemberg.,0,Preußen,NN,preuße,33224,,
tg,rfd2.0,105912,106127,Herzog Karl von Württemberg.,0,auf,APPR,auf,33224,,
tg,rfd2.0,105912,106127,Herzog Karl von Württemberg.,0,unsre,ADJA,unsr,33224,,
tg,rfd2.0,105912,106127,Herzog Karl von Württemberg.,0,Kosten,NN,kosten,33224,,
tg,rfd2.0,105912,106127,Herzog Karl von Württemberg.,0,zu,PTKZU,zu,33224,,
tg,rfd2.0,105912,106127,Herzog Karl von Württemberg.,0,loben,VVINF,loben,33224,,
tg,rfd2.0,105912,106127,Herzog Karl von Württemberg.,0,",","$,",--,33224,,
tg,rfd2.0,105912,106127,Herzog Karl von Württemberg.,0,und,KON,und,33224,,
tg,rfd2.0,105912,106127,Herzog Karl von Württemberg.,0,macht,VVFIN,machen,33224,,
tg,rfd2.0,105912,106127,Herzog Karl von Württemberg.,0,er,PPER,er,33224,,
tg,rfd2.0,105912,106127,Herzog Karl von Württemberg.,0,keinen,PIAT,kein,33224,,
tg,rfd2.0,105912,106127,Herzog Karl von Württemberg.,0,Versuch,NN,versuch,33224,,
tg,rfd2.0,105912,106127,Herzog Karl von Württemberg.,0,mehr,ADV,mehr,33224,,
tg,rfd2.0,105912,106127,Herzog Karl von Württemberg.,0,",","$,",--,33224,,
tg,rfd2.0,105912,106127,Herzog Karl von Württemberg.,0,die,ART,der,33224,,
tg,rfd2.0,105912,106127,Herzog Karl von Württemberg.,0,Schwaben,NN,schwabe,33224,,
tg,rfd2.0,105912,106127,Herzog Karl von Württemberg.,0,aufzuhetzen,VVIZU,aufhetzen,33224,,
tg,rfd2.0,105912,106127,Herzog Karl von Württemberg.,0,?,$.,--,33224,,
tg,rfd2.0,106132,106232,RIEGER,27,Seine,PPOSAT,sein,33224,,
tg,rfd2.0,106132,106232,RIEGER,27,Seele,NN,seele,33224,,
tg,rfd2.0,106132,106232,RIEGER,27,ist,VAFIN,sein,33224,,
tg,rfd2.0,106132,106232,RIEGER,27,abgewendet,VVPP,abwenden,33224,,
tg,rfd2.0,106132,106232,RIEGER,27,vom,APPRART,von,33224,,
tg,rfd2.0,106132,106232,RIEGER,27,irdischen,ADJA,irdisch,33224,,
tg,rfd2.0,106132,106232,RIEGER,27,Wirrsal,NN,wirrsal,33224,,
tg,rfd2.0,106132,106232,RIEGER,27,",","$,",--,33224,,
tg,rfd2.0,106132,106232,RIEGER,27,und,KON,und,33224,,
tg,rfd2.0,106132,106232,RIEGER,27,er,PPER,er,33224,,
tg,rfd2.0,106132,106232,RIEGER,27,küßt,VVFIN,küssen,33224,,
tg,rfd2.0,106132,106232,RIEGER,27,die,ART,der,33224,,
tg,rfd2.0,106132,106232,RIEGER,27,Rute,NN,rute,33224,,
tg,rfd2.0,106132,106232,RIEGER,27,",","$,",--,33224,,
tg,rfd2.0,106132,106232,RIEGER,27,die,PRELS,der,33224,,
tg,rfd2.0,106132,106232,RIEGER,27,ihn,PPER,ihn,33224,,
tg,rfd2.0,106132,106232,RIEGER,27,geschlagen,VVPP,schlagen,33224,,
tg,rfd2.0,106132,106232,RIEGER,27,.,$.,--,33224,,
tg,rfd2.0,106237,106439,Herzog Karl von Württemberg.,0,Klägliches,ADJA,kläglich,33224,,
tg,rfd2.0,106237,106439,Herzog Karl von Württemberg.,0,Volk,NN,volk,33224,,
tg,rfd2.0,106237,106439,Herzog Karl von Württemberg.,0,",","$,",--,33224,,
tg,rfd2.0,106237,106439,Herzog Karl von Württemberg.,0,diese,PDAT,dieser,33224,,
tg,rfd2.0,106237,106439,Herzog Karl von Württemberg.,0,Schreier,NN,schreier,33224,,
tg,rfd2.0,106237,106439,Herzog Karl von Württemberg.,0,"!",$.,--,33224,,
tg,rfd2.0,106237,106439,Herzog Karl von Württemberg.,0,Wenn,KOUS,wenn,33224,,
tg,rfd2.0,106237,106439,Herzog Karl von Württemberg.,0,ihnen,PPER,ihnen,33224,,
tg,rfd2.0,106237,106439,Herzog Karl von Württemberg.,0,das,ART,der,33224,,
tg,rfd2.0,106237,106439,Herzog Karl von Württemberg.,0,Messer,NN,messer,33224,,
tg,rfd2.0,106237,106439,Herzog Karl von Württemberg.,0,an,APPR,an,33224,,
tg,rfd2.0,106237,106439,Herzog Karl von Württemberg.,0,die,ART,der,33224,,
tg,rfd2.0,106237,106439,Herzog Karl von Württemberg.,0,Kehle,NN,kehle,33224,,
tg,rfd2.0,106237,106439,Herzog Karl von Württemberg.,0,kommt,VVFIN,kommen,33224,,
tg,rfd2.0,106237,106439,Herzog Karl von Württemberg.,0,",","$,",--,33224,,
tg,rfd2.0,106237,106439,Herzog Karl von Württemberg.,0,dann,ADV,dann,33224,,
tg,rfd2.0,106237,106439,Herzog Karl von Württemberg.,0,kriechen,VVFIN,kriechen,33224,,
tg,rfd2.0,106237,106439,Herzog Karl von Württemberg.,0,sie,PPER,sie,33224,,
tg,rfd2.0,106237,106439,Herzog Karl von Württemberg.,0,zu,APPR,zu,33224,,
tg,rfd2.0,106237,106439,Herzog Karl von Württemberg.,0,Kreuze,NN,kreuze,33224,,
tg,rfd2.0,106237,106439,Herzog Karl von Württemberg.,0,–,CARD,–,33224,,
tg,rfd2.0,106237,106439,Herzog Karl von Württemberg.,0,und,KON,und,33224,,
tg,rfd2.0,106237,106439,Herzog Karl von Württemberg.,0,mit,APPR,mit,33224,,
tg,rfd2.0,106237,106439,Herzog Karl von Württemberg.,0,denen,PDS,der,33224,,
tg,rfd2.0,106237,106439,Herzog Karl von Württemberg.,0,soll,VMFIN,sollen,33224,,
tg,rfd2.0,106237,106439,Herzog Karl von Württemberg.,0,eine,ART,ein,33224,,
tg,rfd2.0,106237,106439,Herzog Karl von Württemberg.,0,neue,ADJA,neu,33224,,
tg,rfd2.0,106237,106439,Herzog Karl von Württemberg.,0,Zeit,NN,zeit,33224,,
tg,rfd2.0,106237,106439,Herzog Karl von Württemberg.,0,ankommen,VVINF,ankommen,33224,,
tg,rfd2.0,106237,106439,Herzog Karl von Württemberg.,0,"!",$.,--,33224,,
tg,rfd2.0,106237,106439,Herzog Karl von Württemberg.,0,Mut,NN,mut,33224,,
tg,rfd2.0,106237,106439,Herzog Karl von Württemberg.,0,ist,VAFIN,sein,33224,,
tg,rfd2.0,106237,106439,Herzog Karl von Württemberg.,0,die,ART,der,33224,,
tg,rfd2.0,106237,106439,Herzog Karl von Württemberg.,0,Seele,NN,seele,33224,,
tg,rfd2.0,106237,106439,Herzog Karl von Württemberg.,0,jeder,PIDAT,jeder,33224,,
tg,rfd2.0,106237,106439,Herzog Karl von Württemberg.,0,großen,ADJA,groß,33224,,
tg,rfd2.0,106237,106439,Herzog Karl von Württemberg.,0,Idee,NN,idee,33224,,
tg,rfd2.0,106237,106439,Herzog Karl von Württemberg.,0,"!",$.,--,33224,,
tg,rfd2.0,106237,106439,Herzog Karl von Württemberg.,0,Weiter,ADV,weiter,33224,,
tg,rfd2.0,106237,106439,Herzog Karl von Württemberg.,0,"!",$.,--,33224,,
tg,rfd2.0,106444,106609,RIEGER,27,Nur,ADV,nur,33224,,
tg,rfd2.0,106444,106609,RIEGER,27,zuweilen,ADV,zuweilen,33224,,
tg,rfd2.0,106444,106609,RIEGER,27,noch,ADV,noch,33224,,
tg,rfd2.0,106444,106609,RIEGER,27,kommt,VVFIN,kommen,33224,,
tg,rfd2.0,106444,106609,RIEGER,27,der,ART,der,33224,,
tg,rfd2.0,106444,106609,RIEGER,27,Teufel,NN,teufel,33224,,
tg,rfd2.0,106444,106609,RIEGER,27,über,APPR,über,33224,,
tg,rfd2.0,106444,106609,RIEGER,27,ihn,PPER,ihn,33224,,
tg,rfd2.0,106444,106609,RIEGER,27,und,KON,und,33224,,
tg,rfd2.0,106444,106609,RIEGER,27,flößt,VVFIN,floßen,33224,,
tg,rfd2.0,106444,106609,RIEGER,27,ihm,PPER,ihm,33224,,
tg,rfd2.0,106444,106609,RIEGER,27,ein,ART,ein,33224,,
tg,rfd2.0,106444,106609,RIEGER,27,Gedicht,NN,gedicht,33224,,
tg,rfd2.0,106444,106609,RIEGER,27,ein,PTKVZ,ein,33224,,
tg,rfd2.0,106444,106609,RIEGER,27,.,$.,--,33224,,
tg,rfd2.0,106444,106609,RIEGER,27,So,ADV,so,33224,,
tg,rfd2.0,106444,106609,RIEGER,27,in,APPR,in,33224,,
tg,rfd2.0,106444,106609,RIEGER,27,diesen,PDAT,dieser,33224,,
tg,rfd2.0,106444,106609,RIEGER,27,Tagen,NN,tag,33224,,
tg,rfd2.0,106444,106609,RIEGER,27,ein,ART,ein,33224,,
tg,rfd2.0,106444,106609,RIEGER,27,gottloses,ADJA,gottlos,33224,,
tg,rfd2.0,106444,106609,RIEGER,27,Poem,NN,poem,33224,,
tg,rfd2.0,106444,106609,RIEGER,27,",","$,",--,33224,,
tg,rfd2.0,106444,106609,RIEGER,27,welches,PRELS,welcher,33224,,
tg,rfd2.0,106444,106609,RIEGER,27,er,PPER,er,33224,,
tg,rfd2.0,106444,106609,RIEGER,27,die,ART,der,33224,,
tg,rfd2.0,106444,106609,RIEGER,27,»,NN,»,33224,,
tg,rfd2.0,106444,106609,RIEGER,27,Fürstengruft,NN,fürstengruft,33224,,
tg,rfd2.0,106444,106609,RIEGER,27,«,XY,«,33224,,
tg,rfd2.0,106444,106609,RIEGER,27,genannt,VVPP,nennen,33224,,
tg,rfd2.0,106444,106609,RIEGER,27,hat,VAFIN,haben,33224,,
tg,rfd2.0,106444,106609,RIEGER,27,.,$.,--,33224,,
tg,rfd2.0,106614,106655,Herzog Karl von Württemberg.,0,Ein,ART,ein,33224,,
tg,rfd2.0,106614,106655,Herzog Karl von Württemberg.,0,schönes,ADJA,schön,33224,,
tg,rfd2.0,106614,106655,Herzog Karl von Württemberg.,0,Thema,NN,thema,33224,,
tg,rfd2.0,106614,106655,Herzog Karl von Württemberg.,0,–,XY,–,33224,,
tg,rfd2.0,106614,106655,Herzog Karl von Württemberg.,0,hat,VAFIN,haben,33224,,
tg,rfd2.0,106614,106655,Herzog Karl von Württemberg.,0,Er's,PPER,er's,33224,,
tg,rfd2.0,106614,106655,Herzog Karl von Württemberg.,0,da,ADV,da,33224,,
tg,rfd2.0,106614,106655,Herzog Karl von Württemberg.,0,?,$.,--,33224,,
tg,rfd2.0,106660,107001,RIEGER,27,Nein,PTKANT,nein,33224,,
tg,rfd2.0,106660,107001,RIEGER,27,",","$,",--,33224,,
tg,rfd2.0,106660,107001,RIEGER,27,ich,PPER,ich,33224,RIEGER,27
tg,rfd2.0,106660,107001,RIEGER,27,denk,ADV,denk,33224,,
tg,rfd2.0,106660,107001,RIEGER,27,',$[,--,33224,,
tg,rfd2.0,106660,107001,RIEGER,27,es,PPER,es,33224,,
tg,rfd2.0,106660,107001,RIEGER,27,aber,ADV,aber,33224,,
tg,rfd2.0,106660,107001,RIEGER,27,zu,PTKZU,zu,33224,,
tg,rfd2.0,106660,107001,RIEGER,27,fahen,VVINF,fahen,33224,,
tg,rfd2.0,106660,107001,RIEGER,27,",","$,",--,33224,,
tg,rfd2.0,106660,107001,RIEGER,27,es,PPER,es,33224,,
tg,rfd2.0,106660,107001,RIEGER,27,soll,VMFIN,sollen,33224,,
tg,rfd2.0,106660,107001,RIEGER,27,schon,ADV,schon,33224,,
tg,rfd2.0,106660,107001,RIEGER,27,hier,ADV,hier,33224,,
tg,rfd2.0,106660,107001,RIEGER,27,unten,ADV,unten,33224,,
tg,rfd2.0,106660,107001,RIEGER,27,sein,VAINF,sein,33224,,
tg,rfd2.0,106660,107001,RIEGER,27,",","$,",--,33224,,
tg,rfd2.0,106660,107001,RIEGER,27,und,KON,und,33224,,
tg,rfd2.0,106660,107001,RIEGER,27,in,APPR,in,33224,,
tg,rfd2.0,106660,107001,RIEGER,27,diesem,PDAT,dieser,33224,,
tg,rfd2.0,106660,107001,RIEGER,27,Betracht,NN,betracht,33224,,
tg,rfd2.0,106660,107001,RIEGER,27,",","$,",--,33224,,
tg,rfd2.0,106660,107001,RIEGER,27,Durchlauchtiger,NN,durchlauchtig,33224,,
tg,rfd2.0,106660,107001,RIEGER,27,Herr,NN,herr,33224,,
tg,rfd2.0,106660,107001,RIEGER,27,",","$,",--,33224,,
tg,rfd2.0,106660,107001,RIEGER,27,hab,VAFIN,hab,33224,,
tg,rfd2.0,106660,107001,RIEGER,27,',$[,--,33224,,
tg,rfd2.0,106660,107001,RIEGER,27,ich,PPER,ich,33224,RIEGER,27
tg,rfd2.0,106660,107001,RIEGER,27,zu,PTKZU,zu,33224,,
tg,rfd2.0,106660,107001,RIEGER,27,vermelden,VVINF,vermelden,33224,,
tg,rfd2.0,106660,107001,RIEGER,27,",","$,",--,33224,,
tg,rfd2.0,106660,107001,RIEGER,27,daß,KOUS,daß,33224,,
tg,rfd2.0,106660,107001,RIEGER,27,er,PPER,er,33224,,
tg,rfd2.0,106660,107001,RIEGER,27,in,APPR,in,33224,,
tg,rfd2.0,106660,107001,RIEGER,27,den,ART,der,33224,,
tg,rfd2.0,106660,107001,RIEGER,27,Ruf,NN,ruf,33224,,
tg,rfd2.0,106660,107001,RIEGER,27,der,ART,der,33224,,
tg,rfd2.0,106660,107001,RIEGER,27,Heiligkeit,NN,heiligkeit,33224,,
tg,rfd2.0,106660,107001,RIEGER,27,kommt,VVFIN,kommen,33224,,
tg,rfd2.0,106660,107001,RIEGER,27,",","$,",--,33224,,
tg,rfd2.0,106660,107001,RIEGER,27,wie,PWAV,wie,33224,,
tg,rfd2.0,106660,107001,RIEGER,27,ein,ART,ein,33224,,
tg,rfd2.0,106660,107001,RIEGER,27,Prophet,NN,prophet,33224,,
tg,rfd2.0,106660,107001,RIEGER,27,in,APPR,in,33224,,
tg,rfd2.0,106660,107001,RIEGER,27,der,ART,der,33224,,
tg,rfd2.0,106660,107001,RIEGER,27,babylonischen,ADJA,babylonisch,33224,,
tg,rfd2.0,106660,107001,RIEGER,27,Gefangenschaft,NN,gefangenschaft,33224,,
tg,rfd2.0,106660,107001,RIEGER,27,",","$,",--,33224,,
tg,rfd2.0,106660,107001,RIEGER,27,und,KON,und,33224,,
tg,rfd2.0,106660,107001,RIEGER,27,daß,KOUS,daß,33224,,
tg,rfd2.0,106660,107001,RIEGER,27,die,ART,der,33224,,
tg,rfd2.0,106660,107001,RIEGER,27,neuen,ADJA,neu,33224,,
tg,rfd2.0,106660,107001,RIEGER,27,Juden,NN,Jude,33224,,
tg,rfd2.0,106660,107001,RIEGER,27,aus,APPR,aus,33224,,
tg,rfd2.0,106660,107001,RIEGER,27,allen,PIDAT,aller,33224,,
tg,rfd2.0,106660,107001,RIEGER,27,vier,CARD,vier,33224,,
tg,rfd2.0,106660,107001,RIEGER,27,Winden,NN,winde,33224,,
tg,rfd2.0,106660,107001,RIEGER,27,gewandert,VVPP,wandern,33224,,
tg,rfd2.0,106660,107001,RIEGER,27,kommen,VVFIN,kommen,33224,,
tg,rfd2.0,106660,107001,RIEGER,27,",","$,",--,33224,,
tg,rfd2.0,106660,107001,RIEGER,27,sein,PPOSAT,sein,33224,,
tg,rfd2.0,106660,107001,RIEGER,27,Auge,NN,auge,33224,,
tg,rfd2.0,106660,107001,RIEGER,27,zu,PTKZU,zu,33224,,
tg,rfd2.0,106660,107001,RIEGER,27,sehn,VVINF,sehn,33224,,
tg,rfd2.0,106660,107001,RIEGER,27,",","$,",--,33224,,
tg,rfd2.0,106660,107001,RIEGER,27,seine,PPOSAT,sein,33224,,
tg,rfd2.0,106660,107001,RIEGER,27,Stimme,NN,stimme,33224,,
tg,rfd2.0,106660,107001,RIEGER,27,zu,PTKZU,zu,33224,,
tg,rfd2.0,106660,107001,RIEGER,27,hören,VVINF,hören,33224,,
tg,rfd2.0,106660,107001,RIEGER,27,.,$.,--,33224,,
tg,rfd2.0,107007,107030,Herzog Karl von Württemberg.,0,Was,PWS,was,33224,,
tg,rfd2.0,107007,107030,Herzog Karl von Württemberg.,0,?,$.,--,33224,,
tg,rfd2.0,107007,107030,Herzog Karl von Württemberg.,0,Deutlich,ADV,deutlich,33224,,
tg,rfd2.0,107007,107030,Herzog Karl von Württemberg.,0,"!",$.,--,33224,,
tg,rfd2.0,107035,107175,RIEGER,27,Nicht,PTKNEG,nicht,33224,,
tg,rfd2.0,107035,107175,RIEGER,27,nur,ADV,nur,33224,,
tg,rfd2.0,107035,107175,RIEGER,27,allerlei,PIAT,allerlei,33224,,
tg,rfd2.0,107035,107175,RIEGER,27,fremdes,ADJA,fremd,33224,,
tg,rfd2.0,107035,107175,RIEGER,27,Volk,NN,volk,33224,,
tg,rfd2.0,107035,107175,RIEGER,27,wallfahret,ADJD,wallfahret,33224,,
tg,rfd2.0,107035,107175,RIEGER,27,zum,APPRART,zu,33224,,
tg,rfd2.0,107035,107175,RIEGER,27,Asperge,NN,asperge,33224,,
tg,rfd2.0,107035,107175,RIEGER,27,seinetwegen,VVINF,seinetwegen,33224,,
tg,rfd2.0,107035,107175,RIEGER,27,",","$,",--,33224,,
tg,rfd2.0,107035,107175,RIEGER,27,auch,ADV,auch,33224,,
tg,rfd2.0,107035,107175,RIEGER,27,von,APPR,von,33224,,
tg,rfd2.0,107035,107175,RIEGER,27,hier,ADV,hier,33224,,
tg,rfd2.0,107035,107175,RIEGER,27,",","$,",--,33224,,
tg,rfd2.0,107035,107175,RIEGER,27,von,APPR,von,33224,,
tg,rfd2.0,107035,107175,RIEGER,27,Stuttgart,NE,stuttgart,33224,,
tg,rfd2.0,107035,107175,RIEGER,27,selbst,ADV,selbst,33224,,
tg,rfd2.0,107035,107175,RIEGER,27,kommt,VVFIN,kommen,33224,,
tg,rfd2.0,107035,107175,RIEGER,27,man,PIS,man,33224,,
tg,rfd2.0,107035,107175,RIEGER,27,hinaufgestiegen,VVPP,hinaufgestiegen,33224,,
tg,rfd2.0,107035,107175,RIEGER,27,–,XY,–,33224,,
tg,rfd2.0,107180,107199,Generalin Rieger.,2,Rieger,NN,rieger,33224,RIEGER,27
tg,rfd2.0,107180,107199,Generalin Rieger.,2,"!",$.,--,33224,,
tg,rfd2.0,107204,107484,RIEGER,27,Sogar,ADV,sogar,33224,,
tg,rfd2.0,107204,107484,RIEGER,27,Leute,NN,leute,33224,,
tg,rfd2.0,107204,107484,RIEGER,27,",","$,",--,33224,,
tg,rfd2.0,107204,107484,RIEGER,27,die,PRELS,der,33224,,
tg,rfd2.0,107204,107484,RIEGER,27,sonst,ADV,sonst,33224,,
tg,rfd2.0,107204,107484,RIEGER,27,die,ART,der,33224,,
tg,rfd2.0,107204,107484,RIEGER,27,Kleider,NN,kleid,33224,,
tg,rfd2.0,107204,107484,RIEGER,27,des,ART,der,33224,,
tg,rfd2.0,107204,107484,RIEGER,27,Herzogs,NN,herzog,33224,,
tg,rfd2.0,107204,107484,RIEGER,27,tragen,VVINF,tragen,33224,,
tg,rfd2.0,107204,107484,RIEGER,27,",","$,",--,33224,,
tg,rfd2.0,107204,107484,RIEGER,27,kommen,VVFIN,kommen,33224,,
tg,rfd2.0,107204,107484,RIEGER,27,in,APPR,in,33224,,
tg,rfd2.0,107204,107484,RIEGER,27,bürgerlicher,ADJA,bürgerlich,33224,,
tg,rfd2.0,107204,107484,RIEGER,27,Hülle,NN,hülle,33224,,
tg,rfd2.0,107204,107484,RIEGER,27,",","$,",--,33224,,
tg,rfd2.0,107204,107484,RIEGER,27,zum,APPRART,zu,33224,,
tg,rfd2.0,107204,107484,RIEGER,27,Beispiel,NN,beispiel,33224,,
tg,rfd2.0,107204,107484,RIEGER,27,gestern,ADV,gestern,33224,,
tg,rfd2.0,107204,107484,RIEGER,27,ein,ART,ein,33224,,
tg,rfd2.0,107204,107484,RIEGER,27,junger,ADJA,jung,33224,,
tg,rfd2.0,107204,107484,RIEGER,27,Mann,NN,mann,33224,,
tg,rfd2.0,107204,107484,RIEGER,27,–,XY,–,33224,,
tg,rfd2.0,107204,107484,RIEGER,27,In,APPR,in,33224,,
tg,rfd2.0,107204,107484,RIEGER,27,diesem,PDAT,dieser,33224,,
tg,rfd2.0,107204,107484,RIEGER,27,Augenblicke,NN,augenblick,33224,,
tg,rfd2.0,107204,107484,RIEGER,27,kommen,VVFIN,kommen,33224,,
tg,rfd2.0,107204,107484,RIEGER,27,von,APPR,von,33224,,
tg,rfd2.0,107204,107484,RIEGER,27,links,ADV,links,33224,,
tg,rfd2.0,107204,107484,RIEGER,27,an,APPR,an,33224,,
tg,rfd2.0,107204,107484,RIEGER,27,die,ART,der,33224,,
tg,rfd2.0,107204,107484,RIEGER,27,Tür,NN,tür,33224,,
tg,rfd2.0,107204,107484,RIEGER,27,Schiller,NE,schiller,33224,SCHILLER,29
tg,rfd2.0,107204,107484,RIEGER,27,und,KON,und,33224,,
tg,rfd2.0,107204,107484,RIEGER,27,Koch,NN,koch,33224,KOCH,20
tg,rfd2.0,107204,107484,RIEGER,27,und,KON,und,33224,,
tg,rfd2.0,107204,107484,RIEGER,27,rechts,ADV,rechts,33224,,
tg,rfd2.0,107204,107484,RIEGER,27,aus,APPR,aus,33224,,
tg,rfd2.0,107204,107484,RIEGER,27,der,ART,der,33224,,
tg,rfd2.0,107204,107484,RIEGER,27,Tür,NN,tür,33224,,
tg,rfd2.0,107204,107484,RIEGER,27,Laura,NE,laura,33224,,
tg,rfd2.0,107204,107484,RIEGER,27,.,$.,--,33224,,
tg,rfd2.0,107490,107531,Generalin Rieger.,2,Rieger,NN,rieger,33224,RIEGER,27
tg,rfd2.0,107490,107531,Generalin Rieger.,2,–,XY,–,33224,,
tg,rfd2.0,107490,107531,Generalin Rieger.,2,"!",$.,--,33224,,
tg,rfd2.0,107490,107531,Generalin Rieger.,2,denk,ADJD,denk,33224,,
tg,rfd2.0,107490,107531,Generalin Rieger.,2,an,APPR,an,33224,,
tg,rfd2.0,107490,107531,Generalin Rieger.,2,Hohentwiel,NN,hohentwiel,33224,,
tg,rfd2.0,107490,107531,Generalin Rieger.,2,"!",$.,--,33224,,
tg,rfd2.0,107536,107588,RIEGER,27,Ein,ART,ein,33224,,
tg,rfd2.0,107536,107588,RIEGER,27,–,NN,–,33224,,
tg,rfd2.0,107536,107588,RIEGER,27,Er,PPER,er,33224,,
tg,rfd2.0,107536,107588,RIEGER,27,stockt,VVFIN,stocken,33224,,
tg,rfd2.0,107536,107588,RIEGER,27,",","$,",--,33224,,
tg,rfd2.0,107536,107588,RIEGER,27,nachdem,KOUS,nachdem,33224,,
tg,rfd2.0,107536,107588,RIEGER,27,er,PPER,er,33224,,
tg,rfd2.0,107536,107588,RIEGER,27,sich,PRF,sich,33224,,
tg,rfd2.0,107536,107588,RIEGER,27,umgesehen,VVPP,umgesehen,33224,,
tg,rfd2.0,107536,107588,RIEGER,27,.,$.,--,33224,,
tg,rfd2.0,107651,107698,Herzog Karl von Württemberg.,0,Was,PWS,was,33224,,
tg,rfd2.0,107651,107698,Herzog Karl von Württemberg.,0,ist,VAFIN,sein,33224,,
tg,rfd2.0,107651,107698,Herzog Karl von Württemberg.,0,?,$.,--,33224,,
tg,rfd2.0,107703,107772,BLEISTIFT,31,Sire,NN,sire,33224,,
tg,rfd2.0,107703,107772,BLEISTIFT,31,",","$,",--,33224,,
tg,rfd2.0,107703,107772,BLEISTIFT,31,Madam,NE,madam,33224,,
tg,rfd2.0,107703,107772,BLEISTIFT,31,Kontessa,NE,kontessa,33224,,
tg,rfd2.0,107703,107772,BLEISTIFT,31,winken,VVFIN,winken,33224,,
tg,rfd2.0,107703,107772,BLEISTIFT,31,mir,PPER,sich,33224,BLEISTIFT,31
tg,rfd2.0,107703,107772,BLEISTIFT,31,",","$,",--,33224,,
tg,rfd2.0,107703,107772,BLEISTIFT,31,ich,PPER,ich,33224,BLEISTIFT,31
tg,rfd2.0,107703,107772,BLEISTIFT,31,weiß,VVFIN,weiß,33224,,
tg,rfd2.0,107703,107772,BLEISTIFT,31,nicht,PTKNEG,nicht,33224,,
tg,rfd2.0,107703,107772,BLEISTIFT,31,pourquoi,VVINF,pourquoi,33224,,
tg,rfd2.0,107703,107772,BLEISTIFT,31,.,$.,--,33224,,
tg,rfd2.0,107884,107968,Herzog Karl von Württemberg.,0,Was,PWS,was,33224,,
tg,rfd2.0,107884,107968,Herzog Karl von Württemberg.,0,wollt,VVFIN,wollen,33224,,
tg,rfd2.0,107884,107968,Herzog Karl von Württemberg.,0,ihr,PPOSAT,ihr,33224,,
tg,rfd2.0,107884,107968,Herzog Karl von Württemberg.,0,?,$.,--,33224,,
tg,rfd2.0,108046,108095,KOCH,20,Gräfliche,ADJA,gräflich,33224,,
tg,rfd2.0,108046,108095,KOCH,20,Gnaden,NN,gnade,33224,,
tg,rfd2.0,108046,108095,KOCH,20,haben,VAFIN,haben,33224,,
tg,rfd2.0,108046,108095,KOCH,20,uns,PPER,uns,33224,,
tg,rfd2.0,108046,108095,KOCH,20,herkommandiert,VVPP,herkommandieren,33224,,
tg,rfd2.0,108046,108095,KOCH,20,.,$.,--,33224,,
tg,rfd2.0,108100,108130,Gräfin Franziska von Hohenheim.,1,Ist,VAFIN,sein,33224,,
tg,rfd2.0,108100,108130,Gräfin Franziska von Hohenheim.,1,nicht,PTKNEG,nicht,33224,,
tg,rfd2.0,108100,108130,Gräfin Franziska von Hohenheim.,1,mehr,ADV,mehr,33224,,
tg,rfd2.0,108100,108130,Gräfin Franziska von Hohenheim.,1,nötig,ADJD,nötig,33224,,
tg,rfd2.0,108100,108130,Gräfin Franziska von Hohenheim.,1,"!",$.,--,33224,,
tg,rfd2.0,108135,108201,Herzog Karl von Württemberg.,0,Bleibt,VVFIN,bleiben,33224,,
tg,rfd2.0,108135,108201,Herzog Karl von Württemberg.,0,–,PPER,–,33224,,
tg,rfd2.0,108135,108201,Herzog Karl von Württemberg.,0,Sich,PRF,sich,33224,,
tg,rfd2.0,108135,108201,Herzog Karl von Württemberg.,0,nach,APPR,nach,33224,,
tg,rfd2.0,108135,108201,Herzog Karl von Württemberg.,0,rechts,ADV,rechts,33224,,
tg,rfd2.0,108135,108201,Herzog Karl von Württemberg.,0,umsehend,ADJD,umsehend,33224,,
tg,rfd2.0,108135,108201,Herzog Karl von Württemberg.,0,.,$.,--,33224,,
tg,rfd2.0,108135,108201,Herzog Karl von Württemberg.,0,Ah,NN,ah,33224,,
tg,rfd2.0,108135,108201,Herzog Karl von Württemberg.,0,",","$,",--,33224,,
tg,rfd2.0,108135,108201,Herzog Karl von Württemberg.,0,Laura,NE,laura,33224,,
tg,rfd2.0,108135,108201,Herzog Karl von Württemberg.,0,",","$,",--,33224,,
tg,rfd2.0,108135,108201,Herzog Karl von Württemberg.,0,mein,PPOSAT,mein,33224,Herzog Karl von Württemberg.,0
tg,rfd2.0,108135,108201,Herzog Karl von Württemberg.,0,Kind,NN,kind,33224,,
tg,rfd2.0,108135,108201,Herzog Karl von Württemberg.,0,"!",$.,--,33224,,
tg,rfd2.0,108206,108282,"Laura, deren Pflegetochter.",3,Bonsoir,NE,bonsoir,33224,,
tg,rfd2.0,108206,108282,"Laura, deren Pflegetochter.",3,.,$.,--,33224,,
tg,rfd2.0,108206,108282,"Laura, deren Pflegetochter.",3,Onkel,NN,onkel,33224,,
tg,rfd2.0,108206,108282,"Laura, deren Pflegetochter.",3,Durchlaucht,VVFIN,durchlaucht,33224,,
tg,rfd2.0,108206,108282,"Laura, deren Pflegetochter.",3,"!",$.,--,33224,,
tg,rfd2.0,108287,108345,Herzog Karl von Württemberg.,0,Was,PWS,was,33224,,
tg,rfd2.0,108287,108345,Herzog Karl von Württemberg.,0,treibst,VVFIN,treibst,33224,,
tg,rfd2.0,108287,108345,Herzog Karl von Württemberg.,0,du,PPER,du,33224,,
tg,rfd2.0,108287,108345,Herzog Karl von Württemberg.,0,denn,ADV,denn,33224,,
tg,rfd2.0,108287,108345,Herzog Karl von Württemberg.,0,?,$.,--,33224,,
tg,rfd2.0,108350,108518,"Laura, deren Pflegetochter.",3,Wir,PPER,wir,33224,,
tg,rfd2.0,108350,108518,"Laura, deren Pflegetochter.",3,spielen,VVFIN,spielen,33224,,
tg,rfd2.0,108350,108518,"Laura, deren Pflegetochter.",3,Komödie,NN,komödie,33224,,
tg,rfd2.0,108350,108518,"Laura, deren Pflegetochter.",3,",","$,",--,33224,,
tg,rfd2.0,108350,108518,"Laura, deren Pflegetochter.",3,Onkel,NN,onkel,33224,,
tg,rfd2.0,108350,108518,"Laura, deren Pflegetochter.",3,Durchlaucht,NN,durchlaucht,33224,,
tg,rfd2.0,108350,108518,"Laura, deren Pflegetochter.",3,",","$,",--,33224,,
tg,rfd2.0,108350,108518,"Laura, deren Pflegetochter.",3,aber,KON,aber,33224,,
tg,rfd2.0,108350,108518,"Laura, deren Pflegetochter.",3,die,ART,der,33224,,
tg,rfd2.0,108350,108518,"Laura, deren Pflegetochter.",3,beiden,PIDAT,beide,33224,,
tg,rfd2.0,108350,108518,"Laura, deren Pflegetochter.",3,da,ADV,da,33224,,
tg,rfd2.0,108350,108518,"Laura, deren Pflegetochter.",3,und,KON,und,33224,,
tg,rfd2.0,108350,108518,"Laura, deren Pflegetochter.",3,besonders,ADV,besonders,33224,,
tg,rfd2.0,108350,108518,"Laura, deren Pflegetochter.",3,der,ART,der,33224,,
tg,rfd2.0,108350,108518,"Laura, deren Pflegetochter.",3,Koch,NN,koch,33224,KOCH,20
tg,rfd2.0,108350,108518,"Laura, deren Pflegetochter.",3,können,VMFIN,können,33224,,
tg,rfd2.0,108350,108518,"Laura, deren Pflegetochter.",3,ihre,PPOSAT,ihr,33224,,
tg,rfd2.0,108350,108518,"Laura, deren Pflegetochter.",3,Rollen,NN,rolle,33224,,
tg,rfd2.0,108350,108518,"Laura, deren Pflegetochter.",3,noch,ADV,noch,33224,,
tg,rfd2.0,108350,108518,"Laura, deren Pflegetochter.",3,nicht,PTKNEG,nicht,33224,,
tg,rfd2.0,108350,108518,"Laura, deren Pflegetochter.",3,",","$,",--,33224,,
tg,rfd2.0,108350,108518,"Laura, deren Pflegetochter.",3,bitte,VVFIN,bitte,33224,,
tg,rfd2.0,108350,108518,"Laura, deren Pflegetochter.",3,",","$,",--,33224,,
tg,rfd2.0,108350,108518,"Laura, deren Pflegetochter.",3,jag,VVFIN,jag,33224,,
tg,rfd2.0,108350,108518,"Laura, deren Pflegetochter.",3,sie,PPER,sie,33224,,
tg,rfd2.0,108350,108518,"Laura, deren Pflegetochter.",3,fort,PTKVZ,fort,33224,,
tg,rfd2.0,108350,108518,"Laura, deren Pflegetochter.",3,",","$,",--,33224,,
tg,rfd2.0,108350,108518,"Laura, deren Pflegetochter.",3,daß,KOUS,daß,33224,,
tg,rfd2.0,108350,108518,"Laura, deren Pflegetochter.",3,sie,PPER,sie,33224,,
tg,rfd2.0,108350,108518,"Laura, deren Pflegetochter.",3,zum,APPRART,zu,33224,,
tg,rfd2.0,108350,108518,"Laura, deren Pflegetochter.",3,Lernen,NN,lernen,33224,,
tg,rfd2.0,108350,108518,"Laura, deren Pflegetochter.",3,kommen,VVFIN,kommen,33224,,
tg,rfd2.0,108350,108518,"Laura, deren Pflegetochter.",3,.,$.,--,33224,,
tg,rfd2.0,108523,108681,Herzog Karl von Württemberg.,0,Ich,PPER,ich,33224,,
tg,rfd2.0,108523,108681,Herzog Karl von Württemberg.,0,will,VMFIN,wollen,33224,,
tg,rfd2.0,108523,108681,Herzog Karl von Württemberg.,0,nicht,PTKNEG,nicht,33224,,
tg,rfd2.0,108523,108681,Herzog Karl von Württemberg.,0,hoffen,VVFIN,hoffen,33224,,
tg,rfd2.0,108523,108681,Herzog Karl von Württemberg.,0,.,$.,--,33224,,
tg,rfd2.0,108523,108681,Herzog Karl von Württemberg.,0,–,XY,–,33224,,
tg,rfd2.0,108523,108681,Herzog Karl von Württemberg.,0,Schiller,NE,schiller,33224,SCHILLER,29
tg,rfd2.0,108523,108681,Herzog Karl von Württemberg.,0,und,KON,und,33224,,
tg,rfd2.0,108523,108681,Herzog Karl von Württemberg.,0,Koch,NN,koch,33224,KOCH,20
tg,rfd2.0,108523,108681,Herzog Karl von Württemberg.,0,",","$,",--,33224,,
tg,rfd2.0,108523,108681,Herzog Karl von Württemberg.,0,avanciert,VVPP,avancieren,33224,,
tg,rfd2.0,108523,108681,Herzog Karl von Württemberg.,0,",","$,",--,33224,,
tg,rfd2.0,108523,108681,Herzog Karl von Württemberg.,0,vorwärts,ADV,vorwärts,33224,,
tg,rfd2.0,108523,108681,Herzog Karl von Württemberg.,0,",","$,",--,33224,,
tg,rfd2.0,108523,108681,Herzog Karl von Württemberg.,0,marsch,ADJD,marsch,33224,,
tg,rfd2.0,108523,108681,Herzog Karl von Württemberg.,0,"!",$.,--,33224,,
tg,rfd2.0,108523,108681,Herzog Karl von Württemberg.,0,Schiller,NE,schiller,33224,SCHILLER,29
tg,rfd2.0,108523,108681,Herzog Karl von Württemberg.,0,und,KON,und,33224,,
tg,rfd2.0,108523,108681,Herzog Karl von Württemberg.,0,Koch,NN,koch,33224,KOCH,20
tg,rfd2.0,108523,108681,Herzog Karl von Württemberg.,0,marschieren,VVFIN,marschieren,33224,,
tg,rfd2.0,108523,108681,Herzog Karl von Württemberg.,0,vor,PTKVZ,vor,33224,,
tg,rfd2.0,108523,108681,Herzog Karl von Württemberg.,0,.,$.,--,33224,,
tg,rfd2.0,108523,108681,Herzog Karl von Württemberg.,0,Halt,NN,halten,33224,,
tg,rfd2.0,108523,108681,Herzog Karl von Württemberg.,0,"!",$.,--,33224,,
tg,rfd2.0,108523,108681,Herzog Karl von Württemberg.,0,Front,NN,front,33224,,
tg,rfd2.0,108523,108681,Herzog Karl von Württemberg.,0,"!",$.,--,33224,,
tg,rfd2.0,108523,108681,Herzog Karl von Württemberg.,0,Ihr,PPOSAT,ihr,33224,,
tg,rfd2.0,108523,108681,Herzog Karl von Württemberg.,0,könnt,ADJD,können,33224,,
tg,rfd2.0,108523,108681,Herzog Karl von Württemberg.,0,eure,ADJA,euer,33224,,
tg,rfd2.0,108523,108681,Herzog Karl von Württemberg.,0,Rollen,NN,rolle,33224,,
tg,rfd2.0,108523,108681,Herzog Karl von Württemberg.,0,nicht,PTKNEG,nicht,33224,,
tg,rfd2.0,108523,108681,Herzog Karl von Württemberg.,0,?,$.,--,33224,,
tg,rfd2.0,108686,108786,KOCH,20,Wenn,KOUS,wenn,33224,,
tg,rfd2.0,108686,108786,KOCH,20,wir,PPER,wir,33224,,
tg,rfd2.0,108686,108786,KOCH,20,alles,PIS,alle,33224,,
tg,rfd2.0,108686,108786,KOCH,20,so,ADV,so,33224,,
tg,rfd2.0,108686,108786,KOCH,20,gut,ADJD,gut,33224,,
tg,rfd2.0,108686,108786,KOCH,20,könnten,VMFIN,können,33224,,
tg,rfd2.0,108686,108786,KOCH,20,",","$,",--,33224,,
tg,rfd2.0,108686,108786,KOCH,20,Durchlaucht,NN,durchlaucht,33224,,
tg,rfd2.0,108686,108786,KOCH,20,",","$,",--,33224,,
tg,rfd2.0,108686,108786,KOCH,20,so,ADV,so,33224,,
tg,rfd2.0,108686,108786,KOCH,20,wären,VAFIN,sein,33224,,
tg,rfd2.0,108686,108786,KOCH,20,wir,PPER,wir,33224,,
tg,rfd2.0,108686,108786,KOCH,20,schon,ADV,schon,33224,,
tg,rfd2.0,108686,108786,KOCH,20,lange,ADV,lange,33224,,
tg,rfd2.0,108686,108786,KOCH,20,nicht,PTKNEG,nicht,33224,,
tg,rfd2.0,108686,108786,KOCH,20,mehr,ADV,mehr,33224,,
tg,rfd2.0,108686,108786,KOCH,20,in,APPR,in,33224,,
tg,rfd2.0,108686,108786,KOCH,20,Stuttgart,NE,stuttgart,33224,,
tg,rfd2.0,108686,108786,KOCH,20,.,$.,--,33224,,
tg,rfd2.0,108792,108827,Herzog Karl von Württemberg.,0,Ist,VAFIN,sein,33224,,
tg,rfd2.0,108792,108827,Herzog Karl von Württemberg.,0,Er,PPER,er,33224,,
tg,rfd2.0,108792,108827,Herzog Karl von Württemberg.,0,wieder,ADV,wieder,33224,,
tg,rfd2.0,108792,108827,Herzog Karl von Württemberg.,0,unverschämt,VVPP,unverschämt,33224,,
tg,rfd2.0,108792,108827,Herzog Karl von Württemberg.,0,?,$.,--,33224,,
tg,rfd2.0,108832,109006,KOCH,20,Es,PPER,es,33224,,
tg,rfd2.0,108832,109006,KOCH,20,wäre,VAFIN,sein,33224,,
tg,rfd2.0,108832,109006,KOCH,20,unverschämt,ADJD,unverschämt,33224,,
tg,rfd2.0,108832,109006,KOCH,20,von,APPR,von,33224,,
tg,rfd2.0,108832,109006,KOCH,20,uns,PPER,uns,33224,,
tg,rfd2.0,108832,109006,KOCH,20,",","$,",--,33224,,
tg,rfd2.0,108832,109006,KOCH,20,herzoglicher,ADJA,herzoglich,33224,,
tg,rfd2.0,108832,109006,KOCH,20,Regimentsfeldscher,NN,regimentsfeldscher,33224,,
tg,rfd2.0,108832,109006,KOCH,20,und,KON,und,33224,,
tg,rfd2.0,108832,109006,KOCH,20,Eleve,NN,eleve,33224,,
tg,rfd2.0,108832,109006,KOCH,20,der,ART,der,33224,,
tg,rfd2.0,108832,109006,KOCH,20,Karlsakademie,NN,karlsakademie,33224,,
tg,rfd2.0,108832,109006,KOCH,20,absolut,ADJD,absolut,33224,,
tg,rfd2.0,108832,109006,KOCH,20,bleiben,VVINF,bleiben,33224,,
tg,rfd2.0,108832,109006,KOCH,20,zu,PTKZU,zu,33224,,
tg,rfd2.0,108832,109006,KOCH,20,wollen,VMINF,wollen,33224,,
tg,rfd2.0,108832,109006,KOCH,20,",","$,",--,33224,,
tg,rfd2.0,108832,109006,KOCH,20,wenn,KOUS,wenn,33224,,
tg,rfd2.0,108832,109006,KOCH,20,wir,PPER,wir,33224,,
tg,rfd2.0,108832,109006,KOCH,20,Anlage,NN,anlage,33224,,
tg,rfd2.0,108832,109006,KOCH,20,hätten,VAFIN,haben,33224,,
tg,rfd2.0,108832,109006,KOCH,20,",","$,",--,33224,,
tg,rfd2.0,108832,109006,KOCH,20,Papst,NN,papst,33224,,
tg,rfd2.0,108832,109006,KOCH,20,und,KON,und,33224,,
tg,rfd2.0,108832,109006,KOCH,20,Kaiser,NN,kaiser,33224,,
tg,rfd2.0,108832,109006,KOCH,20,zu,PTKZU,zu,33224,,
tg,rfd2.0,108832,109006,KOCH,20,werden,VAINF,werden,33224,,
tg,rfd2.0,108832,109006,KOCH,20,.,$.,--,33224,,
tg,rfd2.0,109011,109159,Herzog Karl von Württemberg.,0,Der,ART,der,33224,,
tg,rfd2.0,109011,109159,Herzog Karl von Württemberg.,0,Regimentsmedikus,NN,regimentsmedikus,33224,,
tg,rfd2.0,109011,109159,Herzog Karl von Württemberg.,0,Schiller,NE,schiller,33224,SCHILLER,29
tg,rfd2.0,109011,109159,Herzog Karl von Württemberg.,0,hat,VAFIN,haben,33224,,
tg,rfd2.0,109011,109159,Herzog Karl von Württemberg.,0,zum,APPRART,zu,33224,,
tg,rfd2.0,109011,109159,Herzog Karl von Württemberg.,0,Beispiel,NN,beispiel,33224,,
tg,rfd2.0,109011,109159,Herzog Karl von Württemberg.,0,eine,ART,ein,33224,,
tg,rfd2.0,109011,109159,Herzog Karl von Württemberg.,0,ausgesprochene,ADJA,ausgesprochen,33224,,
tg,rfd2.0,109011,109159,Herzog Karl von Württemberg.,0,Anlage,NN,anlage,33224,,
tg,rfd2.0,109011,109159,Herzog Karl von Württemberg.,0,",","$,",--,33224,,
tg,rfd2.0,109011,109159,Herzog Karl von Württemberg.,0,Tierarzt,NN,tierarzt,33224,,
tg,rfd2.0,109011,109159,Herzog Karl von Württemberg.,0,zu,PTKZU,zu,33224,,
tg,rfd2.0,109011,109159,Herzog Karl von Württemberg.,0,werden,VAINF,werden,33224,,
tg,rfd2.0,109011,109159,Herzog Karl von Württemberg.,0,.,$.,--,33224,,
tg,rfd2.0,109011,109159,Herzog Karl von Württemberg.,0,Er,PPER,er,33224,,
tg,rfd2.0,109011,109159,Herzog Karl von Württemberg.,0,macht,VVFIN,machen,33224,,
tg,rfd2.0,109011,109159,Herzog Karl von Württemberg.,0,Pferdekuren,NN,pferdekur,33224,,
tg,rfd2.0,109011,109159,Herzog Karl von Württemberg.,0,mit,APPR,mit,33224,,
tg,rfd2.0,109011,109159,Herzog Karl von Württemberg.,0,meinen,PPOSAT,mein,33224,Herzog Karl von Württemberg.,0
tg,rfd2.0,109011,109159,Herzog Karl von Württemberg.,0,Grenadieren,NN,grenadieren,33224,,
tg,rfd2.0,109011,109159,Herzog Karl von Württemberg.,0,.,$.,--,33224,,
tg,rfd2.0,109164,109234,KOCH,20,Und,KON,und,33224,,
tg,rfd2.0,109164,109234,KOCH,20,da,KOUS,da,33224,,
tg,rfd2.0,109164,109234,KOCH,20,sie,PPER,sie,33224,,
tg,rfd2.0,109164,109234,KOCH,20,gelingen,VVFIN,gelingen,33224,,
tg,rfd2.0,109164,109234,KOCH,20,",","$,",--,33224,,
tg,rfd2.0,109164,109234,KOCH,20,Durchlaucht,NN,durchlaucht,33224,,
tg,rfd2.0,109164,109234,KOCH,20,",","$,",--,33224,,
tg,rfd2.0,109164,109234,KOCH,20,so,ADV,so,33224,,
tg,rfd2.0,109164,109234,KOCH,20,ist,VAFIN,sein,33224,,
tg,rfd2.0,109164,109234,KOCH,20,hieraus,ADV,hieraus,33224,,
tg,rfd2.0,109164,109234,KOCH,20,zu,PTKZU,zu,33224,,
tg,rfd2.0,109164,109234,KOCH,20,schließen,VVINF,schließen,33224,,
tg,rfd2.0,109164,109234,KOCH,20,–,XY,–,33224,,
tg,rfd2.0,109239,109329,Herzog Karl von Württemberg.,0,Will,VMFIN,wollen,33224,,
tg,rfd2.0,109239,109329,Herzog Karl von Württemberg.,0,Er,PPER,er,33224,,
tg,rfd2.0,109239,109329,Herzog Karl von Württemberg.,0,still,ADJD,still,33224,,
tg,rfd2.0,109239,109329,Herzog Karl von Württemberg.,0,sein,VAINF,sein,33224,,
tg,rfd2.0,109239,109329,Herzog Karl von Württemberg.,0,",","$,",--,33224,,
tg,rfd2.0,109239,109329,Herzog Karl von Württemberg.,0,vorlauter,PIAT,vorlaut,33224,,
tg,rfd2.0,109239,109329,Herzog Karl von Württemberg.,0,Mensch,NN,mensch,33224,,
tg,rfd2.0,109239,109329,Herzog Karl von Württemberg.,0,–,APPR,–,33224,,
tg,rfd2.0,109239,109329,Herzog Karl von Württemberg.,0,der,ART,der,33224,,
tg,rfd2.0,109239,109329,Herzog Karl von Württemberg.,0,Zopf,NN,zopf,33224,,
tg,rfd2.0,109239,109329,Herzog Karl von Württemberg.,0,sitzt,VVFIN,sitzen,33224,,
tg,rfd2.0,109239,109329,Herzog Karl von Württemberg.,0,Ihm,PPER,ihm,33224,,
tg,rfd2.0,109239,109329,Herzog Karl von Württemberg.,0,ohnedies,ADV,ohnedies,33224,,
tg,rfd2.0,109239,109329,Herzog Karl von Württemberg.,0,wieder,ADV,wieder,33224,,
tg,rfd2.0,109239,109329,Herzog Karl von Württemberg.,0,schief,ADJD,schief,33224,,
tg,rfd2.0,109239,109329,Herzog Karl von Württemberg.,0,"!",$.,--,33224,,
tg,rfd2.0,109334,109380,KOCH,20,Daran,PROAV,daran,33224,,
tg,rfd2.0,109334,109380,KOCH,20,ist,VAFIN,sein,33224,,
tg,rfd2.0,109334,109380,KOCH,20,der,ART,der,33224,,
tg,rfd2.0,109334,109380,KOCH,20,Zopf,NN,zopf,33224,,
tg,rfd2.0,109334,109380,KOCH,20,schuld,ADJD,schuld,33224,,
tg,rfd2.0,109334,109380,KOCH,20,",","$,",--,33224,,
tg,rfd2.0,109334,109380,KOCH,20,Durchlaucht,NN,durchlaucht,33224,,
tg,rfd2.0,109334,109380,KOCH,20,"!",$.,--,33224,,
tg,rfd2.0,109385,109595,Herzog Karl von Württemberg.,0,Geb,NE,geb,33224,,
tg,rfd2.0,109385,109595,Herzog Karl von Württemberg.,0,Er,PPER,er,33224,,
tg,rfd2.0,109385,109595,Herzog Karl von Württemberg.,0,Antwort,NN,antwort,33224,,
tg,rfd2.0,109385,109595,Herzog Karl von Württemberg.,0,",","$,",--,33224,,
tg,rfd2.0,109385,109595,Herzog Karl von Württemberg.,0,Schiller,NE,schiller,33224,SCHILLER,29
tg,rfd2.0,109385,109595,Herzog Karl von Württemberg.,0,",","$,",--,33224,,
tg,rfd2.0,109385,109595,Herzog Karl von Württemberg.,0,ist,VAFIN,sein,33224,,
tg,rfd2.0,109385,109595,Herzog Karl von Württemberg.,0,es,PPER,es,33224,,
tg,rfd2.0,109385,109595,Herzog Karl von Württemberg.,0,wahr,ADJD,wahr,33224,,
tg,rfd2.0,109385,109595,Herzog Karl von Württemberg.,0,",","$,",--,33224,,
tg,rfd2.0,109385,109595,Herzog Karl von Württemberg.,0,was,PWS,was,33224,,
tg,rfd2.0,109385,109595,Herzog Karl von Württemberg.,0,ich,PPER,ich,33224,Herzog Karl von Württemberg.,0
tg,rfd2.0,109385,109595,Herzog Karl von Württemberg.,0,heute,ADV,heute,33224,,
tg,rfd2.0,109385,109595,Herzog Karl von Württemberg.,0,gehört,VVFIN,gehören,33224,,
tg,rfd2.0,109385,109595,Herzog Karl von Württemberg.,0,",","$,",--,33224,,
tg,rfd2.0,109385,109595,Herzog Karl von Württemberg.,0,daß,KOUS,daß,33224,,
tg,rfd2.0,109385,109595,Herzog Karl von Württemberg.,0,Er,PPER,er,33224,,
tg,rfd2.0,109385,109595,Herzog Karl von Württemberg.,0,vorige,ADJA,vorig,33224,,
tg,rfd2.0,109385,109595,Herzog Karl von Württemberg.,0,Woche,NN,woche,33224,,
tg,rfd2.0,109385,109595,Herzog Karl von Württemberg.,0,dem,ART,der,33224,,
tg,rfd2.0,109385,109595,Herzog Karl von Württemberg.,0,Flügelmann,NN,flügelmann,33224,,
tg,rfd2.0,109385,109595,Herzog Karl von Württemberg.,0,ein,ART,ein,33224,,
tg,rfd2.0,109385,109595,Herzog Karl von Württemberg.,0,ganzes,ADJA,ganz,33224,,
tg,rfd2.0,109385,109595,Herzog Karl von Württemberg.,0,Lot,NN,lot,33224,,
tg,rfd2.0,109385,109595,Herzog Karl von Württemberg.,0,Ipekakuanha,NE,ipekakuanha,33224,,
tg,rfd2.0,109385,109595,Herzog Karl von Württemberg.,0,zu,APPR,zu,33224,,
tg,rfd2.0,109385,109595,Herzog Karl von Württemberg.,0,verschlucken,ADJA,verschlucken,33224,,
tg,rfd2.0,109385,109595,Herzog Karl von Württemberg.,0,gegeben,VVPP,geben,33224,,
tg,rfd2.0,109385,109595,Herzog Karl von Württemberg.,0,hat,VAFIN,haben,33224,,
tg,rfd2.0,109385,109595,Herzog Karl von Württemberg.,0,?,$.,--,33224,,
tg,rfd2.0,109385,109595,Herzog Karl von Württemberg.,0,Der,ART,der,33224,,
tg,rfd2.0,109385,109595,Herzog Karl von Württemberg.,0,Mensch,NN,mensch,33224,,
tg,rfd2.0,109385,109595,Herzog Karl von Württemberg.,0,soll,VMFIN,sollen,33224,,
tg,rfd2.0,109385,109595,Herzog Karl von Württemberg.,0,sich,PRF,sich,33224,,
tg,rfd2.0,109385,109595,Herzog Karl von Württemberg.,0,wie,KOKOM,wie,33224,,
tg,rfd2.0,109385,109595,Herzog Karl von Württemberg.,0,ein,ART,ein,33224,,
tg,rfd2.0,109385,109595,Herzog Karl von Württemberg.,0,Wurm,NN,wurm,33224,,
tg,rfd2.0,109385,109595,Herzog Karl von Württemberg.,0,gekrümmt,VVPP,krümmen,33224,,
tg,rfd2.0,109385,109595,Herzog Karl von Württemberg.,0,haben,VAFIN,haben,33224,,
tg,rfd2.0,109385,109595,Herzog Karl von Württemberg.,0,.,$.,--,33224,,
tg,rfd2.0,109600,109655,SCHILLER,29,War,VAFIN,sein,33224,,
tg,rfd2.0,109600,109655,SCHILLER,29,aber,ADV,aber,33224,,
tg,rfd2.0,109600,109655,SCHILLER,29,tags,ADV,tags,33224,,
tg,rfd2.0,109600,109655,SCHILLER,29,darauf,PROAV,darauf,33224,,
tg,rfd2.0,109600,109655,SCHILLER,29,vollkommen,VVPP,vollkommen,33224,,
tg,rfd2.0,109600,109655,SCHILLER,29,hergestellt,VVPP,herstellen,33224,,
tg,rfd2.0,109600,109655,SCHILLER,29,.,$.,--,33224,,
tg,rfd2.0,109660,109722,Herzog Karl von Württemberg.,0,Ihn,CARD,ihn,33224,,
tg,rfd2.0,109660,109722,Herzog Karl von Württemberg.,0,hat,VAFIN,haben,33224,,
tg,rfd2.0,109660,109722,Herzog Karl von Württemberg.,0,auch,ADV,auch,33224,,
tg,rfd2.0,109660,109722,Herzog Karl von Württemberg.,0,Gott,NN,gott,33224,,
tg,rfd2.0,109660,109722,Herzog Karl von Württemberg.,0,in,APPR,in,33224,,
tg,rfd2.0,109660,109722,Herzog Karl von Württemberg.,0,seinem,PPOSAT,sein,33224,,
tg,rfd2.0,109660,109722,Herzog Karl von Württemberg.,0,Zorne,NN,zorne,33224,,
tg,rfd2.0,109660,109722,Herzog Karl von Württemberg.,0,zum,APPRART,zu,33224,,
tg,rfd2.0,109660,109722,Herzog Karl von Württemberg.,0,Doktor,NN,doktor,33224,,
tg,rfd2.0,109660,109722,Herzog Karl von Württemberg.,0,gemacht,VVPP,machen,33224,,
tg,rfd2.0,109660,109722,Herzog Karl von Württemberg.,0,.,$.,--,33224,,
tg,rfd2.0,109727,109778,SCHILLER,29,Ew,NE,ew,33224,,
tg,rfd2.0,109727,109778,SCHILLER,29,.,$.,--,33224,,
tg,rfd2.0,109727,109778,SCHILLER,29,Durchlaucht,NN,durlauchen,33224,,
tg,rfd2.0,109727,109778,SCHILLER,29,haben,VAFIN,haben,33224,,
tg,rfd2.0,109727,109778,SCHILLER,29,mich,PPER,mich,33224,SCHILLER,29
tg,rfd2.0,109727,109778,SCHILLER,29,dazu,PROAV,dazu,33224,,
tg,rfd2.0,109727,109778,SCHILLER,29,gemacht,VVPP,machen,33224,,
tg,rfd2.0,109727,109778,SCHILLER,29,.,$.,--,33224,,
tg,rfd2.0,109783,109804,KOCH,20,Bravo,NE,bravo,33224,,
tg,rfd2.0,109783,109804,KOCH,20,"!",$.,--,33224,,
tg,rfd2.0,109809,110040,SCHILLER,29,So,ADV,so,33224,,
tg,rfd2.0,109809,110040,SCHILLER,29,bin,VAFIN,sein,33224,,
tg,rfd2.0,109809,110040,SCHILLER,29,ich,PPER,ich,33224,SCHILLER,29
tg,rfd2.0,109809,110040,SCHILLER,29,in,APPR,in,33224,,
tg,rfd2.0,109809,110040,SCHILLER,29,der,ART,der,33224,,
tg,rfd2.0,109809,110040,SCHILLER,29,bevorstehenden,ADJA,bevorstehend,33224,,
tg,rfd2.0,109809,110040,SCHILLER,29,Tragödie,NN,tragödie,33224,,
tg,rfd2.0,109809,110040,SCHILLER,29,zum,APPRART,zu,33224,,
tg,rfd2.0,109809,110040,SCHILLER,29,Darsteller,NN,darsteller,33224,,
tg,rfd2.0,109809,110040,SCHILLER,29,des,ART,der,33224,,
tg,rfd2.0,109809,110040,SCHILLER,29,Clavigo,NN,clavigo,33224,,
tg,rfd2.0,109809,110040,SCHILLER,29,bestimmt,VVPP,bestimmen,33224,,
tg,rfd2.0,109809,110040,SCHILLER,29,worden,VAPP,werden,33224,,
tg,rfd2.0,109809,110040,SCHILLER,29,",","$,",--,33224,,
tg,rfd2.0,109809,110040,SCHILLER,29,und,KON,und,33224,,
tg,rfd2.0,109809,110040,SCHILLER,29,ich,PPER,ich,33224,SCHILLER,29
tg,rfd2.0,109809,110040,SCHILLER,29,bitte,ADV,bitte,33224,,
tg,rfd2.0,109809,110040,SCHILLER,29,Ew,NE,ew,33224,,
tg,rfd2.0,109809,110040,SCHILLER,29,.,$.,--,33224,,
tg,rfd2.0,109809,110040,SCHILLER,29,Durchlaucht,NN,durchlaucht,33224,,
tg,rfd2.0,109809,110040,SCHILLER,29,",","$,",--,33224,,
tg,rfd2.0,109809,110040,SCHILLER,29,mich,PRF,mich,33224,SCHILLER,29
tg,rfd2.0,109809,110040,SCHILLER,29,diese,PDAT,dieser,33224,,
tg,rfd2.0,109809,110040,SCHILLER,29,Rolle,NN,rolle,33224,,
tg,rfd2.0,109809,110040,SCHILLER,29,mit,APPR,mit,33224,,
tg,rfd2.0,109809,110040,SCHILLER,29,einer,ART,ein,33224,,
tg,rfd2.0,109809,110040,SCHILLER,29,andern,ADJA,anderer,33224,,
tg,rfd2.0,109809,110040,SCHILLER,29,vertauschen,VVINF,vertauschen,33224,,
tg,rfd2.0,109809,110040,SCHILLER,29,zu,PTKZU,zu,33224,,
tg,rfd2.0,109809,110040,SCHILLER,29,lassen,VVINF,lassen,33224,,
tg,rfd2.0,109809,110040,SCHILLER,29,",","$,",--,33224,,
tg,rfd2.0,109809,110040,SCHILLER,29,da,KOUS,da,33224,,
tg,rfd2.0,109809,110040,SCHILLER,29,sie,PPER,sie,33224,,
tg,rfd2.0,109809,110040,SCHILLER,29,meinem,PPOSAT,mein,33224,SCHILLER,29
tg,rfd2.0,109809,110040,SCHILLER,29,Wesen,NN,wesen,33224,,
tg,rfd2.0,109809,110040,SCHILLER,29,ganz,ADV,ganz,33224,,
tg,rfd2.0,109809,110040,SCHILLER,29,und,KON,und,33224,,
tg,rfd2.0,109809,110040,SCHILLER,29,gar,ADV,gar,33224,,
tg,rfd2.0,109809,110040,SCHILLER,29,nicht,PTKNEG,nicht,33224,,
tg,rfd2.0,109809,110040,SCHILLER,29,zusagt,VVPP,zusagen,33224,,
tg,rfd2.0,109809,110040,SCHILLER,29,.,$.,--,33224,,
tg,rfd2.0,110045,110135,Herzog Karl von Württemberg.,0,Warum,PWAV,warum,33224,,
tg,rfd2.0,110045,110135,Herzog Karl von Württemberg.,0,nicht,PTKNEG,nicht,33224,,
tg,rfd2.0,110045,110135,Herzog Karl von Württemberg.,0,gar,ADV,gar,33224,,
tg,rfd2.0,110045,110135,Herzog Karl von Württemberg.,0,"!",$.,--,33224,,
tg,rfd2.0,110045,110135,Herzog Karl von Württemberg.,0,Er,PPER,er,33224,,
tg,rfd2.0,110045,110135,Herzog Karl von Württemberg.,0,will,VMFIN,wollen,33224,,
tg,rfd2.0,110045,110135,Herzog Karl von Württemberg.,0,alle,PIDAT,aller,33224,ALLE,30
tg,rfd2.0,110045,110135,Herzog Karl von Württemberg.,0,Augenblicke,NN,augenblick,33224,,
tg,rfd2.0,110045,110135,Herzog Karl von Württemberg.,0,ein,ART,ein,33224,,
tg,rfd2.0,110045,110135,Herzog Karl von Württemberg.,0,apartes,ADJA,apart,33224,,
tg,rfd2.0,110045,110135,Herzog Karl von Württemberg.,0,Wesen,NN,wesen,33224,,
tg,rfd2.0,110045,110135,Herzog Karl von Württemberg.,0,haben,VAFIN,haben,33224,,
tg,rfd2.0,110045,110135,Herzog Karl von Württemberg.,0,",","$,",--,33224,,
tg,rfd2.0,110045,110135,Herzog Karl von Württemberg.,0,ich,PPER,ich,33224,Herzog Karl von Württemberg.,0
tg,rfd2.0,110045,110135,Herzog Karl von Württemberg.,0,kenne,VVFIN,kennen,33224,,
tg,rfd2.0,110045,110135,Herzog Karl von Württemberg.,0,das,ART,der,33224,,
tg,rfd2.0,110045,110135,Herzog Karl von Württemberg.,0,"!",$.,--,33224,,
tg,rfd2.0,110140,110220,"Laura, deren Pflegetochter.",3,Onkel,NN,onkel,33224,,
tg,rfd2.0,110140,110220,"Laura, deren Pflegetochter.",3,Durchlaucht,VVFIN,durchlaucht,33224,,
tg,rfd2.0,110140,110220,"Laura, deren Pflegetochter.",3,",","$,",--,33224,,
tg,rfd2.0,110140,110220,"Laura, deren Pflegetochter.",3,er,PPER,er,33224,,
tg,rfd2.0,110140,110220,"Laura, deren Pflegetochter.",3,spielt,VVFIN,spielen,33224,,
tg,rfd2.0,110140,110220,"Laura, deren Pflegetochter.",3,die,ART,der,33224,,
tg,rfd2.0,110140,110220,"Laura, deren Pflegetochter.",3,Rolle,NN,rolle,33224,,
tg,rfd2.0,110140,110220,"Laura, deren Pflegetochter.",3,aber,ADV,aber,33224,,
tg,rfd2.0,110140,110220,"Laura, deren Pflegetochter.",3,wirklich,ADJD,wirklich,33224,,
tg,rfd2.0,110140,110220,"Laura, deren Pflegetochter.",3,gefährlich,ADJD,gefährlich,33224,,
tg,rfd2.0,110140,110220,"Laura, deren Pflegetochter.",3,"!",$.,--,33224,,
tg,rfd2.0,110225,110305,Herzog Karl von Württemberg.,0,Hat,VAFIN,haben,33224,,
tg,rfd2.0,110225,110305,Herzog Karl von Württemberg.,0,Er,PPER,er,33224,,
tg,rfd2.0,110225,110305,Herzog Karl von Württemberg.,0,nicht,PTKNEG,nicht,33224,,
tg,rfd2.0,110225,110305,Herzog Karl von Württemberg.,0,vor,APPR,vor,33224,,
tg,rfd2.0,110225,110305,Herzog Karl von Württemberg.,0,vier,CARD,vier,33224,,
tg,rfd2.0,110225,110305,Herzog Karl von Württemberg.,0,Jahren,NN,jahr,33224,,
tg,rfd2.0,110225,110305,Herzog Karl von Württemberg.,0,die,ART,der,33224,,
tg,rfd2.0,110225,110305,Herzog Karl von Württemberg.,0,Rolle,NN,rolle,33224,,
tg,rfd2.0,110225,110305,Herzog Karl von Württemberg.,0,schon,ADV,schon,33224,,
tg,rfd2.0,110225,110305,Herzog Karl von Württemberg.,0,einmal,ADV,einmal,33224,,
tg,rfd2.0,110225,110305,Herzog Karl von Württemberg.,0,gespielt,VVPP,spielen,33224,,
tg,rfd2.0,110225,110305,Herzog Karl von Württemberg.,0,als,KOKOM,als,33224,,
tg,rfd2.0,110225,110305,Herzog Karl von Württemberg.,0,Eleve,NN,eleve,33224,,
tg,rfd2.0,110225,110305,Herzog Karl von Württemberg.,0,?,$.,--,33224,,
tg,rfd2.0,110311,110325,SCHILLER,29,Ja,NN,ja,33224,,
tg,rfd2.0,110311,110325,SCHILLER,29,.,$.,--,33224,,
tg,rfd2.0,110330,110351,KOCH,20,Aber,KON,aber,33224,,
tg,rfd2.0,110330,110351,KOCH,20,schlecht,ADJD,schlecht,33224,,
tg,rfd2.0,110330,110351,KOCH,20,.,$.,--,33224,,
tg,rfd2.0,110356,110419,Herzog Karl von Württemberg.,0,Na,ITJ,na,33224,,
tg,rfd2.0,110356,110419,Herzog Karl von Württemberg.,0,",","$,",--,33224,,
tg,rfd2.0,110356,110419,Herzog Karl von Württemberg.,0,Er,PPER,er,33224,,
tg,rfd2.0,110356,110419,Herzog Karl von Württemberg.,0,wird,VAFIN,werden,33224,,
tg,rfd2.0,110356,110419,Herzog Karl von Württemberg.,0,doch,ADV,doch,33224,,
tg,rfd2.0,110356,110419,Herzog Karl von Württemberg.,0,was,PWS,was,33224,,
tg,rfd2.0,110356,110419,Herzog Karl von Württemberg.,0,gelernt,VVPP,lernen,33224,,
tg,rfd2.0,110356,110419,Herzog Karl von Württemberg.,0,haben,VAFIN,haben,33224,,
tg,rfd2.0,110356,110419,Herzog Karl von Württemberg.,0,in,APPR,in,33224,,
tg,rfd2.0,110356,110419,Herzog Karl von Württemberg.,0,den,ART,der,33224,,
tg,rfd2.0,110356,110419,Herzog Karl von Württemberg.,0,vier,CARD,vier,33224,,
tg,rfd2.0,110356,110419,Herzog Karl von Württemberg.,0,Jahren,NN,jahr,33224,,
tg,rfd2.0,110356,110419,Herzog Karl von Württemberg.,0,"!",$.,--,33224,,
tg,rfd2.0,110424,110534,SCHILLER,29,Aber,KON,aber,33224,,
tg,rfd2.0,110424,110534,SCHILLER,29,meine,PPOSAT,mein,33224,SCHILLER,29
tg,rfd2.0,110424,110534,SCHILLER,29,Natur,NN,natur,33224,,
tg,rfd2.0,110424,110534,SCHILLER,29,",","$,",--,33224,,
tg,rfd2.0,110424,110534,SCHILLER,29,die,PRELS,der,33224,,
tg,rfd2.0,110424,110534,SCHILLER,29,sich,PRF,sich,33224,,
tg,rfd2.0,110424,110534,SCHILLER,29,für,APPR,für,33224,,
tg,rfd2.0,110424,110534,SCHILLER,29,diesen,PDAT,dieser,33224,,
tg,rfd2.0,110424,110534,SCHILLER,29,schwankenden,ADJA,schwankend,33224,,
tg,rfd2.0,110424,110534,SCHILLER,29,Charakter,NN,charakter,33224,,
tg,rfd2.0,110424,110534,SCHILLER,29,nicht,PTKNEG,nicht,33224,,
tg,rfd2.0,110424,110534,SCHILLER,29,eignet,VVFIN,eignen,33224,,
tg,rfd2.0,110424,110534,SCHILLER,29,",","$,",--,33224,,
tg,rfd2.0,110424,110534,SCHILLER,29,hat,VAFIN,haben,33224,,
tg,rfd2.0,110424,110534,SCHILLER,29,sich,PRF,sich,33224,,
tg,rfd2.0,110424,110534,SCHILLER,29,nicht,PTKNEG,nicht,33224,,
tg,rfd2.0,110424,110534,SCHILLER,29,geändert,VVPP,ändern,33224,,
tg,rfd2.0,110424,110534,SCHILLER,29,.,$.,--,33224,,
tg,rfd2.0,110540,110839,Herzog Karl von Württemberg.,0,Laß,VVIMP,lassen,33224,,
tg,rfd2.0,110540,110839,Herzog Karl von Württemberg.,0,Er,PPER,er,33224,,
tg,rfd2.0,110540,110839,Herzog Karl von Württemberg.,0,mich,PRF,mich,33224,Herzog Karl von Württemberg.,0
tg,rfd2.0,110540,110839,Herzog Karl von Württemberg.,0,aus,APPR,aus,33224,,
tg,rfd2.0,110540,110839,Herzog Karl von Württemberg.,0,mit,APPR,mit,33224,,
tg,rfd2.0,110540,110839,Herzog Karl von Württemberg.,0,diesem,PDAT,dieser,33224,,
tg,rfd2.0,110540,110839,Herzog Karl von Württemberg.,0,Sich-eignen,NN,sich-eigne,33224,,
tg,rfd2.0,110540,110839,Herzog Karl von Württemberg.,0,und,KON,und,33224,,
tg,rfd2.0,110540,110839,Herzog Karl von Württemberg.,0,Sich-nicht-eignen,NN,sich-nicht-eigne,33224,,
tg,rfd2.0,110540,110839,Herzog Karl von Württemberg.,0,"!",$.,--,33224,,
tg,rfd2.0,110540,110839,Herzog Karl von Württemberg.,0,Er,PPER,er,33224,,
tg,rfd2.0,110540,110839,Herzog Karl von Württemberg.,0,weiß,VVFIN,weiß,33224,,
tg,rfd2.0,110540,110839,Herzog Karl von Württemberg.,0,",","$,",--,33224,,
tg,rfd2.0,110540,110839,Herzog Karl von Württemberg.,0,ich,PPER,ich,33224,Herzog Karl von Württemberg.,0
tg,rfd2.0,110540,110839,Herzog Karl von Württemberg.,0,kann,VMFIN,können,33224,,
tg,rfd2.0,110540,110839,Herzog Karl von Württemberg.,0,das,PDS,der,33224,,
tg,rfd2.0,110540,110839,Herzog Karl von Württemberg.,0,nicht,PTKNEG,nicht,33224,,
tg,rfd2.0,110540,110839,Herzog Karl von Württemberg.,0,leiden,VVINF,leiden,33224,,
tg,rfd2.0,110540,110839,Herzog Karl von Württemberg.,0,.,$.,--,33224,,
tg,rfd2.0,110540,110839,Herzog Karl von Württemberg.,0,Eine,ART,ein,33224,,
tg,rfd2.0,110540,110839,Herzog Karl von Württemberg.,0,richtige,ADJA,richtig,33224,,
tg,rfd2.0,110540,110839,Herzog Karl von Württemberg.,0,Erziehung,NN,erziehung,33224,,
tg,rfd2.0,110540,110839,Herzog Karl von Württemberg.,0,kann,VMFIN,können,33224,,
tg,rfd2.0,110540,110839,Herzog Karl von Württemberg.,0,alles,PIS,alle,33224,,
tg,rfd2.0,110540,110839,Herzog Karl von Württemberg.,0,aus,APPR,aus,33224,,
tg,rfd2.0,110540,110839,Herzog Karl von Württemberg.,0,einem,ART,ein,33224,,
tg,rfd2.0,110540,110839,Herzog Karl von Württemberg.,0,Menschen,NN,mensch,33224,,
tg,rfd2.0,110540,110839,Herzog Karl von Württemberg.,0,machen,VVINF,machen,33224,,
tg,rfd2.0,110540,110839,Herzog Karl von Württemberg.,0,.,$.,--,33224,,
tg,rfd2.0,110540,110839,Herzog Karl von Württemberg.,0,Er,PPER,er,33224,,
tg,rfd2.0,110540,110839,Herzog Karl von Württemberg.,0,will,VMFIN,wollen,33224,,
tg,rfd2.0,110540,110839,Herzog Karl von Württemberg.,0,gewiß,ADV,gewiß,33224,,
tg,rfd2.0,110540,110839,Herzog Karl von Württemberg.,0,–,VVFIN,–,33224,,
tg,rfd2.0,110540,110839,Herzog Karl von Württemberg.,0,ich,PPER,ich,33224,Herzog Karl von Württemberg.,0
tg,rfd2.0,110540,110839,Herzog Karl von Württemberg.,0,weiß,VVFIN,weiß,33224,,
tg,rfd2.0,110540,110839,Herzog Karl von Württemberg.,0,",","$,",--,33224,,
tg,rfd2.0,110540,110839,Herzog Karl von Württemberg.,0,daß,KOUS,daß,33224,,
tg,rfd2.0,110540,110839,Herzog Karl von Württemberg.,0,Er,PPER,er,33224,,
tg,rfd2.0,110540,110839,Herzog Karl von Württemberg.,0,gar,ADV,gar,33224,,
tg,rfd2.0,110540,110839,Herzog Karl von Württemberg.,0,zu,PTKA,zu,33224,,
tg,rfd2.0,110540,110839,Herzog Karl von Württemberg.,0,gerne,ADV,gerne,33224,,
tg,rfd2.0,110540,110839,Herzog Karl von Württemberg.,0,obenhinaus,ADV,obenhinaus,33224,,
tg,rfd2.0,110540,110839,Herzog Karl von Württemberg.,0,und,KON,und,33224,,
tg,rfd2.0,110540,110839,Herzog Karl von Württemberg.,0,nirgend,ADJD,nirgend,33224,,
tg,rfd2.0,110540,110839,Herzog Karl von Württemberg.,0,an,APPR,an,33224,,
tg,rfd2.0,110540,110839,Herzog Karl von Württemberg.,0,möchte,VMFIN,möchten,33224,,
tg,rfd2.0,110540,110839,Herzog Karl von Württemberg.,0,–,XY,–,33224,,
tg,rfd2.0,110540,110839,Herzog Karl von Württemberg.,0,Er,PPER,er,33224,,
tg,rfd2.0,110540,110839,Herzog Karl von Württemberg.,0,will,VMFIN,wollen,33224,,
tg,rfd2.0,110540,110839,Herzog Karl von Württemberg.,0,gewiß,ADV,gewiß,33224,,
tg,rfd2.0,110540,110839,Herzog Karl von Württemberg.,0,den,ART,der,33224,,
tg,rfd2.0,110540,110839,Herzog Karl von Württemberg.,0,Mosje,NN,mosje,33224,,
tg,rfd2.0,110540,110839,Herzog Karl von Württemberg.,0,Beaumarchais,NE,beaumarchai,33224,,
tg,rfd2.0,110540,110839,Herzog Karl von Württemberg.,0,spielen,VVFIN,spielen,33224,,
tg,rfd2.0,110540,110839,Herzog Karl von Württemberg.,0,",","$,",--,33224,,
tg,rfd2.0,110540,110839,Herzog Karl von Württemberg.,0,he,VVFIN,--,33224,,
tg,rfd2.0,110540,110839,Herzog Karl von Württemberg.,0,?,$.,--,33224,,
tg,rfd2.0,110844,110878,SCHILLER,29,Zu,APPR,zu,33224,,
tg,rfd2.0,110844,110878,SCHILLER,29,Befehl,NN,befehl,33224,,
tg,rfd2.0,110844,110878,SCHILLER,29,",","$,",--,33224,,
tg,rfd2.0,110844,110878,SCHILLER,29,Durchlaucht,NN,durchlaucht,33224,,
tg,rfd2.0,110844,110878,SCHILLER,29,.,$.,--,33224,,
tg,rfd2.0,110883,111273,Herzog Karl von Württemberg.,0,Dacht,NN,dacht,33224,,
tg,rfd2.0,110883,111273,Herzog Karl von Württemberg.,0,',$[,--,33224,,
tg,rfd2.0,110883,111273,Herzog Karl von Württemberg.,0,ich's,PPER,ich's,33224,,
tg,rfd2.0,110883,111273,Herzog Karl von Württemberg.,0,doch,ADV,doch,33224,,
tg,rfd2.0,110883,111273,Herzog Karl von Württemberg.,0,.,$.,--,33224,,
tg,rfd2.0,110883,111273,Herzog Karl von Württemberg.,0,Er,PPER,er,33224,,
tg,rfd2.0,110883,111273,Herzog Karl von Württemberg.,0,weiß,VVFIN,weiß,33224,,
tg,rfd2.0,110883,111273,Herzog Karl von Württemberg.,0,",","$,",--,33224,,
tg,rfd2.0,110883,111273,Herzog Karl von Württemberg.,0,daß,KOUS,daß,33224,,
tg,rfd2.0,110883,111273,Herzog Karl von Württemberg.,0,ich,PPER,ich,33224,Herzog Karl von Württemberg.,0
tg,rfd2.0,110883,111273,Herzog Karl von Württemberg.,0,diesen,PDAT,dieser,33224,,
tg,rfd2.0,110883,111273,Herzog Karl von Württemberg.,0,naseweisen,ADJA,naseweis,33224,,
tg,rfd2.0,110883,111273,Herzog Karl von Württemberg.,0,Figaroverfasser,NN,figaroverfasser,33224,,
tg,rfd2.0,110883,111273,Herzog Karl von Württemberg.,0,",","$,",--,33224,,
tg,rfd2.0,110883,111273,Herzog Karl von Württemberg.,0,welchem,PWAT,welcher,33224,,
tg,rfd2.0,110883,111273,Herzog Karl von Württemberg.,0,man,PIS,man,33224,,
tg,rfd2.0,110883,111273,Herzog Karl von Württemberg.,0,in,APPR,in,33224,,
tg,rfd2.0,110883,111273,Herzog Karl von Württemberg.,0,Paris,NE,paris,33224,,
tg,rfd2.0,110883,111273,Herzog Karl von Württemberg.,0,viel,PIDAT,viel,33224,,
tg,rfd2.0,110883,111273,Herzog Karl von Württemberg.,0,zuviel,PIS,zuviel,33224,,
tg,rfd2.0,110883,111273,Herzog Karl von Württemberg.,0,Spielraum,NN,spielraum,33224,,
tg,rfd2.0,110883,111273,Herzog Karl von Württemberg.,0,gestattet,VVPP,gestatten,33224,,
tg,rfd2.0,110883,111273,Herzog Karl von Württemberg.,0,",","$,",--,33224,,
tg,rfd2.0,110883,111273,Herzog Karl von Württemberg.,0,nicht,PTKNEG,nicht,33224,,
tg,rfd2.0,110883,111273,Herzog Karl von Württemberg.,0,ausstehen,VVFIN,ausstehen,33224,,
tg,rfd2.0,110883,111273,Herzog Karl von Württemberg.,0,kann,VMFIN,können,33224,,
tg,rfd2.0,110883,111273,Herzog Karl von Württemberg.,0,.,$.,--,33224,,
tg,rfd2.0,110883,111273,Herzog Karl von Württemberg.,0,Punktum,NN,punktum,33224,,
tg,rfd2.0,110883,111273,Herzog Karl von Württemberg.,0,"!",$.,--,33224,,
tg,rfd2.0,110883,111273,Herzog Karl von Württemberg.,0,Er,PPER,er,33224,,
tg,rfd2.0,110883,111273,Herzog Karl von Württemberg.,0,spielt,VVFIN,spielen,33224,,
tg,rfd2.0,110883,111273,Herzog Karl von Württemberg.,0,den,ART,der,33224,,
tg,rfd2.0,110883,111273,Herzog Karl von Württemberg.,0,Clavigo,NN,clavigo,33224,,
tg,rfd2.0,110883,111273,Herzog Karl von Württemberg.,0,"!",$.,--,33224,,
tg,rfd2.0,110883,111273,Herzog Karl von Württemberg.,0,Adieu,ADJD,adieu,33224,,
tg,rfd2.0,110883,111273,Herzog Karl von Württemberg.,0,"!",$.,--,33224,,
tg,rfd2.0,110883,111273,Herzog Karl von Württemberg.,0,Rechtsum,NE,rechtsum,33224,,
tg,rfd2.0,110883,111273,Herzog Karl von Württemberg.,0,kehrt,VVFIN,kehren,33224,,
tg,rfd2.0,110883,111273,Herzog Karl von Württemberg.,0,"!",$.,--,33224,,
tg,rfd2.0,110883,111273,Herzog Karl von Württemberg.,0,Vorwärts,ADV,vorwärts,33224,,
tg,rfd2.0,110883,111273,Herzog Karl von Württemberg.,0,marsch,ADJD,marsch,33224,,
tg,rfd2.0,110883,111273,Herzog Karl von Württemberg.,0,"!",$.,--,33224,,
tg,rfd2.0,110883,111273,Herzog Karl von Württemberg.,0,Schiller,NE,schiller,33224,SCHILLER,29
tg,rfd2.0,110883,111273,Herzog Karl von Württemberg.,0,und,KON,und,33224,,
tg,rfd2.0,110883,111273,Herzog Karl von Württemberg.,0,Koch,NN,koch,33224,KOCH,20
tg,rfd2.0,110883,111273,Herzog Karl von Württemberg.,0,links,ADV,links,33224,,
tg,rfd2.0,110883,111273,Herzog Karl von Württemberg.,0,ab,PTKVZ,ab,33224,,
tg,rfd2.0,110883,111273,Herzog Karl von Württemberg.,0,.,$.,--,33224,,
tg,rfd2.0,110883,111273,Herzog Karl von Württemberg.,0,Rieger,NN,rieger,33224,RIEGER,27
tg,rfd2.0,110883,111273,Herzog Karl von Württemberg.,0,",","$,",--,33224,,
tg,rfd2.0,110883,111273,Herzog Karl von Württemberg.,0,weiter,ADV,weiter,33224,,
tg,rfd2.0,110883,111273,Herzog Karl von Württemberg.,0,im,APPRART,in,33224,,
tg,rfd2.0,110883,111273,Herzog Karl von Württemberg.,0,Rapport,NN,rapport,33224,,
tg,rfd2.0,110883,111273,Herzog Karl von Württemberg.,0,"!",$.,--,33224,,
tg,rfd2.0,110883,111273,Herzog Karl von Württemberg.,0,Einer,PIS,einer,33224,,
tg,rfd2.0,110883,111273,Herzog Karl von Württemberg.,0,meiner,PPOSAT,mein,33224,Herzog Karl von Württemberg.,0
tg,rfd2.0,110883,111273,Herzog Karl von Württemberg.,0,Leute,NN,leute,33224,,
tg,rfd2.0,110883,111273,Herzog Karl von Württemberg.,0,",","$,",--,33224,,
tg,rfd2.0,110883,111273,Herzog Karl von Württemberg.,0,ein,ART,ein,33224,,
tg,rfd2.0,110883,111273,Herzog Karl von Württemberg.,0,junger,ADJA,jung,33224,,
tg,rfd2.0,110883,111273,Herzog Karl von Württemberg.,0,Mann,NN,mann,33224,,
tg,rfd2.0,110883,111273,Herzog Karl von Württemberg.,0,",","$,",--,33224,,
tg,rfd2.0,110883,111273,Herzog Karl von Württemberg.,0,habe,VAFIN,haben,33224,,
tg,rfd2.0,110883,111273,Herzog Karl von Württemberg.,0,in,APPR,in,33224,,
tg,rfd2.0,110883,111273,Herzog Karl von Württemberg.,0,bürgerlicher,ADJA,bürgerlich,33224,,
tg,rfd2.0,110883,111273,Herzog Karl von Württemberg.,0,Tracht,NN,tracht,33224,,
tg,rfd2.0,110883,111273,Herzog Karl von Württemberg.,0,den,ART,der,33224,,
tg,rfd2.0,110883,111273,Herzog Karl von Württemberg.,0,Schubart,NN,schubart,33224,,
tg,rfd2.0,110883,111273,Herzog Karl von Württemberg.,0,besucht,VVPP,besuchen,33224,,
tg,rfd2.0,110883,111273,Herzog Karl von Württemberg.,0,",","$,",--,33224,,
tg,rfd2.0,110883,111273,Herzog Karl von Württemberg.,0,wer,PWS,wer,33224,,
tg,rfd2.0,110883,111273,Herzog Karl von Württemberg.,0,ist,VAFIN,sein,33224,,
tg,rfd2.0,110883,111273,Herzog Karl von Württemberg.,0,das,ART,der,33224,,
tg,rfd2.0,110883,111273,Herzog Karl von Württemberg.,0,gewesen,VAPP,sein,33224,,
tg,rfd2.0,110883,111273,Herzog Karl von Württemberg.,0,?,$.,--,33224,,
tg,rfd2.0,111278,111383,RIEGER,27,Durchlaucht,NN,durchlaucht,33224,,
tg,rfd2.0,111278,111383,RIEGER,27,",","$,",--,33224,,
tg,rfd2.0,111278,111383,RIEGER,27,es,PPER,es,33224,,
tg,rfd2.0,111278,111383,RIEGER,27,war,VAFIN,sein,33224,,
tg,rfd2.0,111278,111383,RIEGER,27,eben,ADV,eben,33224,,
tg,rfd2.0,111278,111383,RIEGER,27,Will,VMFIN,wollen,33224,,
tg,rfd2.0,111278,111383,RIEGER,27,auf,APPR,auf,33224,,
tg,rfd2.0,111278,111383,RIEGER,27,Schiller,NE,schiller,33224,SCHILLER,29
tg,rfd2.0,111278,111383,RIEGER,27,weisen,VVINF,weisen,33224,,
tg,rfd2.0,111278,111383,RIEGER,27,.,$.,--,33224,,
tg,rfd2.0,111278,111383,RIEGER,27,In,APPR,in,33224,,
tg,rfd2.0,111278,111383,RIEGER,27,diesem,PDAT,dieser,33224,,
tg,rfd2.0,111278,111383,RIEGER,27,Augenblicke,NN,augenblick,33224,,
tg,rfd2.0,111278,111383,RIEGER,27,Geräusch,NE,geräusch,33224,,
tg,rfd2.0,111278,111383,RIEGER,27,hinten,ADV,hinten,33224,,
tg,rfd2.0,111278,111383,RIEGER,27,",","$,",--,33224,,
tg,rfd2.0,111278,111383,RIEGER,27,unten,ADV,unten,33224,,
tg,rfd2.0,111278,111383,RIEGER,27,.,$.,--,33224,,
tg,rfd2.0,111389,111494,Herzog Karl von Württemberg.,0,Was,PWS,was,33224,,
tg,rfd2.0,111389,111494,Herzog Karl von Württemberg.,0,ist,VAFIN,sein,33224,,
tg,rfd2.0,111389,111494,Herzog Karl von Württemberg.,0,das,PDS,der,33224,,
tg,rfd2.0,111389,111494,Herzog Karl von Württemberg.,0,für,APPR,für,33224,,
tg,rfd2.0,111389,111494,Herzog Karl von Württemberg.,0,ein,ART,ein,33224,,
tg,rfd2.0,111389,111494,Herzog Karl von Württemberg.,0,Lärm,NN,lärm,33224,,
tg,rfd2.0,111389,111494,Herzog Karl von Württemberg.,0,im,APPRART,in,33224,,
tg,rfd2.0,111389,111494,Herzog Karl von Württemberg.,0,Hofe,NE,hof,33224,,
tg,rfd2.0,111389,111494,Herzog Karl von Württemberg.,0,?,$.,--,33224,,
tg,rfd2.0,111389,111494,Herzog Karl von Württemberg.,0,Unsre,ADJA,unsr,33224,,
tg,rfd2.0,111389,111494,Herzog Karl von Württemberg.,0,Gäste,NN,gast,33224,,
tg,rfd2.0,111389,111494,Herzog Karl von Württemberg.,0,überraschen,VVFIN,überraschen,33224,,
tg,rfd2.0,111389,111494,Herzog Karl von Württemberg.,0,uns,PPER,uns,33224,,
tg,rfd2.0,111389,111494,Herzog Karl von Württemberg.,0,doch,ADV,doch,33224,,
tg,rfd2.0,111389,111494,Herzog Karl von Württemberg.,0,nicht,PTKNEG,nicht,33224,,
tg,rfd2.0,111389,111494,Herzog Karl von Württemberg.,0,?,$.,--,33224,,
tg,rfd2.0,111389,111494,Herzog Karl von Württemberg.,0,–,XY,–,33224,,
tg,rfd2.0,111389,111494,Herzog Karl von Württemberg.,0,Nachsehn,CARD,nachsehn,33224,,
tg,rfd2.0,111389,111494,Herzog Karl von Württemberg.,0,",","$,",--,33224,,
tg,rfd2.0,111389,111494,Herzog Karl von Württemberg.,0,Bleistift,NN,bleistift,33224,BLEISTIFT,31
tg,rfd2.0,111389,111494,Herzog Karl von Württemberg.,0,"!",$.,--,33224,,
tg,rfd2.0,111499,111529,BLEISTIFT,31,Service,NN,service,33224,,
tg,rfd2.0,111499,111529,BLEISTIFT,31,",","$,",--,33224,,
tg,rfd2.0,111499,111529,BLEISTIFT,31,Sire,NN,sire,33224,,
tg,rfd2.0,111499,111529,BLEISTIFT,31,"!",$.,--,33224,,
tg,rfd2.0,111499,111529,BLEISTIFT,31,Ab,APPR,ab,33224,,
tg,rfd2.0,111499,111529,BLEISTIFT,31,.,$.,--,33224,,
tg,rfd2.0,111535,111570,Herzog Karl von Württemberg.,0,Warum,PWAV,warum,33224,,
tg,rfd2.0,111535,111570,Herzog Karl von Württemberg.,0,stockt,VVFIN,stocken,33224,,
tg,rfd2.0,111535,111570,Herzog Karl von Württemberg.,0,Er,PPER,er,33224,,
tg,rfd2.0,111535,111570,Herzog Karl von Württemberg.,0,",","$,",--,33224,,
tg,rfd2.0,111535,111570,Herzog Karl von Württemberg.,0,Rieger,NN,rieger,33224,RIEGER,27
tg,rfd2.0,111535,111570,Herzog Karl von Württemberg.,0,–,XY,–,33224,,
tg,rfd2.0,111535,111570,Herzog Karl von Württemberg.,0,?,$.,--,33224,,
tg,rfd2.0,111575,111663,Generalin Rieger.,2,Weil,KOUS,weil,33224,,
tg,rfd2.0,111575,111663,Generalin Rieger.,2,er,PPER,er,33224,,
tg,rfd2.0,111575,111663,Generalin Rieger.,2,sich,PRF,sich,33224,,
tg,rfd2.0,111575,111663,Generalin Rieger.,2,wieder,ADV,wieder,33224,,
tg,rfd2.0,111575,111663,Generalin Rieger.,2,aufs,APPRART,auf,33224,,
tg,rfd2.0,111575,111663,Generalin Rieger.,2,Anschwärzen,NN,anschwärz,33224,,
tg,rfd2.0,111575,111663,Generalin Rieger.,2,eingelassen,VVPP,einlassen,33224,,
tg,rfd2.0,111575,111663,Generalin Rieger.,2,",","$,",--,33224,,
tg,rfd2.0,111575,111663,Generalin Rieger.,2,ohne,KOUI,ohne,33224,,
tg,rfd2.0,111575,111663,Generalin Rieger.,2,was,PWS,was,33224,,
tg,rfd2.0,111575,111663,Generalin Rieger.,2,Rechts,NN,recht,33224,,
tg,rfd2.0,111575,111663,Generalin Rieger.,2,zu,PTKZU,zu,33224,,
tg,rfd2.0,111575,111663,Generalin Rieger.,2,wissen,VVINF,wissen,33224,,
tg,rfd2.0,111575,111663,Generalin Rieger.,2,.,$.,--,33224,,
tg,rfd2.0,111668,111721,Herzog Karl von Württemberg.,0,Bäbele,NE,bäbele,33224,,
tg,rfd2.0,111668,111721,Herzog Karl von Württemberg.,0,",","$,",--,33224,,
tg,rfd2.0,111668,111721,Herzog Karl von Württemberg.,0,menge,VVFIN,mengen,33224,,
tg,rfd2.0,111668,111721,Herzog Karl von Württemberg.,0,dich,PPER,dich,33224,,
tg,rfd2.0,111668,111721,Herzog Karl von Württemberg.,0,nicht,PTKNEG,nicht,33224,,
tg,rfd2.0,111668,111721,Herzog Karl von Württemberg.,0,in,APPR,in,33224,,
tg,rfd2.0,111668,111721,Herzog Karl von Württemberg.,0,Staatsgeschäfte,NN,staatsgeschäft,33224,,
tg,rfd2.0,111668,111721,Herzog Karl von Württemberg.,0,.,$.,--,33224,,
tg,rfd2.0,111726,112096,Generalin Rieger.,2,Ja,PTKANT,ja,33224,,
tg,rfd2.0,111726,112096,Generalin Rieger.,2,",","$,",--,33224,,
tg,rfd2.0,111726,112096,Generalin Rieger.,2,Staatsgeschäfte,NN,staatsgeschäft,33224,,
tg,rfd2.0,111726,112096,Generalin Rieger.,2,"!",$.,--,33224,,
tg,rfd2.0,111726,112096,Generalin Rieger.,2,Klatschereien,NN,klatscherei,33224,,
tg,rfd2.0,111726,112096,Generalin Rieger.,2,sind's,VVFIN,sind,33224,,
tg,rfd2.0,111726,112096,Generalin Rieger.,2,.,$.,--,33224,,
tg,rfd2.0,111726,112096,Generalin Rieger.,2,Rieger,NN,rieger,33224,RIEGER,27
tg,rfd2.0,111726,112096,Generalin Rieger.,2,kennt,VVFIN,kennen,33224,,
tg,rfd2.0,111726,112096,Generalin Rieger.,2,den,ART,der,33224,,
tg,rfd2.0,111726,112096,Generalin Rieger.,2,jungen,ADJA,jung,33224,,
tg,rfd2.0,111726,112096,Generalin Rieger.,2,Mann,NN,mann,33224,,
tg,rfd2.0,111726,112096,Generalin Rieger.,2,gar,ADV,gar,33224,,
tg,rfd2.0,111726,112096,Generalin Rieger.,2,nicht,PTKNEG,nicht,33224,,
tg,rfd2.0,111726,112096,Generalin Rieger.,2,genau,ADJD,genau,33224,,
tg,rfd2.0,111726,112096,Generalin Rieger.,2,und,KON,und,33224,,
tg,rfd2.0,111726,112096,Generalin Rieger.,2,möchte,VMFIN,möchten,33224,,
tg,rfd2.0,111726,112096,Generalin Rieger.,2,zehn,CARD,zehn,33224,,
tg,rfd2.0,111726,112096,Generalin Rieger.,2,Unschuldige,NN,unschuldige,33224,,
tg,rfd2.0,111726,112096,Generalin Rieger.,2,einsperren,VVINF,einsperren,33224,,
tg,rfd2.0,111726,112096,Generalin Rieger.,2,lassen,VVINF,lassen,33224,,
tg,rfd2.0,111726,112096,Generalin Rieger.,2,",","$,",--,33224,,
tg,rfd2.0,111726,112096,Generalin Rieger.,2,um,KOUI,um,33224,,
tg,rfd2.0,111726,112096,Generalin Rieger.,2,den,ART,der,33224,,
tg,rfd2.0,111726,112096,Generalin Rieger.,2,einzigen,ADJA,einzig,33224,,
tg,rfd2.0,111726,112096,Generalin Rieger.,2,auszufinden,VVIZU,ausfinden,33224,,
tg,rfd2.0,111726,112096,Generalin Rieger.,2,",","$,",--,33224,,
tg,rfd2.0,111726,112096,Generalin Rieger.,2,der,PRELS,der,33224,,
tg,rfd2.0,111726,112096,Generalin Rieger.,2,auch,ADV,auch,33224,,
tg,rfd2.0,111726,112096,Generalin Rieger.,2,am,APPRART,an,33224,,
tg,rfd2.0,111726,112096,Generalin Rieger.,2,Ende,NN,ende,33224,,
tg,rfd2.0,111726,112096,Generalin Rieger.,2,nichts,PIS,nichts,33224,,
tg,rfd2.0,111726,112096,Generalin Rieger.,2,verbrochen,VVPP,verbrechen,33224,,
tg,rfd2.0,111726,112096,Generalin Rieger.,2,hat,VAFIN,haben,33224,,
tg,rfd2.0,111726,112096,Generalin Rieger.,2,.,$.,--,33224,,
tg,rfd2.0,111726,112096,Generalin Rieger.,2,Wie,PWAV,wie,33224,,
tg,rfd2.0,111726,112096,Generalin Rieger.,2,mancher,PIAT,mancher,33224,,
tg,rfd2.0,111726,112096,Generalin Rieger.,2,junge,ADJA,jung,33224,,
tg,rfd2.0,111726,112096,Generalin Rieger.,2,Stuttgarter,ADJA,stuttgarter,33224,,
tg,rfd2.0,111726,112096,Generalin Rieger.,2,kam,VVFIN,kommen,33224,,
tg,rfd2.0,111726,112096,Generalin Rieger.,2,hinauf,ADV,hinauf,33224,,
tg,rfd2.0,111726,112096,Generalin Rieger.,2,",","$,",--,33224,,
tg,rfd2.0,111726,112096,Generalin Rieger.,2,als,KOUS,als,33224,,
tg,rfd2.0,111726,112096,Generalin Rieger.,2,ich,PPER,ich,33224,Generalin Rieger.,2
tg,rfd2.0,111726,112096,Generalin Rieger.,2,noch,ADV,noch,33224,,
tg,rfd2.0,111726,112096,Generalin Rieger.,2,mit,APPR,mit,33224,,
tg,rfd2.0,111726,112096,Generalin Rieger.,2,der,ART,der,33224,,
tg,rfd2.0,111726,112096,Generalin Rieger.,2,Laura,NN,laura,33224,,
tg,rfd2.0,111726,112096,Generalin Rieger.,2,oben,ADV,oben,33224,,
tg,rfd2.0,111726,112096,Generalin Rieger.,2,wohnte,VVFIN,wohnen,33224,,
tg,rfd2.0,111726,112096,Generalin Rieger.,2,",","$,",--,33224,,
tg,rfd2.0,111726,112096,Generalin Rieger.,2,um,APPR,um,33224,,
tg,rfd2.0,111726,112096,Generalin Rieger.,2,des,ART,der,33224,,
tg,rfd2.0,111726,112096,Generalin Rieger.,2,Schubart,NN,schubart,33224,,
tg,rfd2.0,111726,112096,Generalin Rieger.,2,Klavierspiel,NN,klavierspiel,33224,,
tg,rfd2.0,111726,112096,Generalin Rieger.,2,zu,PTKZU,zu,33224,,
tg,rfd2.0,111726,112096,Generalin Rieger.,2,hören,VVINF,hören,33224,,
tg,rfd2.0,111726,112096,Generalin Rieger.,2,",","$,",--,33224,,
tg,rfd2.0,111726,112096,Generalin Rieger.,2,wenn,KOUS,wenn,33224,,
tg,rfd2.0,111726,112096,Generalin Rieger.,2,er,PPER,er,33224,,
tg,rfd2.0,111726,112096,Generalin Rieger.,2,dem,ART,der,33224,,
tg,rfd2.0,111726,112096,Generalin Rieger.,2,Kinde,NN,kind,33224,,
tg,rfd2.0,111726,112096,Generalin Rieger.,2,Unterricht,NN,unterricht,33224,,
tg,rfd2.0,111726,112096,Generalin Rieger.,2,gab,VVFIN,geben,33224,,
tg,rfd2.0,111726,112096,Generalin Rieger.,2,.,$.,--,33224,,
tg,rfd2.0,112101,112116,"Laura, deren Pflegetochter.",3,Jawohl,NE,jawohl,33224,,
tg,rfd2.0,112101,112116,"Laura, deren Pflegetochter.",3,"!",$.,--,33224,,
tg,rfd2.0,112121,112398,"Hauptmann von Silberkalb, Kammerherr.",5,Die,ART,der,33224,,
tg,rfd2.0,112121,112398,"Hauptmann von Silberkalb, Kammerherr.",5,Mitteilung,NN,mitteilung,33224,,
tg,rfd2.0,112121,112398,"Hauptmann von Silberkalb, Kammerherr.",5,",","$,",--,33224,,
tg,rfd2.0,112121,112398,"Hauptmann von Silberkalb, Kammerherr.",5,welche,PWAT,welcher,33224,,
tg,rfd2.0,112121,112398,"Hauptmann von Silberkalb, Kammerherr.",5,ich,PPER,ich,33224,"Hauptmann von Silberkalb, Kammerherr.",5
tg,rfd2.0,112121,112398,"Hauptmann von Silberkalb, Kammerherr.",5,für,APPR,für,33224,,
tg,rfd2.0,112121,112398,"Hauptmann von Silberkalb, Kammerherr.",5,Durchlaucht,NN,durchlaucht,33224,,
tg,rfd2.0,112121,112398,"Hauptmann von Silberkalb, Kammerherr.",5,vorbereitet,VVPP,vorbereiten,33224,,
tg,rfd2.0,112121,112398,"Hauptmann von Silberkalb, Kammerherr.",5,",","$,",--,33224,,
tg,rfd2.0,112121,112398,"Hauptmann von Silberkalb, Kammerherr.",5,betrifft,VVFIN,betreffen,33224,,
tg,rfd2.0,112121,112398,"Hauptmann von Silberkalb, Kammerherr.",5,einen,ART,ein,33224,,
tg,rfd2.0,112121,112398,"Hauptmann von Silberkalb, Kammerherr.",5,ganzen,ADJA,ganz,33224,,
tg,rfd2.0,112121,112398,"Hauptmann von Silberkalb, Kammerherr.",5,Kreis,NN,kreis,33224,,
tg,rfd2.0,112121,112398,"Hauptmann von Silberkalb, Kammerherr.",5,der,ART,der,33224,,
tg,rfd2.0,112121,112398,"Hauptmann von Silberkalb, Kammerherr.",5,aufsätzigen,ADJA,aufsätzig,33224,,
tg,rfd2.0,112121,112398,"Hauptmann von Silberkalb, Kammerherr.",5,jungen,ADJA,jung,33224,,
tg,rfd2.0,112121,112398,"Hauptmann von Silberkalb, Kammerherr.",5,Stuttgarter,ADJA,stuttgarter,33224,,
tg,rfd2.0,112121,112398,"Hauptmann von Silberkalb, Kammerherr.",5,",","$,",--,33224,,
tg,rfd2.0,112121,112398,"Hauptmann von Silberkalb, Kammerherr.",5,und,KON,und,33224,,
tg,rfd2.0,112121,112398,"Hauptmann von Silberkalb, Kammerherr.",5,ich,PPER,ich,33224,"Hauptmann von Silberkalb, Kammerherr.",5
tg,rfd2.0,112121,112398,"Hauptmann von Silberkalb, Kammerherr.",5,bin,VAFIN,sein,33224,,
tg,rfd2.0,112121,112398,"Hauptmann von Silberkalb, Kammerherr.",5,außer,APPR,außer,33224,,
tg,rfd2.0,112121,112398,"Hauptmann von Silberkalb, Kammerherr.",5,Zweifel,NN,zweifel,33224,,
tg,rfd2.0,112121,112398,"Hauptmann von Silberkalb, Kammerherr.",5,",","$,",--,33224,,
tg,rfd2.0,112121,112398,"Hauptmann von Silberkalb, Kammerherr.",5,daß,KOUS,daß,33224,,
tg,rfd2.0,112121,112398,"Hauptmann von Silberkalb, Kammerherr.",5,jener,PDAT,jener,33224,,
tg,rfd2.0,112121,112398,"Hauptmann von Silberkalb, Kammerherr.",5,nicht,PTKNEG,nicht,33224,,
tg,rfd2.0,112121,112398,"Hauptmann von Silberkalb, Kammerherr.",5,genügend,ADJD,genügend,33224,,
tg,rfd2.0,112121,112398,"Hauptmann von Silberkalb, Kammerherr.",5,erkannte,VVFIN,erkennen,33224,,
tg,rfd2.0,112121,112398,"Hauptmann von Silberkalb, Kammerherr.",5,junge,ADJA,jung,33224,,
tg,rfd2.0,112121,112398,"Hauptmann von Silberkalb, Kammerherr.",5,Mann,NN,mann,33224,,
tg,rfd2.0,112121,112398,"Hauptmann von Silberkalb, Kammerherr.",5,ein,ART,ein,33224,,
tg,rfd2.0,112121,112398,"Hauptmann von Silberkalb, Kammerherr.",5,Teilnehmer,NN,teilnehmer,33224,,
tg,rfd2.0,112121,112398,"Hauptmann von Silberkalb, Kammerherr.",5,des,ART,der,33224,,
tg,rfd2.0,112121,112398,"Hauptmann von Silberkalb, Kammerherr.",5,Komplottes,NN,komplott,33224,,
tg,rfd2.0,112121,112398,"Hauptmann von Silberkalb, Kammerherr.",5,ist,VAFIN,sein,33224,,
tg,rfd2.0,112121,112398,"Hauptmann von Silberkalb, Kammerherr.",5,",","$,",--,33224,,
tg,rfd2.0,112121,112398,"Hauptmann von Silberkalb, Kammerherr.",5,welches,PRELS,welcher,33224,,
tg,rfd2.0,112121,112398,"Hauptmann von Silberkalb, Kammerherr.",5,ich,PPER,ich,33224,"Hauptmann von Silberkalb, Kammerherr.",5
tg,rfd2.0,112121,112398,"Hauptmann von Silberkalb, Kammerherr.",5,zu,PTKVZ,zu,33224,,
tg,rfd2.0,112121,112398,"Hauptmann von Silberkalb, Kammerherr.",5,enthüllen,VVFIN,enthüllen,33224,,
tg,rfd2.0,112121,112398,"Hauptmann von Silberkalb, Kammerherr.",5,imstande,ADJA,imstande,33224,,
tg,rfd2.0,112121,112398,"Hauptmann von Silberkalb, Kammerherr.",5,bin,VAFIN,sein,33224,,
tg,rfd2.0,112121,112398,"Hauptmann von Silberkalb, Kammerherr.",5,.,$.,--,33224,,
tg,rfd2.0,112403,112430,Herzog Karl von Württemberg.,0,Was,PWS,was,33224,,
tg,rfd2.0,112403,112430,Herzog Karl von Württemberg.,0,",","$,",--,33224,,
tg,rfd2.0,112403,112430,Herzog Karl von Württemberg.,0,ein,ART,ein,33224,,
tg,rfd2.0,112403,112430,Herzog Karl von Württemberg.,0,Komplott,NN,komplott,33224,,
tg,rfd2.0,112403,112430,Herzog Karl von Württemberg.,0,"!",$.,--,33224,,
tg,rfd2.0,112435,112464,Generalin Rieger.,2,Nun,ADV,nun,33224,,
tg,rfd2.0,112435,112464,Generalin Rieger.,2,fängt,VVFIN,fangen,33224,,
tg,rfd2.0,112435,112464,Generalin Rieger.,2,der,ART,der,33224,,
tg,rfd2.0,112435,112464,Generalin Rieger.,2,an,APPR,an,33224,,
tg,rfd2.0,112435,112464,Generalin Rieger.,2,"!",$.,--,33224,,
tg,rfd2.0,112469,112492,Gräfin Franziska von Hohenheim.,1,Unvermeidlich,ADJD,unvermeidlich,33224,,
tg,rfd2.0,112469,112492,Gräfin Franziska von Hohenheim.,1,"!",$.,--,33224,,
tg,rfd2.0,112498,112525,"Laura, deren Pflegetochter.",3,O,NE,O,33224,,
tg,rfd2.0,112498,112525,"Laura, deren Pflegetochter.",3,weh,ADV,weh,33224,,
tg,rfd2.0,112498,112525,"Laura, deren Pflegetochter.",3,",","$,",--,33224,,
tg,rfd2.0,112498,112525,"Laura, deren Pflegetochter.",3,Spiegelberg,NE,spiegelberg,33224,,
tg,rfd2.0,112498,112525,"Laura, deren Pflegetochter.",3,"!",$.,--,33224,,
tg,rfd2.0,112530,113021,"Hauptmann von Silberkalb, Kammerherr.",5,Dies,PDS,dieser,33224,,
tg,rfd2.0,112530,113021,"Hauptmann von Silberkalb, Kammerherr.",5,ist,VAFIN,sein,33224,,
tg,rfd2.0,112530,113021,"Hauptmann von Silberkalb, Kammerherr.",5,der,ART,der,33224,,
tg,rfd2.0,112530,113021,"Hauptmann von Silberkalb, Kammerherr.",5,mildeste,ADJA,mildest,33224,,
tg,rfd2.0,112530,113021,"Hauptmann von Silberkalb, Kammerherr.",5,Ausdruck,NN,ausdruck,33224,,
tg,rfd2.0,112530,113021,"Hauptmann von Silberkalb, Kammerherr.",5,dafür,PROAV,dafür,33224,,
tg,rfd2.0,112530,113021,"Hauptmann von Silberkalb, Kammerherr.",5,.,$.,--,33224,,
tg,rfd2.0,112530,113021,"Hauptmann von Silberkalb, Kammerherr.",5,Wohl,ADV,wohl,33224,,
tg,rfd2.0,112530,113021,"Hauptmann von Silberkalb, Kammerherr.",5,wissend,ADJD,wissend,33224,,
tg,rfd2.0,112530,113021,"Hauptmann von Silberkalb, Kammerherr.",5,",","$,",--,33224,,
tg,rfd2.0,112530,113021,"Hauptmann von Silberkalb, Kammerherr.",5,daß,KOUS,daß,33224,,
tg,rfd2.0,112530,113021,"Hauptmann von Silberkalb, Kammerherr.",5,Ew,NE,ew,33224,,
tg,rfd2.0,112530,113021,"Hauptmann von Silberkalb, Kammerherr.",5,.,$.,--,33224,,
tg,rfd2.0,112530,113021,"Hauptmann von Silberkalb, Kammerherr.",5,Durchlaucht,NN,durchlaucht,33224,,
tg,rfd2.0,112530,113021,"Hauptmann von Silberkalb, Kammerherr.",5,von,APPR,von,33224,,
tg,rfd2.0,112530,113021,"Hauptmann von Silberkalb, Kammerherr.",5,allen,PIDAT,aller,33224,,
tg,rfd2.0,112530,113021,"Hauptmann von Silberkalb, Kammerherr.",5,Staatsangelegenheiten,NN,staatsangelegenheit,33224,,
tg,rfd2.0,112530,113021,"Hauptmann von Silberkalb, Kammerherr.",5,die,ART,der,33224,,
tg,rfd2.0,112530,113021,"Hauptmann von Silberkalb, Kammerherr.",5,Erziehung,NN,erziehung,33224,,
tg,rfd2.0,112530,113021,"Hauptmann von Silberkalb, Kammerherr.",5,besonders,ADV,besonders,33224,,
tg,rfd2.0,112530,113021,"Hauptmann von Silberkalb, Kammerherr.",5,am,APPRART,an,33224,,
tg,rfd2.0,112530,113021,"Hauptmann von Silberkalb, Kammerherr.",5,Herzen,NN,herz,33224,,
tg,rfd2.0,112530,113021,"Hauptmann von Silberkalb, Kammerherr.",5,liegt,VVFIN,liegen,33224,,
tg,rfd2.0,112530,113021,"Hauptmann von Silberkalb, Kammerherr.",5,und,KON,und,33224,,
tg,rfd2.0,112530,113021,"Hauptmann von Silberkalb, Kammerherr.",5,unter,APPR,unter,33224,,
tg,rfd2.0,112530,113021,"Hauptmann von Silberkalb, Kammerherr.",5,den,ART,der,33224,,
tg,rfd2.0,112530,113021,"Hauptmann von Silberkalb, Kammerherr.",5,Erziehungsanstalten,NN,erziehungsanstalt,33224,,
tg,rfd2.0,112530,113021,"Hauptmann von Silberkalb, Kammerherr.",5,namentlich,ADV,namentlich,33224,,
tg,rfd2.0,112530,113021,"Hauptmann von Silberkalb, Kammerherr.",5,die,ART,der,33224,,
tg,rfd2.0,112530,113021,"Hauptmann von Silberkalb, Kammerherr.",5,hohe,ADJA,hoch,33224,,
tg,rfd2.0,112530,113021,"Hauptmann von Silberkalb, Kammerherr.",5,Karlsakademie,NN,karlsakademie,33224,,
tg,rfd2.0,112530,113021,"Hauptmann von Silberkalb, Kammerherr.",5,",","$,",--,33224,,
tg,rfd2.0,112530,113021,"Hauptmann von Silberkalb, Kammerherr.",5,diese,PDAT,dieser,33224,,
tg,rfd2.0,112530,113021,"Hauptmann von Silberkalb, Kammerherr.",5,gründliche,ADJA,gründlich,33224,,
tg,rfd2.0,112530,113021,"Hauptmann von Silberkalb, Kammerherr.",5,und,KON,und,33224,,
tg,rfd2.0,112530,113021,"Hauptmann von Silberkalb, Kammerherr.",5,glänzende,ADJA,glänzend,33224,,
tg,rfd2.0,112530,113021,"Hauptmann von Silberkalb, Kammerherr.",5,",","$,",--,33224,,
tg,rfd2.0,112530,113021,"Hauptmann von Silberkalb, Kammerherr.",5,so,ADV,so,33224,,
tg,rfd2.0,112530,113021,"Hauptmann von Silberkalb, Kammerherr.",5,manche,PIAT,mancher,33224,,
tg,rfd2.0,112530,113021,"Hauptmann von Silberkalb, Kammerherr.",5,berühmte,ADJA,berühmt,33224,,
tg,rfd2.0,112530,113021,"Hauptmann von Silberkalb, Kammerherr.",5,Universität,NN,universität,33224,,
tg,rfd2.0,112530,113021,"Hauptmann von Silberkalb, Kammerherr.",5,überstrahlende,ADJA,überstrahlend,33224,,
tg,rfd2.0,112530,113021,"Hauptmann von Silberkalb, Kammerherr.",5,Schöpfung,NN,schöpfung,33224,,
tg,rfd2.0,112530,113021,"Hauptmann von Silberkalb, Kammerherr.",5,Ew,NE,ew,33224,,
tg,rfd2.0,112530,113021,"Hauptmann von Silberkalb, Kammerherr.",5,.,$.,--,33224,,
tg,rfd2.0,112530,113021,"Hauptmann von Silberkalb, Kammerherr.",5,Durchlaucht,NN,durchlaucht,33224,,
tg,rfd2.0,112530,113021,"Hauptmann von Silberkalb, Kammerherr.",5,",","$,",--,33224,,
tg,rfd2.0,112530,113021,"Hauptmann von Silberkalb, Kammerherr.",5,wohl,ADV,wohl,33224,,
tg,rfd2.0,112530,113021,"Hauptmann von Silberkalb, Kammerherr.",5,wissend,ADJD,wissend,33224,,
tg,rfd2.0,112530,113021,"Hauptmann von Silberkalb, Kammerherr.",5,",","$,",--,33224,,
tg,rfd2.0,112530,113021,"Hauptmann von Silberkalb, Kammerherr.",5,daß,KOUS,daß,33224,,
tg,rfd2.0,112530,113021,"Hauptmann von Silberkalb, Kammerherr.",5,einige,PIAT,einiger,33224,,
tg,rfd2.0,112530,113021,"Hauptmann von Silberkalb, Kammerherr.",5,Hundert,NN,hundert,33224,,
tg,rfd2.0,112530,113021,"Hauptmann von Silberkalb, Kammerherr.",5,junge,ADJA,jung,33224,,
tg,rfd2.0,112530,113021,"Hauptmann von Silberkalb, Kammerherr.",5,Leute,NN,leute,33224,,
tg,rfd2.0,112530,113021,"Hauptmann von Silberkalb, Kammerherr.",5,nie,ADV,nie,33224,,
tg,rfd2.0,112530,113021,"Hauptmann von Silberkalb, Kammerherr.",5,genug,ADV,genug,33224,,
tg,rfd2.0,112530,113021,"Hauptmann von Silberkalb, Kammerherr.",5,wachsame,ADJA,wachsam,33224,,
tg,rfd2.0,112530,113021,"Hauptmann von Silberkalb, Kammerherr.",5,Augen,NN,auge,33224,,
tg,rfd2.0,112530,113021,"Hauptmann von Silberkalb, Kammerherr.",5,finden,VVINF,finden,33224,,
tg,rfd2.0,112530,113021,"Hauptmann von Silberkalb, Kammerherr.",5,können,VMFIN,können,33224,,
tg,rfd2.0,112530,113021,"Hauptmann von Silberkalb, Kammerherr.",5,",","$,",--,33224,,
tg,rfd2.0,112530,113021,"Hauptmann von Silberkalb, Kammerherr.",5,hab,VAFIN,hab,33224,,
tg,rfd2.0,112530,113021,"Hauptmann von Silberkalb, Kammerherr.",5,',$[,--,33224,,
tg,rfd2.0,112530,113021,"Hauptmann von Silberkalb, Kammerherr.",5,ich,PPER,ich,33224,"Hauptmann von Silberkalb, Kammerherr.",5
tg,rfd2.0,112530,113021,"Hauptmann von Silberkalb, Kammerherr.",5,seit,APPR,seit,33224,,
tg,rfd2.0,112530,113021,"Hauptmann von Silberkalb, Kammerherr.",5,längerer,ADJA,lang,33224,,
tg,rfd2.0,112530,113021,"Hauptmann von Silberkalb, Kammerherr.",5,Zeit,NN,zeit,33224,,
tg,rfd2.0,112530,113021,"Hauptmann von Silberkalb, Kammerherr.",5,all,PIDAT,all,33224,,
tg,rfd2.0,112530,113021,"Hauptmann von Silberkalb, Kammerherr.",5,meine,PPOSAT,mein,33224,"Hauptmann von Silberkalb, Kammerherr.",5
tg,rfd2.0,112530,113021,"Hauptmann von Silberkalb, Kammerherr.",5,Attention,NN,--,33224,,
tg,rfd2.0,112530,113021,"Hauptmann von Silberkalb, Kammerherr.",5,auf,APPR,auf,33224,,
tg,rfd2.0,112530,113021,"Hauptmann von Silberkalb, Kammerherr.",5,diese,PDAT,dieser,33224,,
tg,rfd2.0,112530,113021,"Hauptmann von Silberkalb, Kammerherr.",5,Anstalt,NN,anstalt,33224,,
tg,rfd2.0,112530,113021,"Hauptmann von Silberkalb, Kammerherr.",5,gerichtet,VVPP,richten,33224,,
tg,rfd2.0,112530,113021,"Hauptmann von Silberkalb, Kammerherr.",5,.,$.,--,33224,,
tg,rfd2.0,113026,113100,Herzog Karl von Württemberg.,0,Kurz,ADJD,kurz,33224,,
tg,rfd2.0,113026,113100,Herzog Karl von Württemberg.,0,"!",$.,--,33224,,
tg,rfd2.0,113026,113100,Herzog Karl von Württemberg.,0,In,APPR,in,33224,,
tg,rfd2.0,113026,113100,Herzog Karl von Württemberg.,0,meiner,PPOSAT,mein,33224,Herzog Karl von Württemberg.,0
tg,rfd2.0,113026,113100,Herzog Karl von Württemberg.,0,Karlsschule,NN,karlsschule,33224,,
tg,rfd2.0,113026,113100,Herzog Karl von Württemberg.,0,soll,VMFIN,sollen,33224,,
tg,rfd2.0,113026,113100,Herzog Karl von Württemberg.,0,ein,ART,ein,33224,,
tg,rfd2.0,113026,113100,Herzog Karl von Württemberg.,0,Komplott,NN,komplott,33224,,
tg,rfd2.0,113026,113100,Herzog Karl von Württemberg.,0,sein,VAINF,sein,33224,,
tg,rfd2.0,113026,113100,Herzog Karl von Württemberg.,0,?,$.,--,33224,,
tg,rfd2.0,113026,113100,Herzog Karl von Württemberg.,0,Rasch,NE,rasch,33224,,
tg,rfd2.0,113026,113100,Herzog Karl von Württemberg.,0,heraus,PTKVZ,heraus,33224,,
tg,rfd2.0,113026,113100,Herzog Karl von Württemberg.,0,"!",$.,--,33224,,
tg,rfd2.0,113105,113397,"Hauptmann von Silberkalb, Kammerherr.",5,Der,ART,der,33224,,
tg,rfd2.0,113105,113397,"Hauptmann von Silberkalb, Kammerherr.",5,Aufseher,NN,aufseher,33224,,
tg,rfd2.0,113105,113397,"Hauptmann von Silberkalb, Kammerherr.",5,",","$,",--,33224,,
tg,rfd2.0,113105,113397,"Hauptmann von Silberkalb, Kammerherr.",5,Leutnant,NE,leutnant,33224,,
tg,rfd2.0,113105,113397,"Hauptmann von Silberkalb, Kammerherr.",5,Nieß,NE,nieß,33224,,
tg,rfd2.0,113105,113397,"Hauptmann von Silberkalb, Kammerherr.",5,",","$,",--,33224,,
tg,rfd2.0,113105,113397,"Hauptmann von Silberkalb, Kammerherr.",5,Durchlaucht,NN,durchlaucht,33224,,
tg,rfd2.0,113105,113397,"Hauptmann von Silberkalb, Kammerherr.",5,",","$,",--,33224,,
tg,rfd2.0,113105,113397,"Hauptmann von Silberkalb, Kammerherr.",5,fängt,VVFIN,fangen,33224,,
tg,rfd2.0,113105,113397,"Hauptmann von Silberkalb, Kammerherr.",5,an,APPR,an,33224,,
tg,rfd2.0,113105,113397,"Hauptmann von Silberkalb, Kammerherr.",5,etwas,PIAT,etwas,33224,,
tg,rfd2.0,113105,113397,"Hauptmann von Silberkalb, Kammerherr.",5,stumpf,ADJD,stumpf,33224,,
tg,rfd2.0,113105,113397,"Hauptmann von Silberkalb, Kammerherr.",5,zu,PTKZU,zu,33224,,
tg,rfd2.0,113105,113397,"Hauptmann von Silberkalb, Kammerherr.",5,werden,VAINF,werden,33224,,
tg,rfd2.0,113105,113397,"Hauptmann von Silberkalb, Kammerherr.",5,.,$.,--,33224,,
tg,rfd2.0,113105,113397,"Hauptmann von Silberkalb, Kammerherr.",5,Aber,KON,aber,33224,,
tg,rfd2.0,113105,113397,"Hauptmann von Silberkalb, Kammerherr.",5,er,PPER,er,33224,,
tg,rfd2.0,113105,113397,"Hauptmann von Silberkalb, Kammerherr.",5,ist,VAFIN,sein,33224,,
tg,rfd2.0,113105,113397,"Hauptmann von Silberkalb, Kammerherr.",5,vom,APPRART,von,33224,,
tg,rfd2.0,113105,113397,"Hauptmann von Silberkalb, Kammerherr.",5,besten,ADJA,gut,33224,,
tg,rfd2.0,113105,113397,"Hauptmann von Silberkalb, Kammerherr.",5,Willen,NN,wille,33224,,
tg,rfd2.0,113105,113397,"Hauptmann von Silberkalb, Kammerherr.",5,;,$.,--,33224,,
tg,rfd2.0,113105,113397,"Hauptmann von Silberkalb, Kammerherr.",5,er,PPER,er,33224,,
tg,rfd2.0,113105,113397,"Hauptmann von Silberkalb, Kammerherr.",5,folgt,VVFIN,folgen,33224,,
tg,rfd2.0,113105,113397,"Hauptmann von Silberkalb, Kammerherr.",5,genau,ADJD,genau,33224,,
tg,rfd2.0,113105,113397,"Hauptmann von Silberkalb, Kammerherr.",5,meinen,PPOSAT,mein,33224,"Hauptmann von Silberkalb, Kammerherr.",5
tg,rfd2.0,113105,113397,"Hauptmann von Silberkalb, Kammerherr.",5,Ratschlägen,NN,ratschlag,33224,,
tg,rfd2.0,113105,113397,"Hauptmann von Silberkalb, Kammerherr.",5,",","$,",--,33224,,
tg,rfd2.0,113105,113397,"Hauptmann von Silberkalb, Kammerherr.",5,welche,PWAT,welcher,33224,,
tg,rfd2.0,113105,113397,"Hauptmann von Silberkalb, Kammerherr.",5,auf,APPR,auf,33224,,
tg,rfd2.0,113105,113397,"Hauptmann von Silberkalb, Kammerherr.",5,einzelne,ADJA,einzeln,33224,,
tg,rfd2.0,113105,113397,"Hauptmann von Silberkalb, Kammerherr.",5,Bemerkungen,NN,bemerkung,33224,,
tg,rfd2.0,113105,113397,"Hauptmann von Silberkalb, Kammerherr.",5,hin,APZR,hin,33224,,
tg,rfd2.0,113105,113397,"Hauptmann von Silberkalb, Kammerherr.",5,erteilt,VVPP,erteilen,33224,,
tg,rfd2.0,113105,113397,"Hauptmann von Silberkalb, Kammerherr.",5,wurden,VAFIN,werden,33224,,
tg,rfd2.0,113105,113397,"Hauptmann von Silberkalb, Kammerherr.",5,",","$,",--,33224,,
tg,rfd2.0,113105,113397,"Hauptmann von Silberkalb, Kammerherr.",5,und,KON,und,33224,,
tg,rfd2.0,113105,113397,"Hauptmann von Silberkalb, Kammerherr.",5,so,ADV,so,33224,,
tg,rfd2.0,113105,113397,"Hauptmann von Silberkalb, Kammerherr.",5,haben,VAFIN,haben,33224,,
tg,rfd2.0,113105,113397,"Hauptmann von Silberkalb, Kammerherr.",5,wir,PPER,wir,33224,,
tg,rfd2.0,113105,113397,"Hauptmann von Silberkalb, Kammerherr.",5,denn,ADV,denn,33224,,
tg,rfd2.0,113105,113397,"Hauptmann von Silberkalb, Kammerherr.",5,in,APPR,in,33224,,
tg,rfd2.0,113105,113397,"Hauptmann von Silberkalb, Kammerherr.",5,vergangener,ADJA,vergangen,33224,,
tg,rfd2.0,113105,113397,"Hauptmann von Silberkalb, Kammerherr.",5,Nacht,NN,nacht,33224,,
tg,rfd2.0,113105,113397,"Hauptmann von Silberkalb, Kammerherr.",5,folgendes,ADJA,folgend,33224,,
tg,rfd2.0,113105,113397,"Hauptmann von Silberkalb, Kammerherr.",5,mit,APPR,mit,33224,,
tg,rfd2.0,113105,113397,"Hauptmann von Silberkalb, Kammerherr.",5,allen,PIDAT,aller,33224,,
tg,rfd2.0,113105,113397,"Hauptmann von Silberkalb, Kammerherr.",5,Nebenumständen,NN,nebenumstand,33224,,
tg,rfd2.0,113105,113397,"Hauptmann von Silberkalb, Kammerherr.",5,entdeckt,VVPP,entdecken,33224,,
tg,rfd2.0,113105,113397,"Hauptmann von Silberkalb, Kammerherr.",5,.,$.,--,33224,,
tg,rfd2.0,113402,113423,Herzog Karl von Württemberg.,0,Rasch,NE,rasch,33224,,
tg,rfd2.0,113402,113423,Herzog Karl von Württemberg.,0,"!",$.,--,33224,,
tg,rfd2.0,113402,113423,Herzog Karl von Württemberg.,0,Kurz,ADJD,kurz,33224,,
tg,rfd2.0,113402,113423,Herzog Karl von Württemberg.,0,"!",$.,--,33224,,
tg,rfd2.0,113428,113670,"Hauptmann von Silberkalb, Kammerherr.",5,Abends,ADV,abends,33224,,
tg,rfd2.0,113428,113670,"Hauptmann von Silberkalb, Kammerherr.",5,",","$,",--,33224,,
tg,rfd2.0,113428,113670,"Hauptmann von Silberkalb, Kammerherr.",5,wenn,KOUS,wenn,33224,,
tg,rfd2.0,113428,113670,"Hauptmann von Silberkalb, Kammerherr.",5,alle,PIDAT,aller,33224,ALLE,30
tg,rfd2.0,113428,113670,"Hauptmann von Silberkalb, Kammerherr.",5,Eleven,NN,eleven,33224,,
tg,rfd2.0,113428,113670,"Hauptmann von Silberkalb, Kammerherr.",5,in,APPR,in,33224,,
tg,rfd2.0,113428,113670,"Hauptmann von Silberkalb, Kammerherr.",5,den,ART,der,33224,,
tg,rfd2.0,113428,113670,"Hauptmann von Silberkalb, Kammerherr.",5,Schlafsälen,NN,schlafsäle,33224,,
tg,rfd2.0,113428,113670,"Hauptmann von Silberkalb, Kammerherr.",5,zu,APPR,zu,33224,,
tg,rfd2.0,113428,113670,"Hauptmann von Silberkalb, Kammerherr.",5,Bett,NN,bett,33224,,
tg,rfd2.0,113428,113670,"Hauptmann von Silberkalb, Kammerherr.",5,sein,VAINF,sein,33224,,
tg,rfd2.0,113428,113670,"Hauptmann von Silberkalb, Kammerherr.",5,sollen,VMFIN,sollen,33224,,
tg,rfd2.0,113428,113670,"Hauptmann von Silberkalb, Kammerherr.",5,",","$,",--,33224,,
tg,rfd2.0,113428,113670,"Hauptmann von Silberkalb, Kammerherr.",5,schleichen,VVFIN,schleichen,33224,,
tg,rfd2.0,113428,113670,"Hauptmann von Silberkalb, Kammerherr.",5,sich,PRF,sich,33224,,
tg,rfd2.0,113428,113670,"Hauptmann von Silberkalb, Kammerherr.",5,aus,APPR,aus,33224,,
tg,rfd2.0,113428,113670,"Hauptmann von Silberkalb, Kammerherr.",5,der,ART,der,33224,,
tg,rfd2.0,113428,113670,"Hauptmann von Silberkalb, Kammerherr.",5,obersten,ADJA,oberer,33224,,
tg,rfd2.0,113428,113670,"Hauptmann von Silberkalb, Kammerherr.",5,Klasse,NN,klasse,33224,,
tg,rfd2.0,113428,113670,"Hauptmann von Silberkalb, Kammerherr.",5,fünf,CARD,fünf,33224,,
tg,rfd2.0,113428,113670,"Hauptmann von Silberkalb, Kammerherr.",5,bis,APPR,bis,33224,,
tg,rfd2.0,113428,113670,"Hauptmann von Silberkalb, Kammerherr.",5,sechs,CARD,sechs,33224,,
tg,rfd2.0,113428,113670,"Hauptmann von Silberkalb, Kammerherr.",5,durch,APPR,durch,33224,,
tg,rfd2.0,113428,113670,"Hauptmann von Silberkalb, Kammerherr.",5,die,ART,der,33224,,
tg,rfd2.0,113428,113670,"Hauptmann von Silberkalb, Kammerherr.",5,Korridore,NN,korridore,33224,,
tg,rfd2.0,113428,113670,"Hauptmann von Silberkalb, Kammerherr.",5,nach,APPR,nach,33224,,
tg,rfd2.0,113428,113670,"Hauptmann von Silberkalb, Kammerherr.",5,dem,ART,der,33224,,
tg,rfd2.0,113428,113670,"Hauptmann von Silberkalb, Kammerherr.",5,abgelegenen,ADJA,abgelegen,33224,,
tg,rfd2.0,113428,113670,"Hauptmann von Silberkalb, Kammerherr.",5,östlichen,ADJA,östlich,33224,,
tg,rfd2.0,113428,113670,"Hauptmann von Silberkalb, Kammerherr.",5,Flügel,NN,flügel,33224,,
tg,rfd2.0,113428,113670,"Hauptmann von Silberkalb, Kammerherr.",5,des,ART,der,33224,,
tg,rfd2.0,113428,113670,"Hauptmann von Silberkalb, Kammerherr.",5,Hauses,NN,haus,33224,,
tg,rfd2.0,113428,113670,"Hauptmann von Silberkalb, Kammerherr.",5,",","$,",--,33224,,
tg,rfd2.0,113428,113670,"Hauptmann von Silberkalb, Kammerherr.",5,wo,PWAV,wo,33224,,
tg,rfd2.0,113428,113670,"Hauptmann von Silberkalb, Kammerherr.",5,der,ART,der,33224,,
tg,rfd2.0,113428,113670,"Hauptmann von Silberkalb, Kammerherr.",5,kleine,ADJA,klein,33224,,
tg,rfd2.0,113428,113670,"Hauptmann von Silberkalb, Kammerherr.",5,Examiniersaal,NN,examiniersaal,33224,,
tg,rfd2.0,113428,113670,"Hauptmann von Silberkalb, Kammerherr.",5,gelegen,VVPP,liegen,33224,,
tg,rfd2.0,113428,113670,"Hauptmann von Silberkalb, Kammerherr.",5,ist,VAFIN,sein,33224,,
tg,rfd2.0,113428,113670,"Hauptmann von Silberkalb, Kammerherr.",5,.,$.,--,33224,,
tg,rfd2.0,113675,113709,"Laura, deren Pflegetochter.",3,Armer,NE,armer,33224,,
tg,rfd2.0,113675,113709,"Laura, deren Pflegetochter.",3,Spiegelberg,NE,spiegelberg,33224,,
tg,rfd2.0,113675,113709,"Laura, deren Pflegetochter.",3,"!",$.,--,33224,,
tg,rfd2.0,113714,113984,"Hauptmann von Silberkalb, Kammerherr.",5,Zu,APPR,zu,33224,,
tg,rfd2.0,113714,113984,"Hauptmann von Silberkalb, Kammerherr.",5,diesem,PDAT,dieser,33224,,
tg,rfd2.0,113714,113984,"Hauptmann von Silberkalb, Kammerherr.",5,haben,VAFIN,haben,33224,,
tg,rfd2.0,113714,113984,"Hauptmann von Silberkalb, Kammerherr.",5,sie,PPER,sie,33224,,
tg,rfd2.0,113714,113984,"Hauptmann von Silberkalb, Kammerherr.",5,sich,PRF,sich,33224,,
tg,rfd2.0,113714,113984,"Hauptmann von Silberkalb, Kammerherr.",5,Nachschlüssel,NE,nachschlüssel,33224,,
tg,rfd2.0,113714,113984,"Hauptmann von Silberkalb, Kammerherr.",5,verschafft,VVFIN,verschaffen,33224,,
tg,rfd2.0,113714,113984,"Hauptmann von Silberkalb, Kammerherr.",5,;,$.,--,33224,,
tg,rfd2.0,113714,113984,"Hauptmann von Silberkalb, Kammerherr.",5,dort,ADV,dort,33224,,
tg,rfd2.0,113714,113984,"Hauptmann von Silberkalb, Kammerherr.",5,versammeln,VVFIN,versammeln,33224,,
tg,rfd2.0,113714,113984,"Hauptmann von Silberkalb, Kammerherr.",5,sie,PPER,sie,33224,,
tg,rfd2.0,113714,113984,"Hauptmann von Silberkalb, Kammerherr.",5,sich,PRF,sich,33224,,
tg,rfd2.0,113714,113984,"Hauptmann von Silberkalb, Kammerherr.",5,jeden,PIDAT,jeder,33224,,
tg,rfd2.0,113714,113984,"Hauptmann von Silberkalb, Kammerherr.",5,Abend,NN,abend,33224,,
tg,rfd2.0,113714,113984,"Hauptmann von Silberkalb, Kammerherr.",5,",","$,",--,33224,,
tg,rfd2.0,113714,113984,"Hauptmann von Silberkalb, Kammerherr.",5,und,KON,und,33224,,
tg,rfd2.0,113714,113984,"Hauptmann von Silberkalb, Kammerherr.",5,dorthin,ADV,dorthin,33224,,
tg,rfd2.0,113714,113984,"Hauptmann von Silberkalb, Kammerherr.",5,kommen,VVFIN,kommen,33224,,
tg,rfd2.0,113714,113984,"Hauptmann von Silberkalb, Kammerherr.",5,von,APPR,von,33224,,
tg,rfd2.0,113714,113984,"Hauptmann von Silberkalb, Kammerherr.",5,der,ART,der,33224,,
tg,rfd2.0,113714,113984,"Hauptmann von Silberkalb, Kammerherr.",5,Stadt,NN,stadt,33224,,
tg,rfd2.0,113714,113984,"Hauptmann von Silberkalb, Kammerherr.",5,aus,APPR,aus,33224,,
tg,rfd2.0,113714,113984,"Hauptmann von Silberkalb, Kammerherr.",5,junge,ADJA,jung,33224,,
tg,rfd2.0,113714,113984,"Hauptmann von Silberkalb, Kammerherr.",5,Leute,NN,leute,33224,,
tg,rfd2.0,113714,113984,"Hauptmann von Silberkalb, Kammerherr.",5,",","$,",--,33224,,
tg,rfd2.0,113714,113984,"Hauptmann von Silberkalb, Kammerherr.",5,welche,PWAT,welcher,33224,,
tg,rfd2.0,113714,113984,"Hauptmann von Silberkalb, Kammerherr.",5,offenbar,ADJD,offenbar,33224,,
tg,rfd2.0,113714,113984,"Hauptmann von Silberkalb, Kammerherr.",5,mit,APPR,mit,33224,,
tg,rfd2.0,113714,113984,"Hauptmann von Silberkalb, Kammerherr.",5,der,ART,der,33224,,
tg,rfd2.0,113714,113984,"Hauptmann von Silberkalb, Kammerherr.",5,Ortsgelegenheit,NN,ortsgelegenheit,33224,,
tg,rfd2.0,113714,113984,"Hauptmann von Silberkalb, Kammerherr.",5,sehr,ADV,sehr,33224,,
tg,rfd2.0,113714,113984,"Hauptmann von Silberkalb, Kammerherr.",5,vertraut,ADJD,vertraut,33224,,
tg,rfd2.0,113714,113984,"Hauptmann von Silberkalb, Kammerherr.",5,sind,VAFIN,sein,33224,,
tg,rfd2.0,113714,113984,"Hauptmann von Silberkalb, Kammerherr.",5,und,KON,und,33224,,
tg,rfd2.0,113714,113984,"Hauptmann von Silberkalb, Kammerherr.",5,wahrscheinlich,ADJD,wahrscheinlich,33224,,
tg,rfd2.0,113714,113984,"Hauptmann von Silberkalb, Kammerherr.",5,durch,APPR,durch,33224,,
tg,rfd2.0,113714,113984,"Hauptmann von Silberkalb, Kammerherr.",5,das,ART,der,33224,,
tg,rfd2.0,113714,113984,"Hauptmann von Silberkalb, Kammerherr.",5,Zwingerpförtchen,NN,zwingerpförtchen,33224,,
tg,rfd2.0,113714,113984,"Hauptmann von Silberkalb, Kammerherr.",5,einpassieren,VVFIN,einpassieren,33224,,
tg,rfd2.0,113714,113984,"Hauptmann von Silberkalb, Kammerherr.",5,–,PPER,–,33224,,
tg,rfd2.0,113989,114032,Herzog Karl von Württemberg.,0,Und,KON,und,33224,,
tg,rfd2.0,113989,114032,Herzog Karl von Württemberg.,0,was,PWS,was,33224,,
tg,rfd2.0,113989,114032,Herzog Karl von Württemberg.,0,machen,VVFIN,machen,33224,,
tg,rfd2.0,113989,114032,Herzog Karl von Württemberg.,0,sie,PPER,sie,33224,,
tg,rfd2.0,113989,114032,Herzog Karl von Württemberg.,0,da,ADV,da,33224,,
tg,rfd2.0,113989,114032,Herzog Karl von Württemberg.,0,?,$.,--,33224,,
tg,rfd2.0,113989,114032,Herzog Karl von Württemberg.,0,Sie,PPER,sie,33224,,
tg,rfd2.0,113989,114032,Herzog Karl von Württemberg.,0,zechen,VVFIN,zechen,33224,,
tg,rfd2.0,113989,114032,Herzog Karl von Württemberg.,0,?,$.,--,33224,,
tg,rfd2.0,114037,114108,"Hauptmann von Silberkalb, Kammerherr.",5,Nicht,PTKNEG,nicht,33224,,
tg,rfd2.0,114037,114108,"Hauptmann von Silberkalb, Kammerherr.",5,bloß,ADV,bloß,33224,,
tg,rfd2.0,114037,114108,"Hauptmann von Silberkalb, Kammerherr.",5,",","$,",--,33224,,
tg,rfd2.0,114037,114108,"Hauptmann von Silberkalb, Kammerherr.",5,Durchlaucht,NN,durchlaucht,33224,,
tg,rfd2.0,114037,114108,"Hauptmann von Silberkalb, Kammerherr.",5,",","$,",--,33224,,
tg,rfd2.0,114037,114108,"Hauptmann von Silberkalb, Kammerherr.",5,daß,KOUS,daß,33224,,
tg,rfd2.0,114037,114108,"Hauptmann von Silberkalb, Kammerherr.",5,sie,PPER,sie,33224,,
tg,rfd2.0,114037,114108,"Hauptmann von Silberkalb, Kammerherr.",5,zechen,VVFIN,zechen,33224,,
tg,rfd2.0,114037,114108,"Hauptmann von Silberkalb, Kammerherr.",5,und,KON,und,33224,,
tg,rfd2.0,114037,114108,"Hauptmann von Silberkalb, Kammerherr.",5,Tabak,NN,tabak,33224,,
tg,rfd2.0,114037,114108,"Hauptmann von Silberkalb, Kammerherr.",5,rauchen,VVFIN,rauchen,33224,,
tg,rfd2.0,114037,114108,"Hauptmann von Silberkalb, Kammerherr.",5,–,XY,–,33224,,
tg,rfd2.0,114113,114149,Herzog Karl von Württemberg.,0,Rauchen,NN,rauchen,33224,,
tg,rfd2.0,114113,114149,Herzog Karl von Württemberg.,0,im,APPRART,in,33224,,
tg,rfd2.0,114113,114149,Herzog Karl von Württemberg.,0,Examiniersaale,NN,examiniersaal,33224,,
tg,rfd2.0,114113,114149,Herzog Karl von Württemberg.,0,?,$.,--,33224,,
tg,rfd2.0,114113,114149,Herzog Karl von Württemberg.,0,"!",$.,--,33224,,
tg,rfd2.0,114154,114883,"Hauptmann von Silberkalb, Kammerherr.",5,Das,PDS,der,33224,,
tg,rfd2.0,114154,114883,"Hauptmann von Silberkalb, Kammerherr.",5,ist,VAFIN,sein,33224,,
tg,rfd2.0,114154,114883,"Hauptmann von Silberkalb, Kammerherr.",5,nur,ADV,nur,33224,,
tg,rfd2.0,114154,114883,"Hauptmann von Silberkalb, Kammerherr.",5,äußerlicher,ADJA,äußerlich,33224,,
tg,rfd2.0,114154,114883,"Hauptmann von Silberkalb, Kammerherr.",5,Exzeß,NN,exzeß,33224,,
tg,rfd2.0,114154,114883,"Hauptmann von Silberkalb, Kammerherr.",5,",","$,",--,33224,,
tg,rfd2.0,114154,114883,"Hauptmann von Silberkalb, Kammerherr.",5,wobei,PWAV,wobei,33224,,
tg,rfd2.0,114154,114883,"Hauptmann von Silberkalb, Kammerherr.",5,sie,PPER,sie,33224,,
tg,rfd2.0,114154,114883,"Hauptmann von Silberkalb, Kammerherr.",5,übrigens,ADV,übrigens,33224,,
tg,rfd2.0,114154,114883,"Hauptmann von Silberkalb, Kammerherr.",5,ein,ART,ein,33224,,
tg,rfd2.0,114154,114883,"Hauptmann von Silberkalb, Kammerherr.",5,neumodisches,ADJA,neumodisch,33224,,
tg,rfd2.0,114154,114883,"Hauptmann von Silberkalb, Kammerherr.",5,berauschendes,ADJA,berauschend,33224,,
tg,rfd2.0,114154,114883,"Hauptmann von Silberkalb, Kammerherr.",5,Getränk,NN,getränk,33224,,
tg,rfd2.0,114154,114883,"Hauptmann von Silberkalb, Kammerherr.",5,brauen,VVFIN,brauen,33224,,
tg,rfd2.0,114154,114883,"Hauptmann von Silberkalb, Kammerherr.",5,",","$,",--,33224,,
tg,rfd2.0,114154,114883,"Hauptmann von Silberkalb, Kammerherr.",5,welches,PRELS,welcher,33224,,
tg,rfd2.0,114154,114883,"Hauptmann von Silberkalb, Kammerherr.",5,den,ART,der,33224,,
tg,rfd2.0,114154,114883,"Hauptmann von Silberkalb, Kammerherr.",5,barocken,ADJA,barock,33224,,
tg,rfd2.0,114154,114883,"Hauptmann von Silberkalb, Kammerherr.",5,Namen,NN,name,33224,,
tg,rfd2.0,114154,114883,"Hauptmann von Silberkalb, Kammerherr.",5,»,KON,»,33224,,
tg,rfd2.0,114154,114883,"Hauptmann von Silberkalb, Kammerherr.",5,Punsch,NE,punsch,33224,,
tg,rfd2.0,114154,114883,"Hauptmann von Silberkalb, Kammerherr.",5,«,XY,«,33224,,
tg,rfd2.0,114154,114883,"Hauptmann von Silberkalb, Kammerherr.",5,führt,VVFIN,führen,33224,,
tg,rfd2.0,114154,114883,"Hauptmann von Silberkalb, Kammerherr.",5,und,KON,und,33224,,
tg,rfd2.0,114154,114883,"Hauptmann von Silberkalb, Kammerherr.",5,wie,PWAV,wie,33224,,
tg,rfd2.0,114154,114883,"Hauptmann von Silberkalb, Kammerherr.",5,Opium,NE,opium,33224,,
tg,rfd2.0,114154,114883,"Hauptmann von Silberkalb, Kammerherr.",5,wirken,VVINF,wirken,33224,,
tg,rfd2.0,114154,114883,"Hauptmann von Silberkalb, Kammerherr.",5,soll,VMFIN,sollen,33224,,
tg,rfd2.0,114154,114883,"Hauptmann von Silberkalb, Kammerherr.",5,.,$.,--,33224,,
tg,rfd2.0,114154,114883,"Hauptmann von Silberkalb, Kammerherr.",5,Das,PDS,der,33224,,
tg,rfd2.0,114154,114883,"Hauptmann von Silberkalb, Kammerherr.",5,ist,VAFIN,sein,33224,,
tg,rfd2.0,114154,114883,"Hauptmann von Silberkalb, Kammerherr.",5,alles,PIS,alle,33224,,
tg,rfd2.0,114154,114883,"Hauptmann von Silberkalb, Kammerherr.",5,nur,ADV,nur,33224,,
tg,rfd2.0,114154,114883,"Hauptmann von Silberkalb, Kammerherr.",5,äußerlich,ADJD,äußerlich,33224,,
tg,rfd2.0,114154,114883,"Hauptmann von Silberkalb, Kammerherr.",5,;,$.,--,33224,,
tg,rfd2.0,114154,114883,"Hauptmann von Silberkalb, Kammerherr.",5,sie,PPER,sie,33224,,
tg,rfd2.0,114154,114883,"Hauptmann von Silberkalb, Kammerherr.",5,haben,VAFIN,haben,33224,,
tg,rfd2.0,114154,114883,"Hauptmann von Silberkalb, Kammerherr.",5,offenbar,ADJD,offenbar,33224,,
tg,rfd2.0,114154,114883,"Hauptmann von Silberkalb, Kammerherr.",5,einen,ART,ein,33224,,
tg,rfd2.0,114154,114883,"Hauptmann von Silberkalb, Kammerherr.",5,Bund,NN,bund,33224,,
tg,rfd2.0,114154,114883,"Hauptmann von Silberkalb, Kammerherr.",5,und,KON,und,33224,,
tg,rfd2.0,114154,114883,"Hauptmann von Silberkalb, Kammerherr.",5,Orden,NN,orden,33224,,
tg,rfd2.0,114154,114883,"Hauptmann von Silberkalb, Kammerherr.",5,nach,APPR,nach,33224,,
tg,rfd2.0,114154,114883,"Hauptmann von Silberkalb, Kammerherr.",5,Art,NN,Art,33224,,
tg,rfd2.0,114154,114883,"Hauptmann von Silberkalb, Kammerherr.",5,der,ART,der,33224,,
tg,rfd2.0,114154,114883,"Hauptmann von Silberkalb, Kammerherr.",5,Tempelherrn,NN,tempelherr,33224,,
tg,rfd2.0,114154,114883,"Hauptmann von Silberkalb, Kammerherr.",5,in,APPR,in,33224,,
tg,rfd2.0,114154,114883,"Hauptmann von Silberkalb, Kammerherr.",5,Paris,NE,paris,33224,,
tg,rfd2.0,114154,114883,"Hauptmann von Silberkalb, Kammerherr.",5,",","$,",--,33224,,
tg,rfd2.0,114154,114883,"Hauptmann von Silberkalb, Kammerherr.",5,über,APPR,über,33224,,
tg,rfd2.0,114154,114883,"Hauptmann von Silberkalb, Kammerherr.",5,welche,PWAT,welcher,33224,,
tg,rfd2.0,114154,114883,"Hauptmann von Silberkalb, Kammerherr.",5,neulich,ADV,neulich,33224,,
tg,rfd2.0,114154,114883,"Hauptmann von Silberkalb, Kammerherr.",5,im,APPRART,in,33224,,
tg,rfd2.0,114154,114883,"Hauptmann von Silberkalb, Kammerherr.",5,Redeaktus,NN,redeaktus,33224,,
tg,rfd2.0,114154,114883,"Hauptmann von Silberkalb, Kammerherr.",5,ein,ART,ein,33224,,
tg,rfd2.0,114154,114883,"Hauptmann von Silberkalb, Kammerherr.",5,so,ADV,so,33224,,
tg,rfd2.0,114154,114883,"Hauptmann von Silberkalb, Kammerherr.",5,interessanter,ADJD,interessant,33224,,
tg,rfd2.0,114154,114883,"Hauptmann von Silberkalb, Kammerherr.",5,Vortrag,NN,vortrag,33224,,
tg,rfd2.0,114154,114883,"Hauptmann von Silberkalb, Kammerherr.",5,gehalten,VVPP,halten,33224,,
tg,rfd2.0,114154,114883,"Hauptmann von Silberkalb, Kammerherr.",5,wurde,VAFIN,werden,33224,,
tg,rfd2.0,114154,114883,"Hauptmann von Silberkalb, Kammerherr.",5,.,$.,--,33224,,
tg,rfd2.0,114154,114883,"Hauptmann von Silberkalb, Kammerherr.",5,Sie,PPER,sie,33224,,
tg,rfd2.0,114154,114883,"Hauptmann von Silberkalb, Kammerherr.",5,nennen,VVFIN,nennen,33224,,
tg,rfd2.0,114154,114883,"Hauptmann von Silberkalb, Kammerherr.",5,diesen,PDAT,dieser,33224,,
tg,rfd2.0,114154,114883,"Hauptmann von Silberkalb, Kammerherr.",5,Orden,NN,orden,33224,,
tg,rfd2.0,114154,114883,"Hauptmann von Silberkalb, Kammerherr.",5,die,ART,der,33224,,
tg,rfd2.0,114154,114883,"Hauptmann von Silberkalb, Kammerherr.",5,Bande,NN,Bande,33224,,
tg,rfd2.0,114154,114883,"Hauptmann von Silberkalb, Kammerherr.",5,.,$.,--,33224,,
tg,rfd2.0,114154,114883,"Hauptmann von Silberkalb, Kammerherr.",5,Jeder,PIS,jeder,33224,,
tg,rfd2.0,114154,114883,"Hauptmann von Silberkalb, Kammerherr.",5,hat,VAFIN,haben,33224,,
tg,rfd2.0,114154,114883,"Hauptmann von Silberkalb, Kammerherr.",5,seinen,PPOSAT,sein,33224,,
tg,rfd2.0,114154,114883,"Hauptmann von Silberkalb, Kammerherr.",5,aparten,ADJA,apart,33224,,
tg,rfd2.0,114154,114883,"Hauptmann von Silberkalb, Kammerherr.",5,Ordensnamen,NN,ordensnamen,33224,,
tg,rfd2.0,114154,114883,"Hauptmann von Silberkalb, Kammerherr.",5,",","$,",--,33224,,
tg,rfd2.0,114154,114883,"Hauptmann von Silberkalb, Kammerherr.",5,und,KON,und,33224,,
tg,rfd2.0,114154,114883,"Hauptmann von Silberkalb, Kammerherr.",5,auf,APPR,auf,33224,,
tg,rfd2.0,114154,114883,"Hauptmann von Silberkalb, Kammerherr.",5,dem,ART,der,33224,,
tg,rfd2.0,114154,114883,"Hauptmann von Silberkalb, Kammerherr.",5,Tische,NN,tisch,33224,,
tg,rfd2.0,114154,114883,"Hauptmann von Silberkalb, Kammerherr.",5,liegen,VVFIN,liegen,33224,,
tg,rfd2.0,114154,114883,"Hauptmann von Silberkalb, Kammerherr.",5,geheime,ADJA,geheim,33224,,
tg,rfd2.0,114154,114883,"Hauptmann von Silberkalb, Kammerherr.",5,Schriften,NN,schrift,33224,,
tg,rfd2.0,114154,114883,"Hauptmann von Silberkalb, Kammerherr.",5,",","$,",--,33224,,
tg,rfd2.0,114154,114883,"Hauptmann von Silberkalb, Kammerherr.",5,wel,PWAV,wel,33224,,
tg,rfd2.0,114154,114883,"Hauptmann von Silberkalb, Kammerherr.",5,che,XY,chen,33224,,
tg,rfd2.0,114154,114883,"Hauptmann von Silberkalb, Kammerherr.",5,sie,PPER,sie,33224,,
tg,rfd2.0,114154,114883,"Hauptmann von Silberkalb, Kammerherr.",5,beschworen,VVPP,beschwören,33224,,
tg,rfd2.0,114154,114883,"Hauptmann von Silberkalb, Kammerherr.",5,haben,VAFIN,haben,33224,,
tg,rfd2.0,114154,114883,"Hauptmann von Silberkalb, Kammerherr.",5,.,$.,--,33224,,
tg,rfd2.0,114154,114883,"Hauptmann von Silberkalb, Kammerherr.",5,Das,ART,der,33224,,
tg,rfd2.0,114154,114883,"Hauptmann von Silberkalb, Kammerherr.",5,hauptsächlichste,ADJA,hauptsächlich,33224,,
tg,rfd2.0,114154,114883,"Hauptmann von Silberkalb, Kammerherr.",5,dieser,PDAT,dieser,33224,,
tg,rfd2.0,114154,114883,"Hauptmann von Silberkalb, Kammerherr.",5,Bücher,NN,buch,33224,,
tg,rfd2.0,114154,114883,"Hauptmann von Silberkalb, Kammerherr.",5,",","$,",--,33224,,
tg,rfd2.0,114154,114883,"Hauptmann von Silberkalb, Kammerherr.",5,welches,PRELS,welcher,33224,,
tg,rfd2.0,114154,114883,"Hauptmann von Silberkalb, Kammerherr.",5,einer,PIS,ein,33224,,
tg,rfd2.0,114154,114883,"Hauptmann von Silberkalb, Kammerherr.",5,meiner,PPOSAT,mein,33224,"Hauptmann von Silberkalb, Kammerherr.",5
tg,rfd2.0,114154,114883,"Hauptmann von Silberkalb, Kammerherr.",5,Späher,NN,späher,33224,,
tg,rfd2.0,114154,114883,"Hauptmann von Silberkalb, Kammerherr.",5,erblickt,VVFIN,erblicken,33224,,
tg,rfd2.0,114154,114883,"Hauptmann von Silberkalb, Kammerherr.",5,",","$,",--,33224,,
tg,rfd2.0,114154,114883,"Hauptmann von Silberkalb, Kammerherr.",5,aber,KON,aber,33224,,
tg,rfd2.0,114154,114883,"Hauptmann von Silberkalb, Kammerherr.",5,leider,ADV,leider,33224,,
tg,rfd2.0,114154,114883,"Hauptmann von Silberkalb, Kammerherr.",5,noch,ADV,noch,33224,,
tg,rfd2.0,114154,114883,"Hauptmann von Silberkalb, Kammerherr.",5,nicht,PTKNEG,nicht,33224,,
tg,rfd2.0,114154,114883,"Hauptmann von Silberkalb, Kammerherr.",5,ergriffen,VVPP,ergreifen,33224,,
tg,rfd2.0,114154,114883,"Hauptmann von Silberkalb, Kammerherr.",5,hat,VAFIN,haben,33224,,
tg,rfd2.0,114154,114883,"Hauptmann von Silberkalb, Kammerherr.",5,",","$,",--,33224,,
tg,rfd2.0,114154,114883,"Hauptmann von Silberkalb, Kammerherr.",5,soll,VMFIN,sollen,33224,,
tg,rfd2.0,114154,114883,"Hauptmann von Silberkalb, Kammerherr.",5,einen,ART,ein,33224,,
tg,rfd2.0,114154,114883,"Hauptmann von Silberkalb, Kammerherr.",5,greulichen,ADJA,greulich,33224,,
tg,rfd2.0,114154,114883,"Hauptmann von Silberkalb, Kammerherr.",5,Löwen,NN,löwe,33224,,
tg,rfd2.0,114154,114883,"Hauptmann von Silberkalb, Kammerherr.",5,auf,APPR,auf,33224,,
tg,rfd2.0,114154,114883,"Hauptmann von Silberkalb, Kammerherr.",5,dem,ART,der,33224,,
tg,rfd2.0,114154,114883,"Hauptmann von Silberkalb, Kammerherr.",5,Titel,NN,titel,33224,,
tg,rfd2.0,114154,114883,"Hauptmann von Silberkalb, Kammerherr.",5,und,KON,und,33224,,
tg,rfd2.0,114154,114883,"Hauptmann von Silberkalb, Kammerherr.",5,um,APPR,um,33224,,
tg,rfd2.0,114154,114883,"Hauptmann von Silberkalb, Kammerherr.",5,den,ART,der,33224,,
tg,rfd2.0,114154,114883,"Hauptmann von Silberkalb, Kammerherr.",5,Löwen,NN,löwe,33224,,
tg,rfd2.0,114154,114883,"Hauptmann von Silberkalb, Kammerherr.",5,herum,APZR,herum,33224,,
tg,rfd2.0,114154,114883,"Hauptmann von Silberkalb, Kammerherr.",5,die,ART,der,33224,,
tg,rfd2.0,114154,114883,"Hauptmann von Silberkalb, Kammerherr.",5,Inschrift,NN,inschrift,33224,,
tg,rfd2.0,114154,114883,"Hauptmann von Silberkalb, Kammerherr.",5,tragen,VVFIN,tragen,33224,,
tg,rfd2.0,114154,114883,"Hauptmann von Silberkalb, Kammerherr.",5,:,$.,--,33224,,
tg,rfd2.0,114154,114883,"Hauptmann von Silberkalb, Kammerherr.",5,Zerreißt,VVFIN,zerreißten,33224,,
tg,rfd2.0,114154,114883,"Hauptmann von Silberkalb, Kammerherr.",5,die,ART,der,33224,,
tg,rfd2.0,114154,114883,"Hauptmann von Silberkalb, Kammerherr.",5,Tyrannen,NN,tyranne,33224,,
tg,rfd2.0,114154,114883,"Hauptmann von Silberkalb, Kammerherr.",5,"!",$.,--,33224,,
tg,rfd2.0,114888,114924,Generalin Rieger.,2,Ach,ITJ,ach,33224,,
tg,rfd2.0,114888,114924,Generalin Rieger.,2,mein,PPOSAT,mein,33224,Generalin Rieger.,2
tg,rfd2.0,114888,114924,Generalin Rieger.,2,Gott,NN,gott,33224,,
tg,rfd2.0,114888,114924,Generalin Rieger.,2,"!",$.,--,33224,,
tg,rfd2.0,114929,114970,Gräfin Franziska von Hohenheim.,1,.,$.,--,33224,,
tg,rfd2.0,114929,114970,Gräfin Franziska von Hohenheim.,1,Unglückliche,ADJA,unglücklich,33224,,
tg,rfd2.0,114929,114970,Gräfin Franziska von Hohenheim.,1,Menschen,NN,mensch,33224,,
tg,rfd2.0,114929,114970,Gräfin Franziska von Hohenheim.,1,"!",$.,--,33224,,
tg,rfd2.0,114975,114991,Herzog Karl von Württemberg.,0,Weiter,ADV,weiter,33224,,
tg,rfd2.0,114975,114991,Herzog Karl von Württemberg.,0,"!",$.,--,33224,,
tg,rfd2.0,114996,115212,"Hauptmann von Silberkalb, Kammerherr.",5,Von,APPR,von,33224,,
tg,rfd2.0,114996,115212,"Hauptmann von Silberkalb, Kammerherr.",5,ihren,PPOSAT,ihr,33224,,
tg,rfd2.0,114996,115212,"Hauptmann von Silberkalb, Kammerherr.",5,Plänen,NN,plan,33224,,
tg,rfd2.0,114996,115212,"Hauptmann von Silberkalb, Kammerherr.",5,weiß,VVFIN,weiß,33224,,
tg,rfd2.0,114996,115212,"Hauptmann von Silberkalb, Kammerherr.",5,ich,PPER,ich,33224,"Hauptmann von Silberkalb, Kammerherr.",5
tg,rfd2.0,114996,115212,"Hauptmann von Silberkalb, Kammerherr.",5,mit,APPR,mit,33224,,
tg,rfd2.0,114996,115212,"Hauptmann von Silberkalb, Kammerherr.",5,ziemlicher,ADJA,ziemlich,33224,,
tg,rfd2.0,114996,115212,"Hauptmann von Silberkalb, Kammerherr.",5,Gewißheit,NN,gewißheit,33224,,
tg,rfd2.0,114996,115212,"Hauptmann von Silberkalb, Kammerherr.",5,nur,ADV,nur,33224,,
tg,rfd2.0,114996,115212,"Hauptmann von Silberkalb, Kammerherr.",5,folgendes,ADJA,folgend,33224,,
tg,rfd2.0,114996,115212,"Hauptmann von Silberkalb, Kammerherr.",5,:,$.,--,33224,,
tg,rfd2.0,114996,115212,"Hauptmann von Silberkalb, Kammerherr.",5,Sie,PPER,sie,33224,,
tg,rfd2.0,114996,115212,"Hauptmann von Silberkalb, Kammerherr.",5,wollen,VMFIN,wollen,33224,,
tg,rfd2.0,114996,115212,"Hauptmann von Silberkalb, Kammerherr.",5,ausbrechen,VVIZU,ausbrechen,33224,,
tg,rfd2.0,114996,115212,"Hauptmann von Silberkalb, Kammerherr.",5,in,APPR,in,33224,,
tg,rfd2.0,114996,115212,"Hauptmann von Silberkalb, Kammerherr.",5,hellen,ADJA,hell,33224,,
tg,rfd2.0,114996,115212,"Hauptmann von Silberkalb, Kammerherr.",5,Haufen,NN,haufen,33224,,
tg,rfd2.0,114996,115212,"Hauptmann von Silberkalb, Kammerherr.",5,und,KON,und,33224,,
tg,rfd2.0,114996,115212,"Hauptmann von Silberkalb, Kammerherr.",5,sich,PRF,sich,33224,,
tg,rfd2.0,114996,115212,"Hauptmann von Silberkalb, Kammerherr.",5,in,APPR,in,33224,,
tg,rfd2.0,114996,115212,"Hauptmann von Silberkalb, Kammerherr.",5,den,ART,der,33224,,
tg,rfd2.0,114996,115212,"Hauptmann von Silberkalb, Kammerherr.",5,Schwarzwald,NN,schwarzwald,33224,,
tg,rfd2.0,114996,115212,"Hauptmann von Silberkalb, Kammerherr.",5,",","$,",--,33224,,
tg,rfd2.0,114996,115212,"Hauptmann von Silberkalb, Kammerherr.",5,welchen,PWAT,welcher,33224,,
tg,rfd2.0,114996,115212,"Hauptmann von Silberkalb, Kammerherr.",5,sie,PPER,sie,33224,,
tg,rfd2.0,114996,115212,"Hauptmann von Silberkalb, Kammerherr.",5,ungeographisch,ADJD,ungeographisch,33224,,
tg,rfd2.0,114996,115212,"Hauptmann von Silberkalb, Kammerherr.",5,Böhmerwald,NN,böhmerwald,33224,,
tg,rfd2.0,114996,115212,"Hauptmann von Silberkalb, Kammerherr.",5,nennen,VVFIN,nennen,33224,,
tg,rfd2.0,114996,115212,"Hauptmann von Silberkalb, Kammerherr.",5,",","$,",--,33224,,
tg,rfd2.0,114996,115212,"Hauptmann von Silberkalb, Kammerherr.",5,hinaufwerfen,VVFIN,hinaufwerfen,33224,,
tg,rfd2.0,114996,115212,"Hauptmann von Silberkalb, Kammerherr.",5,",","$,",--,33224,,
tg,rfd2.0,114996,115212,"Hauptmann von Silberkalb, Kammerherr.",5,und,KON,und,33224,,
tg,rfd2.0,114996,115212,"Hauptmann von Silberkalb, Kammerherr.",5,dann,ADV,dann,33224,,
tg,rfd2.0,114996,115212,"Hauptmann von Silberkalb, Kammerherr.",5,–,XY,–,33224,,
tg,rfd2.0,115217,115285,Herzog Karl von Württemberg.,0,Meine,PPOSAT,mein,33224,,
tg,rfd2.0,115217,115285,Herzog Karl von Württemberg.,0,Schüler,NN,schüler,33224,,
tg,rfd2.0,115217,115285,Herzog Karl von Württemberg.,0,verstehen,VVFIN,verstehen,33224,,
tg,rfd2.0,115217,115285,Herzog Karl von Württemberg.,0,mehr,PIAT,mehr,33224,,
tg,rfd2.0,115217,115285,Herzog Karl von Württemberg.,0,Geographie,NN,geographie,33224,,
tg,rfd2.0,115217,115285,Herzog Karl von Württemberg.,0,als,KOKOM,als,33224,,
tg,rfd2.0,115217,115285,Herzog Karl von Württemberg.,0,Er,PPER,er,33224,,
tg,rfd2.0,115217,115285,Herzog Karl von Württemberg.,0,"!",$.,--,33224,,
tg,rfd2.0,115217,115285,Herzog Karl von Württemberg.,0,–,XY,–,33224,,
tg,rfd2.0,115217,115285,Herzog Karl von Württemberg.,0,Und,KON,und,33224,,
tg,rfd2.0,115217,115285,Herzog Karl von Württemberg.,0,dann,ADV,dann,33224,,
tg,rfd2.0,115217,115285,Herzog Karl von Württemberg.,0,?,$.,--,33224,,
tg,rfd2.0,115290,115549,"Hauptmann von Silberkalb, Kammerherr.",5,Das,PDS,der,33224,,
tg,rfd2.0,115290,115549,"Hauptmann von Silberkalb, Kammerherr.",5,ist,VAFIN,sein,33224,,
tg,rfd2.0,115290,115549,"Hauptmann von Silberkalb, Kammerherr.",5,mir,PPER,sich,33224,"Hauptmann von Silberkalb, Kammerherr.",5
tg,rfd2.0,115290,115549,"Hauptmann von Silberkalb, Kammerherr.",5,noch,ADV,noch,33224,,
tg,rfd2.0,115290,115549,"Hauptmann von Silberkalb, Kammerherr.",5,dunkel,ADJD,dunkel,33224,,
tg,rfd2.0,115290,115549,"Hauptmann von Silberkalb, Kammerherr.",5,.,$.,--,33224,,
tg,rfd2.0,115290,115549,"Hauptmann von Silberkalb, Kammerherr.",5,Das,ART,der,33224,,
tg,rfd2.0,115290,115549,"Hauptmann von Silberkalb, Kammerherr.",5,Endziel,NN,endziel,33224,,
tg,rfd2.0,115290,115549,"Hauptmann von Silberkalb, Kammerherr.",5,aber,ADV,aber,33224,,
tg,rfd2.0,115290,115549,"Hauptmann von Silberkalb, Kammerherr.",5,soll,VMFIN,sollen,33224,,
tg,rfd2.0,115290,115549,"Hauptmann von Silberkalb, Kammerherr.",5,sein,VAINF,sein,33224,,
tg,rfd2.0,115290,115549,"Hauptmann von Silberkalb, Kammerherr.",5,",","$,",--,33224,,
tg,rfd2.0,115290,115549,"Hauptmann von Silberkalb, Kammerherr.",5,alle,PIDAT,aller,33224,ALLE,30
tg,rfd2.0,115290,115549,"Hauptmann von Silberkalb, Kammerherr.",5,rüstigen,ADJA,rüstig,33224,,
tg,rfd2.0,115290,115549,"Hauptmann von Silberkalb, Kammerherr.",5,Männer,NN,mann,33224,,
tg,rfd2.0,115290,115549,"Hauptmann von Silberkalb, Kammerherr.",5,Schwabens,NE,schwaben,33224,,
tg,rfd2.0,115290,115549,"Hauptmann von Silberkalb, Kammerherr.",5,hinwegzuführen,VVFIN,hinwegführen,33224,,
tg,rfd2.0,115290,115549,"Hauptmann von Silberkalb, Kammerherr.",5,aus,APPR,aus,33224,,
tg,rfd2.0,115290,115549,"Hauptmann von Silberkalb, Kammerherr.",5,dem,ART,der,33224,,
tg,rfd2.0,115290,115549,"Hauptmann von Silberkalb, Kammerherr.",5,Lande,NN,land,33224,,
tg,rfd2.0,115290,115549,"Hauptmann von Silberkalb, Kammerherr.",5,und,KON,und,33224,,
tg,rfd2.0,115290,115549,"Hauptmann von Silberkalb, Kammerherr.",5,über,APPR,über,33224,,
tg,rfd2.0,115290,115549,"Hauptmann von Silberkalb, Kammerherr.",5,das,ART,der,33224,,
tg,rfd2.0,115290,115549,"Hauptmann von Silberkalb, Kammerherr.",5,Meer,NN,meer,33224,,
tg,rfd2.0,115290,115549,"Hauptmann von Silberkalb, Kammerherr.",5,",","$,",--,33224,,
tg,rfd2.0,115290,115549,"Hauptmann von Silberkalb, Kammerherr.",5,und,KON,und,33224,,
tg,rfd2.0,115290,115549,"Hauptmann von Silberkalb, Kammerherr.",5,auf,APPR,auf,33224,,
tg,rfd2.0,115290,115549,"Hauptmann von Silberkalb, Kammerherr.",5,einer,ART,ein,33224,,
tg,rfd2.0,115290,115549,"Hauptmann von Silberkalb, Kammerherr.",5,Insel,NN,insel,33224,,
tg,rfd2.0,115290,115549,"Hauptmann von Silberkalb, Kammerherr.",5,der,ART,der,33224,,
tg,rfd2.0,115290,115549,"Hauptmann von Silberkalb, Kammerherr.",5,Südsee,NN,südsee,33224,,
tg,rfd2.0,115290,115549,"Hauptmann von Silberkalb, Kammerherr.",5,ein,ART,ein,33224,,
tg,rfd2.0,115290,115549,"Hauptmann von Silberkalb, Kammerherr.",5,Reich,NN,reich,33224,,
tg,rfd2.0,115290,115549,"Hauptmann von Silberkalb, Kammerherr.",5,zu,PTKZU,zu,33224,,
tg,rfd2.0,115290,115549,"Hauptmann von Silberkalb, Kammerherr.",5,gründen,VVINF,gründen,33224,,
tg,rfd2.0,115290,115549,"Hauptmann von Silberkalb, Kammerherr.",5,",","$,",--,33224,,
tg,rfd2.0,115290,115549,"Hauptmann von Silberkalb, Kammerherr.",5,unter,APPR,unter,33224,,
tg,rfd2.0,115290,115549,"Hauptmann von Silberkalb, Kammerherr.",5,neuen,ADJA,neu,33224,,
tg,rfd2.0,115290,115549,"Hauptmann von Silberkalb, Kammerherr.",5,",","$,",--,33224,,
tg,rfd2.0,115290,115549,"Hauptmann von Silberkalb, Kammerherr.",5,natürlich,ADV,natürlich,33224,,
tg,rfd2.0,115290,115549,"Hauptmann von Silberkalb, Kammerherr.",5,verbrecherischen,ADJA,verbrecherisch,33224,,
tg,rfd2.0,115290,115549,"Hauptmann von Silberkalb, Kammerherr.",5,Grundsätzen,NN,grundsatz,33224,,
tg,rfd2.0,115290,115549,"Hauptmann von Silberkalb, Kammerherr.",5,.,$.,--,33224,,
tg,rfd2.0,115555,115578,Herzog Karl von Württemberg.,0,Ist,VAFIN,sein,33224,,
tg,rfd2.0,115555,115578,Herzog Karl von Württemberg.,0,Er,PPER,er,33224,,
tg,rfd2.0,115555,115578,Herzog Karl von Württemberg.,0,fertig,ADJD,fertig,33224,,
tg,rfd2.0,115555,115578,Herzog Karl von Württemberg.,0,?,$.,--,33224,,
tg,rfd2.0,115583,115617,"Hauptmann von Silberkalb, Kammerherr.",5,Bis,APPR,bis,33224,,
tg,rfd2.0,115583,115617,"Hauptmann von Silberkalb, Kammerherr.",5,auf,APPR,auf,33224,,
tg,rfd2.0,115583,115617,"Hauptmann von Silberkalb, Kammerherr.",5,die,ART,der,33224,,
tg,rfd2.0,115583,115617,"Hauptmann von Silberkalb, Kammerherr.",5,Namen,NN,name,33224,,
tg,rfd2.0,115583,115617,"Hauptmann von Silberkalb, Kammerherr.",5,",","$,",--,33224,,
tg,rfd2.0,115583,115617,"Hauptmann von Silberkalb, Kammerherr.",5,ja,ADV,ja,33224,,
tg,rfd2.0,115583,115617,"Hauptmann von Silberkalb, Kammerherr.",5,"!",$.,--,33224,,
tg,rfd2.0,115622,115761,BLEISTIFT,31,Sire,NN,sire,33224,,
tg,rfd2.0,115622,115761,BLEISTIFT,31,",","$,",--,33224,,
tg,rfd2.0,115622,115761,BLEISTIFT,31,es,PPER,es,33224,,
tg,rfd2.0,115622,115761,BLEISTIFT,31,ist,VAFIN,sein,33224,,
tg,rfd2.0,115622,115761,BLEISTIFT,31,la,FM,La,33224,,
tg,rfd2.0,115622,115761,BLEISTIFT,31,Meute,FM,meute,33224,,
tg,rfd2.0,115622,115761,BLEISTIFT,31,",","$,",--,33224,,
tg,rfd2.0,115622,115761,BLEISTIFT,31,die,ART,der,33224,,
tg,rfd2.0,115622,115761,BLEISTIFT,31,Herren,NN,herr,33224,,
tg,rfd2.0,115622,115761,BLEISTIFT,31,Hunde,NN,hund,33224,,
tg,rfd2.0,115622,115761,BLEISTIFT,31,und,KON,und,33224,,
tg,rfd2.0,115622,115761,BLEISTIFT,31,Hundejungen,NN,hundejung,33224,,
tg,rfd2.0,115622,115761,BLEISTIFT,31,",","$,",--,33224,,
tg,rfd2.0,115622,115761,BLEISTIFT,31,die,PRELS,der,33224,,
tg,rfd2.0,115622,115761,BLEISTIFT,31,nach,APPR,nach,33224,,
tg,rfd2.0,115622,115761,BLEISTIFT,31,der,ART,der,33224,,
tg,rfd2.0,115622,115761,BLEISTIFT,31,Treiberlinie,NN,treiberlinie,33224,,
tg,rfd2.0,115622,115761,BLEISTIFT,31,hinauf,ADV,hinauf,33224,,
tg,rfd2.0,115622,115761,BLEISTIFT,31,ihr,PPOSAT,ihr,33224,,
tg,rfd2.0,115622,115761,BLEISTIFT,31,Avancement,NN,avancement,33224,,
tg,rfd2.0,115622,115761,BLEISTIFT,31,beginnen,VVINF,beginnen,33224,,
tg,rfd2.0,115622,115761,BLEISTIFT,31,.,$.,--,33224,,
tg,rfd2.0,115766,115796,Herzog Karl von Württemberg.,0,Was,PWS,was,33224,,
tg,rfd2.0,115766,115796,Herzog Karl von Württemberg.,0,?,$.,--,33224,,
tg,rfd2.0,115766,115796,Herzog Karl von Württemberg.,0,Jetzt,ADV,jetzt,33224,,
tg,rfd2.0,115766,115796,Herzog Karl von Württemberg.,0,zur,APPRART,zu,33224,,
tg,rfd2.0,115766,115796,Herzog Karl von Württemberg.,0,Nacht,NN,nacht,33224,,
tg,rfd2.0,115766,115796,Herzog Karl von Württemberg.,0,?,$.,--,33224,,
tg,rfd2.0,115801,115926,BLEISTIFT,31,Der,ART,der,33224,,
tg,rfd2.0,115801,115926,BLEISTIFT,31,Hundemaitre,NN,hundemaitre,33224,,
tg,rfd2.0,115801,115926,BLEISTIFT,31,sagt,VVFIN,sagen,33224,,
tg,rfd2.0,115801,115926,BLEISTIFT,31,",","$,",--,33224,,
tg,rfd2.0,115801,115926,BLEISTIFT,31,die,ART,der,33224,,
tg,rfd2.0,115801,115926,BLEISTIFT,31,Tage,NN,tag,33224,,
tg,rfd2.0,115801,115926,BLEISTIFT,31,wären,VAFIN,sein,33224,,
tg,rfd2.0,115801,115926,BLEISTIFT,31,zu,PTKA,zu,33224,,
tg,rfd2.0,115801,115926,BLEISTIFT,31,warm,ADJD,warm,33224,,
tg,rfd2.0,115801,115926,BLEISTIFT,31,für,APPR,für,33224,,
tg,rfd2.0,115801,115926,BLEISTIFT,31,die,ART,der,33224,,
tg,rfd2.0,115801,115926,BLEISTIFT,31,Nasen,NN,nase,33224,,
tg,rfd2.0,115801,115926,BLEISTIFT,31,der,ART,der,33224,,
tg,rfd2.0,115801,115926,BLEISTIFT,31,Herren,NN,herr,33224,,
tg,rfd2.0,115801,115926,BLEISTIFT,31,Hunde,NN,hund,33224,,
tg,rfd2.0,115801,115926,BLEISTIFT,31,",","$,",--,33224,,
tg,rfd2.0,115801,115926,BLEISTIFT,31,und,KON,und,33224,,
tg,rfd2.0,115801,115926,BLEISTIFT,31,er,PPER,er,33224,,
tg,rfd2.0,115801,115926,BLEISTIFT,31,müßte,VMFIN,müssen,33224,,
tg,rfd2.0,115801,115926,BLEISTIFT,31,seine,PPOSAT,sein,33224,,
tg,rfd2.0,115801,115926,BLEISTIFT,31,Künstler,NN,künstler,33224,,
tg,rfd2.0,115801,115926,BLEISTIFT,31,schonen,VVINF,schonen,33224,,
tg,rfd2.0,115801,115926,BLEISTIFT,31,.,$.,--,33224,,
tg,rfd2.0,115931,116068,Herzog Karl von Württemberg.,0,Das,PDS,der,33224,,
tg,rfd2.0,115931,116068,Herzog Karl von Württemberg.,0,ist,VAFIN,sein,33224,,
tg,rfd2.0,115931,116068,Herzog Karl von Württemberg.,0,ganz,ADV,ganz,33224,,
tg,rfd2.0,115931,116068,Herzog Karl von Württemberg.,0,gescheit,ADJD,gescheit,33224,,
tg,rfd2.0,115931,116068,Herzog Karl von Württemberg.,0,",","$,",--,33224,,
tg,rfd2.0,115931,116068,Herzog Karl von Württemberg.,0,aber,KON,aber,33224,,
tg,rfd2.0,115931,116068,Herzog Karl von Württemberg.,0,er,PPER,er,33224,,
tg,rfd2.0,115931,116068,Herzog Karl von Württemberg.,0,soll,VMFIN,sollen,33224,,
tg,rfd2.0,115931,116068,Herzog Karl von Württemberg.,0,sie,PPER,sie,33224,,
tg,rfd2.0,115931,116068,Herzog Karl von Württemberg.,0,auch,ADV,auch,33224,,
tg,rfd2.0,115931,116068,Herzog Karl von Württemberg.,0,zweckmäßig,ADJD,zweckmäßig,33224,,
tg,rfd2.0,115931,116068,Herzog Karl von Württemberg.,0,verteilen,VVFIN,verteilen,33224,,
tg,rfd2.0,115931,116068,Herzog Karl von Württemberg.,0,–,PPER,–,33224,,
tg,rfd2.0,115931,116068,Herzog Karl von Württemberg.,0,Aufstehend,ADJD,aufstehend,33224,,
tg,rfd2.0,115931,116068,Herzog Karl von Württemberg.,0,.,$.,--,33224,,
tg,rfd2.0,115931,116068,Herzog Karl von Württemberg.,0,Wartet,NE,warten,33224,,
tg,rfd2.0,115931,116068,Herzog Karl von Württemberg.,0,hier,ADV,hier,33224,,
tg,rfd2.0,115931,116068,Herzog Karl von Württemberg.,0,"!",$.,--,33224,,
tg,rfd2.0,115931,116068,Herzog Karl von Württemberg.,0,Kein,PIAT,kein,33224,,
tg,rfd2.0,115931,116068,Herzog Karl von Württemberg.,0,Mensch,NN,mensch,33224,,
tg,rfd2.0,115931,116068,Herzog Karl von Württemberg.,0,verläßt,VVFIN,verlassen,33224,,
tg,rfd2.0,115931,116068,Herzog Karl von Württemberg.,0,das,ART,der,33224,,
tg,rfd2.0,115931,116068,Herzog Karl von Württemberg.,0,Zimmer,NN,zimmer,33224,,
tg,rfd2.0,115931,116068,Herzog Karl von Württemberg.,0,"!",$.,--,33224,,
tg,rfd2.0,115931,116068,Herzog Karl von Württemberg.,0,Ab,APPR,ab,33224,,
tg,rfd2.0,115931,116068,Herzog Karl von Württemberg.,0,.,$.,--,33224,,
tg,rfd2.0,116142,116322,Gräfin Franziska von Hohenheim.,1,Ich,PPER,ich,33224,,
tg,rfd2.0,116142,116322,Gräfin Franziska von Hohenheim.,1,finde,VVFIN,finden,33224,,
tg,rfd2.0,116142,116322,Gräfin Franziska von Hohenheim.,1,es,PPER,es,33224,,
tg,rfd2.0,116142,116322,Gräfin Franziska von Hohenheim.,1,unverzeihlich,ADJD,unverzeihlich,33224,,
tg,rfd2.0,116142,116322,Gräfin Franziska von Hohenheim.,1,von,APPR,von,33224,,
tg,rfd2.0,116142,116322,Gräfin Franziska von Hohenheim.,1,Ihnen,PPER,ihnen,33224,,
tg,rfd2.0,116142,116322,Gräfin Franziska von Hohenheim.,1,",","$,",--,33224,,
tg,rfd2.0,116142,116322,Gräfin Franziska von Hohenheim.,1,aus,APPR,aus,33224,,
tg,rfd2.0,116142,116322,Gräfin Franziska von Hohenheim.,1,einem,ART,ein,33224,,
tg,rfd2.0,116142,116322,Gräfin Franziska von Hohenheim.,1,Schülerspaße,NN,schülerspaße,33224,,
tg,rfd2.0,116142,116322,Gräfin Franziska von Hohenheim.,1,solch,PIDAT,solch,33224,,
tg,rfd2.0,116142,116322,Gräfin Franziska von Hohenheim.,1,eine,ART,ein,33224,,
tg,rfd2.0,116142,116322,Gräfin Franziska von Hohenheim.,1,ungetüme,ADJA,ungetüm,33224,,
tg,rfd2.0,116142,116322,Gräfin Franziska von Hohenheim.,1,Anklage,NN,anklage,33224,,
tg,rfd2.0,116142,116322,Gräfin Franziska von Hohenheim.,1,zu,PTKZU,zu,33224,,
tg,rfd2.0,116142,116322,Gräfin Franziska von Hohenheim.,1,machen,VVINF,machen,33224,,
tg,rfd2.0,116142,116322,Gräfin Franziska von Hohenheim.,1,",","$,",--,33224,,
tg,rfd2.0,116142,116322,Gräfin Franziska von Hohenheim.,1,was,PWS,was,33224,,
tg,rfd2.0,116142,116322,Gräfin Franziska von Hohenheim.,1,haben,VAFIN,haben,33224,,
tg,rfd2.0,116142,116322,Gräfin Franziska von Hohenheim.,1,Ihnen,PPER,ihnen,33224,,
tg,rfd2.0,116142,116322,Gräfin Franziska von Hohenheim.,1,denn,ADV,denn,33224,,
tg,rfd2.0,116142,116322,Gräfin Franziska von Hohenheim.,1,die,ART,der,33224,,
tg,rfd2.0,116142,116322,Gräfin Franziska von Hohenheim.,1,jungen,ADJA,jung,33224,,
tg,rfd2.0,116142,116322,Gräfin Franziska von Hohenheim.,1,Leute,NN,leute,33224,,
tg,rfd2.0,116142,116322,Gräfin Franziska von Hohenheim.,1,getan,VVPP,tun,33224,,
tg,rfd2.0,116142,116322,Gräfin Franziska von Hohenheim.,1,?,$.,--,33224,,
tg,rfd2.0,116327,116356,GENERALIN UND LAURA,21,Jawohl,NE,jawohl,33224,,
tg,rfd2.0,116327,116356,GENERALIN UND LAURA,21,.,$.,--,33224,,
tg,rfd2.0,116362,116725,"Hauptmann von Silberkalb, Kammerherr.",5,Was,PWS,was,33224,,
tg,rfd2.0,116362,116725,"Hauptmann von Silberkalb, Kammerherr.",5,sie,PPER,sie,33224,,
tg,rfd2.0,116362,116725,"Hauptmann von Silberkalb, Kammerherr.",5,mir,PPER,sich,33224,"Hauptmann von Silberkalb, Kammerherr.",5
tg,rfd2.0,116362,116725,"Hauptmann von Silberkalb, Kammerherr.",5,getan,VVPP,tun,33224,,
tg,rfd2.0,116362,116725,"Hauptmann von Silberkalb, Kammerherr.",5,?,$.,--,33224,,
tg,rfd2.0,116362,116725,"Hauptmann von Silberkalb, Kammerherr.",5,Erlauchte,NN,erlaucht,33224,,
tg,rfd2.0,116362,116725,"Hauptmann von Silberkalb, Kammerherr.",5,Gräfin,NE,gräfin,33224,,
tg,rfd2.0,116362,116725,"Hauptmann von Silberkalb, Kammerherr.",5,",","$,",--,33224,,
tg,rfd2.0,116362,116725,"Hauptmann von Silberkalb, Kammerherr.",5,in,APPR,in,33224,,
tg,rfd2.0,116362,116725,"Hauptmann von Silberkalb, Kammerherr.",5,den,ART,der,33224,,
tg,rfd2.0,116362,116725,"Hauptmann von Silberkalb, Kammerherr.",5,Angelegenheiten,NN,angelegenheit,33224,,
tg,rfd2.0,116362,116725,"Hauptmann von Silberkalb, Kammerherr.",5,meines,PPOSAT,mein,33224,"Hauptmann von Silberkalb, Kammerherr.",5
tg,rfd2.0,116362,116725,"Hauptmann von Silberkalb, Kammerherr.",5,Gebieters,NN,gebieter,33224,,
tg,rfd2.0,116362,116725,"Hauptmann von Silberkalb, Kammerherr.",5,bin,VAFIN,sein,33224,,
tg,rfd2.0,116362,116725,"Hauptmann von Silberkalb, Kammerherr.",5,ich,PPER,ich,33224,"Hauptmann von Silberkalb, Kammerherr.",5
tg,rfd2.0,116362,116725,"Hauptmann von Silberkalb, Kammerherr.",5,gar,ADV,gar,33224,,
tg,rfd2.0,116362,116725,"Hauptmann von Silberkalb, Kammerherr.",5,keine,PIAT,kein,33224,,
tg,rfd2.0,116362,116725,"Hauptmann von Silberkalb, Kammerherr.",5,Person,NN,person,33224,,
tg,rfd2.0,116362,116725,"Hauptmann von Silberkalb, Kammerherr.",5,",","$,",--,33224,,
tg,rfd2.0,116362,116725,"Hauptmann von Silberkalb, Kammerherr.",5,welcher,ADJA,welcher,33224,,
tg,rfd2.0,116362,116725,"Hauptmann von Silberkalb, Kammerherr.",5,man,PIS,man,33224,,
tg,rfd2.0,116362,116725,"Hauptmann von Silberkalb, Kammerherr.",5,was,PWS,was,33224,,
tg,rfd2.0,116362,116725,"Hauptmann von Silberkalb, Kammerherr.",5,tun,VVINF,tun,33224,,
tg,rfd2.0,116362,116725,"Hauptmann von Silberkalb, Kammerherr.",5,oder,KON,oder,33224,,
tg,rfd2.0,116362,116725,"Hauptmann von Silberkalb, Kammerherr.",5,nicht,PTKNEG,nicht,33224,,
tg,rfd2.0,116362,116725,"Hauptmann von Silberkalb, Kammerherr.",5,tun,VVINF,tun,33224,,
tg,rfd2.0,116362,116725,"Hauptmann von Silberkalb, Kammerherr.",5,könnte,VMFIN,können,33224,,
tg,rfd2.0,116362,116725,"Hauptmann von Silberkalb, Kammerherr.",5,.,$.,--,33224,,
tg,rfd2.0,116362,116725,"Hauptmann von Silberkalb, Kammerherr.",5,Ich,PPER,ich,33224,,
tg,rfd2.0,116362,116725,"Hauptmann von Silberkalb, Kammerherr.",5,versehe,VVFIN,versehen,33224,,
tg,rfd2.0,116362,116725,"Hauptmann von Silberkalb, Kammerherr.",5,ohne,APPR,ohne,33224,,
tg,rfd2.0,116362,116725,"Hauptmann von Silberkalb, Kammerherr.",5,Arrièrepensée,NN,arrièrepensée,33224,,
tg,rfd2.0,116362,116725,"Hauptmann von Silberkalb, Kammerherr.",5,meinen,PPOSAT,mein,33224,"Hauptmann von Silberkalb, Kammerherr.",5
tg,rfd2.0,116362,116725,"Hauptmann von Silberkalb, Kammerherr.",5,Dienst,NN,dienst,33224,,
tg,rfd2.0,116362,116725,"Hauptmann von Silberkalb, Kammerherr.",5,.,$.,--,33224,,
tg,rfd2.0,116362,116725,"Hauptmann von Silberkalb, Kammerherr.",5,Je,ADV,je,33224,,
tg,rfd2.0,116362,116725,"Hauptmann von Silberkalb, Kammerherr.",5,mehr,ADV,mehr,33224,,
tg,rfd2.0,116362,116725,"Hauptmann von Silberkalb, Kammerherr.",5,ich,PPER,ich,33224,"Hauptmann von Silberkalb, Kammerherr.",5
tg,rfd2.0,116362,116725,"Hauptmann von Silberkalb, Kammerherr.",5,Serenissimo,NN,serenissimo,33224,,
tg,rfd2.0,116362,116725,"Hauptmann von Silberkalb, Kammerherr.",5,dienen,VVINF,dienen,33224,,
tg,rfd2.0,116362,116725,"Hauptmann von Silberkalb, Kammerherr.",5,kann,VMFIN,können,33224,,
tg,rfd2.0,116362,116725,"Hauptmann von Silberkalb, Kammerherr.",5,",","$,",--,33224,,
tg,rfd2.0,116362,116725,"Hauptmann von Silberkalb, Kammerherr.",5,desto,ADV,desto,33224,,
tg,rfd2.0,116362,116725,"Hauptmann von Silberkalb, Kammerherr.",5,dienlicher,ADJA,dienlich,33224,,
tg,rfd2.0,116362,116725,"Hauptmann von Silberkalb, Kammerherr.",5,bin,VAFIN,sein,33224,,
tg,rfd2.0,116362,116725,"Hauptmann von Silberkalb, Kammerherr.",5,ich,PPER,ich,33224,"Hauptmann von Silberkalb, Kammerherr.",5
tg,rfd2.0,116362,116725,"Hauptmann von Silberkalb, Kammerherr.",5,ihm,PPER,ihm,33224,,
tg,rfd2.0,116362,116725,"Hauptmann von Silberkalb, Kammerherr.",5,",","$,",--,33224,,
tg,rfd2.0,116362,116725,"Hauptmann von Silberkalb, Kammerherr.",5,desto,ADV,desto,33224,,
tg,rfd2.0,116362,116725,"Hauptmann von Silberkalb, Kammerherr.",5,verdienter,ADJA,verdient,33224,,
tg,rfd2.0,116362,116725,"Hauptmann von Silberkalb, Kammerherr.",5,mach,VVFIN,machen,33224,,
tg,rfd2.0,116362,116725,"Hauptmann von Silberkalb, Kammerherr.",5,',$[,--,33224,,
tg,rfd2.0,116362,116725,"Hauptmann von Silberkalb, Kammerherr.",5,ich,PPER,ich,33224,"Hauptmann von Silberkalb, Kammerherr.",5
tg,rfd2.0,116362,116725,"Hauptmann von Silberkalb, Kammerherr.",5,mich,PRF,mich,33224,"Hauptmann von Silberkalb, Kammerherr.",5
tg,rfd2.0,116362,116725,"Hauptmann von Silberkalb, Kammerherr.",5,.,$.,--,33224,,
tg,rfd2.0,116362,116725,"Hauptmann von Silberkalb, Kammerherr.",5,Dies,PDS,dieser,33224,,
tg,rfd2.0,116362,116725,"Hauptmann von Silberkalb, Kammerherr.",5,ist,VAFIN,sein,33224,,
tg,rfd2.0,116362,116725,"Hauptmann von Silberkalb, Kammerherr.",5,ja,ADV,ja,33224,,
tg,rfd2.0,116362,116725,"Hauptmann von Silberkalb, Kammerherr.",5,meine,PPOSAT,mein,33224,"Hauptmann von Silberkalb, Kammerherr.",5
tg,rfd2.0,116362,116725,"Hauptmann von Silberkalb, Kammerherr.",5,Stellung,NN,stellung,33224,,
tg,rfd2.0,116362,116725,"Hauptmann von Silberkalb, Kammerherr.",5,und,KON,und,33224,,
tg,rfd2.0,116362,116725,"Hauptmann von Silberkalb, Kammerherr.",5,der,ART,der,33224,,
tg,rfd2.0,116362,116725,"Hauptmann von Silberkalb, Kammerherr.",5,Ehrgeiz,NN,ehrgeiz,33224,,
tg,rfd2.0,116362,116725,"Hauptmann von Silberkalb, Kammerherr.",5,meiner,PPOSAT,mein,33224,"Hauptmann von Silberkalb, Kammerherr.",5
tg,rfd2.0,116362,116725,"Hauptmann von Silberkalb, Kammerherr.",5,Stellung,NN,stellung,33224,,
tg,rfd2.0,116362,116725,"Hauptmann von Silberkalb, Kammerherr.",5,.,$.,--,33224,,
tg,rfd2.0,116730,116768,Generalin Rieger.,2,Klatschereien,NN,klatscherei,33224,,
tg,rfd2.0,116730,116768,Generalin Rieger.,2,anzuzetteln,VVIZU,anzetteln,33224,,
tg,rfd2.0,116730,116768,Generalin Rieger.,2,"!",$.,--,33224,,
tg,rfd2.0,116773,116856,Gräfin Franziska von Hohenheim.,1,Ein,ART,ein,33224,,
tg,rfd2.0,116773,116856,Gräfin Franziska von Hohenheim.,1,tüchtiger,ADJA,tüchtig,33224,,
tg,rfd2.0,116773,116856,Gräfin Franziska von Hohenheim.,1,Mann,NN,mann,33224,,
tg,rfd2.0,116773,116856,Gräfin Franziska von Hohenheim.,1,dient,VVFIN,dienen,33224,,
tg,rfd2.0,116773,116856,Gräfin Franziska von Hohenheim.,1,seinem,PPOSAT,sein,33224,,
tg,rfd2.0,116773,116856,Gräfin Franziska von Hohenheim.,1,Gebieter,NN,gebieter,33224,,
tg,rfd2.0,116773,116856,Gräfin Franziska von Hohenheim.,1,am,APPRART,an,33224,,
tg,rfd2.0,116773,116856,Gräfin Franziska von Hohenheim.,1,unliebsten,ADJA,unlieb,33224,,
tg,rfd2.0,116773,116856,Gräfin Franziska von Hohenheim.,1,auf,APPR,auf,33224,,
tg,rfd2.0,116773,116856,Gräfin Franziska von Hohenheim.,1,Kosten,NN,kosten,33224,,
tg,rfd2.0,116773,116856,Gräfin Franziska von Hohenheim.,1,anderer,ADJA,anderer,33224,,
tg,rfd2.0,116773,116856,Gräfin Franziska von Hohenheim.,1,"!",$.,--,33224,,
tg,rfd2.0,116861,117058,"Hauptmann von Silberkalb, Kammerherr.",5,Und,KON,und,33224,,
tg,rfd2.0,116861,117058,"Hauptmann von Silberkalb, Kammerherr.",5,was,PWS,was,33224,,
tg,rfd2.0,116861,117058,"Hauptmann von Silberkalb, Kammerherr.",5,die,ART,der,33224,,
tg,rfd2.0,116861,117058,"Hauptmann von Silberkalb, Kammerherr.",5,gnädigste,ADJA,gnädig,33224,,
tg,rfd2.0,116861,117058,"Hauptmann von Silberkalb, Kammerherr.",5,Frau,NN,frau,33224,,
tg,rfd2.0,116861,117058,"Hauptmann von Silberkalb, Kammerherr.",5,Gräfin,NE,gräfin,33224,,
tg,rfd2.0,116861,117058,"Hauptmann von Silberkalb, Kammerherr.",5,einen,ART,ein,33224,,
tg,rfd2.0,116861,117058,"Hauptmann von Silberkalb, Kammerherr.",5,Schülerspaß,NN,schülerspaß,33224,,
tg,rfd2.0,116861,117058,"Hauptmann von Silberkalb, Kammerherr.",5,nennen,VVINF,nennen,33224,,
tg,rfd2.0,116861,117058,"Hauptmann von Silberkalb, Kammerherr.",5,",","$,",--,33224,,
tg,rfd2.0,116861,117058,"Hauptmann von Silberkalb, Kammerherr.",5,das,PDS,der,33224,,
tg,rfd2.0,116861,117058,"Hauptmann von Silberkalb, Kammerherr.",5,kann,VMFIN,können,33224,,
tg,rfd2.0,116861,117058,"Hauptmann von Silberkalb, Kammerherr.",5,ja,ADV,ja,33224,,
tg,rfd2.0,116861,117058,"Hauptmann von Silberkalb, Kammerherr.",5,leichtlich,ADJD,leichtlich,33224,,
tg,rfd2.0,116861,117058,"Hauptmann von Silberkalb, Kammerherr.",5,viel,PIDAT,viel,33224,,
tg,rfd2.0,116861,117058,"Hauptmann von Silberkalb, Kammerherr.",5,mehr,PIS,mehr,33224,,
tg,rfd2.0,116861,117058,"Hauptmann von Silberkalb, Kammerherr.",5,sein,VAINF,sein,33224,,
tg,rfd2.0,116861,117058,"Hauptmann von Silberkalb, Kammerherr.",5,.,$.,--,33224,,
tg,rfd2.0,116861,117058,"Hauptmann von Silberkalb, Kammerherr.",5,Im,APPRART,in,33224,,
tg,rfd2.0,116861,117058,"Hauptmann von Silberkalb, Kammerherr.",5,Interesse,NN,interesse,33224,,
tg,rfd2.0,116861,117058,"Hauptmann von Silberkalb, Kammerherr.",5,meines,PPOSAT,mein,33224,"Hauptmann von Silberkalb, Kammerherr.",5
tg,rfd2.0,116861,117058,"Hauptmann von Silberkalb, Kammerherr.",5,Gebieters,NN,gebieter,33224,,
tg,rfd2.0,116861,117058,"Hauptmann von Silberkalb, Kammerherr.",5,muß,VMFIN,müssen,33224,,
tg,rfd2.0,116861,117058,"Hauptmann von Silberkalb, Kammerherr.",5,ich,PPER,ich,33224,"Hauptmann von Silberkalb, Kammerherr.",5
tg,rfd2.0,116861,117058,"Hauptmann von Silberkalb, Kammerherr.",5,ja,ADV,ja,33224,,
tg,rfd2.0,116861,117058,"Hauptmann von Silberkalb, Kammerherr.",5,immer,ADV,immer,33224,,
tg,rfd2.0,116861,117058,"Hauptmann von Silberkalb, Kammerherr.",5,das,ART,der,33224,,
tg,rfd2.0,116861,117058,"Hauptmann von Silberkalb, Kammerherr.",5,Schlimmste,NN,schlimme,33224,,
tg,rfd2.0,116861,117058,"Hauptmann von Silberkalb, Kammerherr.",5,und,KON,und,33224,,
tg,rfd2.0,116861,117058,"Hauptmann von Silberkalb, Kammerherr.",5,Ärgste,NN,argst,33224,,
tg,rfd2.0,116861,117058,"Hauptmann von Silberkalb, Kammerherr.",5,voraussetzen,VVINF,voraussetzen,33224,,
tg,rfd2.0,116861,117058,"Hauptmann von Silberkalb, Kammerherr.",5,.,$.,--,33224,,
tg,rfd2.0,117063,117181,Gräfin Franziska von Hohenheim.,1,Das,ART,der,33224,,
tg,rfd2.0,117063,117181,Gräfin Franziska von Hohenheim.,1,sollen,VMFIN,sollen,33224,,
tg,rfd2.0,117063,117181,Gräfin Franziska von Hohenheim.,1,Sie,PPER,sie,33224,,
tg,rfd2.0,117063,117181,Gräfin Franziska von Hohenheim.,1,eben,ADV,eben,33224,,
tg,rfd2.0,117063,117181,Gräfin Franziska von Hohenheim.,1,nicht,PTKNEG,nicht,33224,,
tg,rfd2.0,117063,117181,Gräfin Franziska von Hohenheim.,1,tun,VVINF,tun,33224,,
tg,rfd2.0,117063,117181,Gräfin Franziska von Hohenheim.,1,.,$.,--,33224,,
tg,rfd2.0,117063,117181,Gräfin Franziska von Hohenheim.,1,Das,PDS,der,33224,,
tg,rfd2.0,117063,117181,Gräfin Franziska von Hohenheim.,1,tun,VVFIN,tun,33224,,
tg,rfd2.0,117063,117181,Gräfin Franziska von Hohenheim.,1,die,ART,der,33224,,
tg,rfd2.0,117063,117181,Gräfin Franziska von Hohenheim.,1,Schranzen,NN,schranz,33224,,
tg,rfd2.0,117063,117181,Gräfin Franziska von Hohenheim.,1,",","$,",--,33224,,
tg,rfd2.0,117063,117181,Gräfin Franziska von Hohenheim.,1,welche,PWAT,welcher,33224,,
tg,rfd2.0,117063,117181,Gräfin Franziska von Hohenheim.,1,alles,PIS,alle,33224,,
tg,rfd2.0,117063,117181,Gräfin Franziska von Hohenheim.,1,wichtig,ADJD,wichtig,33224,,
tg,rfd2.0,117063,117181,Gräfin Franziska von Hohenheim.,1,machen,VVINF,machen,33224,,
tg,rfd2.0,117063,117181,Gräfin Franziska von Hohenheim.,1,",","$,",--,33224,,
tg,rfd2.0,117063,117181,Gräfin Franziska von Hohenheim.,1,um,KOUI,um,33224,,
tg,rfd2.0,117063,117181,Gräfin Franziska von Hohenheim.,1,sich,PRF,sich,33224,,
tg,rfd2.0,117063,117181,Gräfin Franziska von Hohenheim.,1,wichtig,ADJD,wichtig,33224,,
tg,rfd2.0,117063,117181,Gräfin Franziska von Hohenheim.,1,zu,PTKZU,zu,33224,,
tg,rfd2.0,117063,117181,Gräfin Franziska von Hohenheim.,1,machen,VVINF,machen,33224,,
tg,rfd2.0,117063,117181,Gräfin Franziska von Hohenheim.,1,.,$.,--,33224,,
tg,rfd2.0,117186,117246,RIEGER,27,Ein,ART,ein,33224,,
tg,rfd2.0,117186,117246,RIEGER,27,treuer,ADJA,treu,33224,,
tg,rfd2.0,117186,117246,RIEGER,27,Knecht,NE,knecht,33224,,
tg,rfd2.0,117186,117246,RIEGER,27,fragt,VVFIN,fragen,33224,,
tg,rfd2.0,117186,117246,RIEGER,27,nicht,PTKNEG,nicht,33224,,
tg,rfd2.0,117186,117246,RIEGER,27,warum,PWAV,warum,33224,,
tg,rfd2.0,117186,117246,RIEGER,27,und,KON,und,33224,,
tg,rfd2.0,117186,117246,RIEGER,27,nicht,PTKNEG,nicht,33224,,
tg,rfd2.0,117186,117246,RIEGER,27,wozu,PWAV,wozu,33224,,
tg,rfd2.0,117186,117246,RIEGER,27,"!",$.,--,33224,,
tg,rfd2.0,117251,117288,Generalin Rieger.,2,Na,ITJ,na,33224,,
tg,rfd2.0,117251,117288,Generalin Rieger.,2,",","$,",--,33224,,
tg,rfd2.0,117251,117288,Generalin Rieger.,2,fang,VVFIN,fingen,33224,,
tg,rfd2.0,117251,117288,Generalin Rieger.,2,du,PPER,du,33224,,
tg,rfd2.0,117251,117288,Generalin Rieger.,2,auch,ADV,auch,33224,,
tg,rfd2.0,117251,117288,Generalin Rieger.,2,noch,ADV,noch,33224,,
tg,rfd2.0,117251,117288,Generalin Rieger.,2,an,APPR,an,33224,,
tg,rfd2.0,117251,117288,Generalin Rieger.,2,"!",$.,--,33224,,
tg,rfd2.0,117293,118177,"Hauptmann von Silberkalb, Kammerherr.",5,Ich,PPER,ich,33224,,
tg,rfd2.0,117293,118177,"Hauptmann von Silberkalb, Kammerherr.",5,bin,VAFIN,sein,33224,,
tg,rfd2.0,117293,118177,"Hauptmann von Silberkalb, Kammerherr.",5,bestürzt,ADJD,bestürzt,33224,,
tg,rfd2.0,117293,118177,"Hauptmann von Silberkalb, Kammerherr.",5,über,APPR,über,33224,,
tg,rfd2.0,117293,118177,"Hauptmann von Silberkalb, Kammerherr.",5,die,ART,der,33224,,
tg,rfd2.0,117293,118177,"Hauptmann von Silberkalb, Kammerherr.",5,Ungnade,NN,ungnade,33224,,
tg,rfd2.0,117293,118177,"Hauptmann von Silberkalb, Kammerherr.",5,der,ART,der,33224,,
tg,rfd2.0,117293,118177,"Hauptmann von Silberkalb, Kammerherr.",5,erlauchten,ADJA,erlaucht,33224,,
tg,rfd2.0,117293,118177,"Hauptmann von Silberkalb, Kammerherr.",5,Frau,NN,frau,33224,,
tg,rfd2.0,117293,118177,"Hauptmann von Silberkalb, Kammerherr.",5,",","$,",--,33224,,
tg,rfd2.0,117293,118177,"Hauptmann von Silberkalb, Kammerherr.",5,aber,KON,aber,33224,,
tg,rfd2.0,117293,118177,"Hauptmann von Silberkalb, Kammerherr.",5,ich,PPER,ich,33224,"Hauptmann von Silberkalb, Kammerherr.",5
tg,rfd2.0,117293,118177,"Hauptmann von Silberkalb, Kammerherr.",5,kenne,VVFIN,kennen,33224,,
tg,rfd2.0,117293,118177,"Hauptmann von Silberkalb, Kammerherr.",5,mir,PPER,sich,33224,"Hauptmann von Silberkalb, Kammerherr.",5
tg,rfd2.0,117293,118177,"Hauptmann von Silberkalb, Kammerherr.",5,gar,ADV,gar,33224,,
tg,rfd2.0,117293,118177,"Hauptmann von Silberkalb, Kammerherr.",5,kein,PIAT,kein,33224,,
tg,rfd2.0,117293,118177,"Hauptmann von Silberkalb, Kammerherr.",5,anderes,ADJA,anderer,33224,,
tg,rfd2.0,117293,118177,"Hauptmann von Silberkalb, Kammerherr.",5,point,FM,poinen,33224,,
tg,rfd2.0,117293,118177,"Hauptmann von Silberkalb, Kammerherr.",5,de,FM,de,33224,,
tg,rfd2.0,117293,118177,"Hauptmann von Silberkalb, Kammerherr.",5,vue,FM,vue,33224,,
tg,rfd2.0,117293,118177,"Hauptmann von Silberkalb, Kammerherr.",5,für,APPR,für,33224,,
tg,rfd2.0,117293,118177,"Hauptmann von Silberkalb, Kammerherr.",5,solche,PIAT,solcher,33224,,
tg,rfd2.0,117293,118177,"Hauptmann von Silberkalb, Kammerherr.",5,Verhältnisse,NN,verhältnis,33224,,
tg,rfd2.0,117293,118177,"Hauptmann von Silberkalb, Kammerherr.",5,.,$.,--,33224,,
tg,rfd2.0,117293,118177,"Hauptmann von Silberkalb, Kammerherr.",5,Diese,PDAT,dieser,33224,,
tg,rfd2.0,117293,118177,"Hauptmann von Silberkalb, Kammerherr.",5,jungen,ADJA,jung,33224,,
tg,rfd2.0,117293,118177,"Hauptmann von Silberkalb, Kammerherr.",5,Leute,NN,leute,33224,,
tg,rfd2.0,117293,118177,"Hauptmann von Silberkalb, Kammerherr.",5,",","$,",--,33224,,
tg,rfd2.0,117293,118177,"Hauptmann von Silberkalb, Kammerherr.",5,zum,APPRART,zu,33224,,
tg,rfd2.0,117293,118177,"Hauptmann von Silberkalb, Kammerherr.",5,Teil,NN,teil,33224,,
tg,rfd2.0,117293,118177,"Hauptmann von Silberkalb, Kammerherr.",5,bürgerlicher,ADJA,bürgerlich,33224,,
tg,rfd2.0,117293,118177,"Hauptmann von Silberkalb, Kammerherr.",5,Herkunft,NN,herkunft,33224,,
tg,rfd2.0,117293,118177,"Hauptmann von Silberkalb, Kammerherr.",5,",","$,",--,33224,,
tg,rfd2.0,117293,118177,"Hauptmann von Silberkalb, Kammerherr.",5,sind,VAFIN,sein,33224,,
tg,rfd2.0,117293,118177,"Hauptmann von Silberkalb, Kammerherr.",5,ja,ADV,ja,33224,,
tg,rfd2.0,117293,118177,"Hauptmann von Silberkalb, Kammerherr.",5,ungemein,ADV,ungemein,33224,,
tg,rfd2.0,117293,118177,"Hauptmann von Silberkalb, Kammerherr.",5,bedenklich,ADJD,bedenklich,33224,,
tg,rfd2.0,117293,118177,"Hauptmann von Silberkalb, Kammerherr.",5,für,APPR,für,33224,,
tg,rfd2.0,117293,118177,"Hauptmann von Silberkalb, Kammerherr.",5,uns,PPER,uns,33224,,
tg,rfd2.0,117293,118177,"Hauptmann von Silberkalb, Kammerherr.",5,Edelleute,NN,edelleute,33224,,
tg,rfd2.0,117293,118177,"Hauptmann von Silberkalb, Kammerherr.",5,",","$,",--,33224,,
tg,rfd2.0,117293,118177,"Hauptmann von Silberkalb, Kammerherr.",5,die,PRELS,der,33224,,
tg,rfd2.0,117293,118177,"Hauptmann von Silberkalb, Kammerherr.",5,wir,PPER,wir,33224,,
tg,rfd2.0,117293,118177,"Hauptmann von Silberkalb, Kammerherr.",5,nicht,PTKNEG,nicht,33224,,
tg,rfd2.0,117293,118177,"Hauptmann von Silberkalb, Kammerherr.",5,mit,APPR,mit,33224,,
tg,rfd2.0,117293,118177,"Hauptmann von Silberkalb, Kammerherr.",5,Grundeigentum,NN,grundeigentum,33224,,
tg,rfd2.0,117293,118177,"Hauptmann von Silberkalb, Kammerherr.",5,und,KON,und,33224,,
tg,rfd2.0,117293,118177,"Hauptmann von Silberkalb, Kammerherr.",5,Grundmacht,NN,grundmacht,33224,,
tg,rfd2.0,117293,118177,"Hauptmann von Silberkalb, Kammerherr.",5,des,ART,der,33224,,
tg,rfd2.0,117293,118177,"Hauptmann von Silberkalb, Kammerherr.",5,hohen,ADJA,hoch,33224,,
tg,rfd2.0,117293,118177,"Hauptmann von Silberkalb, Kammerherr.",5,Adels,NN,adel,33224,,
tg,rfd2.0,117293,118177,"Hauptmann von Silberkalb, Kammerherr.",5,ausgestattet,VVPP,ausstatten,33224,,
tg,rfd2.0,117293,118177,"Hauptmann von Silberkalb, Kammerherr.",5,",","$,",--,33224,,
tg,rfd2.0,117293,118177,"Hauptmann von Silberkalb, Kammerherr.",5,sondern,KON,sondern,33224,,
tg,rfd2.0,117293,118177,"Hauptmann von Silberkalb, Kammerherr.",5,allein,ADV,allein,33224,,
tg,rfd2.0,117293,118177,"Hauptmann von Silberkalb, Kammerherr.",5,vom,APPRART,von,33224,,
tg,rfd2.0,117293,118177,"Hauptmann von Silberkalb, Kammerherr.",5,Dienst,NN,dienst,33224,,
tg,rfd2.0,117293,118177,"Hauptmann von Silberkalb, Kammerherr.",5,und,KON,und,33224,,
tg,rfd2.0,117293,118177,"Hauptmann von Silberkalb, Kammerherr.",5,Einfluß,NN,einfluß,33224,,
tg,rfd2.0,117293,118177,"Hauptmann von Silberkalb, Kammerherr.",5,bei,APPR,bei,33224,,
tg,rfd2.0,117293,118177,"Hauptmann von Silberkalb, Kammerherr.",5,Hofe,NE,hof,33224,,
tg,rfd2.0,117293,118177,"Hauptmann von Silberkalb, Kammerherr.",5,abhängig,ADJD,abhängig,33224,,
tg,rfd2.0,117293,118177,"Hauptmann von Silberkalb, Kammerherr.",5,sind,VAFIN,sein,33224,,
tg,rfd2.0,117293,118177,"Hauptmann von Silberkalb, Kammerherr.",5,.,$.,--,33224,,
tg,rfd2.0,117293,118177,"Hauptmann von Silberkalb, Kammerherr.",5,Diese,PDAT,dieser,33224,,
tg,rfd2.0,117293,118177,"Hauptmann von Silberkalb, Kammerherr.",5,jungen,ADJA,jung,33224,,
tg,rfd2.0,117293,118177,"Hauptmann von Silberkalb, Kammerherr.",5,Leute,NN,leute,33224,,
tg,rfd2.0,117293,118177,"Hauptmann von Silberkalb, Kammerherr.",5,werden,VAFIN,werden,33224,,
tg,rfd2.0,117293,118177,"Hauptmann von Silberkalb, Kammerherr.",5,mit,APPR,mit,33224,,
tg,rfd2.0,117293,118177,"Hauptmann von Silberkalb, Kammerherr.",5,Kenntnissen,NN,kenntnis,33224,,
tg,rfd2.0,117293,118177,"Hauptmann von Silberkalb, Kammerherr.",5,angefüllt,VVPP,anfüllen,33224,,
tg,rfd2.0,117293,118177,"Hauptmann von Silberkalb, Kammerherr.",5,",","$,",--,33224,,
tg,rfd2.0,117293,118177,"Hauptmann von Silberkalb, Kammerherr.",5,welche,PWAT,welcher,33224,,
tg,rfd2.0,117293,118177,"Hauptmann von Silberkalb, Kammerherr.",5,Prätensions,NN,prätension,33224,,
tg,rfd2.0,117293,118177,"Hauptmann von Silberkalb, Kammerherr.",5,erzeugen,VVINF,erzeugen,33224,,
tg,rfd2.0,117293,118177,"Hauptmann von Silberkalb, Kammerherr.",5,.,$.,--,33224,,
tg,rfd2.0,117293,118177,"Hauptmann von Silberkalb, Kammerherr.",5,Was,PWS,was,33224,,
tg,rfd2.0,117293,118177,"Hauptmann von Silberkalb, Kammerherr.",5,von,APPR,von,33224,,
tg,rfd2.0,117293,118177,"Hauptmann von Silberkalb, Kammerherr.",5,diesen,PDAT,dieser,33224,,
tg,rfd2.0,117293,118177,"Hauptmann von Silberkalb, Kammerherr.",5,Prätensions,NN,prätension,33224,,
tg,rfd2.0,117293,118177,"Hauptmann von Silberkalb, Kammerherr.",5,erfüllt,VVPP,erfüllen,33224,,
tg,rfd2.0,117293,118177,"Hauptmann von Silberkalb, Kammerherr.",5,werden,VAINF,werden,33224,,
tg,rfd2.0,117293,118177,"Hauptmann von Silberkalb, Kammerherr.",5,soll,VMFIN,sollen,33224,,
tg,rfd2.0,117293,118177,"Hauptmann von Silberkalb, Kammerherr.",5,",","$,",--,33224,,
tg,rfd2.0,117293,118177,"Hauptmann von Silberkalb, Kammerherr.",5,das,PDS,der,33224,,
tg,rfd2.0,117293,118177,"Hauptmann von Silberkalb, Kammerherr.",5,kann,VMFIN,können,33224,,
tg,rfd2.0,117293,118177,"Hauptmann von Silberkalb, Kammerherr.",5,ja,ADV,ja,33224,,
tg,rfd2.0,117293,118177,"Hauptmann von Silberkalb, Kammerherr.",5,nur,ADV,nur,33224,,
tg,rfd2.0,117293,118177,"Hauptmann von Silberkalb, Kammerherr.",5,erfüllt,VVPP,erfüllen,33224,,
tg,rfd2.0,117293,118177,"Hauptmann von Silberkalb, Kammerherr.",5,werden,VAFIN,werden,33224,,
tg,rfd2.0,117293,118177,"Hauptmann von Silberkalb, Kammerherr.",5,auf,APPR,auf,33224,,
tg,rfd2.0,117293,118177,"Hauptmann von Silberkalb, Kammerherr.",5,unsere,PPOSAT,unser,33224,,
tg,rfd2.0,117293,118177,"Hauptmann von Silberkalb, Kammerherr.",5,Kosten,NN,kosten,33224,,
tg,rfd2.0,117293,118177,"Hauptmann von Silberkalb, Kammerherr.",5,.,$.,--,33224,,
tg,rfd2.0,117293,118177,"Hauptmann von Silberkalb, Kammerherr.",5,Unter,APPR,unter,33224,,
tg,rfd2.0,117293,118177,"Hauptmann von Silberkalb, Kammerherr.",5,diesen,PDAT,dieser,33224,,
tg,rfd2.0,117293,118177,"Hauptmann von Silberkalb, Kammerherr.",5,jungen,ADJA,jung,33224,,
tg,rfd2.0,117293,118177,"Hauptmann von Silberkalb, Kammerherr.",5,Leuten,NN,leute,33224,,
tg,rfd2.0,117293,118177,"Hauptmann von Silberkalb, Kammerherr.",5,wachsen,VVFIN,wachsen,33224,,
tg,rfd2.0,117293,118177,"Hauptmann von Silberkalb, Kammerherr.",5,sogenannte,ADJA,sogenannter,33224,,
tg,rfd2.0,117293,118177,"Hauptmann von Silberkalb, Kammerherr.",5,Genies,NN,genie,33224,,
tg,rfd2.0,117293,118177,"Hauptmann von Silberkalb, Kammerherr.",5,auf,PTKVZ,auf,33224,,
tg,rfd2.0,117293,118177,"Hauptmann von Silberkalb, Kammerherr.",5,",","$,",--,33224,,
tg,rfd2.0,117293,118177,"Hauptmann von Silberkalb, Kammerherr.",5,welche,PWAT,welcher,33224,,
tg,rfd2.0,117293,118177,"Hauptmann von Silberkalb, Kammerherr.",5,gar,ADV,gar,33224,,
tg,rfd2.0,117293,118177,"Hauptmann von Silberkalb, Kammerherr.",5,keinen,PIAT,kein,33224,,
tg,rfd2.0,117293,118177,"Hauptmann von Silberkalb, Kammerherr.",5,Unterschied,NN,unterschied,33224,,
tg,rfd2.0,117293,118177,"Hauptmann von Silberkalb, Kammerherr.",5,unter,APPR,unter,33224,,
tg,rfd2.0,117293,118177,"Hauptmann von Silberkalb, Kammerherr.",5,den,ART,der,33224,,
tg,rfd2.0,117293,118177,"Hauptmann von Silberkalb, Kammerherr.",5,Ständen,NN,stand,33224,,
tg,rfd2.0,117293,118177,"Hauptmann von Silberkalb, Kammerherr.",5,einräumen,VVINF,einräumen,33224,,
tg,rfd2.0,117293,118177,"Hauptmann von Silberkalb, Kammerherr.",5,",","$,",--,33224,,
tg,rfd2.0,117293,118177,"Hauptmann von Silberkalb, Kammerherr.",5,es,PPER,es,33224,,
tg,rfd2.0,117293,118177,"Hauptmann von Silberkalb, Kammerherr.",5,fehlt,VVFIN,fehlen,33224,,
tg,rfd2.0,117293,118177,"Hauptmann von Silberkalb, Kammerherr.",5,nur,ADV,nur,33224,,
tg,rfd2.0,117293,118177,"Hauptmann von Silberkalb, Kammerherr.",5,noch,ADV,noch,33224,,
tg,rfd2.0,117293,118177,"Hauptmann von Silberkalb, Kammerherr.",5,",","$,",--,33224,,
tg,rfd2.0,117293,118177,"Hauptmann von Silberkalb, Kammerherr.",5,daß,KOUS,daß,33224,,
tg,rfd2.0,117293,118177,"Hauptmann von Silberkalb, Kammerherr.",5,man,PIS,man,33224,,
tg,rfd2.0,117293,118177,"Hauptmann von Silberkalb, Kammerherr.",5,ihnen,PPER,ihnen,33224,,
tg,rfd2.0,117293,118177,"Hauptmann von Silberkalb, Kammerherr.",5,glaubt,VVFIN,glauben,33224,,
tg,rfd2.0,117293,118177,"Hauptmann von Silberkalb, Kammerherr.",5,oder,KON,oder,33224,,
tg,rfd2.0,117293,118177,"Hauptmann von Silberkalb, Kammerherr.",5,daß,KOUS,daß,33224,,
tg,rfd2.0,117293,118177,"Hauptmann von Silberkalb, Kammerherr.",5,man,PIS,man,33224,,
tg,rfd2.0,117293,118177,"Hauptmann von Silberkalb, Kammerherr.",5,sie,PPER,sie,33224,,
tg,rfd2.0,117293,118177,"Hauptmann von Silberkalb, Kammerherr.",5,gewähren,VVINF,gewähren,33224,,
tg,rfd2.0,117293,118177,"Hauptmann von Silberkalb, Kammerherr.",5,läßt,VVFIN,lassen,33224,,
tg,rfd2.0,117293,118177,"Hauptmann von Silberkalb, Kammerherr.",5,in,APPR,in,33224,,
tg,rfd2.0,117293,118177,"Hauptmann von Silberkalb, Kammerherr.",5,ihren,PPOSAT,ihr,33224,,
tg,rfd2.0,117293,118177,"Hauptmann von Silberkalb, Kammerherr.",5,tollen,ADJA,toll,33224,,
tg,rfd2.0,117293,118177,"Hauptmann von Silberkalb, Kammerherr.",5,Streichen,NN,streichen,33224,,
tg,rfd2.0,117293,118177,"Hauptmann von Silberkalb, Kammerherr.",5,",","$,",--,33224,,
tg,rfd2.0,117293,118177,"Hauptmann von Silberkalb, Kammerherr.",5,dann,ADV,dann,33224,,
tg,rfd2.0,117293,118177,"Hauptmann von Silberkalb, Kammerherr.",5,müßten,VMFIN,müssen,33224,,
tg,rfd2.0,117293,118177,"Hauptmann von Silberkalb, Kammerherr.",5,wir,PPER,wir,33224,,
tg,rfd2.0,117293,118177,"Hauptmann von Silberkalb, Kammerherr.",5,uns,PRF,uns,33224,,
tg,rfd2.0,117293,118177,"Hauptmann von Silberkalb, Kammerherr.",5,am,APPRART,an,33224,,
tg,rfd2.0,117293,118177,"Hauptmann von Silberkalb, Kammerherr.",5,Ende,NN,ende,33224,,
tg,rfd2.0,117293,118177,"Hauptmann von Silberkalb, Kammerherr.",5,an,APPR,an,33224,,
tg,rfd2.0,117293,118177,"Hauptmann von Silberkalb, Kammerherr.",5,einem,ART,ein,33224,,
tg,rfd2.0,117293,118177,"Hauptmann von Silberkalb, Kammerherr.",5,schönen,ADJA,schön,33224,,
tg,rfd2.0,117293,118177,"Hauptmann von Silberkalb, Kammerherr.",5,Morgen,NN,morgen,33224,,
tg,rfd2.0,117293,118177,"Hauptmann von Silberkalb, Kammerherr.",5,fragen,VVFIN,fragen,33224,,
tg,rfd2.0,117293,118177,"Hauptmann von Silberkalb, Kammerherr.",5,:,$.,--,33224,,
tg,rfd2.0,117293,118177,"Hauptmann von Silberkalb, Kammerherr.",5,Wozu,PWAV,wozu,33224,,
tg,rfd2.0,117293,118177,"Hauptmann von Silberkalb, Kammerherr.",5,sind,VAFIN,sein,33224,,
tg,rfd2.0,117293,118177,"Hauptmann von Silberkalb, Kammerherr.",5,wir,PPER,wir,33224,,
tg,rfd2.0,117293,118177,"Hauptmann von Silberkalb, Kammerherr.",5,denn,ADV,denn,33224,,
tg,rfd2.0,117293,118177,"Hauptmann von Silberkalb, Kammerherr.",5,auf,APPR,auf,33224,,
tg,rfd2.0,117293,118177,"Hauptmann von Silberkalb, Kammerherr.",5,der,ART,der,33224,,
tg,rfd2.0,117293,118177,"Hauptmann von Silberkalb, Kammerherr.",5,Welt,NN,welt,33224,,
tg,rfd2.0,117293,118177,"Hauptmann von Silberkalb, Kammerherr.",5,?,$.,--,33224,,
tg,rfd2.0,118183,118237,Generalin Rieger.,2,Das,PDS,der,33224,,
tg,rfd2.0,118183,118237,Generalin Rieger.,2,wär,VAFIN,sein,33224,,
tg,rfd2.0,118183,118237,Generalin Rieger.,2,',$[,--,33224,,
tg,rfd2.0,118183,118237,Generalin Rieger.,2,auch,ADV,auch,33224,,
tg,rfd2.0,118183,118237,Generalin Rieger.,2,eine,ART,ein,33224,,
tg,rfd2.0,118183,118237,Generalin Rieger.,2,ganz,ADV,ganz,33224,,
tg,rfd2.0,118183,118237,Generalin Rieger.,2,vernünftige,ADJA,vernünftig,33224,,
tg,rfd2.0,118183,118237,Generalin Rieger.,2,Frage,NN,frage,33224,,
tg,rfd2.0,118183,118237,Generalin Rieger.,2,.,$.,--,33224,,
tg,rfd2.0,118242,118369,Herzog Karl von Württemberg.,0,Die,ART,der,33224,,
tg,rfd2.0,118242,118369,Herzog Karl von Württemberg.,0,Frauen,NN,frau,33224,,
tg,rfd2.0,118242,118369,Herzog Karl von Württemberg.,0,weichen,VVFIN,weichen,33224,,
tg,rfd2.0,118242,118369,Herzog Karl von Württemberg.,0,alle,PIDAT,aller,33224,ALLE,30
tg,rfd2.0,118242,118369,Herzog Karl von Württemberg.,0,drei,CARD,drei,33224,,
tg,rfd2.0,118242,118369,Herzog Karl von Württemberg.,0,auf,APPR,auf,33224,,
tg,rfd2.0,118242,118369,Herzog Karl von Württemberg.,0,die,ART,der,33224,,
tg,rfd2.0,118242,118369,Herzog Karl von Württemberg.,0,rechte,ADJA,rechter,33224,,
tg,rfd2.0,118242,118369,Herzog Karl von Württemberg.,0,Seite,NN,seite,33224,,
tg,rfd2.0,118242,118369,Herzog Karl von Württemberg.,0,in,APPR,in,33224,,
tg,rfd2.0,118242,118369,Herzog Karl von Württemberg.,0,den,ART,der,33224,,
tg,rfd2.0,118242,118369,Herzog Karl von Württemberg.,0,Vordergrund,NN,vordergrund,33224,,
tg,rfd2.0,118242,118369,Herzog Karl von Württemberg.,0,.,$.,--,33224,,
tg,rfd2.0,118375,118435,Gräfin Franziska von Hohenheim.,1,Laßt,VVFIN,lassen,33224,,
tg,rfd2.0,118375,118435,Gräfin Franziska von Hohenheim.,1,uns,PPER,uns,33224,,
tg,rfd2.0,118375,118435,Gräfin Franziska von Hohenheim.,1,zusammenhalten,VVINF,zusammenhalten,33224,,
tg,rfd2.0,118375,118435,Gräfin Franziska von Hohenheim.,1,",","$,",--,33224,,
tg,rfd2.0,118375,118435,Gräfin Franziska von Hohenheim.,1,um,KOUI,um,33224,,
tg,rfd2.0,118375,118435,Gräfin Franziska von Hohenheim.,1,ein,ART,ein,33224,,
tg,rfd2.0,118375,118435,Gräfin Franziska von Hohenheim.,1,Unglück,NN,unglück,33224,,
tg,rfd2.0,118375,118435,Gräfin Franziska von Hohenheim.,1,abzuwenden,VVIZU,abwenden,33224,,
tg,rfd2.0,118375,118435,Gräfin Franziska von Hohenheim.,1,.,$.,--,33224,,
tg,rfd2.0,118442,118461,Generalin Rieger.,2,Jawohl,NE,jawohl,33224,,
tg,rfd2.0,118442,118461,Generalin Rieger.,2,"!",$.,--,33224,,
tg,rfd2.0,118466,118518,"Laura, deren Pflegetochter.",3,Jawohl,NE,jawohl,33224,,
tg,rfd2.0,118466,118518,"Laura, deren Pflegetochter.",3,"!",$.,--,33224,,
tg,rfd2.0,118466,118518,"Laura, deren Pflegetochter.",3,Ich,PPER,ich,33224,,
tg,rfd2.0,118466,118518,"Laura, deren Pflegetochter.",3,weiß,VVFIN,weißn,33224,,
tg,rfd2.0,118466,118518,"Laura, deren Pflegetochter.",3,ein,ART,ein,33224,,
tg,rfd2.0,118466,118518,"Laura, deren Pflegetochter.",3,Mittel,NN,mittel,33224,,
tg,rfd2.0,118466,118518,"Laura, deren Pflegetochter.",3,durch,APPR,durch,33224,,
tg,rfd2.0,118466,118518,"Laura, deren Pflegetochter.",3,den,ART,der,33224,,
tg,rfd2.0,118466,118518,"Laura, deren Pflegetochter.",3,Nette,NN,nette,33224,NETTE,15
tg,rfd2.0,118466,118518,"Laura, deren Pflegetochter.",3,"!",$.,--,33224,,
tg,rfd2.0,118523,118647,Herzog Karl von Württemberg.,0,Was,PWS,was,33224,,
tg,rfd2.0,118523,118647,Herzog Karl von Württemberg.,0,weiß,VVFIN,weiß,33224,,
tg,rfd2.0,118523,118647,Herzog Karl von Württemberg.,0,Er,PPER,er,33224,,
tg,rfd2.0,118523,118647,Herzog Karl von Württemberg.,0,für,APPR,für,33224,,
tg,rfd2.0,118523,118647,Herzog Karl von Württemberg.,0,Namen,NN,name,33224,,
tg,rfd2.0,118523,118647,Herzog Karl von Württemberg.,0,von,APPR,von,33224,,
tg,rfd2.0,118523,118647,Herzog Karl von Württemberg.,0,Seiner,PPOSAT,sein,33224,,
tg,rfd2.0,118523,118647,Herzog Karl von Württemberg.,0,sogenannten,ADJA,sogenannter,33224,,
tg,rfd2.0,118523,118647,Herzog Karl von Württemberg.,0,Bande,NN,Bande,33224,,
tg,rfd2.0,118523,118647,Herzog Karl von Württemberg.,0,?,$.,--,33224,,
tg,rfd2.0,118652,118812,"Hauptmann von Silberkalb, Kammerherr.",5,Von,APPR,von,33224,,
tg,rfd2.0,118652,118812,"Hauptmann von Silberkalb, Kammerherr.",5,den,ART,der,33224,,
tg,rfd2.0,118652,118812,"Hauptmann von Silberkalb, Kammerherr.",5,Eleven,NN,eleven,33224,,
tg,rfd2.0,118652,118812,"Hauptmann von Silberkalb, Kammerherr.",5,ist,VAFIN,sein,33224,,
tg,rfd2.0,118652,118812,"Hauptmann von Silberkalb, Kammerherr.",5,dabei,PROAV,dabei,33224,,
tg,rfd2.0,118652,118812,"Hauptmann von Silberkalb, Kammerherr.",5,:,$.,--,33224,,
tg,rfd2.0,118652,118812,"Hauptmann von Silberkalb, Kammerherr.",5,der,ART,der,33224,,
tg,rfd2.0,118652,118812,"Hauptmann von Silberkalb, Kammerherr.",5,adlige,ADJA,adlig,33224,,
tg,rfd2.0,118652,118812,"Hauptmann von Silberkalb, Kammerherr.",5,Scharpstein,NN,scharpstein,33224,SCHARPSTEIN,16
tg,rfd2.0,118652,118812,"Hauptmann von Silberkalb, Kammerherr.",5,und,KON,und,33224,,
tg,rfd2.0,118652,118812,"Hauptmann von Silberkalb, Kammerherr.",5,von,APPR,von,33224,,
tg,rfd2.0,118652,118812,"Hauptmann von Silberkalb, Kammerherr.",5,Hover,NE,hover,33224,HOVER,17
tg,rfd2.0,118652,118812,"Hauptmann von Silberkalb, Kammerherr.",5,",","$,",--,33224,,
tg,rfd2.0,118652,118812,"Hauptmann von Silberkalb, Kammerherr.",5,der,ART,der,33224,,
tg,rfd2.0,118652,118812,"Hauptmann von Silberkalb, Kammerherr.",5,bürgerliche,ADJA,bürgerlich,33224,,
tg,rfd2.0,118652,118812,"Hauptmann von Silberkalb, Kammerherr.",5,Peters,NE,peters,33224,,
tg,rfd2.0,118652,118812,"Hauptmann von Silberkalb, Kammerherr.",5,und,KON,und,33224,,
tg,rfd2.0,118652,118812,"Hauptmann von Silberkalb, Kammerherr.",5,Pfeiffer,NE,pfeiffer,33224,,
tg,rfd2.0,118652,118812,"Hauptmann von Silberkalb, Kammerherr.",5,und,KON,und,33224,,
tg,rfd2.0,118652,118812,"Hauptmann von Silberkalb, Kammerherr.",5,als,APPR,als,33224,,
tg,rfd2.0,118652,118812,"Hauptmann von Silberkalb, Kammerherr.",5,Rädelsführer,NN,rädelsführer,33224,,
tg,rfd2.0,118652,118812,"Hauptmann von Silberkalb, Kammerherr.",5,der,ART,der,33224,,
tg,rfd2.0,118652,118812,"Hauptmann von Silberkalb, Kammerherr.",5,bürgerliche,ADJA,bürgerlich,33224,,
tg,rfd2.0,118652,118812,"Hauptmann von Silberkalb, Kammerherr.",5,Anton,NE,anton,33224,,
tg,rfd2.0,118652,118812,"Hauptmann von Silberkalb, Kammerherr.",5,Koch,NE,koch,33224,KOCH,20
tg,rfd2.0,118652,118812,"Hauptmann von Silberkalb, Kammerherr.",5,.,$.,--,33224,,
tg,rfd2.0,118818,118851,GENERALIN leise,24,Der,ART,der,33224,,
tg,rfd2.0,118818,118851,GENERALIN leise,24,Schlingel,NN,schlingel,33224,,
tg,rfd2.0,118818,118851,GENERALIN leise,24,"!",$.,--,33224,,
tg,rfd2.0,118856,118882,"Laura, deren Pflegetochter.",3,.,$.,--,33224,,
tg,rfd2.0,118856,118882,"Laura, deren Pflegetochter.",3,Richtig,ADJD,richtig,33224,,
tg,rfd2.0,118856,118882,"Laura, deren Pflegetochter.",3,"!",$.,--,33224,,
tg,rfd2.0,118887,118986,"Hauptmann von Silberkalb, Kammerherr.",5,Der,ART,der,33224,,
tg,rfd2.0,118887,118986,"Hauptmann von Silberkalb, Kammerherr.",5,Haupträdelsführer,NN,haupträdelsführer,33224,,
tg,rfd2.0,118887,118986,"Hauptmann von Silberkalb, Kammerherr.",5,aus,APPR,aus,33224,,
tg,rfd2.0,118887,118986,"Hauptmann von Silberkalb, Kammerherr.",5,der,ART,der,33224,,
tg,rfd2.0,118887,118986,"Hauptmann von Silberkalb, Kammerherr.",5,Stadt,NN,stadt,33224,,
tg,rfd2.0,118887,118986,"Hauptmann von Silberkalb, Kammerherr.",5,aber,ADV,aber,33224,,
tg,rfd2.0,118887,118986,"Hauptmann von Silberkalb, Kammerherr.",5,ist,VAFIN,sein,33224,,
tg,rfd2.0,118887,118986,"Hauptmann von Silberkalb, Kammerherr.",5,der,ART,der,33224,,
tg,rfd2.0,118887,118986,"Hauptmann von Silberkalb, Kammerherr.",5,bürgerliche,ADJA,bürgerlich,33224,,
tg,rfd2.0,118887,118986,"Hauptmann von Silberkalb, Kammerherr.",5,Regimentsmedikus,NN,regimentsmedikus,33224,,
tg,rfd2.0,118887,118986,"Hauptmann von Silberkalb, Kammerherr.",5,Schiller,NE,schiller,33224,SCHILLER,29
tg,rfd2.0,118887,118986,"Hauptmann von Silberkalb, Kammerherr.",5,.,$.,--,33224,,
tg,rfd2.0,118991,119022,Herzog Karl von Württemberg.,0,Das,ART,der,33224,,
tg,rfd2.0,118991,119022,Herzog Karl von Württemberg.,0,sieht,VVFIN,sehen,33224,,
tg,rfd2.0,118991,119022,Herzog Karl von Württemberg.,0,ihm,PPER,ihm,33224,,
tg,rfd2.0,118991,119022,Herzog Karl von Württemberg.,0,ähnlich,ADJD,ähnlich,33224,,
tg,rfd2.0,118991,119022,Herzog Karl von Württemberg.,0,"!",$.,--,33224,,
tg,rfd2.0,119027,119531,"Hauptmann von Silberkalb, Kammerherr.",5,Welchem,NE,welcher,33224,,
tg,rfd2.0,119027,119531,"Hauptmann von Silberkalb, Kammerherr.",5,ein,ART,ein,33224,,
tg,rfd2.0,119027,119531,"Hauptmann von Silberkalb, Kammerherr.",5,bürgerlicher,ADJA,bürgerlich,33224,,
tg,rfd2.0,119027,119531,"Hauptmann von Silberkalb, Kammerherr.",5,Musiker,NN,musiker,33224,,
tg,rfd2.0,119027,119531,"Hauptmann von Silberkalb, Kammerherr.",5,Streicher,NN,streich,33224,,
tg,rfd2.0,119027,119531,"Hauptmann von Silberkalb, Kammerherr.",5,als,APPR,als,33224,,
tg,rfd2.0,119027,119531,"Hauptmann von Silberkalb, Kammerherr.",5,Galopin,NN,galopin,33224,,
tg,rfd2.0,119027,119531,"Hauptmann von Silberkalb, Kammerherr.",5,dienen,VVINF,dienen,33224,,
tg,rfd2.0,119027,119531,"Hauptmann von Silberkalb, Kammerherr.",5,",","$,",--,33224,,
tg,rfd2.0,119027,119531,"Hauptmann von Silberkalb, Kammerherr.",5,und,KON,und,33224,,
tg,rfd2.0,119027,119531,"Hauptmann von Silberkalb, Kammerherr.",5,sogar,ADV,sogar,33224,,
tg,rfd2.0,119027,119531,"Hauptmann von Silberkalb, Kammerherr.",5,ein,ART,ein,33224,,
tg,rfd2.0,119027,119531,"Hauptmann von Silberkalb, Kammerherr.",5,bürgerlicher,ADJA,bürgerlich,33224,,
tg,rfd2.0,119027,119531,"Hauptmann von Silberkalb, Kammerherr.",5,Leutnant,NN,leutnant,33224,,
tg,rfd2.0,119027,119531,"Hauptmann von Silberkalb, Kammerherr.",5,Kapf,NE,kapf,33224,,
tg,rfd2.0,119027,119531,"Hauptmann von Silberkalb, Kammerherr.",5,anhängen,VVINF,anhängen,33224,,
tg,rfd2.0,119027,119531,"Hauptmann von Silberkalb, Kammerherr.",5,soll,VMFIN,sollen,33224,,
tg,rfd2.0,119027,119531,"Hauptmann von Silberkalb, Kammerherr.",5,",","$,",--,33224,,
tg,rfd2.0,119027,119531,"Hauptmann von Silberkalb, Kammerherr.",5,wie,PWAV,wie,33224,,
tg,rfd2.0,119027,119531,"Hauptmann von Silberkalb, Kammerherr.",5,er,PPER,er,33224,,
tg,rfd2.0,119027,119531,"Hauptmann von Silberkalb, Kammerherr.",5,denn,ADV,denn,33224,,
tg,rfd2.0,119027,119531,"Hauptmann von Silberkalb, Kammerherr.",5,überhaupt,ADV,überhaupt,33224,,
tg,rfd2.0,119027,119531,"Hauptmann von Silberkalb, Kammerherr.",5,in,APPR,in,33224,,
tg,rfd2.0,119027,119531,"Hauptmann von Silberkalb, Kammerherr.",5,der,ART,der,33224,,
tg,rfd2.0,119027,119531,"Hauptmann von Silberkalb, Kammerherr.",5,Bürgerklasse,NN,bürgerklasse,33224,,
tg,rfd2.0,119027,119531,"Hauptmann von Silberkalb, Kammerherr.",5,als,APPR,als,33224,,
tg,rfd2.0,119027,119531,"Hauptmann von Silberkalb, Kammerherr.",5,ein,ART,ein,33224,,
tg,rfd2.0,119027,119531,"Hauptmann von Silberkalb, Kammerherr.",5,verwegnes,ADJA,verwegn,33224,,
tg,rfd2.0,119027,119531,"Hauptmann von Silberkalb, Kammerherr.",5,Genie,NN,genie,33224,,
tg,rfd2.0,119027,119531,"Hauptmann von Silberkalb, Kammerherr.",5,betrachtet,VVPP,betrachten,33224,,
tg,rfd2.0,119027,119531,"Hauptmann von Silberkalb, Kammerherr.",5,wird,VAFIN,werden,33224,,
tg,rfd2.0,119027,119531,"Hauptmann von Silberkalb, Kammerherr.",5,.,$.,--,33224,,
tg,rfd2.0,119027,119531,"Hauptmann von Silberkalb, Kammerherr.",5,Ich,PPER,ich,33224,,
tg,rfd2.0,119027,119531,"Hauptmann von Silberkalb, Kammerherr.",5,habe,VAFIN,haben,33224,,
tg,rfd2.0,119027,119531,"Hauptmann von Silberkalb, Kammerherr.",5,in,APPR,in,33224,,
tg,rfd2.0,119027,119531,"Hauptmann von Silberkalb, Kammerherr.",5,betracht,VVPP,betracht,33224,,
tg,rfd2.0,119027,119531,"Hauptmann von Silberkalb, Kammerherr.",5,seiner,PPOSAT,sein,33224,,
tg,rfd2.0,119027,119531,"Hauptmann von Silberkalb, Kammerherr.",5,weitere,ADJA,weit,33224,,
tg,rfd2.0,119027,119531,"Hauptmann von Silberkalb, Kammerherr.",5,Nachforschungen,NN,nachforschung,33224,,
tg,rfd2.0,119027,119531,"Hauptmann von Silberkalb, Kammerherr.",5,vorbereitet,VVPP,vorbereiten,33224,,
tg,rfd2.0,119027,119531,"Hauptmann von Silberkalb, Kammerherr.",5,",","$,",--,33224,,
tg,rfd2.0,119027,119531,"Hauptmann von Silberkalb, Kammerherr.",5,welche,PIS,welcher,33224,,
tg,rfd2.0,119027,119531,"Hauptmann von Silberkalb, Kammerherr.",5,die,ART,der,33224,,
tg,rfd2.0,119027,119531,"Hauptmann von Silberkalb, Kammerherr.",5,bedenklichsten,ADJA,bedenklich,33224,,
tg,rfd2.0,119027,119531,"Hauptmann von Silberkalb, Kammerherr.",5,Machinationen,NN,machination,33224,,
tg,rfd2.0,119027,119531,"Hauptmann von Silberkalb, Kammerherr.",5,und,KON,und,33224,,
tg,rfd2.0,119027,119531,"Hauptmann von Silberkalb, Kammerherr.",5,heimlichen,ADJA,heimlich,33224,,
tg,rfd2.0,119027,119531,"Hauptmann von Silberkalb, Kammerherr.",5,Verkehr,NN,verkehr,33224,,
tg,rfd2.0,119027,119531,"Hauptmann von Silberkalb, Kammerherr.",5,mit,APPR,mit,33224,,
tg,rfd2.0,119027,119531,"Hauptmann von Silberkalb, Kammerherr.",5,dem,ART,der,33224,,
tg,rfd2.0,119027,119531,"Hauptmann von Silberkalb, Kammerherr.",5,Auslande,NN,auslande,33224,,
tg,rfd2.0,119027,119531,"Hauptmann von Silberkalb, Kammerherr.",5,betreffen,VVFIN,betreffen,33224,,
tg,rfd2.0,119027,119531,"Hauptmann von Silberkalb, Kammerherr.",5,.,$.,--,33224,,
tg,rfd2.0,119027,119531,"Hauptmann von Silberkalb, Kammerherr.",5,Hierauf,NN,hierauf,33224,,
tg,rfd2.0,119027,119531,"Hauptmann von Silberkalb, Kammerherr.",5,bezieht,VVFIN,beziehen,33224,,
tg,rfd2.0,119027,119531,"Hauptmann von Silberkalb, Kammerherr.",5,sich,PRF,sich,33224,,
tg,rfd2.0,119027,119531,"Hauptmann von Silberkalb, Kammerherr.",5,mein,PPOSAT,mein,33224,"Hauptmann von Silberkalb, Kammerherr.",5
tg,rfd2.0,119027,119531,"Hauptmann von Silberkalb, Kammerherr.",5,vorhin,ADV,vorhin,33224,,
tg,rfd2.0,119027,119531,"Hauptmann von Silberkalb, Kammerherr.",5,erwähnter,ADJA,erwähnt,33224,,
tg,rfd2.0,119027,119531,"Hauptmann von Silberkalb, Kammerherr.",5,Kurier,NN,kurier,33224,,
tg,rfd2.0,119027,119531,"Hauptmann von Silberkalb, Kammerherr.",5,.,$.,--,33224,,
tg,rfd2.0,119027,119531,"Hauptmann von Silberkalb, Kammerherr.",5,Soviel,PIS,soviel,33224,,
tg,rfd2.0,119027,119531,"Hauptmann von Silberkalb, Kammerherr.",5,ist,VAFIN,sein,33224,,
tg,rfd2.0,119027,119531,"Hauptmann von Silberkalb, Kammerherr.",5,bereits,ADV,bereits,33224,,
tg,rfd2.0,119027,119531,"Hauptmann von Silberkalb, Kammerherr.",5,erwiesen,VVPP,erweisen,33224,,
tg,rfd2.0,119027,119531,"Hauptmann von Silberkalb, Kammerherr.",5,",","$,",--,33224,,
tg,rfd2.0,119027,119531,"Hauptmann von Silberkalb, Kammerherr.",5,daß,KOUS,daß,33224,,
tg,rfd2.0,119027,119531,"Hauptmann von Silberkalb, Kammerherr.",5,er,PPER,er,33224,,
tg,rfd2.0,119027,119531,"Hauptmann von Silberkalb, Kammerherr.",5,kürzlich,ADV,kürzlich,33224,,
tg,rfd2.0,119027,119531,"Hauptmann von Silberkalb, Kammerherr.",5,ohne,APPR,ohne,33224,,
tg,rfd2.0,119027,119531,"Hauptmann von Silberkalb, Kammerherr.",5,Urlaub,NN,urlaub,33224,,
tg,rfd2.0,119027,119531,"Hauptmann von Silberkalb, Kammerherr.",5,nach,APPR,nach,33224,,
tg,rfd2.0,119027,119531,"Hauptmann von Silberkalb, Kammerherr.",5,Mannheim,NE,mannheim,33224,,
tg,rfd2.0,119027,119531,"Hauptmann von Silberkalb, Kammerherr.",5,gereist,VVPP,reisen,33224,,
tg,rfd2.0,119027,119531,"Hauptmann von Silberkalb, Kammerherr.",5,ist,VAFIN,sein,33224,,
tg,rfd2.0,119027,119531,"Hauptmann von Silberkalb, Kammerherr.",5,.,$.,--,33224,,
tg,rfd2.0,119536,119571,Herzog Karl von Württemberg.,0,Wo,PWAV,wo,33224,,
tg,rfd2.0,119536,119571,Herzog Karl von Württemberg.,0,hat,VAFIN,haben,33224,,
tg,rfd2.0,119536,119571,Herzog Karl von Württemberg.,0,er,PPER,er,33224,,
tg,rfd2.0,119536,119571,Herzog Karl von Württemberg.,0,denn's,PIAT,denn,33224,,
tg,rfd2.0,119536,119571,Herzog Karl von Württemberg.,0,Geld,NN,geld,33224,,
tg,rfd2.0,119536,119571,Herzog Karl von Württemberg.,0,her,PTKVZ,her,33224,,
tg,rfd2.0,119536,119571,Herzog Karl von Württemberg.,0,?,$.,--,33224,,
tg,rfd2.0,119576,119783,"Hauptmann von Silberkalb, Kammerherr.",5,Es,PPER,es,33224,,
tg,rfd2.0,119576,119783,"Hauptmann von Silberkalb, Kammerherr.",5,ist,VAFIN,sein,33224,,
tg,rfd2.0,119576,119783,"Hauptmann von Silberkalb, Kammerherr.",5,ziemlich,ADV,ziemlich,33224,,
tg,rfd2.0,119576,119783,"Hauptmann von Silberkalb, Kammerherr.",5,wahrscheinlich,ADJD,wahrscheinlich,33224,,
tg,rfd2.0,119576,119783,"Hauptmann von Silberkalb, Kammerherr.",5,",","$,",--,33224,,
tg,rfd2.0,119576,119783,"Hauptmann von Silberkalb, Kammerherr.",5,daß,KOUS,daß,33224,,
tg,rfd2.0,119576,119783,"Hauptmann von Silberkalb, Kammerherr.",5,er,PPER,er,33224,,
tg,rfd2.0,119576,119783,"Hauptmann von Silberkalb, Kammerherr.",5,anonym,ADJD,anonym,33224,,
tg,rfd2.0,119576,119783,"Hauptmann von Silberkalb, Kammerherr.",5,gefährliche,ADJA,gefährlich,33224,,
tg,rfd2.0,119576,119783,"Hauptmann von Silberkalb, Kammerherr.",5,Schriften,NN,schrift,33224,,
tg,rfd2.0,119576,119783,"Hauptmann von Silberkalb, Kammerherr.",5,drucken,VVINF,drucken,33224,,
tg,rfd2.0,119576,119783,"Hauptmann von Silberkalb, Kammerherr.",5,läßt,VVFIN,lassen,33224,,
tg,rfd2.0,119576,119783,"Hauptmann von Silberkalb, Kammerherr.",5,und,KON,und,33224,,
tg,rfd2.0,119576,119783,"Hauptmann von Silberkalb, Kammerherr.",5,damit,PROAV,damit,33224,,
tg,rfd2.0,119576,119783,"Hauptmann von Silberkalb, Kammerherr.",5,Geld,NN,geld,33224,,
tg,rfd2.0,119576,119783,"Hauptmann von Silberkalb, Kammerherr.",5,erwirbt,VVFIN,erwerben,33224,,
tg,rfd2.0,119576,119783,"Hauptmann von Silberkalb, Kammerherr.",5,.,$.,--,33224,,
tg,rfd2.0,119576,119783,"Hauptmann von Silberkalb, Kammerherr.",5,Er,PPER,er,33224,,
tg,rfd2.0,119576,119783,"Hauptmann von Silberkalb, Kammerherr.",5,soll,VMFIN,sollen,33224,,
tg,rfd2.0,119576,119783,"Hauptmann von Silberkalb, Kammerherr.",5,eine,ART,ein,33224,,
tg,rfd2.0,119576,119783,"Hauptmann von Silberkalb, Kammerherr.",5,epouvantable,ADJA,epouvantabel,33224,,
tg,rfd2.0,119576,119783,"Hauptmann von Silberkalb, Kammerherr.",5,Tragödie,NN,tragödie,33224,,
tg,rfd2.0,119576,119783,"Hauptmann von Silberkalb, Kammerherr.",5,",","$,",--,33224,,
tg,rfd2.0,119576,119783,"Hauptmann von Silberkalb, Kammerherr.",5,in,APPR,in,33224,,
tg,rfd2.0,119576,119783,"Hauptmann von Silberkalb, Kammerherr.",5,welcher,ADJA,welcher,33224,,
tg,rfd2.0,119576,119783,"Hauptmann von Silberkalb, Kammerherr.",5,lauter,PIAT,laut,33224,,
tg,rfd2.0,119576,119783,"Hauptmann von Silberkalb, Kammerherr.",5,Spitzbuben,NN,spitzbube,33224,,
tg,rfd2.0,119576,119783,"Hauptmann von Silberkalb, Kammerherr.",5,agieren,VVFIN,agieren,33224,,
tg,rfd2.0,119576,119783,"Hauptmann von Silberkalb, Kammerherr.",5,",","$,",--,33224,,
tg,rfd2.0,119576,119783,"Hauptmann von Silberkalb, Kammerherr.",5,abgefaßt,VVPP,abfassen,33224,,
tg,rfd2.0,119576,119783,"Hauptmann von Silberkalb, Kammerherr.",5,haben,VAFIN,haben,33224,,
tg,rfd2.0,119576,119783,"Hauptmann von Silberkalb, Kammerherr.",5,–,PPER,–,33224,,
tg,rfd2.0,119789,119805,Gräfin Franziska von Hohenheim.,1,O,NE,O,33224,,
tg,rfd2.0,119789,119805,Gräfin Franziska von Hohenheim.,1,Gott,NN,gott,33224,,
tg,rfd2.0,119789,119805,Gräfin Franziska von Hohenheim.,1,"!",$.,--,33224,,
tg,rfd2.0,119810,119831,Generalin Rieger.,2,Der,ART,der,33224,,
tg,rfd2.0,119810,119831,Generalin Rieger.,2,Arme,NN,arm,33224,,
tg,rfd2.0,119810,119831,Generalin Rieger.,2,"!",$.,--,33224,,
tg,rfd2.0,119836,119890,Herzog Karl von Württemberg.,0,Warum,PWAV,warum,33224,,
tg,rfd2.0,119836,119890,Herzog Karl von Württemberg.,0,nicht,PTKNEG,nicht,33224,,
tg,rfd2.0,119836,119890,Herzog Karl von Württemberg.,0,gar,ADV,gar,33224,,
tg,rfd2.0,119836,119890,Herzog Karl von Württemberg.,0,"!",$.,--,33224,,
tg,rfd2.0,119836,119890,Herzog Karl von Württemberg.,0,Dumm,NE,dumm,33224,,
tg,rfd2.0,119836,119890,Herzog Karl von Württemberg.,0,ist,VAFIN,sein,33224,,
tg,rfd2.0,119836,119890,Herzog Karl von Württemberg.,0,der,ART,der,33224,,
tg,rfd2.0,119836,119890,Herzog Karl von Württemberg.,0,Schiller,NE,schiller,33224,SCHILLER,29
tg,rfd2.0,119836,119890,Herzog Karl von Württemberg.,0,nicht,PTKNEG,nicht,33224,,
tg,rfd2.0,119836,119890,Herzog Karl von Württemberg.,0,.,$.,--,33224,,
tg,rfd2.0,119895,119957,"Hauptmann von Silberkalb, Kammerherr.",5,Sogar,ADV,sogar,33224,,
tg,rfd2.0,119895,119957,"Hauptmann von Silberkalb, Kammerherr.",5,ein,ART,ein,33224,,
tg,rfd2.0,119895,119957,"Hauptmann von Silberkalb, Kammerherr.",5,Hundejunge,NN,hundejung,33224,,
tg,rfd2.0,119895,119957,"Hauptmann von Silberkalb, Kammerherr.",5,von,APPR,von,33224,,
tg,rfd2.0,119895,119957,"Hauptmann von Silberkalb, Kammerherr.",5,der,ART,der,33224,,
tg,rfd2.0,119895,119957,"Hauptmann von Silberkalb, Kammerherr.",5,herzoglichen,ADJA,herzoglich,33224,,
tg,rfd2.0,119895,119957,"Hauptmann von Silberkalb, Kammerherr.",5,Livree,NN,livree,33224,,
tg,rfd2.0,119895,119957,"Hauptmann von Silberkalb, Kammerherr.",5,–,XY,–,33224,,
tg,rfd2.0,119962,120005,BLEISTIFT,31,Comment,FM,comment,33224,,
tg,rfd2.0,119962,120005,BLEISTIFT,31,"!",$.,--,33224,,
tg,rfd2.0,120011,120142,"Hauptmann von Silberkalb, Kammerherr.",5,Soll,VMFIN,sollen,33224,,
tg,rfd2.0,120011,120142,"Hauptmann von Silberkalb, Kammerherr.",5,der,ART,der,33224,,
tg,rfd2.0,120011,120142,"Hauptmann von Silberkalb, Kammerherr.",5,Verschwörung,NN,verschwörung,33224,,
tg,rfd2.0,120011,120142,"Hauptmann von Silberkalb, Kammerherr.",5,als,APPR,als,33224,,
tg,rfd2.0,120011,120142,"Hauptmann von Silberkalb, Kammerherr.",5,Spion,NN,spion,33224,,
tg,rfd2.0,120011,120142,"Hauptmann von Silberkalb, Kammerherr.",5,und,KON,und,33224,,
tg,rfd2.0,120011,120142,"Hauptmann von Silberkalb, Kammerherr.",5,Laufbursche,NN,laufbursche,33224,,
tg,rfd2.0,120011,120142,"Hauptmann von Silberkalb, Kammerherr.",5,behilflich,ADJD,behilflich,33224,,
tg,rfd2.0,120011,120142,"Hauptmann von Silberkalb, Kammerherr.",5,sein,VAINF,sein,33224,,
tg,rfd2.0,120011,120142,"Hauptmann von Silberkalb, Kammerherr.",5,",","$,",--,33224,,
tg,rfd2.0,120011,120142,"Hauptmann von Silberkalb, Kammerherr.",5,ein,ART,ein,33224,,
tg,rfd2.0,120011,120142,"Hauptmann von Silberkalb, Kammerherr.",5,Zeichen,NN,zeichen,33224,,
tg,rfd2.0,120011,120142,"Hauptmann von Silberkalb, Kammerherr.",5,",","$,",--,33224,,
tg,rfd2.0,120011,120142,"Hauptmann von Silberkalb, Kammerherr.",5,wie,PWAV,wie,33224,,
tg,rfd2.0,120011,120142,"Hauptmann von Silberkalb, Kammerherr.",5,weit,ADJD,weit,33224,,
tg,rfd2.0,120011,120142,"Hauptmann von Silberkalb, Kammerherr.",5,die,ART,der,33224,,
tg,rfd2.0,120011,120142,"Hauptmann von Silberkalb, Kammerherr.",5,Fäden,NN,faden,33224,,
tg,rfd2.0,120011,120142,"Hauptmann von Silberkalb, Kammerherr.",5,sich,PRF,sich,33224,,
tg,rfd2.0,120011,120142,"Hauptmann von Silberkalb, Kammerherr.",5,schon,ADV,schon,33224,,
tg,rfd2.0,120011,120142,"Hauptmann von Silberkalb, Kammerherr.",5,erstrecken,VVINF,erstrecken,33224,,
tg,rfd2.0,120011,120142,"Hauptmann von Silberkalb, Kammerherr.",5,"!",$.,--,33224,,
tg,rfd2.0,120147,120181,Generalin Rieger.,2,Bis,APPR,bis,33224,,
tg,rfd2.0,120147,120181,Generalin Rieger.,2,in,APPR,in,33224,,
tg,rfd2.0,120147,120181,Generalin Rieger.,2,den,ART,der,33224,,
tg,rfd2.0,120147,120181,Generalin Rieger.,2,Hundestall,NN,hundestall,33224,,
tg,rfd2.0,120147,120181,Generalin Rieger.,2,"!",$.,--,33224,,
tg,rfd2.0,120247,120293,BLEISTIFT,31,Demosell,NE,demosell,33224,,
tg,rfd2.0,120247,120293,BLEISTIFT,31,schestikulieren,VVFIN,schestikulieren,33224,,
tg,rfd2.0,120247,120293,BLEISTIFT,31,–,XY,–,33224,,
tg,rfd2.0,120247,120293,BLEISTIFT,31,"!",$.,--,33224,,
tg,rfd2.0,120298,120353,"Hauptmann von Silberkalb, Kammerherr.",5,Nach,APPR,nach,33224,,
tg,rfd2.0,120298,120353,"Hauptmann von Silberkalb, Kammerherr.",5,neun,CARD,neun,33224,,
tg,rfd2.0,120298,120353,"Hauptmann von Silberkalb, Kammerherr.",5,Uhr,NN,uhr,33224,,
tg,rfd2.0,120298,120353,"Hauptmann von Silberkalb, Kammerherr.",5,pflegen,VVFIN,pflegen,33224,,
tg,rfd2.0,120298,120353,"Hauptmann von Silberkalb, Kammerherr.",5,sie,PPER,sie,33224,,
tg,rfd2.0,120298,120353,"Hauptmann von Silberkalb, Kammerherr.",5,zusammenzukommen,VVIZU,zusammenkommen,33224,,
tg,rfd2.0,120298,120353,"Hauptmann von Silberkalb, Kammerherr.",5,.,$.,--,33224,,
tg,rfd2.0,120359,120375,Herzog Karl von Württemberg.,0,Fertig,ADJD,fertig,33224,,
tg,rfd2.0,120359,120375,Herzog Karl von Württemberg.,0,?,$.,--,33224,,
tg,rfd2.0,120380,120415,"Hauptmann von Silberkalb, Kammerherr.",5,Zu,APPR,zu,33224,,
tg,rfd2.0,120380,120415,"Hauptmann von Silberkalb, Kammerherr.",5,Befehl,NN,befehl,33224,,
tg,rfd2.0,120380,120415,"Hauptmann von Silberkalb, Kammerherr.",5,",","$,",--,33224,,
tg,rfd2.0,120380,120415,"Hauptmann von Silberkalb, Kammerherr.",5,Durchlaucht,NN,durchlaucht,33224,,
tg,rfd2.0,120380,120415,"Hauptmann von Silberkalb, Kammerherr.",5,"!",$.,--,33224,,
tg,rfd2.0,120420,120664,Herzog Karl von Württemberg.,0,Rieger,NN,rieger,33224,RIEGER,27
tg,rfd2.0,120420,120664,Herzog Karl von Württemberg.,0,"!",$.,--,33224,,
tg,rfd2.0,120420,120664,Herzog Karl von Württemberg.,0,Nach,APPR,nach,33224,,
tg,rfd2.0,120420,120664,Herzog Karl von Württemberg.,0,neun,CARD,neun,33224,,
tg,rfd2.0,120420,120664,Herzog Karl von Württemberg.,0,nehm,ADJD,nehm,33224,,
tg,rfd2.0,120420,120664,Herzog Karl von Württemberg.,0,Er,PPER,er,33224,,
tg,rfd2.0,120420,120664,Herzog Karl von Württemberg.,0,sich,PRF,sich,33224,,
tg,rfd2.0,120420,120664,Herzog Karl von Württemberg.,0,drei,CARD,drei,33224,,
tg,rfd2.0,120420,120664,Herzog Karl von Württemberg.,0,Mann,NN,mann,33224,,
tg,rfd2.0,120420,120664,Herzog Karl von Württemberg.,0,von,APPR,von,33224,,
tg,rfd2.0,120420,120664,Herzog Karl von Württemberg.,0,der,ART,der,33224,,
tg,rfd2.0,120420,120664,Herzog Karl von Württemberg.,0,Schloßwache,NN,schloßwache,33224,,
tg,rfd2.0,120420,120664,Herzog Karl von Württemberg.,0,",","$,",--,33224,,
tg,rfd2.0,120420,120664,Herzog Karl von Württemberg.,0,und,KON,und,33224,,
tg,rfd2.0,120420,120664,Herzog Karl von Württemberg.,0,rück,VVFIN,rück,33224,,
tg,rfd2.0,120420,120664,Herzog Karl von Württemberg.,0,Er,PPER,er,33224,,
tg,rfd2.0,120420,120664,Herzog Karl von Württemberg.,0,in,APPR,in,33224,,
tg,rfd2.0,120420,120664,Herzog Karl von Württemberg.,0,das,ART,der,33224,,
tg,rfd2.0,120420,120664,Herzog Karl von Württemberg.,0,Quartier,NN,quartier,33224,,
tg,rfd2.0,120420,120664,Herzog Karl von Württemberg.,0,des,ART,der,33224,,
tg,rfd2.0,120420,120664,Herzog Karl von Württemberg.,0,Schiller,NE,schiller,33224,SCHILLER,29
tg,rfd2.0,120420,120664,Herzog Karl von Württemberg.,0,",","$,",--,33224,,
tg,rfd2.0,120420,120664,Herzog Karl von Württemberg.,0,Hauptstätter,NN,hauptstätter,33224,,
tg,rfd2.0,120420,120664,Herzog Karl von Württemberg.,0,Gasse,NE,gasse,33224,,
tg,rfd2.0,120420,120664,Herzog Karl von Württemberg.,0,neben,APPR,neben,33224,,
tg,rfd2.0,120420,120664,Herzog Karl von Württemberg.,0,dem,ART,der,33224,,
tg,rfd2.0,120420,120664,Herzog Karl von Württemberg.,0,Glockengießer,NN,glockengießer,33224,,
tg,rfd2.0,120420,120664,Herzog Karl von Württemberg.,0,",","$,",--,33224,,
tg,rfd2.0,120420,120664,Herzog Karl von Württemberg.,0,durchsuch,ADJD,durchsuch,33224,,
tg,rfd2.0,120420,120664,Herzog Karl von Württemberg.,0,Er,PPER,er,33224,,
tg,rfd2.0,120420,120664,Herzog Karl von Württemberg.,0,das,ART,der,33224,,
tg,rfd2.0,120420,120664,Herzog Karl von Württemberg.,0,Zimmer,NN,zimmer,33224,,
tg,rfd2.0,120420,120664,Herzog Karl von Württemberg.,0,",","$,",--,33224,,
tg,rfd2.0,120420,120664,Herzog Karl von Württemberg.,0,und,KON,und,33224,,
tg,rfd2.0,120420,120664,Herzog Karl von Württemberg.,0,nehm,ADJD,nehm,33224,,
tg,rfd2.0,120420,120664,Herzog Karl von Württemberg.,0,Er,PPER,er,33224,,
tg,rfd2.0,120420,120664,Herzog Karl von Württemberg.,0,alle,PIS,aller,33224,ALLE,30
tg,rfd2.0,120420,120664,Herzog Karl von Württemberg.,0,verdächtigen,VVFIN,verdächtig,33224,,
tg,rfd2.0,120420,120664,Herzog Karl von Württemberg.,0,Papiere,NN,papier,33224,,
tg,rfd2.0,120420,120664,Herzog Karl von Württemberg.,0,und,KON,und,33224,,
tg,rfd2.0,120420,120664,Herzog Karl von Württemberg.,0,Gegenstände,NN,gegenstand,33224,,
tg,rfd2.0,120420,120664,Herzog Karl von Württemberg.,0,an,APPR,an,33224,,
tg,rfd2.0,120420,120664,Herzog Karl von Württemberg.,0,sich,PRF,sich,33224,,
tg,rfd2.0,120420,120664,Herzog Karl von Württemberg.,0,.,$.,--,33224,,
tg,rfd2.0,120669,120701,RIEGER,27,Zu,APPR,zu,33224,,
tg,rfd2.0,120669,120701,RIEGER,27,Befehl,NN,befehl,33224,,
tg,rfd2.0,120669,120701,RIEGER,27,",","$,",--,33224,,
tg,rfd2.0,120669,120701,RIEGER,27,Durchlaucht,NN,durchlaucht,33224,,
tg,rfd2.0,120669,120701,RIEGER,27,.,$.,--,33224,,
tg,rfd2.0,120706,120734,Generalin Rieger.,2,Weh,VVIMP,weh,33224,,
tg,rfd2.0,120706,120734,Generalin Rieger.,2,uns,PPER,uns,33224,,
tg,rfd2.0,120706,120734,Generalin Rieger.,2,"!",$.,--,33224,,
tg,rfd2.0,120739,120930,Herzog Karl von Württemberg.,0,Sergeant,ADJD,sergeant,33224,,
tg,rfd2.0,120739,120930,Herzog Karl von Württemberg.,0,Bleistift,NN,bleistift,33224,BLEISTIFT,31
tg,rfd2.0,120739,120930,Herzog Karl von Württemberg.,0,.,$.,--,33224,,
tg,rfd2.0,120739,120930,Herzog Karl von Württemberg.,0,Eine,ART,ein,33224,,
tg,rfd2.0,120739,120930,Herzog Karl von Württemberg.,0,Viertelstunde,NN,viertelstunde,33224,,
tg,rfd2.0,120739,120930,Herzog Karl von Württemberg.,0,vor,APPR,vor,33224,,
tg,rfd2.0,120739,120930,Herzog Karl von Württemberg.,0,neun,CARD,neun,33224,,
tg,rfd2.0,120739,120930,Herzog Karl von Württemberg.,0,Uhr,NN,uhr,33224,,
tg,rfd2.0,120739,120930,Herzog Karl von Württemberg.,0,vier,CARD,vier,33224,,
tg,rfd2.0,120739,120930,Herzog Karl von Württemberg.,0,Mann,NN,mann,33224,,
tg,rfd2.0,120739,120930,Herzog Karl von Württemberg.,0,mit,APPR,mit,33224,,
tg,rfd2.0,120739,120930,Herzog Karl von Württemberg.,0,einem,ART,ein,33224,,
tg,rfd2.0,120739,120930,Herzog Karl von Württemberg.,0,Junker,NE,junker,33224,,
tg,rfd2.0,120739,120930,Herzog Karl von Württemberg.,0,aufstellen,VVINF,aufstellen,33224,,
tg,rfd2.0,120739,120930,Herzog Karl von Württemberg.,0,drüben,VVFIN,drüben,33224,,
tg,rfd2.0,120739,120930,Herzog Karl von Württemberg.,0,an,APPR,an,33224,,
tg,rfd2.0,120739,120930,Herzog Karl von Württemberg.,0,der,ART,der,33224,,
tg,rfd2.0,120739,120930,Herzog Karl von Württemberg.,0,Galerie,NN,galerie,33224,,
tg,rfd2.0,120739,120930,Herzog Karl von Württemberg.,0,",","$,",--,33224,,
tg,rfd2.0,120739,120930,Herzog Karl von Württemberg.,0,die,PRELS,der,33224,,
tg,rfd2.0,120739,120930,Herzog Karl von Württemberg.,0,aus,APPR,aus,33224,,
tg,rfd2.0,120739,120930,Herzog Karl von Württemberg.,0,dem,ART,der,33224,,
tg,rfd2.0,120739,120930,Herzog Karl von Württemberg.,0,Schlosse,NN,schloß,33224,,
tg,rfd2.0,120739,120930,Herzog Karl von Württemberg.,0,in,APPR,in,33224,,
tg,rfd2.0,120739,120930,Herzog Karl von Württemberg.,0,die,ART,der,33224,,
tg,rfd2.0,120739,120930,Herzog Karl von Württemberg.,0,Karlsakademie,NN,karlsakademie,33224,,
tg,rfd2.0,120739,120930,Herzog Karl von Württemberg.,0,führt,VVFIN,führen,33224,,
tg,rfd2.0,120739,120930,Herzog Karl von Württemberg.,0,",","$,",--,33224,,
tg,rfd2.0,120739,120930,Herzog Karl von Württemberg.,0,und,KON,und,33224,,
tg,rfd2.0,120739,120930,Herzog Karl von Württemberg.,0,auf,APPR,auf,33224,,
tg,rfd2.0,120739,120930,Herzog Karl von Württemberg.,0,mich,PPER,mich,33224,Herzog Karl von Württemberg.,0
tg,rfd2.0,120739,120930,Herzog Karl von Württemberg.,0,warten,VVINF,warten,33224,,
tg,rfd2.0,120739,120930,Herzog Karl von Württemberg.,0,"!",$.,--,33224,,
tg,rfd2.0,120935,121015,BLEISTIFT,31,Service,NN,service,33224,,
tg,rfd2.0,120935,121015,BLEISTIFT,31,",","$,",--,33224,,
tg,rfd2.0,120935,121015,BLEISTIFT,31,Sire,NN,sire,33224,,
tg,rfd2.0,120935,121015,BLEISTIFT,31,"!",$.,--,33224,,
tg,rfd2.0,120935,121015,BLEISTIFT,31,Laura,NE,laura,33224,,
tg,rfd2.0,120935,121015,BLEISTIFT,31,macht,VVFIN,machen,33224,,
tg,rfd2.0,120935,121015,BLEISTIFT,31,ihm,PPER,ihm,33224,,
tg,rfd2.0,120935,121015,BLEISTIFT,31,Pantomime,NN,pantomime,33224,,
tg,rfd2.0,120935,121015,BLEISTIFT,31,",","$,",--,33224,,
tg,rfd2.0,120935,121015,BLEISTIFT,31,als,KOUS,als,33224,,
tg,rfd2.0,120935,121015,BLEISTIFT,31,wollte,VMFIN,wollen,33224,,
tg,rfd2.0,120935,121015,BLEISTIFT,31,sie,PPER,sie,33224,,
tg,rfd2.0,120935,121015,BLEISTIFT,31,dabei,PROAV,dabei,33224,,
tg,rfd2.0,120935,121015,BLEISTIFT,31,sein,VAINF,sein,33224,,
tg,rfd2.0,120935,121015,BLEISTIFT,31,.,$.,--,33224,,
tg,rfd2.0,121021,121129,Herzog Karl von Württemberg.,0,Die,ART,der,33224,,
tg,rfd2.0,121021,121129,Herzog Karl von Württemberg.,0,Tür,NN,tür,33224,,
tg,rfd2.0,121021,121129,Herzog Karl von Württemberg.,0,",","$,",--,33224,,
tg,rfd2.0,121021,121129,Herzog Karl von Württemberg.,0,welche,PWAT,welcher,33224,,
tg,rfd2.0,121021,121129,Herzog Karl von Württemberg.,0,aus,APPR,aus,33224,,
tg,rfd2.0,121021,121129,Herzog Karl von Württemberg.,0,dem,ART,der,33224,,
tg,rfd2.0,121021,121129,Herzog Karl von Württemberg.,0,Examiniersaale,NN,examiniersaale,33224,,
tg,rfd2.0,121021,121129,Herzog Karl von Württemberg.,0,in,APPR,in,33224,,
tg,rfd2.0,121021,121129,Herzog Karl von Württemberg.,0,meine,PPOSAT,mein,33224,Herzog Karl von Württemberg.,0
tg,rfd2.0,121021,121129,Herzog Karl von Württemberg.,0,Loge,NN,loge,33224,,
tg,rfd2.0,121021,121129,Herzog Karl von Württemberg.,0,hinaufführt,VVPP,hinaufführen,33224,,
tg,rfd2.0,121021,121129,Herzog Karl von Württemberg.,0,",","$,",--,33224,,
tg,rfd2.0,121021,121129,Herzog Karl von Württemberg.,0,ist,VAFIN,sein,33224,,
tg,rfd2.0,121021,121129,Herzog Karl von Württemberg.,0,doch,ADV,doch,33224,,
tg,rfd2.0,121021,121129,Herzog Karl von Württemberg.,0,vom,APPRART,von,33224,,
tg,rfd2.0,121021,121129,Herzog Karl von Württemberg.,0,Saale,NN,saale,33224,,
tg,rfd2.0,121021,121129,Herzog Karl von Württemberg.,0,aus,APZR,aus,33224,,
tg,rfd2.0,121021,121129,Herzog Karl von Württemberg.,0,zu,PTKZU,zu,33224,,
tg,rfd2.0,121021,121129,Herzog Karl von Württemberg.,0,öffnen,VVINF,öffnen,33224,,
tg,rfd2.0,121021,121129,Herzog Karl von Württemberg.,0,?,$.,--,33224,,
tg,rfd2.0,121134,121188,"Hauptmann von Silberkalb, Kammerherr.",5,Ja,PTKANT,ja,33224,,
tg,rfd2.0,121134,121188,"Hauptmann von Silberkalb, Kammerherr.",5,",","$,",--,33224,,
tg,rfd2.0,121134,121188,"Hauptmann von Silberkalb, Kammerherr.",5,sie,PPER,sie,33224,,
tg,rfd2.0,121134,121188,"Hauptmann von Silberkalb, Kammerherr.",5,hat,VAFIN,haben,33224,,
tg,rfd2.0,121134,121188,"Hauptmann von Silberkalb, Kammerherr.",5,einen,ART,ein,33224,,
tg,rfd2.0,121134,121188,"Hauptmann von Silberkalb, Kammerherr.",5,Druckschlüssel,NN,druckschlüssel,33224,,
tg,rfd2.0,121134,121188,"Hauptmann von Silberkalb, Kammerherr.",5,im,APPRART,in,33224,,
tg,rfd2.0,121134,121188,"Hauptmann von Silberkalb, Kammerherr.",5,Saale,NN,saale,33224,,
tg,rfd2.0,121134,121188,"Hauptmann von Silberkalb, Kammerherr.",5,.,$.,--,33224,,
tg,rfd2.0,121193,121253,Herzog Karl von Württemberg.,0,Dann,ADV,dann,33224,,
tg,rfd2.0,121193,121253,Herzog Karl von Württemberg.,0,brauchen,VVFIN,brauchen,33224,,
tg,rfd2.0,121193,121253,Herzog Karl von Württemberg.,0,wir,PPER,wir,33224,,
tg,rfd2.0,121193,121253,Herzog Karl von Württemberg.,0,nicht,PTKNEG,nicht,33224,,
tg,rfd2.0,121193,121253,Herzog Karl von Württemberg.,0,den,ART,der,33224,,
tg,rfd2.0,121193,121253,Herzog Karl von Württemberg.,0,großen,ADJA,groß,33224,,
tg,rfd2.0,121193,121253,Herzog Karl von Württemberg.,0,Umweg,NN,umweg,33224,,
tg,rfd2.0,121193,121253,Herzog Karl von Württemberg.,0,zu,PTKZU,zu,33224,,
tg,rfd2.0,121193,121253,Herzog Karl von Württemberg.,0,machen,VVINF,machen,33224,,
tg,rfd2.0,121193,121253,Herzog Karl von Württemberg.,0,.,$.,--,33224,,
tg,rfd2.0,121258,121313,BLEISTIFT,31,Sire,NN,sire,33224,,
tg,rfd2.0,121258,121313,BLEISTIFT,31,",","$,",--,33224,,
tg,rfd2.0,121258,121313,BLEISTIFT,31,die,ART,der,33224,,
tg,rfd2.0,121258,121313,BLEISTIFT,31,Demosell,NN,demosell,33224,,
tg,rfd2.0,121258,121313,BLEISTIFT,31,Laura,NE,laura,33224,,
tg,rfd2.0,121258,121313,BLEISTIFT,31,macht,VVFIN,machen,33224,,
tg,rfd2.0,121258,121313,BLEISTIFT,31,mir,PPER,sich,33224,BLEISTIFT,31
tg,rfd2.0,121258,121313,BLEISTIFT,31,Avancen,VVINF,avance,33224,,
tg,rfd2.0,121258,121313,BLEISTIFT,31,.,$.,--,33224,,
tg,rfd2.0,121318,121339,Herzog Karl von Württemberg.,0,Halt's,NE,halt,33224,,
tg,rfd2.0,121318,121339,Herzog Karl von Württemberg.,0,Maul,NE,maul,33224,,
tg,rfd2.0,121318,121339,Herzog Karl von Württemberg.,0,"!",$.,--,33224,,
tg,rfd2.0,121344,121360,BLEISTIFT,31,Bon,NE,bon,33224,,
tg,rfd2.0,121344,121360,BLEISTIFT,31,"!",$.,--,33224,,
tg,rfd2.0,121365,121578,Herzog Karl von Württemberg.,0,Und,KON,und,33224,,
tg,rfd2.0,121365,121578,Herzog Karl von Württemberg.,0,ihr,PPOSAT,ihr,33224,,
tg,rfd2.0,121365,121578,Herzog Karl von Württemberg.,0,Frauenzimmer,NN,frauenzimmer,33224,,
tg,rfd2.0,121365,121578,Herzog Karl von Württemberg.,0,",","$,",--,33224,,
tg,rfd2.0,121365,121578,Herzog Karl von Württemberg.,0,laßt,VVFIN,lassen,33224,,
tg,rfd2.0,121365,121578,Herzog Karl von Württemberg.,0,hierbei,PROAV,hierbei,33224,,
tg,rfd2.0,121365,121578,Herzog Karl von Württemberg.,0,eure,ADJA,euer,33224,,
tg,rfd2.0,121365,121578,Herzog Karl von Württemberg.,0,Spielereien,NN,spielerei,33224,,
tg,rfd2.0,121365,121578,Herzog Karl von Württemberg.,0,",","$,",--,33224,,
tg,rfd2.0,121365,121578,Herzog Karl von Württemberg.,0,bis,KOUS,bis,33224,,
tg,rfd2.0,121365,121578,Herzog Karl von Württemberg.,0,ich,PPER,ich,33224,Herzog Karl von Württemberg.,0
tg,rfd2.0,121365,121578,Herzog Karl von Württemberg.,0,auf,APPR,auf,33224,,
tg,rfd2.0,121365,121578,Herzog Karl von Württemberg.,0,dem,ART,der,33224,,
tg,rfd2.0,121365,121578,Herzog Karl von Württemberg.,0,Reinen,NN,rein,33224,,
tg,rfd2.0,121365,121578,Herzog Karl von Württemberg.,0,bin,VAFIN,sein,33224,,
tg,rfd2.0,121365,121578,Herzog Karl von Württemberg.,0,",","$,",--,33224,,
tg,rfd2.0,121365,121578,Herzog Karl von Württemberg.,0,wieviel,PWAV,wieviel,33224,,
tg,rfd2.0,121365,121578,Herzog Karl von Württemberg.,0,Ernsthaftes,NN,ernsthaft,33224,,
tg,rfd2.0,121365,121578,Herzog Karl von Württemberg.,0,an,APPR,an,33224,,
tg,rfd2.0,121365,121578,Herzog Karl von Württemberg.,0,der,ART,der,33224,,
tg,rfd2.0,121365,121578,Herzog Karl von Württemberg.,0,Sache,NN,sache,33224,,
tg,rfd2.0,121365,121578,Herzog Karl von Württemberg.,0,ist,VAFIN,sein,33224,,
tg,rfd2.0,121365,121578,Herzog Karl von Württemberg.,0,.,$.,--,33224,,
tg,rfd2.0,121365,121578,Herzog Karl von Württemberg.,0,Ich,PPER,ich,33224,,
tg,rfd2.0,121365,121578,Herzog Karl von Württemberg.,0,weiß,VVFIN,weiß,33224,,
tg,rfd2.0,121365,121578,Herzog Karl von Württemberg.,0,",","$,",--,33224,,
tg,rfd2.0,121365,121578,Herzog Karl von Württemberg.,0,ihr,PPOSAT,ihr,33224,,
tg,rfd2.0,121365,121578,Herzog Karl von Württemberg.,0,seid,ADJD,sein,33224,,
tg,rfd2.0,121365,121578,Herzog Karl von Württemberg.,0,immer,ADV,immer,33224,,
tg,rfd2.0,121365,121578,Herzog Karl von Württemberg.,0,auf,APPR,auf,33224,,
tg,rfd2.0,121365,121578,Herzog Karl von Württemberg.,0,seinen,PPOSAT,sein,33224,,
tg,rfd2.0,121365,121578,Herzog Karl von Württemberg.,0,der,ART,der,33224,,
tg,rfd2.0,121365,121578,Herzog Karl von Württemberg.,0,Angeklagten,NN,angeklagter,33224,,
tg,rfd2.0,121365,121578,Herzog Karl von Württemberg.,0,",","$,",--,33224,,
tg,rfd2.0,121365,121578,Herzog Karl von Württemberg.,0,besonders,ADV,besonders,33224,,
tg,rfd2.0,121365,121578,Herzog Karl von Württemberg.,0,wenn,KOUS,wenn,33224,,
tg,rfd2.0,121365,121578,Herzog Karl von Württemberg.,0,sie,PPER,sie,33224,,
tg,rfd2.0,121365,121578,Herzog Karl von Württemberg.,0,Verse,NN,vers,33224,,
tg,rfd2.0,121365,121578,Herzog Karl von Württemberg.,0,machen,VVINF,machen,33224,,
tg,rfd2.0,121365,121578,Herzog Karl von Württemberg.,0,.,$.,--,33224,,
tg,rfd2.0,121583,121623,Gräfin Franziska von Hohenheim.,1,Schiller,NE,schiller,33224,SCHILLER,29
tg,rfd2.0,121583,121623,Gräfin Franziska von Hohenheim.,1,ist,VAFIN,sein,33224,,
tg,rfd2.0,121583,121623,Gräfin Franziska von Hohenheim.,1,ein,ART,ein,33224,,
tg,rfd2.0,121583,121623,Gräfin Franziska von Hohenheim.,1,großes,ADJA,groß,33224,,
tg,rfd2.0,121583,121623,Gräfin Franziska von Hohenheim.,1,Talent,NN,talent,33224,,
tg,rfd2.0,121583,121623,Gräfin Franziska von Hohenheim.,1,.,$.,--,33224,,
tg,rfd2.0,121628,121654,"Laura, deren Pflegetochter.",3,Und,KON,und,33224,,
tg,rfd2.0,121628,121654,"Laura, deren Pflegetochter.",3,der,ART,der,33224,,
tg,rfd2.0,121628,121654,"Laura, deren Pflegetochter.",3,Koch,NN,koch,33224,KOCH,20
tg,rfd2.0,121628,121654,"Laura, deren Pflegetochter.",3,auch,ADV,auch,33224,,
tg,rfd2.0,121628,121654,"Laura, deren Pflegetochter.",3,"!",$.,--,33224,,
tg,rfd2.0,121659,122302,Herzog Karl von Württemberg.,0,Wird,VAFIN,werden,33224,,
tg,rfd2.0,121659,122302,Herzog Karl von Württemberg.,0,sich,PRF,sich,33224,,
tg,rfd2.0,121659,122302,Herzog Karl von Württemberg.,0,zeigen,VVINF,zeigen,33224,,
tg,rfd2.0,121659,122302,Herzog Karl von Württemberg.,0,.,$.,--,33224,,
tg,rfd2.0,121659,122302,Herzog Karl von Württemberg.,0,Daß,KOUS,daß,33224,,
tg,rfd2.0,121659,122302,Herzog Karl von Württemberg.,0,er,PPER,er,33224,,
tg,rfd2.0,121659,122302,Herzog Karl von Württemberg.,0,Spitzbubenstücke,NN,spitzbubenstück,33224,,
tg,rfd2.0,121659,122302,Herzog Karl von Württemberg.,0,macht,VVFIN,machen,33224,,
tg,rfd2.0,121659,122302,Herzog Karl von Württemberg.,0,",","$,",--,33224,,
tg,rfd2.0,121659,122302,Herzog Karl von Württemberg.,0,will,VMFIN,wollen,33224,,
tg,rfd2.0,121659,122302,Herzog Karl von Württemberg.,0,ich,PPER,ich,33224,Herzog Karl von Württemberg.,0
tg,rfd2.0,121659,122302,Herzog Karl von Württemberg.,0,auch,ADV,auch,33224,,
tg,rfd2.0,121659,122302,Herzog Karl von Württemberg.,0,noch,ADV,noch,33224,,
tg,rfd2.0,121659,122302,Herzog Karl von Württemberg.,0,nicht,PTKNEG,nicht,33224,,
tg,rfd2.0,121659,122302,Herzog Karl von Württemberg.,0,glauben,VVINF,glauben,33224,,
tg,rfd2.0,121659,122302,Herzog Karl von Württemberg.,0,.,$.,--,33224,,
tg,rfd2.0,121659,122302,Herzog Karl von Württemberg.,0,Generalin,NE,generalin,33224,,
tg,rfd2.0,121659,122302,Herzog Karl von Württemberg.,0,bekräftigt,VVFIN,bekräftigen,33224,,
tg,rfd2.0,121659,122302,Herzog Karl von Württemberg.,0,dies,PDS,dieser,33224,,
tg,rfd2.0,121659,122302,Herzog Karl von Württemberg.,0,durch,APPR,durch,33224,,
tg,rfd2.0,121659,122302,Herzog Karl von Württemberg.,0,Pantomimen,NN,pantomime,33224,,
tg,rfd2.0,121659,122302,Herzog Karl von Württemberg.,0,.,$.,--,33224,,
tg,rfd2.0,121659,122302,Herzog Karl von Württemberg.,0,Aber,KON,aber,33224,,
tg,rfd2.0,121659,122302,Herzog Karl von Württemberg.,0,ein,ART,ein,33224,,
tg,rfd2.0,121659,122302,Herzog Karl von Württemberg.,0,überspannter,ADJA,überspannt,33224,,
tg,rfd2.0,121659,122302,Herzog Karl von Württemberg.,0,Kopf,NN,kopf,33224,,
tg,rfd2.0,121659,122302,Herzog Karl von Württemberg.,0,ist,VAFIN,sein,33224,,
tg,rfd2.0,121659,122302,Herzog Karl von Württemberg.,0,er,PPER,er,33224,,
tg,rfd2.0,121659,122302,Herzog Karl von Württemberg.,0,allerdings,ADV,allerdings,33224,,
tg,rfd2.0,121659,122302,Herzog Karl von Württemberg.,0,.,$.,--,33224,,
tg,rfd2.0,121659,122302,Herzog Karl von Württemberg.,0,Also,ADV,also,33224,,
tg,rfd2.0,121659,122302,Herzog Karl von Württemberg.,0,ruhig,ADJD,ruhig,33224,,
tg,rfd2.0,121659,122302,Herzog Karl von Württemberg.,0,von,APPR,von,33224,,
tg,rfd2.0,121659,122302,Herzog Karl von Württemberg.,0,eurer,ADJA,eurer,33224,,
tg,rfd2.0,121659,122302,Herzog Karl von Württemberg.,0,Seite,NN,seite,33224,,
tg,rfd2.0,121659,122302,Herzog Karl von Württemberg.,0,und,KON,und,33224,,
tg,rfd2.0,121659,122302,Herzog Karl von Württemberg.,0,nach,APPR,nach,33224,,
tg,rfd2.0,121659,122302,Herzog Karl von Württemberg.,0,außen,ADV,außen,33224,,
tg,rfd2.0,121659,122302,Herzog Karl von Württemberg.,0,nicht,PTKNEG,nicht,33224,,
tg,rfd2.0,121659,122302,Herzog Karl von Württemberg.,0,geschwatzt,VVPP,schwatzen,33224,,
tg,rfd2.0,121659,122302,Herzog Karl von Württemberg.,0,",","$,",--,33224,,
tg,rfd2.0,121659,122302,Herzog Karl von Württemberg.,0,bis,KOUS,bis,33224,,
tg,rfd2.0,121659,122302,Herzog Karl von Württemberg.,0,ich,PPER,ich,33224,Herzog Karl von Württemberg.,0
tg,rfd2.0,121659,122302,Herzog Karl von Württemberg.,0,genau,ADJD,genau,33224,,
tg,rfd2.0,121659,122302,Herzog Karl von Württemberg.,0,unterrichtet,VVPP,unterrichten,33224,,
tg,rfd2.0,121659,122302,Herzog Karl von Württemberg.,0,bin,VAFIN,sein,33224,,
tg,rfd2.0,121659,122302,Herzog Karl von Württemberg.,0,.,$.,--,33224,,
tg,rfd2.0,121659,122302,Herzog Karl von Württemberg.,0,Versteht,VVFIN,verstehen,33224,,
tg,rfd2.0,121659,122302,Herzog Karl von Württemberg.,0,ihr,PPER,ihr,33224,,
tg,rfd2.0,121659,122302,Herzog Karl von Württemberg.,0,mich,PRF,mich,33224,Herzog Karl von Württemberg.,0
tg,rfd2.0,121659,122302,Herzog Karl von Württemberg.,0,?,$.,--,33224,,
tg,rfd2.0,121659,122302,Herzog Karl von Württemberg.,0,Ich,PPER,ich,33224,,
tg,rfd2.0,121659,122302,Herzog Karl von Württemberg.,0,sehe,VVFIN,sehen,33224,,
tg,rfd2.0,121659,122302,Herzog Karl von Württemberg.,0,die,ART,der,33224,,
tg,rfd2.0,121659,122302,Herzog Karl von Württemberg.,0,Sache,NN,sache,33224,,
tg,rfd2.0,121659,122302,Herzog Karl von Württemberg.,0,ernsthaft,ADJD,ernsthaft,33224,,
tg,rfd2.0,121659,122302,Herzog Karl von Württemberg.,0,an,PTKVZ,an,33224,,
tg,rfd2.0,121659,122302,Herzog Karl von Württemberg.,0,",","$,",--,33224,,
tg,rfd2.0,121659,122302,Herzog Karl von Württemberg.,0,und,KON,und,33224,,
tg,rfd2.0,121659,122302,Herzog Karl von Württemberg.,0,ihr,PPOSAT,ihr,33224,,
tg,rfd2.0,121659,122302,Herzog Karl von Württemberg.,0,wißt,VVFIN,wissen,33224,,
tg,rfd2.0,121659,122302,Herzog Karl von Württemberg.,0,",","$,",--,33224,,
tg,rfd2.0,121659,122302,Herzog Karl von Württemberg.,0,was,PWS,was,33224,,
tg,rfd2.0,121659,122302,Herzog Karl von Württemberg.,0,das,ART,der,33224,,
tg,rfd2.0,121659,122302,Herzog Karl von Württemberg.,0,sagen,VVINF,sagen,33224,,
tg,rfd2.0,121659,122302,Herzog Karl von Württemberg.,0,will,VMFIN,wollen,33224,,
tg,rfd2.0,121659,122302,Herzog Karl von Württemberg.,0,.,$.,--,33224,,
tg,rfd2.0,121659,122302,Herzog Karl von Württemberg.,0,Damit,KOUS,damit,33224,,
tg,rfd2.0,121659,122302,Herzog Karl von Württemberg.,0,es,PPER,es,33224,,
tg,rfd2.0,121659,122302,Herzog Karl von Württemberg.,0,euch,PRF,euch,33224,,
tg,rfd2.0,121659,122302,Herzog Karl von Württemberg.,0,leichter,ADJD,leicht,33224,,
tg,rfd2.0,121659,122302,Herzog Karl von Württemberg.,0,werde,VAFIN,werden,33224,,
tg,rfd2.0,121659,122302,Herzog Karl von Württemberg.,0,bis,APPR,bis,33224,,
tg,rfd2.0,121659,122302,Herzog Karl von Württemberg.,0,um,APPR,um,33224,,
tg,rfd2.0,121659,122302,Herzog Karl von Württemberg.,0,neun,CARD,neun,33224,,
tg,rfd2.0,121659,122302,Herzog Karl von Württemberg.,0,Uhr,NN,uhr,33224,,
tg,rfd2.0,121659,122302,Herzog Karl von Württemberg.,0,",","$,",--,33224,,
tg,rfd2.0,121659,122302,Herzog Karl von Württemberg.,0,folgt,VVFIN,folgen,33224,,
tg,rfd2.0,121659,122302,Herzog Karl von Württemberg.,0,mir,PPER,sich,33224,Herzog Karl von Württemberg.,0
tg,rfd2.0,121659,122302,Herzog Karl von Württemberg.,0,sogleich,ADV,sogleich,33224,,
tg,rfd2.0,121659,122302,Herzog Karl von Württemberg.,0,zum,APPRART,zu,33224,,
tg,rfd2.0,121659,122302,Herzog Karl von Württemberg.,0,Souper,NN,souper,33224,,
tg,rfd2.0,121659,122302,Herzog Karl von Württemberg.,0,.,$.,--,33224,,
tg,rfd2.0,121659,122302,Herzog Karl von Württemberg.,0,Sie,PPER,sie,33224,,
tg,rfd2.0,121659,122302,Herzog Karl von Württemberg.,0,besonders,ADV,besonders,33224,,
tg,rfd2.0,121659,122302,Herzog Karl von Württemberg.,0,Zu,PTKZU,zu,33224,,
tg,rfd2.0,121659,122302,Herzog Karl von Württemberg.,0,Laura,VVINF,laura,33224,,
tg,rfd2.0,121659,122302,Herzog Karl von Württemberg.,0,.,$.,--,33224,,
tg,rfd2.0,121659,122302,Herzog Karl von Württemberg.,0,lustige,ADJA,lustig,33224,,
tg,rfd2.0,121659,122302,Herzog Karl von Württemberg.,0,Person,NN,person,33224,,
tg,rfd2.0,121659,122302,Herzog Karl von Württemberg.,0,"!",$.,--,33224,,
tg,rfd2.0,121659,122302,Herzog Karl von Württemberg.,0,Ich,PPER,ich,33224,,
tg,rfd2.0,121659,122302,Herzog Karl von Württemberg.,0,weiß,VVFIN,weiß,33224,,
tg,rfd2.0,121659,122302,Herzog Karl von Württemberg.,0,ganz,ADV,ganz,33224,,
tg,rfd2.0,121659,122302,Herzog Karl von Württemberg.,0,wohl,ADV,wohl,33224,,
tg,rfd2.0,121659,122302,Herzog Karl von Württemberg.,0,",","$,",--,33224,,
tg,rfd2.0,121659,122302,Herzog Karl von Württemberg.,0,daß,KOUS,daß,33224,,
tg,rfd2.0,121659,122302,Herzog Karl von Württemberg.,0,Sie,PPER,sie,33224,,
tg,rfd2.0,121659,122302,Herzog Karl von Württemberg.,0,vorzugsweise,ADV,vorzugsweise,33224,,
tg,rfd2.0,121659,122302,Herzog Karl von Württemberg.,0,das,ART,der,33224,,
tg,rfd2.0,121659,122302,Herzog Karl von Württemberg.,0,Vertrauen,NN,vertrauen,33224,,
tg,rfd2.0,121659,122302,Herzog Karl von Württemberg.,0,dieser,PDAT,dieser,33224,,
tg,rfd2.0,121659,122302,Herzog Karl von Württemberg.,0,Herren,NN,herr,33224,,
tg,rfd2.0,121659,122302,Herzog Karl von Württemberg.,0,Poeten,NN,poet,33224,,
tg,rfd2.0,121659,122302,Herzog Karl von Württemberg.,0,genießt,VVFIN,genießen,33224,,
tg,rfd2.0,121659,122302,Herzog Karl von Württemberg.,0,.,$.,--,33224,,
tg,rfd2.0,121659,122302,Herzog Karl von Württemberg.,0,Also,ADV,also,33224,,
tg,rfd2.0,121659,122302,Herzog Karl von Württemberg.,0,zu,APPR,zu,33224,,
tg,rfd2.0,121659,122302,Herzog Karl von Württemberg.,0,Tisch,NN,tisch,33224,,
tg,rfd2.0,121659,122302,Herzog Karl von Württemberg.,0,.,$.,--,33224,,
tg,rfd2.0,121659,122302,Herzog Karl von Württemberg.,0,Er,PPER,er,33224,,
tg,rfd2.0,121659,122302,Herzog Karl von Württemberg.,0,geht,VVFIN,gehen,33224,,
tg,rfd2.0,121659,122302,Herzog Karl von Württemberg.,0,;,$.,--,33224,,
tg,rfd2.0,121659,122302,Herzog Karl von Württemberg.,0,doch,ADV,doch,33224,,
tg,rfd2.0,121659,122302,Herzog Karl von Württemberg.,0,wendet,VVFIN,wenden,33224,,
tg,rfd2.0,121659,122302,Herzog Karl von Württemberg.,0,er,PPER,er,33224,,
tg,rfd2.0,121659,122302,Herzog Karl von Württemberg.,0,sich,PRF,sich,33224,,
tg,rfd2.0,121659,122302,Herzog Karl von Württemberg.,0,sogleich,ADV,sogleich,33224,,
tg,rfd2.0,121659,122302,Herzog Karl von Württemberg.,0,.,$.,--,33224,,
tg,rfd2.0,121659,122302,Herzog Karl von Württemberg.,0,Hauptmann,NE,hauptmann,33224,,
tg,rfd2.0,121659,122302,Herzog Karl von Württemberg.,0,"!",$.,--,33224,,
tg,rfd2.0,121659,122302,Herzog Karl von Württemberg.,0,Nach,APPR,nach,33224,,
tg,rfd2.0,121659,122302,Herzog Karl von Württemberg.,0,hinten,ADV,hinten,33224,,
tg,rfd2.0,121659,122302,Herzog Karl von Württemberg.,0,ab,PTKVZ,ab,33224,,
tg,rfd2.0,121659,122302,Herzog Karl von Württemberg.,0,.,$.,--,33224,,
tg,rfd2.0,122308,122563,"Hauptmann von Silberkalb, Kammerherr.",5,Sobald,KOUS,sobald,33224,,
tg,rfd2.0,122308,122563,"Hauptmann von Silberkalb, Kammerherr.",5,der,ART,der,33224,,
tg,rfd2.0,122308,122563,"Hauptmann von Silberkalb, Kammerherr.",5,Herzog,NE,herzog,33224,,
tg,rfd2.0,122308,122563,"Hauptmann von Silberkalb, Kammerherr.",5,in,APPR,in,33224,,
tg,rfd2.0,122308,122563,"Hauptmann von Silberkalb, Kammerherr.",5,die,ART,der,33224,,
tg,rfd2.0,122308,122563,"Hauptmann von Silberkalb, Kammerherr.",5,Tür,NN,tür,33224,,
tg,rfd2.0,122308,122563,"Hauptmann von Silberkalb, Kammerherr.",5,tritt,VVFIN,treten,33224,,
tg,rfd2.0,122308,122563,"Hauptmann von Silberkalb, Kammerherr.",5,",","$,",--,33224,,
tg,rfd2.0,122308,122563,"Hauptmann von Silberkalb, Kammerherr.",5,hinten,ADV,hinten,33224,,
tg,rfd2.0,122308,122563,"Hauptmann von Silberkalb, Kammerherr.",5,Trommeln,NN,trommel,33224,,
tg,rfd2.0,122308,122563,"Hauptmann von Silberkalb, Kammerherr.",5,.,$.,--,33224,,
tg,rfd2.0,122308,122563,"Hauptmann von Silberkalb, Kammerherr.",5,Diener,NN,diener,33224,,
tg,rfd2.0,122308,122563,"Hauptmann von Silberkalb, Kammerherr.",5,mit,APPR,mit,33224,,
tg,rfd2.0,122308,122563,"Hauptmann von Silberkalb, Kammerherr.",5,Lichtern,NN,lichter,33224,,
tg,rfd2.0,122308,122563,"Hauptmann von Silberkalb, Kammerherr.",5,stürzen,VVINF,stürzen,33224,,
tg,rfd2.0,122308,122563,"Hauptmann von Silberkalb, Kammerherr.",5,herbei,VAFIN,herbei,33224,,
tg,rfd2.0,122308,122563,"Hauptmann von Silberkalb, Kammerherr.",5,und,KON,und,33224,,
tg,rfd2.0,122308,122563,"Hauptmann von Silberkalb, Kammerherr.",5,gehen,VVFIN,gehen,33224,,
tg,rfd2.0,122308,122563,"Hauptmann von Silberkalb, Kammerherr.",5,voraus,ADV,voraus,33224,,
tg,rfd2.0,122308,122563,"Hauptmann von Silberkalb, Kammerherr.",5,rechts,ADV,rechts,33224,,
tg,rfd2.0,122308,122563,"Hauptmann von Silberkalb, Kammerherr.",5,zwischen,APPR,zwischen,33224,,
tg,rfd2.0,122308,122563,"Hauptmann von Silberkalb, Kammerherr.",5,der,ART,der,33224,,
tg,rfd2.0,122308,122563,"Hauptmann von Silberkalb, Kammerherr.",5,Wand,NN,wand,33224,,
tg,rfd2.0,122308,122563,"Hauptmann von Silberkalb, Kammerherr.",5,mit,APPR,mit,33224,,
tg,rfd2.0,122308,122563,"Hauptmann von Silberkalb, Kammerherr.",5,Glastür,NN,glastür,33224,,
tg,rfd2.0,122308,122563,"Hauptmann von Silberkalb, Kammerherr.",5,und,KON,und,33224,,
tg,rfd2.0,122308,122563,"Hauptmann von Silberkalb, Kammerherr.",5,der,ART,der,33224,,
tg,rfd2.0,122308,122563,"Hauptmann von Silberkalb, Kammerherr.",5,Hinterwand,NN,hinterwand,33224,,
tg,rfd2.0,122308,122563,"Hauptmann von Silberkalb, Kammerherr.",5,des,ART,der,33224,,
tg,rfd2.0,122308,122563,"Hauptmann von Silberkalb, Kammerherr.",5,Zimmers,NN,zimmer,33224,,
tg,rfd2.0,122308,122563,"Hauptmann von Silberkalb, Kammerherr.",5,.,$.,--,33224,,
tg,rfd2.0,122569,122645,Herzog Karl von Württemberg.,0,Bleistift,NN,bleistift,33224,BLEISTIFT,31
tg,rfd2.0,122569,122645,Herzog Karl von Württemberg.,0,",","$,",--,33224,,
tg,rfd2.0,122569,122645,Herzog Karl von Württemberg.,0,Arrieregarde,NN,arrieregarde,33224,,
tg,rfd2.0,122569,122645,Herzog Karl von Württemberg.,0,bilden,VVINF,bilden,33224,,
tg,rfd2.0,122569,122645,Herzog Karl von Württemberg.,0,"!",$.,--,33224,,
tg,rfd2.0,122650,122737,BLEISTIFT,31,Service,NN,service,33224,,
tg,rfd2.0,122650,122737,BLEISTIFT,31,",","$,",--,33224,,
tg,rfd2.0,122650,122737,BLEISTIFT,31,Sire,NN,sire,33224,,
tg,rfd2.0,122650,122737,BLEISTIFT,31,"!",$.,--,33224,,
tg,rfd2.0,122650,122737,BLEISTIFT,31,Marschiert,NE,marschiert,33224,,
tg,rfd2.0,122650,122737,BLEISTIFT,31,zurück,PTKVZ,zurück,33224,,
tg,rfd2.0,122650,122737,BLEISTIFT,31,und,KON,und,33224,,
tg,rfd2.0,122650,122737,BLEISTIFT,31,stellt,VVFIN,stellen,33224,,
tg,rfd2.0,122650,122737,BLEISTIFT,31,sich,PRF,sich,33224,,
tg,rfd2.0,122650,122737,BLEISTIFT,31,links,ADV,links,33224,,
tg,rfd2.0,122650,122737,BLEISTIFT,31,im,APPRART,in,33224,,
tg,rfd2.0,122650,122737,BLEISTIFT,31,Vordergrunde,NN,vordergrunde,33224,,
tg,rfd2.0,122650,122737,BLEISTIFT,31,auf,PTKVZ,auf,33224,,
tg,rfd2.0,122650,122737,BLEISTIFT,31,.,$.,--,33224,,
tg,rfd2.0,122743,122776,Gräfin Franziska von Hohenheim.,1,Weißt,VVFIN,weißen,33224,,
tg,rfd2.0,122743,122776,Gräfin Franziska von Hohenheim.,1,du,PPER,du,33224,,
tg,rfd2.0,122743,122776,Gräfin Franziska von Hohenheim.,1,was,PWS,was,33224,,
tg,rfd2.0,122743,122776,Gräfin Franziska von Hohenheim.,1,?,$.,--,33224,,
tg,rfd2.0,122781,122815,Generalin Rieger.,2,Laura,NE,laura,33224,,
tg,rfd2.0,122781,122815,Generalin Rieger.,2,",","$,",--,33224,,
tg,rfd2.0,122781,122815,Generalin Rieger.,2,du,PPER,du,33224,,
tg,rfd2.0,122781,122815,Generalin Rieger.,2,mußt,VMFIN,mussen,33224,,
tg,rfd2.0,122781,122815,Generalin Rieger.,2,helfen,VVINF,helfen,33224,,
tg,rfd2.0,122781,122815,Generalin Rieger.,2,"!",$.,--,33224,,
tg,rfd2.0,122820,122877,"Laura, deren Pflegetochter.",3,Freilich,ADV,freilich,33224,,
tg,rfd2.0,122820,122877,"Laura, deren Pflegetochter.",3,"!",$.,--,33224,,
tg,rfd2.0,122820,122877,"Laura, deren Pflegetochter.",3,Aber,KON,aber,33224,,
tg,rfd2.0,122820,122877,"Laura, deren Pflegetochter.",3,ich,PPER,ich,33224,"Laura, deren Pflegetochter.",3
tg,rfd2.0,122820,122877,"Laura, deren Pflegetochter.",3,kann,VMFIN,können,33224,,
tg,rfd2.0,122820,122877,"Laura, deren Pflegetochter.",3,nur,ADV,nur,33224,,
tg,rfd2.0,122820,122877,"Laura, deren Pflegetochter.",3,mit,APPR,mit,33224,,
tg,rfd2.0,122820,122877,"Laura, deren Pflegetochter.",3,Bleistifts,NN,bleistift,33224,,
tg,rfd2.0,122820,122877,"Laura, deren Pflegetochter.",3,Hilfe,NN,hilfe,33224,,
tg,rfd2.0,122820,122877,"Laura, deren Pflegetochter.",3,.,$.,--,33224,,
tg,rfd2.0,122882,123036,Gräfin Franziska von Hohenheim.,1,Der,ART,der,33224,,
tg,rfd2.0,122882,123036,Gräfin Franziska von Hohenheim.,1,lauert,VVFIN,lauern,33224,,
tg,rfd2.0,122882,123036,Gräfin Franziska von Hohenheim.,1,schon,ADV,schon,33224,,
tg,rfd2.0,122882,123036,Gräfin Franziska von Hohenheim.,1,"!",$.,--,33224,,
tg,rfd2.0,122882,123036,Gräfin Franziska von Hohenheim.,1,Fort,NN,fort,33224,,
tg,rfd2.0,122882,123036,Gräfin Franziska von Hohenheim.,1,"!",$.,--,33224,,
tg,rfd2.0,122882,123036,Gräfin Franziska von Hohenheim.,1,Der,ART,der,33224,,
tg,rfd2.0,122882,123036,Gräfin Franziska von Hohenheim.,1,Herzog,NE,herzog,33224,,
tg,rfd2.0,122882,123036,Gräfin Franziska von Hohenheim.,1,darf,VMFIN,dürfen,33224,,
tg,rfd2.0,122882,123036,Gräfin Franziska von Hohenheim.,1,uns,PPER,uns,33224,,
tg,rfd2.0,122882,123036,Gräfin Franziska von Hohenheim.,1,nicht,PTKNEG,nicht,33224,,
tg,rfd2.0,122882,123036,Gräfin Franziska von Hohenheim.,1,vermissen,VVFIN,vermissen,33224,,
tg,rfd2.0,122882,123036,Gräfin Franziska von Hohenheim.,1,–,XY,–,33224,,
tg,rfd2.0,122882,123036,Gräfin Franziska von Hohenheim.,1,–,XY,–,33224,,
tg,rfd2.0,122882,123036,Gräfin Franziska von Hohenheim.,1,An,APPR,an,33224,,
tg,rfd2.0,122882,123036,Gräfin Franziska von Hohenheim.,1,Bleistift,NN,bleistift,33224,BLEISTIFT,31
tg,rfd2.0,122882,123036,Gräfin Franziska von Hohenheim.,1,vorn,ADV,vorn,33224,,
tg,rfd2.0,122882,123036,Gräfin Franziska von Hohenheim.,1,vorübergehend,ADJD,vorübergehend,33224,,
tg,rfd2.0,122882,123036,Gräfin Franziska von Hohenheim.,1,.,$.,--,33224,,
tg,rfd2.0,122882,123036,Gräfin Franziska von Hohenheim.,1,Er,PPER,er,33224,,
tg,rfd2.0,122882,123036,Gräfin Franziska von Hohenheim.,1,dient,VVFIN,dienen,33224,,
tg,rfd2.0,122882,123036,Gräfin Franziska von Hohenheim.,1,dem,ART,der,33224,,
tg,rfd2.0,122882,123036,Gräfin Franziska von Hohenheim.,1,Herzoge,NN,herzoge,33224,,
tg,rfd2.0,122882,123036,Gräfin Franziska von Hohenheim.,1,hierbei,PROAV,hierbei,33224,,
tg,rfd2.0,122882,123036,Gräfin Franziska von Hohenheim.,1,",","$,",--,33224,,
tg,rfd2.0,122882,123036,Gräfin Franziska von Hohenheim.,1,wenn,KOUS,wenn,33224,,
tg,rfd2.0,122882,123036,Gräfin Franziska von Hohenheim.,1,Er,PPER,er,33224,,
tg,rfd2.0,122882,123036,Gräfin Franziska von Hohenheim.,1,uns,PPER,uns,33224,,
tg,rfd2.0,122882,123036,Gräfin Franziska von Hohenheim.,1,dient,VVFIN,dienen,33224,,
tg,rfd2.0,122882,123036,Gräfin Franziska von Hohenheim.,1,.,$.,--,33224,,
tg,rfd2.0,123041,123061,BLEISTIFT,31,Comment,NN,comment,33224,,
tg,rfd2.0,123041,123061,BLEISTIFT,31,"!",$.,--,33224,,
tg,rfd2.0,123173,123412,Generalin Rieger.,2,Ehrlicher,ADJA,ehrlich,33224,,
tg,rfd2.0,123173,123412,Generalin Rieger.,2,Bauerssohn,NN,bauerssohn,33224,,
tg,rfd2.0,123173,123412,Generalin Rieger.,2,",","$,",--,33224,,
tg,rfd2.0,123173,123412,Generalin Rieger.,2,daß,KOUS,daß,33224,,
tg,rfd2.0,123173,123412,Generalin Rieger.,2,Er,PPER,er,33224,,
tg,rfd2.0,123173,123412,Generalin Rieger.,2,uns,PPER,uns,33224,,
tg,rfd2.0,123173,123412,Generalin Rieger.,2,die,ART,der,33224,,
tg,rfd2.0,123173,123412,Generalin Rieger.,2,bürgerlichen,ADJA,bürgerlich,33224,,
tg,rfd2.0,123173,123412,Generalin Rieger.,2,Jungen,NN,junge,33224,,
tg,rfd2.0,123173,123412,Generalin Rieger.,2,nicht,PTKNEG,nicht,33224,,
tg,rfd2.0,123173,123412,Generalin Rieger.,2,in,APPR,in,33224,,
tg,rfd2.0,123173,123412,Generalin Rieger.,2,die,ART,der,33224,,
tg,rfd2.0,123173,123412,Generalin Rieger.,2,Patsche,NN,patsche,33224,,
tg,rfd2.0,123173,123412,Generalin Rieger.,2,bringt,VVFIN,bringen,33224,,
tg,rfd2.0,123173,123412,Generalin Rieger.,2,",","$,",--,33224,,
tg,rfd2.0,123173,123412,Generalin Rieger.,2,das,ART,der,33224,,
tg,rfd2.0,123173,123412,Generalin Rieger.,2,rat,NN,Rat,33224,,
tg,rfd2.0,123173,123412,Generalin Rieger.,2,',$[,--,33224,,
tg,rfd2.0,123173,123412,Generalin Rieger.,2,ich,PPER,ich,33224,Generalin Rieger.,2
tg,rfd2.0,123173,123412,Generalin Rieger.,2,Ihm,PPER,ihm,33224,,
tg,rfd2.0,123173,123412,Generalin Rieger.,2,"!",$.,--,33224,,
tg,rfd2.0,123173,123412,Generalin Rieger.,2,Der,ART,der,33224,,
tg,rfd2.0,123173,123412,Generalin Rieger.,2,Laura,NN,laura,33224,,
tg,rfd2.0,123173,123412,Generalin Rieger.,2,folgen,VVFIN,folgen,33224,,
tg,rfd2.0,123173,123412,Generalin Rieger.,2,in,APPR,in,33224,,
tg,rfd2.0,123173,123412,Generalin Rieger.,2,allen,PIDAT,aller,33224,,
tg,rfd2.0,123173,123412,Generalin Rieger.,2,Stücken,NN,stück,33224,,
tg,rfd2.0,123173,123412,Generalin Rieger.,2,",","$,",--,33224,,
tg,rfd2.0,123173,123412,Generalin Rieger.,2,sonst,ADV,sonst,33224,,
tg,rfd2.0,123173,123412,Generalin Rieger.,2,nimmt's,VVFIN,nimmt,33224,,
tg,rfd2.0,123173,123412,Generalin Rieger.,2,für,APPR,für,33224,,
tg,rfd2.0,123173,123412,Generalin Rieger.,2,Ihn,CARD,ihn,33224,,
tg,rfd2.0,123173,123412,Generalin Rieger.,2,ein,ART,ein,33224,,
tg,rfd2.0,123173,123412,Generalin Rieger.,2,schlechtes,ADJA,schlecht,33224,,
tg,rfd2.0,123173,123412,Generalin Rieger.,2,Ende,NN,ende,33224,,
tg,rfd2.0,123173,123412,Generalin Rieger.,2,"!",$.,--,33224,,
tg,rfd2.0,123173,123412,Generalin Rieger.,2,–,XY,–,33224,,
tg,rfd2.0,123173,123412,Generalin Rieger.,2,Ab,APPR,ab,33224,,
tg,rfd2.0,123173,123412,Generalin Rieger.,2,",","$,",--,33224,,
tg,rfd2.0,123173,123412,Generalin Rieger.,2,ebendahin,ADV,ebendahin,33224,,
tg,rfd2.0,123173,123412,Generalin Rieger.,2,.,$.,--,33224,,
tg,rfd2.0,123418,123437,BLEISTIFT,31,Quoi,NE,quoi,33224,,
tg,rfd2.0,123418,123437,BLEISTIFT,31,–,XY,–,33224,,
tg,rfd2.0,123418,123437,BLEISTIFT,31,?,$.,--,33224,,
tg,rfd2.0,123443,123515,"Laura, deren Pflegetochter.",3,Bleistift,NN,bleistift,33224,BLEISTIFT,31
tg,rfd2.0,123443,123515,"Laura, deren Pflegetochter.",3,",","$,",--,33224,,
tg,rfd2.0,123443,123515,"Laura, deren Pflegetochter.",3,ich,PPER,ich,33224,"Laura, deren Pflegetochter.",3
tg,rfd2.0,123443,123515,"Laura, deren Pflegetochter.",3,bin,VAFIN,sein,33224,,
tg,rfd2.0,123443,123515,"Laura, deren Pflegetochter.",3,heut,ADV,heut,33224,,
tg,rfd2.0,123443,123515,"Laura, deren Pflegetochter.",3,abend,ADV,abend,33224,,
tg,rfd2.0,123443,123515,"Laura, deren Pflegetochter.",3,Sein,PPOSAT,sein,33224,,
tg,rfd2.0,123443,123515,"Laura, deren Pflegetochter.",3,Junker,NE,junker,33224,,
tg,rfd2.0,123443,123515,"Laura, deren Pflegetochter.",3,",","$,",--,33224,,
tg,rfd2.0,123443,123515,"Laura, deren Pflegetochter.",3,versteht,VVFIN,verstehen,33224,,
tg,rfd2.0,123443,123515,"Laura, deren Pflegetochter.",3,Er,PPER,er,33224,,
tg,rfd2.0,123443,123515,"Laura, deren Pflegetochter.",3,?,$.,--,33224,,
tg,rfd2.0,123520,123536,BLEISTIFT,31,Non,NE,--,33224,,
tg,rfd2.0,123520,123536,BLEISTIFT,31,"!",$.,--,33224,,
tg,rfd2.0,123542,123722,"Laura, deren Pflegetochter.",3,Weiß,NE,weiße,33224,,
tg,rfd2.0,123542,123722,"Laura, deren Pflegetochter.",3,Er,PPER,er,33224,,
tg,rfd2.0,123542,123722,"Laura, deren Pflegetochter.",3,",","$,",--,33224,,
tg,rfd2.0,123542,123722,"Laura, deren Pflegetochter.",3,wer,PWS,wer,33224,,
tg,rfd2.0,123542,123722,"Laura, deren Pflegetochter.",3,der,ART,der,33224,,
tg,rfd2.0,123542,123722,"Laura, deren Pflegetochter.",3,kleine,ADJA,klein,33224,,
tg,rfd2.0,123542,123722,"Laura, deren Pflegetochter.",3,Hundejunge,NN,hundejunge,33224,,
tg,rfd2.0,123542,123722,"Laura, deren Pflegetochter.",3,ist,VAFIN,sein,33224,,
tg,rfd2.0,123542,123722,"Laura, deren Pflegetochter.",3,",","$,",--,33224,,
tg,rfd2.0,123542,123722,"Laura, deren Pflegetochter.",3,der,PRELS,der,33224,,
tg,rfd2.0,123542,123722,"Laura, deren Pflegetochter.",3,zum,APPRART,zu,33224,,
tg,rfd2.0,123542,123722,"Laura, deren Pflegetochter.",3,Komplott,NN,komplott,33224,,
tg,rfd2.0,123542,123722,"Laura, deren Pflegetochter.",3,gehört,VVFIN,gehören,33224,,
tg,rfd2.0,123542,123722,"Laura, deren Pflegetochter.",3,?,$.,--,33224,,
tg,rfd2.0,123542,123722,"Laura, deren Pflegetochter.",3,–,XY,–,33224,,
tg,rfd2.0,123542,123722,"Laura, deren Pflegetochter.",3,Der,ART,der,33224,,
tg,rfd2.0,123542,123722,"Laura, deren Pflegetochter.",3,kleine,ADJA,klein,33224,,
tg,rfd2.0,123542,123722,"Laura, deren Pflegetochter.",3,Christoph,NE,christoph,33224,,
tg,rfd2.0,123542,123722,"Laura, deren Pflegetochter.",3,ist's,NE,ist's,33224,,
tg,rfd2.0,123542,123722,"Laura, deren Pflegetochter.",3,",","$,",--,33224,,
tg,rfd2.0,123542,123722,"Laura, deren Pflegetochter.",3,Sein,PPOSAT,sein,33224,,
tg,rfd2.0,123542,123722,"Laura, deren Pflegetochter.",3,eigner,ADJA,eign,33224,,
tg,rfd2.0,123542,123722,"Laura, deren Pflegetochter.",3,Sohn,NN,sohn,33224,,
tg,rfd2.0,123542,123722,"Laura, deren Pflegetochter.",3,"!",$.,--,33224,,
tg,rfd2.0,123728,123769,BLEISTIFT,31,Kreuz,NN,kreuz,33224,,
tg,rfd2.0,123728,123769,BLEISTIFT,31,Millionen,NN,million,33224,,
tg,rfd2.0,123728,123769,BLEISTIFT,31,Heidekuckuck,NN,heidekuckuck,33224,,
tg,rfd2.0,123728,123769,BLEISTIFT,31,"!",$.,--,33224,,
tg,rfd2.0,123867,123993,BLEISTIFT,31,Herr,NN,herr,33224,,
tg,rfd2.0,123867,123993,BLEISTIFT,31,Jesus,NE,Jesus,33224,,
tg,rfd2.0,123867,123993,BLEISTIFT,31,",","$,",--,33224,,
tg,rfd2.0,123867,123993,BLEISTIFT,31,Herr,NN,herr,33224,,
tg,rfd2.0,123867,123993,BLEISTIFT,31,Jesus,NE,Jesus,33224,,
tg,rfd2.0,123867,123993,BLEISTIFT,31,",","$,",--,33224,,
tg,rfd2.0,123867,123993,BLEISTIFT,31,das,PDS,der,33224,,
tg,rfd2.0,123867,123993,BLEISTIFT,31,ist,VAFIN,sein,33224,,
tg,rfd2.0,123867,123993,BLEISTIFT,31,mein,PPOSAT,mein,33224,BLEISTIFT,31
tg,rfd2.0,123867,123993,BLEISTIFT,31,Tod,NN,tod,33224,,
tg,rfd2.0,123867,123993,BLEISTIFT,31,–,XY,–,33224,,
tg,rfd2.0,123867,123993,BLEISTIFT,31,Rennt,NN,rennt,33224,,
tg,rfd2.0,123867,123993,BLEISTIFT,31,an,APPR,an,33224,,
tg,rfd2.0,123867,123993,BLEISTIFT,31,den,ART,der,33224,,
tg,rfd2.0,123867,123993,BLEISTIFT,31,Stuhl,NN,stuhl,33224,,
tg,rfd2.0,123867,123993,BLEISTIFT,31,links,ADV,links,33224,,
tg,rfd2.0,123867,123993,BLEISTIFT,31,.,$.,--,33224,,
tg,rfd2.0,123867,123993,BLEISTIFT,31,Au,XY,au,33224,,
tg,rfd2.0,123867,123993,BLEISTIFT,31,"!",$.,--,33224,,
tg,rfd2.0,123867,123993,BLEISTIFT,31,Auch,ADV,auch,33224,,
tg,rfd2.0,123867,123993,BLEISTIFT,31,das,PDS,der,33224,,
tg,rfd2.0,123867,123993,BLEISTIFT,31,noch,ADV,noch,33224,,
tg,rfd2.0,123867,123993,BLEISTIFT,31,"!",$.,--,33224,,
tg,rfd2.0,123998,124428,"Laura, deren Pflegetochter.",3,Das,PDS,der,33224,,
tg,rfd2.0,123998,124428,"Laura, deren Pflegetochter.",3,ist,VAFIN,sein,33224,,
tg,rfd2.0,123998,124428,"Laura, deren Pflegetochter.",3,ein,ART,ein,33224,,
tg,rfd2.0,123998,124428,"Laura, deren Pflegetochter.",3,Sessel,NN,sessel,33224,,
tg,rfd2.0,123998,124428,"Laura, deren Pflegetochter.",3,"!",$.,--,33224,,
tg,rfd2.0,123998,124428,"Laura, deren Pflegetochter.",3,Warum,PWAV,warum,33224,,
tg,rfd2.0,123998,124428,"Laura, deren Pflegetochter.",3,rennt,VVFIN,rennen,33224,,
tg,rfd2.0,123998,124428,"Laura, deren Pflegetochter.",3,Ihr,PPOSAT,ihr,33224,,
tg,rfd2.0,123998,124428,"Laura, deren Pflegetochter.",3,so,ADV,so,33224,,
tg,rfd2.0,123998,124428,"Laura, deren Pflegetochter.",3,ungestüm,ADJD,ungestüm,33224,,
tg,rfd2.0,123998,124428,"Laura, deren Pflegetochter.",3,ins,APPRART,in,33224,,
tg,rfd2.0,123998,124428,"Laura, deren Pflegetochter.",3,Schwarze,NN,schwarze,33224,,
tg,rfd2.0,123998,124428,"Laura, deren Pflegetochter.",3,hinein,APZR,hinein,33224,,
tg,rfd2.0,123998,124428,"Laura, deren Pflegetochter.",3,–,XY,–,33224,,
tg,rfd2.0,123998,124428,"Laura, deren Pflegetochter.",3,setzt,VVFIN,setzen,33224,,
tg,rfd2.0,123998,124428,"Laura, deren Pflegetochter.",3,Euch,PPER,euch,33224,,
tg,rfd2.0,123998,124428,"Laura, deren Pflegetochter.",3,lieber,ADJD,lieber,33224,,
tg,rfd2.0,123998,124428,"Laura, deren Pflegetochter.",3,darauf,PROAV,darauf,33224,,
tg,rfd2.0,123998,124428,"Laura, deren Pflegetochter.",3,"!",$.,--,33224,,
tg,rfd2.0,123998,124428,"Laura, deren Pflegetochter.",3,Er,PPER,er,33224,,
tg,rfd2.0,123998,124428,"Laura, deren Pflegetochter.",3,tut's,VVFIN,tut,33224,,
tg,rfd2.0,123998,124428,"Laura, deren Pflegetochter.",3,",","$,",--,33224,,
tg,rfd2.0,123998,124428,"Laura, deren Pflegetochter.",3,wie,KOKOM,wie,33224,,
tg,rfd2.0,123998,124428,"Laura, deren Pflegetochter.",3,in,APPR,in,33224,,
tg,rfd2.0,123998,124428,"Laura, deren Pflegetochter.",3,Verzweiflung,NN,verzweiflung,33224,,
tg,rfd2.0,123998,124428,"Laura, deren Pflegetochter.",3,.,$.,--,33224,,
tg,rfd2.0,123998,124428,"Laura, deren Pflegetochter.",3,während,KOUS,während,33224,,
tg,rfd2.0,123998,124428,"Laura, deren Pflegetochter.",3,ich,PPER,ich,33224,"Laura, deren Pflegetochter.",3
tg,rfd2.0,123998,124428,"Laura, deren Pflegetochter.",3,das,ART,der,33224,,
tg,rfd2.0,123998,124428,"Laura, deren Pflegetochter.",3,Terrain,NN,terrain,33224,,
tg,rfd2.0,123998,124428,"Laura, deren Pflegetochter.",3,inspiziere,VVFIN,inspizieren,33224,,
tg,rfd2.0,123998,124428,"Laura, deren Pflegetochter.",3,.,$.,--,33224,,
tg,rfd2.0,123998,124428,"Laura, deren Pflegetochter.",3,Der,ART,der,33224,,
tg,rfd2.0,123998,124428,"Laura, deren Pflegetochter.",3,Herzog,NE,herzog,33224,,
tg,rfd2.0,123998,124428,"Laura, deren Pflegetochter.",3,ist,VAFIN,sein,33224,,
tg,rfd2.0,123998,124428,"Laura, deren Pflegetochter.",3,beim,APPRART,bei,33224,,
tg,rfd2.0,123998,124428,"Laura, deren Pflegetochter.",3,Nieß,NN,nieß,33224,,
tg,rfd2.0,123998,124428,"Laura, deren Pflegetochter.",3,eingetreten,VVPP,eintreten,33224,,
tg,rfd2.0,123998,124428,"Laura, deren Pflegetochter.",3,und,KON,und,33224,,
tg,rfd2.0,123998,124428,"Laura, deren Pflegetochter.",3,da,ADV,da,33224,,
tg,rfd2.0,123998,124428,"Laura, deren Pflegetochter.",3,dauert's,VVFIN,dauert,33224,,
tg,rfd2.0,123998,124428,"Laura, deren Pflegetochter.",3,immer,ADV,immer,33224,,
tg,rfd2.0,123998,124428,"Laura, deren Pflegetochter.",3,eine,ART,ein,33224,,
tg,rfd2.0,123998,124428,"Laura, deren Pflegetochter.",3,gute,ADJA,gut,33224,,
tg,rfd2.0,123998,124428,"Laura, deren Pflegetochter.",3,Weile,NN,weile,33224,,
tg,rfd2.0,123998,124428,"Laura, deren Pflegetochter.",3,.,$.,--,33224,,
tg,rfd2.0,124433,124602,BLEISTIFT,31,Ich,PPER,ich,33224,,
tg,rfd2.0,124433,124602,BLEISTIFT,31,halt's,VVFIN,halt,33224,,
tg,rfd2.0,124433,124602,BLEISTIFT,31,nicht,PTKNEG,nicht,33224,,
tg,rfd2.0,124433,124602,BLEISTIFT,31,aus,PTKVZ,aus,33224,,
tg,rfd2.0,124433,124602,BLEISTIFT,31,",","$,",--,33224,,
tg,rfd2.0,124433,124602,BLEISTIFT,31,Demosell,NE,demosell,33224,,
tg,rfd2.0,124433,124602,BLEISTIFT,31,Junker,NE,junker,33224,,
tg,rfd2.0,124433,124602,BLEISTIFT,31,",","$,",--,33224,,
tg,rfd2.0,124433,124602,BLEISTIFT,31,ich,PPER,ich,33224,BLEISTIFT,31
tg,rfd2.0,124433,124602,BLEISTIFT,31,halt's,VVFIN,halt,33224,,
tg,rfd2.0,124433,124602,BLEISTIFT,31,nicht,PTKNEG,nicht,33224,,
tg,rfd2.0,124433,124602,BLEISTIFT,31,aus,PTKVZ,aus,33224,,
tg,rfd2.0,124433,124602,BLEISTIFT,31,",","$,",--,33224,,
tg,rfd2.0,124433,124602,BLEISTIFT,31,solch,PIDAT,solch,33224,,
tg,rfd2.0,124433,124602,BLEISTIFT,31,eine,ART,ein,33224,,
tg,rfd2.0,124433,124602,BLEISTIFT,31,Durchstecherei,NN,durchstecherei,33224,,
tg,rfd2.0,124433,124602,BLEISTIFT,31,zu,PTKZU,zu,33224,,
tg,rfd2.0,124433,124602,BLEISTIFT,31,begehen,VVINF,begehen,33224,,
tg,rfd2.0,124433,124602,BLEISTIFT,31,",","$,",--,33224,,
tg,rfd2.0,124433,124602,BLEISTIFT,31,',$[,--,33224,,
tg,rfd2.0,124433,124602,BLEISTIFT,31,s,PPER,--,33224,,
tg,rfd2.0,124433,124602,BLEISTIFT,31,ist,VAFIN,sein,33224,,
tg,rfd2.0,124433,124602,BLEISTIFT,31,gegen,APPR,gegen,33224,,
tg,rfd2.0,124433,124602,BLEISTIFT,31,meine,PPOSAT,mein,33224,BLEISTIFT,31
tg,rfd2.0,124433,124602,BLEISTIFT,31,Natur,NN,natur,33224,,
tg,rfd2.0,124433,124602,BLEISTIFT,31,und,KON,und,33224,,
tg,rfd2.0,124433,124602,BLEISTIFT,31,mein,PPOSAT,mein,33224,BLEISTIFT,31
tg,rfd2.0,124433,124602,BLEISTIFT,31,Gewissen,NN,gewissen,33224,,
tg,rfd2.0,124433,124602,BLEISTIFT,31,.,$.,--,33224,,
tg,rfd2.0,124607,124773,"Laura, deren Pflegetochter.",3,Euer,ADV,euer,33224,,
tg,rfd2.0,124607,124773,"Laura, deren Pflegetochter.",3,Gewissen,NN,gewissen,33224,,
tg,rfd2.0,124607,124773,"Laura, deren Pflegetochter.",3,"!",$.,--,33224,,
tg,rfd2.0,124607,124773,"Laura, deren Pflegetochter.",3,?,$.,--,33224,,
tg,rfd2.0,124607,124773,"Laura, deren Pflegetochter.",3,Das,PDS,der,33224,,
tg,rfd2.0,124607,124773,"Laura, deren Pflegetochter.",3,Euch,PPER,euch,33224,,
tg,rfd2.0,124607,124773,"Laura, deren Pflegetochter.",3,täglich,ADJD,täglich,33224,,
tg,rfd2.0,124607,124773,"Laura, deren Pflegetochter.",3,und,KON,und,33224,,
tg,rfd2.0,124607,124773,"Laura, deren Pflegetochter.",3,stündlich,ADJD,stündlich,33224,,
tg,rfd2.0,124607,124773,"Laura, deren Pflegetochter.",3,erlaubt,VVPP,erlauben,33224,,
tg,rfd2.0,124607,124773,"Laura, deren Pflegetochter.",3,",","$,",--,33224,,
tg,rfd2.0,124607,124773,"Laura, deren Pflegetochter.",3,jedermann,PIS,jedermann,33224,,
tg,rfd2.0,124607,124773,"Laura, deren Pflegetochter.",3,",","$,",--,33224,,
tg,rfd2.0,124607,124773,"Laura, deren Pflegetochter.",3,selbst,ADV,selbst,33224,,
tg,rfd2.0,124607,124773,"Laura, deren Pflegetochter.",3,die,ART,der,33224,,
tg,rfd2.0,124607,124773,"Laura, deren Pflegetochter.",3,eigne,ADJA,eign,33224,,
tg,rfd2.0,124607,124773,"Laura, deren Pflegetochter.",3,Gemahlin,NN,gemahlin,33224,,
tg,rfd2.0,124607,124773,"Laura, deren Pflegetochter.",3,des,ART,der,33224,,
tg,rfd2.0,124607,124773,"Laura, deren Pflegetochter.",3,Herzogs,NN,herzog,33224,,
tg,rfd2.0,124607,124773,"Laura, deren Pflegetochter.",3,",","$,",--,33224,,
tg,rfd2.0,124607,124773,"Laura, deren Pflegetochter.",3,bei,APPR,bei,33224,,
tg,rfd2.0,124607,124773,"Laura, deren Pflegetochter.",3,Eurem,NE,eurem,33224,,
tg,rfd2.0,124607,124773,"Laura, deren Pflegetochter.",3,Herrn,NN,herr,33224,,
tg,rfd2.0,124607,124773,"Laura, deren Pflegetochter.",3,zu,PTKZU,zu,33224,,
tg,rfd2.0,124607,124773,"Laura, deren Pflegetochter.",3,verklatschen,VVINF,verklatschen,33224,,
tg,rfd2.0,124607,124773,"Laura, deren Pflegetochter.",3,und,KON,und,33224,,
tg,rfd2.0,124607,124773,"Laura, deren Pflegetochter.",3,anzuschwärzen,ADJA,anzchwärzen,33224,,
tg,rfd2.0,124607,124773,"Laura, deren Pflegetochter.",3,–,NN,–,33224,,
tg,rfd2.0,124607,124773,"Laura, deren Pflegetochter.",3,"!",$.,--,33224,,
tg,rfd2.0,124778,124864,BLEISTIFT,31,Glauben,NN,glauben,33224,,
tg,rfd2.0,124778,124864,BLEISTIFT,31,Sie,PPER,sie,33224,,
tg,rfd2.0,124778,124864,BLEISTIFT,31,doch,ADV,doch,33224,,
tg,rfd2.0,124778,124864,BLEISTIFT,31,um,APPR,um,33224,,
tg,rfd2.0,124778,124864,BLEISTIFT,31,Gottes,NN,gott,33224,,
tg,rfd2.0,124778,124864,BLEISTIFT,31,willen,APZR,willen,33224,,
tg,rfd2.0,124778,124864,BLEISTIFT,31,nicht,PTKNEG,nicht,33224,,
tg,rfd2.0,124778,124864,BLEISTIFT,31,",","$,",--,33224,,
tg,rfd2.0,124778,124864,BLEISTIFT,31,daß,KOUS,daß,33224,,
tg,rfd2.0,124778,124864,BLEISTIFT,31,ich,PPER,ich,33224,BLEISTIFT,31
tg,rfd2.0,124778,124864,BLEISTIFT,31,das,ART,der,33224,,
tg,rfd2.0,124778,124864,BLEISTIFT,31,aus,APPR,aus,33224,,
tg,rfd2.0,124778,124864,BLEISTIFT,31,bösem,ADJA,bös,33224,,
tg,rfd2.0,124778,124864,BLEISTIFT,31,Herzen,NN,herz,33224,,
tg,rfd2.0,124778,124864,BLEISTIFT,31,tue,VVFIN,tun,33224,,
tg,rfd2.0,124778,124864,BLEISTIFT,31,.,$.,--,33224,,
tg,rfd2.0,124869,124911,"Laura, deren Pflegetochter.",3,Sondern,NN,sondern,33224,,
tg,rfd2.0,124869,124911,"Laura, deren Pflegetochter.",3,?,$.,--,33224,,
tg,rfd2.0,124869,124911,"Laura, deren Pflegetochter.",3,–,XY,–,33224,,
tg,rfd2.0,124869,124911,"Laura, deren Pflegetochter.",3,etwa,ADV,etwa,33224,,
tg,rfd2.0,124869,124911,"Laura, deren Pflegetochter.",3,aus,APPR,aus,33224,,
tg,rfd2.0,124869,124911,"Laura, deren Pflegetochter.",3,Nächstenliebe,NN,nächstenliebe,33224,,
tg,rfd2.0,124869,124911,"Laura, deren Pflegetochter.",3,?,$.,--,33224,,
tg,rfd2.0,124916,124945,BLEISTIFT,31,Nein,PTKANT,nein,33224,,
tg,rfd2.0,124916,124945,BLEISTIFT,31,",","$,",--,33224,,
tg,rfd2.0,124916,124945,BLEISTIFT,31,auch,ADV,auch,33224,,
tg,rfd2.0,124916,124945,BLEISTIFT,31,nicht,PTKNEG,nicht,33224,,
tg,rfd2.0,124916,124945,BLEISTIFT,31,.,$.,--,33224,,
tg,rfd2.0,124950,124962,"Laura, deren Pflegetochter.",3,Nun,ADV,nun,33224,,
tg,rfd2.0,124950,124962,"Laura, deren Pflegetochter.",3,?,$.,--,33224,,
tg,rfd2.0,124967,125090,BLEISTIFT,31,Aus,APPR,aus,33224,,
tg,rfd2.0,124967,125090,BLEISTIFT,31,Raison,NE,raison,33224,,
tg,rfd2.0,124967,125090,BLEISTIFT,31,",","$,",--,33224,,
tg,rfd2.0,124967,125090,BLEISTIFT,31,wie,PWAV,wie,33224,,
tg,rfd2.0,124967,125090,BLEISTIFT,31,der,ART,der,33224,,
tg,rfd2.0,124967,125090,BLEISTIFT,31,Herzog,NE,herzog,33224,,
tg,rfd2.0,124967,125090,BLEISTIFT,31,sagt,VVFIN,sagen,33224,,
tg,rfd2.0,124967,125090,BLEISTIFT,31,",","$,",--,33224,,
tg,rfd2.0,124967,125090,BLEISTIFT,31,aus,APPR,aus,33224,,
tg,rfd2.0,124967,125090,BLEISTIFT,31,niederträchtiger,ADJA,niederträchtig,33224,,
tg,rfd2.0,124967,125090,BLEISTIFT,31,Raison,NN,raison,33224,,
tg,rfd2.0,124967,125090,BLEISTIFT,31,",","$,",--,33224,,
tg,rfd2.0,124967,125090,BLEISTIFT,31,so,ADV,so,33224,,
tg,rfd2.0,124967,125090,BLEISTIFT,31,wahr,ADJD,wahr,33224,,
tg,rfd2.0,124967,125090,BLEISTIFT,31,ich,PPER,ich,33224,BLEISTIFT,31
tg,rfd2.0,124967,125090,BLEISTIFT,31,das,ART,der,33224,,
tg,rfd2.0,124967,125090,BLEISTIFT,31,unglückseligste,ADJA,unglückselig,33224,,
tg,rfd2.0,124967,125090,BLEISTIFT,31,Schwabenkind,NN,schwabenkind,33224,,
tg,rfd2.0,124967,125090,BLEISTIFT,31,bin,VAFIN,sein,33224,,
tg,rfd2.0,124967,125090,BLEISTIFT,31,.,$.,--,33224,,
tg,rfd2.0,125096,125124,"Laura, deren Pflegetochter.",3,Ihr,PPOSAT,ihr,33224,,
tg,rfd2.0,125096,125124,"Laura, deren Pflegetochter.",3,seht,VVFIN,sehen,33224,,
tg,rfd2.0,125096,125124,"Laura, deren Pflegetochter.",3,danach,PROAV,danach,33224,,
tg,rfd2.0,125096,125124,"Laura, deren Pflegetochter.",3,aus,PTKVZ,aus,33224,,
tg,rfd2.0,125096,125124,"Laura, deren Pflegetochter.",3,"!",$.,--,33224,,
tg,rfd2.0,125129,125479,BLEISTIFT,31,Ich,PPER,ich,33224,,
tg,rfd2.0,125129,125479,BLEISTIFT,31,bin's,VVFIN,bin'sn,33224,,
tg,rfd2.0,125129,125479,BLEISTIFT,31,",","$,",--,33224,,
tg,rfd2.0,125129,125479,BLEISTIFT,31,Demosell,NE,demosell,33224,,
tg,rfd2.0,125129,125479,BLEISTIFT,31,",","$,",--,33224,,
tg,rfd2.0,125129,125479,BLEISTIFT,31,ich,PPER,ich,33224,BLEISTIFT,31
tg,rfd2.0,125129,125479,BLEISTIFT,31,bin's,VVFIN,bin's,33224,,
tg,rfd2.0,125129,125479,BLEISTIFT,31,",","$,",--,33224,,
tg,rfd2.0,125129,125479,BLEISTIFT,31,straf,VVFIN,streffen,33224,,
tg,rfd2.0,125129,125479,BLEISTIFT,31,mich,PPER,mich,33224,BLEISTIFT,31
tg,rfd2.0,125129,125479,BLEISTIFT,31,Gott,NN,gott,33224,,
tg,rfd2.0,125129,125479,BLEISTIFT,31,"!",$.,--,33224,,
tg,rfd2.0,125129,125479,BLEISTIFT,31,Sie,PPER,sie,33224,,
tg,rfd2.0,125129,125479,BLEISTIFT,31,sind,VAFIN,sein,33224,,
tg,rfd2.0,125129,125479,BLEISTIFT,31,jung,ADJD,jung,33224,,
tg,rfd2.0,125129,125479,BLEISTIFT,31,und,KON,und,33224,,
tg,rfd2.0,125129,125479,BLEISTIFT,31,schön,ADJD,schön,33224,,
tg,rfd2.0,125129,125479,BLEISTIFT,31,",","$,",--,33224,,
tg,rfd2.0,125129,125479,BLEISTIFT,31,und,KON,und,33224,,
tg,rfd2.0,125129,125479,BLEISTIFT,31,unsers,APPRART,unsers,33224,,
tg,rfd2.0,125129,125479,BLEISTIFT,31,Herrn,NN,herr,33224,,
tg,rfd2.0,125129,125479,BLEISTIFT,31,Liebling,NE,liebling,33224,,
tg,rfd2.0,125129,125479,BLEISTIFT,31,",","$,",--,33224,,
tg,rfd2.0,125129,125479,BLEISTIFT,31,Sie,PPER,sie,33224,,
tg,rfd2.0,125129,125479,BLEISTIFT,31,wissen,VVFIN,wissen,33224,,
tg,rfd2.0,125129,125479,BLEISTIFT,31,nichts,PIS,nichts,33224,,
tg,rfd2.0,125129,125479,BLEISTIFT,31,davon,PROAV,davon,33224,,
tg,rfd2.0,125129,125479,BLEISTIFT,31,und,KON,und,33224,,
tg,rfd2.0,125129,125479,BLEISTIFT,31,halten's,VVFIN,halten's,33224,,
tg,rfd2.0,125129,125479,BLEISTIFT,31,nicht,PTKNEG,nicht,33224,,
tg,rfd2.0,125129,125479,BLEISTIFT,31,für,APPR,für,33224,,
tg,rfd2.0,125129,125479,BLEISTIFT,31,möglich,ADJD,möglich,33224,,
tg,rfd2.0,125129,125479,BLEISTIFT,31,",","$,",--,33224,,
tg,rfd2.0,125129,125479,BLEISTIFT,31,daß,KOUS,daß,33224,,
tg,rfd2.0,125129,125479,BLEISTIFT,31,hier,ADV,hier,33224,,
tg,rfd2.0,125129,125479,BLEISTIFT,31,inwendig,ADJD,inwendig,33224,,
tg,rfd2.0,125129,125479,BLEISTIFT,31,Auf,APPR,auf,33224,,
tg,rfd2.0,125129,125479,BLEISTIFT,31,die,ART,der,33224,,
tg,rfd2.0,125129,125479,BLEISTIFT,31,Brust,NN,brust,33224,,
tg,rfd2.0,125129,125479,BLEISTIFT,31,schlagend,ADJD,schlagend,33224,,
tg,rfd2.0,125129,125479,BLEISTIFT,31,.,$.,--,33224,,
tg,rfd2.0,125129,125479,BLEISTIFT,31,alles,PIS,alle,33224,,
tg,rfd2.0,125129,125479,BLEISTIFT,31,verbrannt,VVPP,verbrennen,33224,,
tg,rfd2.0,125129,125479,BLEISTIFT,31,und,KON,und,33224,,
tg,rfd2.0,125129,125479,BLEISTIFT,31,verfault,VVFIN,verfaulen,33224,,
tg,rfd2.0,125129,125479,BLEISTIFT,31,sein,VAINF,sein,33224,,
tg,rfd2.0,125129,125479,BLEISTIFT,31,kann,VMFIN,können,33224,,
tg,rfd2.0,125129,125479,BLEISTIFT,31,",","$,",--,33224,,
tg,rfd2.0,125129,125479,BLEISTIFT,31,und,KON,und,33224,,
tg,rfd2.0,125129,125479,BLEISTIFT,31,',$[,--,33224,,
tg,rfd2.0,125129,125479,BLEISTIFT,31,s,PPER,--,33224,,
tg,rfd2.0,125129,125479,BLEISTIFT,31,ist,VAFIN,sein,33224,,
tg,rfd2.0,125129,125479,BLEISTIFT,31,doch,ADV,doch,33224,,
tg,rfd2.0,125129,125479,BLEISTIFT,31,nicht,PTKNEG,nicht,33224,,
tg,rfd2.0,125129,125479,BLEISTIFT,31,anders,ADV,anders,33224,,
tg,rfd2.0,125129,125479,BLEISTIFT,31,",","$,",--,33224,,
tg,rfd2.0,125129,125479,BLEISTIFT,31,und,KON,und,33224,,
tg,rfd2.0,125129,125479,BLEISTIFT,31,deshalb,PROAV,deshalb,33224,,
tg,rfd2.0,125129,125479,BLEISTIFT,31,",","$,",--,33224,,
tg,rfd2.0,125129,125479,BLEISTIFT,31,bloß,ADV,bloß,33224,,
tg,rfd2.0,125129,125479,BLEISTIFT,31,des,ART,der,33224,,
tg,rfd2.0,125129,125479,BLEISTIFT,31,halb,ADJD,halb,33224,,
tg,rfd2.0,125129,125479,BLEISTIFT,31,sieht,VVFIN,sehen,33224,,
tg,rfd2.0,125129,125479,BLEISTIFT,31,alles,PIS,alle,33224,,
tg,rfd2.0,125129,125479,BLEISTIFT,31,so,ADV,so,33224,,
tg,rfd2.0,125129,125479,BLEISTIFT,31,tückisch,ADJD,tückisch,33224,,
tg,rfd2.0,125129,125479,BLEISTIFT,31,aus,PTKVZ,aus,33224,,
tg,rfd2.0,125129,125479,BLEISTIFT,31,",","$,",--,33224,,
tg,rfd2.0,125129,125479,BLEISTIFT,31,was,PWS,was,33224,,
tg,rfd2.0,125129,125479,BLEISTIFT,31,ich,PPER,ich,33224,BLEISTIFT,31
tg,rfd2.0,125129,125479,BLEISTIFT,31,tue,VVFIN,tun,33224,,
tg,rfd2.0,125129,125479,BLEISTIFT,31,.,$.,--,33224,,
tg,rfd2.0,125484,125514,"Laura, deren Pflegetochter.",3,Und,KON,und,33224,,
tg,rfd2.0,125484,125514,"Laura, deren Pflegetochter.",3,ist,VAFIN,sein,33224,,
tg,rfd2.0,125484,125514,"Laura, deren Pflegetochter.",3,auch,ADV,auch,33224,,
tg,rfd2.0,125484,125514,"Laura, deren Pflegetochter.",3,tückisch,ADJD,tückisch,33224,,
tg,rfd2.0,125484,125514,"Laura, deren Pflegetochter.",3,.,$.,--,33224,,
tg,rfd2.0,125519,125592,BLEISTIFT,31,Warum,PWAV,warum,33224,,
tg,rfd2.0,125519,125592,BLEISTIFT,31,?,$.,--,33224,,
tg,rfd2.0,125519,125592,BLEISTIFT,31,"!",$.,--,33224,,
tg,rfd2.0,125519,125592,BLEISTIFT,31,Weil,KOUS,weil,33224,,
tg,rfd2.0,125519,125592,BLEISTIFT,31,ich,PPER,ich,33224,BLEISTIFT,31
tg,rfd2.0,125519,125592,BLEISTIFT,31,maltraitiert,VVPP,maltraitieren,33224,,
tg,rfd2.0,125519,125592,BLEISTIFT,31,worden,VAPP,werden,33224,,
tg,rfd2.0,125519,125592,BLEISTIFT,31,bin,VAFIN,sein,33224,,
tg,rfd2.0,125519,125592,BLEISTIFT,31,",","$,",--,33224,,
tg,rfd2.0,125519,125592,BLEISTIFT,31,wie,PWAV,wie,33224,,
tg,rfd2.0,125519,125592,BLEISTIFT,31,ein,ART,ein,33224,,
tg,rfd2.0,125519,125592,BLEISTIFT,31,Stück,NN,stück,33224,,
tg,rfd2.0,125519,125592,BLEISTIFT,31,Vieh,NN,vieh,33224,,
tg,rfd2.0,125519,125592,BLEISTIFT,31,.,$.,--,33224,,
tg,rfd2.0,125597,125608,"Laura, deren Pflegetochter.",3,Er,PPER,er,33224,,
tg,rfd2.0,125597,125608,"Laura, deren Pflegetochter.",3,?,$.,--,33224,,
tg,rfd2.0,125613,126906,BLEISTIFT,31,Ja,PTKANT,ja,33224,,
tg,rfd2.0,125613,126906,BLEISTIFT,31,",","$,",--,33224,,
tg,rfd2.0,125613,126906,BLEISTIFT,31,ich,PPER,ich,33224,BLEISTIFT,31
tg,rfd2.0,125613,126906,BLEISTIFT,31,",","$,",--,33224,,
tg,rfd2.0,125613,126906,BLEISTIFT,31,junge,ADJA,jung,33224,,
tg,rfd2.0,125613,126906,BLEISTIFT,31,Kreatur,NN,kreatur,33224,,
tg,rfd2.0,125613,126906,BLEISTIFT,31,"!",$.,--,33224,,
tg,rfd2.0,125613,126906,BLEISTIFT,31,Ich,PPER,ich,33224,,
tg,rfd2.0,125613,126906,BLEISTIFT,31,hatte,VAFIN,haben,33224,,
tg,rfd2.0,125613,126906,BLEISTIFT,31,eine,ART,ein,33224,,
tg,rfd2.0,125613,126906,BLEISTIFT,31,Frau,NN,frau,33224,,
tg,rfd2.0,125613,126906,BLEISTIFT,31,",","$,",--,33224,,
tg,rfd2.0,125613,126906,BLEISTIFT,31,so,ADV,so,33224,,
tg,rfd2.0,125613,126906,BLEISTIFT,31,schön,ADJD,schön,33224,,
tg,rfd2.0,125613,126906,BLEISTIFT,31,",","$,",--,33224,,
tg,rfd2.0,125613,126906,BLEISTIFT,31,wie,PWAV,wie,33224,,
tg,rfd2.0,125613,126906,BLEISTIFT,31,Sie,PPER,sie,33224,,
tg,rfd2.0,125613,126906,BLEISTIFT,31,sind,VAFIN,sein,33224,,
tg,rfd2.0,125613,126906,BLEISTIFT,31,",","$,",--,33224,,
tg,rfd2.0,125613,126906,BLEISTIFT,31,und,KON,und,33224,,
tg,rfd2.0,125613,126906,BLEISTIFT,31,hatte,VAFIN,haben,33224,,
tg,rfd2.0,125613,126906,BLEISTIFT,31,mein,PPOSAT,mein,33224,BLEISTIFT,31
tg,rfd2.0,125613,126906,BLEISTIFT,31,Häuschen,NN,häuschen,33224,,
tg,rfd2.0,125613,126906,BLEISTIFT,31,und,KON,und,33224,,
tg,rfd2.0,125613,126906,BLEISTIFT,31,meinen,PPOSAT,mein,33224,BLEISTIFT,31
tg,rfd2.0,125613,126906,BLEISTIFT,31,Acker,NN,acker,33224,,
tg,rfd2.0,125613,126906,BLEISTIFT,31,",","$,",--,33224,,
tg,rfd2.0,125613,126906,BLEISTIFT,31,und,KON,und,33224,,
tg,rfd2.0,125613,126906,BLEISTIFT,31,mein,PPOSAT,mein,33224,BLEISTIFT,31
tg,rfd2.0,125613,126906,BLEISTIFT,31,alter,ADJA,alt,33224,,
tg,rfd2.0,125613,126906,BLEISTIFT,31,Vater,NN,vater,33224,,
tg,rfd2.0,125613,126906,BLEISTIFT,31,saß,VVFIN,sitzen,33224,,
tg,rfd2.0,125613,126906,BLEISTIFT,31,bei,APPR,bei,33224,,
tg,rfd2.0,125613,126906,BLEISTIFT,31,mir,PPER,sich,33224,BLEISTIFT,31
tg,rfd2.0,125613,126906,BLEISTIFT,31,im,APPRART,in,33224,,
tg,rfd2.0,125613,126906,BLEISTIFT,31,Hausgeding,NN,hausgeding,33224,,
tg,rfd2.0,125613,126906,BLEISTIFT,31,und,KON,und,33224,,
tg,rfd2.0,125613,126906,BLEISTIFT,31,hatte,VAFIN,haben,33224,,
tg,rfd2.0,125613,126906,BLEISTIFT,31,zu,PTKZU,zu,33224,,
tg,rfd2.0,125613,126906,BLEISTIFT,31,essen,VVINF,essen,33224,,
tg,rfd2.0,125613,126906,BLEISTIFT,31,",","$,",--,33224,,
tg,rfd2.0,125613,126906,BLEISTIFT,31,und,KON,und,33224,,
tg,rfd2.0,125613,126906,BLEISTIFT,31,meine,PPOSAT,mein,33224,BLEISTIFT,31
tg,rfd2.0,125613,126906,BLEISTIFT,31,Frau,NN,frau,33224,,
tg,rfd2.0,125613,126906,BLEISTIFT,31,gebar,ADJD,gebar,33224,,
tg,rfd2.0,125613,126906,BLEISTIFT,31,mir,PPER,sich,33224,BLEISTIFT,31
tg,rfd2.0,125613,126906,BLEISTIFT,31,den,ART,der,33224,,
tg,rfd2.0,125613,126906,BLEISTIFT,31,Buben,NN,bube,33224,,
tg,rfd2.0,125613,126906,BLEISTIFT,31,",","$,",--,33224,,
tg,rfd2.0,125613,126906,BLEISTIFT,31,den,ART,der,33224,,
tg,rfd2.0,125613,126906,BLEISTIFT,31,Christoph,NE,christoph,33224,,
tg,rfd2.0,125613,126906,BLEISTIFT,31,",","$,",--,33224,,
tg,rfd2.0,125613,126906,BLEISTIFT,31,und,KON,und,33224,,
tg,rfd2.0,125613,126906,BLEISTIFT,31,ich,PPER,ich,33224,BLEISTIFT,31
tg,rfd2.0,125613,126906,BLEISTIFT,31,lachte,VVFIN,lachen,33224,,
tg,rfd2.0,125613,126906,BLEISTIFT,31,zum,APPRART,zu,33224,,
tg,rfd2.0,125613,126906,BLEISTIFT,31,Edelmann,NN,edelmann,33224,,
tg,rfd2.0,125613,126906,BLEISTIFT,31,hinauf,ADV,hinauf,33224,,
tg,rfd2.0,125613,126906,BLEISTIFT,31,:,$.,--,33224,,
tg,rfd2.0,125613,126906,BLEISTIFT,31,Wie,PWAV,wie,33224,,
tg,rfd2.0,125613,126906,BLEISTIFT,31,teuer,ADJD,teuer,33224,,
tg,rfd2.0,125613,126906,BLEISTIFT,31,ist,VAFIN,sein,33224,,
tg,rfd2.0,125613,126906,BLEISTIFT,31,sein,PPOSAT,sein,33224,,
tg,rfd2.0,125613,126906,BLEISTIFT,31,Schloß,NN,schloß,33224,,
tg,rfd2.0,125613,126906,BLEISTIFT,31,"!",$.,--,33224,,
tg,rfd2.0,125613,126906,BLEISTIFT,31,So,ADV,so,33224,,
tg,rfd2.0,125613,126906,BLEISTIFT,31,froh,ADJD,froh,33224,,
tg,rfd2.0,125613,126906,BLEISTIFT,31,war,VAFIN,sein,33224,,
tg,rfd2.0,125613,126906,BLEISTIFT,31,mir,PPER,sich,33224,BLEISTIFT,31
tg,rfd2.0,125613,126906,BLEISTIFT,31,zumute,VVFIN,zumute,33224,,
tg,rfd2.0,125613,126906,BLEISTIFT,31,",","$,",--,33224,,
tg,rfd2.0,125613,126906,BLEISTIFT,31,und,KON,und,33224,,
tg,rfd2.0,125613,126906,BLEISTIFT,31,ging,VVFIN,gehen,33224,,
tg,rfd2.0,125613,126906,BLEISTIFT,31,nach,APPR,nach,33224,,
tg,rfd2.0,125613,126906,BLEISTIFT,31,Nagold,NE,nagold,33224,,
tg,rfd2.0,125613,126906,BLEISTIFT,31,hinein,PTKVZ,hinein,33224,,
tg,rfd2.0,125613,126906,BLEISTIFT,31,",","$,",--,33224,,
tg,rfd2.0,125613,126906,BLEISTIFT,31,um,KOUI,um,33224,,
tg,rfd2.0,125613,126906,BLEISTIFT,31,einen,ART,ein,33224,,
tg,rfd2.0,125613,126906,BLEISTIFT,31,Schoppen,NN,schoppen,33224,,
tg,rfd2.0,125613,126906,BLEISTIFT,31,über,APPR,über,33224,,
tg,rfd2.0,125613,126906,BLEISTIFT,31,den,ART,der,33224,,
tg,rfd2.0,125613,126906,BLEISTIFT,31,Durst,NN,durst,33224,,
tg,rfd2.0,125613,126906,BLEISTIFT,31,zu,PTKZU,zu,33224,,
tg,rfd2.0,125613,126906,BLEISTIFT,31,trinken,VVINF,trinken,33224,,
tg,rfd2.0,125613,126906,BLEISTIFT,31,",","$,",--,33224,,
tg,rfd2.0,125613,126906,BLEISTIFT,31,da,ADV,da,33224,,
tg,rfd2.0,125613,126906,BLEISTIFT,31,kam,VVFIN,kommen,33224,,
tg,rfd2.0,125613,126906,BLEISTIFT,31,der,ART,der,33224,,
tg,rfd2.0,125613,126906,BLEISTIFT,31,",","$,",--,33224,,
tg,rfd2.0,125613,126906,BLEISTIFT,31,Gott,NN,gott,33224,,
tg,rfd2.0,125613,126906,BLEISTIFT,31,verdamm,VVFIN,verdamm,33224,,
tg,rfd2.0,125613,126906,BLEISTIFT,31,',$[,--,33224,,
tg,rfd2.0,125613,126906,BLEISTIFT,31,ihn,PPER,ihn,33224,,
tg,rfd2.0,125613,126906,BLEISTIFT,31,"!",$.,--,33224,,
tg,rfd2.0,125613,126906,BLEISTIFT,31,der,ART,der,33224,,
tg,rfd2.0,125613,126906,BLEISTIFT,31,Rieger,NN,rieger,33224,RIEGER,27
tg,rfd2.0,125613,126906,BLEISTIFT,31,geritten,VVPP,gereiten,33224,,
tg,rfd2.0,125613,126906,BLEISTIFT,31,",","$,",--,33224,,
tg,rfd2.0,125613,126906,BLEISTIFT,31,der,PRELS,der,33224,,
tg,rfd2.0,125613,126906,BLEISTIFT,31,damals,ADV,damals,33224,,
tg,rfd2.0,125613,126906,BLEISTIFT,31,das,ART,der,33224,,
tg,rfd2.0,125613,126906,BLEISTIFT,31,Land,NN,land,33224,,
tg,rfd2.0,125613,126906,BLEISTIFT,31,regierte,VVFIN,regieren,33224,,
tg,rfd2.0,125613,126906,BLEISTIFT,31,",","$,",--,33224,,
tg,rfd2.0,125613,126906,BLEISTIFT,31,und,KON,und,33224,,
tg,rfd2.0,125613,126906,BLEISTIFT,31,die,ART,der,33224,,
tg,rfd2.0,125613,126906,BLEISTIFT,31,Kriegsknechte,NN,kriegsknecht,33224,,
tg,rfd2.0,125613,126906,BLEISTIFT,31,kamen,VVFIN,kommen,33224,,
tg,rfd2.0,125613,126906,BLEISTIFT,31,hinter,APPR,hinter,33224,,
tg,rfd2.0,125613,126906,BLEISTIFT,31,ihm,PPER,ihm,33224,,
tg,rfd2.0,125613,126906,BLEISTIFT,31,mit,APPR,mit,33224,,
tg,rfd2.0,125613,126906,BLEISTIFT,31,Spießen,NN,spießen,33224,,
tg,rfd2.0,125613,126906,BLEISTIFT,31,und,KON,und,33224,,
tg,rfd2.0,125613,126906,BLEISTIFT,31,Stangen,NN,stange,33224,,
tg,rfd2.0,125613,126906,BLEISTIFT,31,und,KON,und,33224,,
tg,rfd2.0,125613,126906,BLEISTIFT,31,Stricken,NN,stricken,33224,,
tg,rfd2.0,125613,126906,BLEISTIFT,31,.,$.,--,33224,,
tg,rfd2.0,125613,126906,BLEISTIFT,31,Ich,PPER,ich,33224,,
tg,rfd2.0,125613,126906,BLEISTIFT,31,wußte,VVFIN,wissen,33224,,
tg,rfd2.0,125613,126906,BLEISTIFT,31,nichts,PIS,nichts,33224,,
tg,rfd2.0,125613,126906,BLEISTIFT,31,davon,PROAV,davon,33224,,
tg,rfd2.0,125613,126906,BLEISTIFT,31,",","$,",--,33224,,
tg,rfd2.0,125613,126906,BLEISTIFT,31,daß,KOUS,daß,33224,,
tg,rfd2.0,125613,126906,BLEISTIFT,31,er,PPER,er,33224,,
tg,rfd2.0,125613,126906,BLEISTIFT,31,wie,KOKOM,wie,33224,,
tg,rfd2.0,125613,126906,BLEISTIFT,31,der,ART,der,33224,,
tg,rfd2.0,125613,126906,BLEISTIFT,31,Henker,NN,henker,33224,,
tg,rfd2.0,125613,126906,BLEISTIFT,31,im,APPRART,in,33224,,
tg,rfd2.0,125613,126906,BLEISTIFT,31,Lande,NN,land,33224,,
tg,rfd2.0,125613,126906,BLEISTIFT,31,herumzog,VVFIN,herumziehen,33224,,
tg,rfd2.0,125613,126906,BLEISTIFT,31,",","$,",--,33224,,
tg,rfd2.0,125613,126906,BLEISTIFT,31,um,KOUI,um,33224,,
tg,rfd2.0,125613,126906,BLEISTIFT,31,die,ART,der,33224,,
tg,rfd2.0,125613,126906,BLEISTIFT,31,Regimenter,NN,regimenter,33224,,
tg,rfd2.0,125613,126906,BLEISTIFT,31,einzufangen,VVIZU,einfangen,33224,,
tg,rfd2.0,125613,126906,BLEISTIFT,31,",","$,",--,33224,,
tg,rfd2.0,125613,126906,BLEISTIFT,31,welche,PWAT,welcher,33224,,
tg,rfd2.0,125613,126906,BLEISTIFT,31,der,ART,der,33224,,
tg,rfd2.0,125613,126906,BLEISTIFT,31,Herzog,NE,herzog,33224,,
tg,rfd2.0,125613,126906,BLEISTIFT,31,an,APPR,an,33224,,
tg,rfd2.0,125613,126906,BLEISTIFT,31,Frankreich,NE,frankreich,33224,,
tg,rfd2.0,125613,126906,BLEISTIFT,31,verkauft,VVPP,verkaufen,33224,,
tg,rfd2.0,125613,126906,BLEISTIFT,31,hatte,VAFIN,haben,33224,,
tg,rfd2.0,125613,126906,BLEISTIFT,31,zum,APPRART,zu,33224,,
tg,rfd2.0,125613,126906,BLEISTIFT,31,Kriege,NN,krieg,33224,,
tg,rfd2.0,125613,126906,BLEISTIFT,31,gegen,APPR,gegen,33224,,
tg,rfd2.0,125613,126906,BLEISTIFT,31,den,ART,der,33224,,
tg,rfd2.0,125613,126906,BLEISTIFT,31,König,NN,könig,33224,,
tg,rfd2.0,125613,126906,BLEISTIFT,31,von,APPR,von,33224,,
tg,rfd2.0,125613,126906,BLEISTIFT,31,Preußen,NN,preußen,33224,,
tg,rfd2.0,125613,126906,BLEISTIFT,31,",","$,",--,33224,,
tg,rfd2.0,125613,126906,BLEISTIFT,31,und,KON,und,33224,,
tg,rfd2.0,125613,126906,BLEISTIFT,31,ich,PPER,ich,33224,BLEISTIFT,31
tg,rfd2.0,125613,126906,BLEISTIFT,31,blieb,VVFIN,bleiben,33224,,
tg,rfd2.0,125613,126906,BLEISTIFT,31,stehn,CARD,stehn,33224,,
tg,rfd2.0,125613,126906,BLEISTIFT,31,am,APPRART,an,33224,,
tg,rfd2.0,125613,126906,BLEISTIFT,31,Wege,NN,weg,33224,,
tg,rfd2.0,125613,126906,BLEISTIFT,31,und,KON,und,33224,,
tg,rfd2.0,125613,126906,BLEISTIFT,31,hatte,VAFIN,haben,33224,,
tg,rfd2.0,125613,126906,BLEISTIFT,31,Maulaffen,NN,maulaffe,33224,,
tg,rfd2.0,125613,126906,BLEISTIFT,31,feil,PTKVZ,feil,33224,,
tg,rfd2.0,125613,126906,BLEISTIFT,31,über,APPR,über,33224,,
tg,rfd2.0,125613,126906,BLEISTIFT,31,den,ART,der,33224,,
tg,rfd2.0,125613,126906,BLEISTIFT,31,Aufzug,NN,aufzug,33224,,
tg,rfd2.0,125613,126906,BLEISTIFT,31,und,KON,und,33224,,
tg,rfd2.0,125613,126906,BLEISTIFT,31,wußte,VVFIN,wissen,33224,,
tg,rfd2.0,125613,126906,BLEISTIFT,31,nicht,PTKNEG,nicht,33224,,
tg,rfd2.0,125613,126906,BLEISTIFT,31,",","$,",--,33224,,
tg,rfd2.0,125613,126906,BLEISTIFT,31,was,PWS,was,33224,,
tg,rfd2.0,125613,126906,BLEISTIFT,31,mir,PPER,sich,33224,BLEISTIFT,31
tg,rfd2.0,125613,126906,BLEISTIFT,31,geschah,VVFIN,geschehen,33224,,
tg,rfd2.0,125613,126906,BLEISTIFT,31,",","$,",--,33224,,
tg,rfd2.0,125613,126906,BLEISTIFT,31,als,APPR,als,33224,,
tg,rfd2.0,125613,126906,BLEISTIFT,31,der,ART,der,33224,,
tg,rfd2.0,125613,126906,BLEISTIFT,31,Rieger,NN,rieger,33224,RIEGER,27
tg,rfd2.0,125613,126906,BLEISTIFT,31,auf,APPR,auf,33224,,
tg,rfd2.0,125613,126906,BLEISTIFT,31,einmal,ADV,einmal,33224,,
tg,rfd2.0,125613,126906,BLEISTIFT,31,schrie,VVFIN,schreien,33224,,
tg,rfd2.0,125613,126906,BLEISTIFT,31,:,$.,--,33224,,
tg,rfd2.0,125613,126906,BLEISTIFT,31,Holla,ITJ,holla,33224,,
tg,rfd2.0,125613,126906,BLEISTIFT,31,"!",$.,--,33224,,
tg,rfd2.0,125613,126906,BLEISTIFT,31,Da,ADV,da,33224,,
tg,rfd2.0,125613,126906,BLEISTIFT,31,ist,VAFIN,sein,33224,,
tg,rfd2.0,125613,126906,BLEISTIFT,31,ja,ADV,ja,33224,,
tg,rfd2.0,125613,126906,BLEISTIFT,31,der,ART,der,33224,,
tg,rfd2.0,125613,126906,BLEISTIFT,31,Deserteur,NN,deserteur,33224,,
tg,rfd2.0,125613,126906,BLEISTIFT,31,von,APPR,von,33224,,
tg,rfd2.0,125613,126906,BLEISTIFT,31,Tübingen,NE,tübing,33224,,
tg,rfd2.0,125613,126906,BLEISTIFT,31,"!",$.,--,33224,,
tg,rfd2.0,125613,126906,BLEISTIFT,31,Packt,VVFIN,packen,33224,,
tg,rfd2.0,125613,126906,BLEISTIFT,31,ihn,PPER,ihn,33224,,
tg,rfd2.0,125613,126906,BLEISTIFT,31,an,APPR,an,33224,,
tg,rfd2.0,125613,126906,BLEISTIFT,31,"!",$.,--,33224,,
tg,rfd2.0,125613,126906,BLEISTIFT,31,–,XY,–,33224,,
tg,rfd2.0,125613,126906,BLEISTIFT,31,Was,PWS,was,33224,,
tg,rfd2.0,125613,126906,BLEISTIFT,31,",","$,",--,33224,,
tg,rfd2.0,125613,126906,BLEISTIFT,31,sag,VVIMP,sag,33224,,
tg,rfd2.0,125613,126906,BLEISTIFT,31,',$[,--,33224,,
tg,rfd2.0,125613,126906,BLEISTIFT,31,ich,PPER,ich,33224,BLEISTIFT,31
tg,rfd2.0,125613,126906,BLEISTIFT,31,",","$,",--,33224,,
tg,rfd2.0,125613,126906,BLEISTIFT,31,ich,PPER,ich,33224,BLEISTIFT,31
tg,rfd2.0,125613,126906,BLEISTIFT,31,?,$.,--,33224,,
tg,rfd2.0,125613,126906,BLEISTIFT,31,"!",$.,--,33224,,
tg,rfd2.0,125613,126906,BLEISTIFT,31,Aber,KON,aber,33224,,
tg,rfd2.0,125613,126906,BLEISTIFT,31,ich,PPER,ich,33224,BLEISTIFT,31
tg,rfd2.0,125613,126906,BLEISTIFT,31,kam,VVFIN,kommen,33224,,
tg,rfd2.0,125613,126906,BLEISTIFT,31,gar,ADV,gar,33224,,
tg,rfd2.0,125613,126906,BLEISTIFT,31,nicht,PTKNEG,nicht,33224,,
tg,rfd2.0,125613,126906,BLEISTIFT,31,zur,APPRART,zu,33224,,
tg,rfd2.0,125613,126906,BLEISTIFT,31,Rede,NN,rede,33224,,
tg,rfd2.0,125613,126906,BLEISTIFT,31,",","$,",--,33224,,
tg,rfd2.0,125613,126906,BLEISTIFT,31,ich,PPER,ich,33224,BLEISTIFT,31
tg,rfd2.0,125613,126906,BLEISTIFT,31,ward,VVFIN,werden,33224,,
tg,rfd2.0,125613,126906,BLEISTIFT,31,gebunden,VVPP,binden,33224,,
tg,rfd2.0,125613,126906,BLEISTIFT,31,und,KON,und,33224,,
tg,rfd2.0,125613,126906,BLEISTIFT,31,zwischen,APPR,zwischen,33224,,
tg,rfd2.0,125613,126906,BLEISTIFT,31,den,ART,der,33224,,
tg,rfd2.0,125613,126906,BLEISTIFT,31,Pferden,NN,pferd,33224,,
tg,rfd2.0,125613,126906,BLEISTIFT,31,hopp,VVFIN,hopp,33224,,
tg,rfd2.0,125613,126906,BLEISTIFT,31,",","$,",--,33224,,
tg,rfd2.0,125613,126906,BLEISTIFT,31,hopp,VVFIN,hopp,33224,,
tg,rfd2.0,125613,126906,BLEISTIFT,31,",","$,",--,33224,,
tg,rfd2.0,125613,126906,BLEISTIFT,31,hopp,VVFIN,hopp,33224,,
tg,rfd2.0,125613,126906,BLEISTIFT,31,"!",$.,--,33224,,
tg,rfd2.0,125613,126906,BLEISTIFT,31,fortgeschleppt,ADJD,fortgeschleppen,33224,,
tg,rfd2.0,125613,126906,BLEISTIFT,31,und,KON,und,33224,,
tg,rfd2.0,125613,126906,BLEISTIFT,31,eingekleidet,VVFIN,einkleiden,33224,,
tg,rfd2.0,125613,126906,BLEISTIFT,31,und,KON,und,33224,,
tg,rfd2.0,125613,126906,BLEISTIFT,31,nach,APPR,nach,33224,,
tg,rfd2.0,125613,126906,BLEISTIFT,31,Böhmen,NE,böhmen,33224,,
tg,rfd2.0,125613,126906,BLEISTIFT,31,getrommelt,VVPP,trommeln,33224,,
tg,rfd2.0,125613,126906,BLEISTIFT,31,ins,APPRART,in,33224,,
tg,rfd2.0,125613,126906,BLEISTIFT,31,Kugelfeuer,NN,kugelfeuer,33224,,
tg,rfd2.0,125613,126906,BLEISTIFT,31,hinein,PTKVZ,hinein,33224,,
tg,rfd2.0,125613,126906,BLEISTIFT,31,",","$,",--,33224,,
tg,rfd2.0,125613,126906,BLEISTIFT,31,ehe,KOUS,ehe,33224,,
tg,rfd2.0,125613,126906,BLEISTIFT,31,ich,PPER,ich,33224,BLEISTIFT,31
tg,rfd2.0,125613,126906,BLEISTIFT,31,mich,PRF,mich,33224,BLEISTIFT,31
tg,rfd2.0,125613,126906,BLEISTIFT,31,recht,ADV,recht,33224,,
tg,rfd2.0,125613,126906,BLEISTIFT,31,besinnen,VVINF,besinnen,33224,,
tg,rfd2.0,125613,126906,BLEISTIFT,31,konnte,VMFIN,können,33224,,
tg,rfd2.0,125613,126906,BLEISTIFT,31,",","$,",--,33224,,
tg,rfd2.0,125613,126906,BLEISTIFT,31,recht,ADV,recht,33224,,
tg,rfd2.0,125613,126906,BLEISTIFT,31,wie,KOKOM,wie,33224,,
tg,rfd2.0,125613,126906,BLEISTIFT,31,ein,ART,ein,33224,,
tg,rfd2.0,125613,126906,BLEISTIFT,31,verlaufner,ADJA,verlaufn,33224,,
tg,rfd2.0,125613,126906,BLEISTIFT,31,Hund,NN,hund,33224,,
tg,rfd2.0,125613,126906,BLEISTIFT,31,.,$.,--,33224,,
tg,rfd2.0,125613,126906,BLEISTIFT,31,Ja,PTKANT,ja,33224,,
tg,rfd2.0,125613,126906,BLEISTIFT,31,doch,ADV,doch,33224,,
tg,rfd2.0,125613,126906,BLEISTIFT,31,",","$,",--,33224,,
tg,rfd2.0,125613,126906,BLEISTIFT,31,ein,ART,ein,33224,,
tg,rfd2.0,125613,126906,BLEISTIFT,31,solcher,PIDAT,solcher,33224,,
tg,rfd2.0,125613,126906,BLEISTIFT,31,Hund,NN,hund,33224,,
tg,rfd2.0,125613,126906,BLEISTIFT,31,ist,VAFIN,sein,33224,,
tg,rfd2.0,125613,126906,BLEISTIFT,31,besser,ADJD,gut,33224,,
tg,rfd2.0,125613,126906,BLEISTIFT,31,dran,PROAV,dran,33224,,
tg,rfd2.0,125613,126906,BLEISTIFT,31,",","$,",--,33224,,
tg,rfd2.0,125613,126906,BLEISTIFT,31,der,ART,der,33224,,
tg,rfd2.0,125613,126906,BLEISTIFT,31,hat,VAFIN,haben,33224,,
tg,rfd2.0,125613,126906,BLEISTIFT,31,nichts,PIS,nichts,33224,,
tg,rfd2.0,125613,126906,BLEISTIFT,31,zu,PTKZU,zu,33224,,
tg,rfd2.0,125613,126906,BLEISTIFT,31,verlieren,VVINF,verlieren,33224,,
tg,rfd2.0,125613,126906,BLEISTIFT,31,–,VAFIN,–,33224,,
tg,rfd2.0,125613,126906,BLEISTIFT,31,ich,PPER,ich,33224,BLEISTIFT,31
tg,rfd2.0,125613,126906,BLEISTIFT,31,aber,ADV,aber,33224,,
tg,rfd2.0,125613,126906,BLEISTIFT,31,",","$,",--,33224,,
tg,rfd2.0,125613,126906,BLEISTIFT,31,oh,CARD,oh,33224,,
tg,rfd2.0,125613,126906,BLEISTIFT,31,–,XY,–,33224,,
tg,rfd2.0,126911,126930,"Laura, deren Pflegetochter.",3,Armer,PPOSAT,armer,33224,,
tg,rfd2.0,126911,126930,"Laura, deren Pflegetochter.",3,Mann,NN,mann,33224,,
tg,rfd2.0,126911,126930,"Laura, deren Pflegetochter.",3,"!",$.,--,33224,,
tg,rfd2.0,126935,127401,BLEISTIFT,31,Ja,NN,ja,33224,,
tg,rfd2.0,126935,127401,BLEISTIFT,31,arm,ADJD,arm,33224,,
tg,rfd2.0,126935,127401,BLEISTIFT,31,"!",$.,--,33224,,
tg,rfd2.0,126935,127401,BLEISTIFT,31,Als,APPR,als,33224,,
tg,rfd2.0,126935,127401,BLEISTIFT,31,der,ART,der,33224,,
tg,rfd2.0,126935,127401,BLEISTIFT,31,Siebenjährige,NN,siebenjährige,33224,,
tg,rfd2.0,126935,127401,BLEISTIFT,31,Krieg,NN,krieg,33224,,
tg,rfd2.0,126935,127401,BLEISTIFT,31,aus,APPR,aus,33224,,
tg,rfd2.0,126935,127401,BLEISTIFT,31,war,VAFIN,sein,33224,,
tg,rfd2.0,126935,127401,BLEISTIFT,31,und,KON,und,33224,,
tg,rfd2.0,126935,127401,BLEISTIFT,31,man,PIS,man,33224,,
tg,rfd2.0,126935,127401,BLEISTIFT,31,heimkehrte,VVFIN,heimkehren,33224,,
tg,rfd2.0,126935,127401,BLEISTIFT,31,",","$,",--,33224,,
tg,rfd2.0,126935,127401,BLEISTIFT,31,da,ADV,da,33224,,
tg,rfd2.0,126935,127401,BLEISTIFT,31,war's,VVFIN,war,33224,,
tg,rfd2.0,126935,127401,BLEISTIFT,31,eine,ART,ein,33224,,
tg,rfd2.0,126935,127401,BLEISTIFT,31,alte,ADJA,alt,33224,,
tg,rfd2.0,126935,127401,BLEISTIFT,31,vergeßne,ADJA,vergeßn,33224,,
tg,rfd2.0,126935,127401,BLEISTIFT,31,Geschichte,NN,geschichte,33224,,
tg,rfd2.0,126935,127401,BLEISTIFT,31,",","$,",--,33224,,
tg,rfd2.0,126935,127401,BLEISTIFT,31,daß,KOUS,daß,33224,,
tg,rfd2.0,126935,127401,BLEISTIFT,31,meine,PPOSAT,mein,33224,BLEISTIFT,31
tg,rfd2.0,126935,127401,BLEISTIFT,31,Frau,NN,frau,33224,,
tg,rfd2.0,126935,127401,BLEISTIFT,31,vom,APPRART,von,33224,,
tg,rfd2.0,126935,127401,BLEISTIFT,31,Schlage,NN,schlage,33224,,
tg,rfd2.0,126935,127401,BLEISTIFT,31,gerührt,VVPP,rühren,33224,,
tg,rfd2.0,126935,127401,BLEISTIFT,31,worden,VAPP,werden,33224,,
tg,rfd2.0,126935,127401,BLEISTIFT,31,war,VAFIN,sein,33224,,
tg,rfd2.0,126935,127401,BLEISTIFT,31,bei,APPR,bei,33224,,
tg,rfd2.0,126935,127401,BLEISTIFT,31,der,ART,der,33224,,
tg,rfd2.0,126935,127401,BLEISTIFT,31,Nachricht,NN,nachricht,33224,,
tg,rfd2.0,126935,127401,BLEISTIFT,31,–,XY,–,33224,,
tg,rfd2.0,126935,127401,BLEISTIFT,31,daß,KOUS,daß,33224,,
tg,rfd2.0,126935,127401,BLEISTIFT,31,mein,PPOSAT,mein,33224,BLEISTIFT,31
tg,rfd2.0,126935,127401,BLEISTIFT,31,alter,ADJA,alt,33224,,
tg,rfd2.0,126935,127401,BLEISTIFT,31,Vater,NN,vater,33224,,
tg,rfd2.0,126935,127401,BLEISTIFT,31,",","$,",--,33224,,
tg,rfd2.0,126935,127401,BLEISTIFT,31,der,PRELS,der,33224,,
tg,rfd2.0,126935,127401,BLEISTIFT,31,nicht,PTKNEG,nicht,33224,,
tg,rfd2.0,126935,127401,BLEISTIFT,31,mehr,ADV,mehr,33224,,
tg,rfd2.0,126935,127401,BLEISTIFT,31,die,ART,der,33224,,
tg,rfd2.0,126935,127401,BLEISTIFT,31,Kraft,NN,kraft,33224,,
tg,rfd2.0,126935,127401,BLEISTIFT,31,hatte,VAFIN,haben,33224,,
tg,rfd2.0,126935,127401,BLEISTIFT,31,",","$,",--,33224,,
tg,rfd2.0,126935,127401,BLEISTIFT,31,das,ART,der,33224,,
tg,rfd2.0,126935,127401,BLEISTIFT,31,Feld,NN,feld,33224,,
tg,rfd2.0,126935,127401,BLEISTIFT,31,zu,PTKZU,zu,33224,,
tg,rfd2.0,126935,127401,BLEISTIFT,31,bestellen,VVINF,bestellen,33224,,
tg,rfd2.0,126935,127401,BLEISTIFT,31,",","$,",--,33224,,
tg,rfd2.0,126935,127401,BLEISTIFT,31,in,APPR,in,33224,,
tg,rfd2.0,126935,127401,BLEISTIFT,31,Hunger,NN,hunger,33224,,
tg,rfd2.0,126935,127401,BLEISTIFT,31,und,KON,und,33224,,
tg,rfd2.0,126935,127401,BLEISTIFT,31,Not,NN,not,33224,,
tg,rfd2.0,126935,127401,BLEISTIFT,31,umgekommen,VVPP,umkommen,33224,,
tg,rfd2.0,126935,127401,BLEISTIFT,31,war,VAFIN,sein,33224,,
tg,rfd2.0,126935,127401,BLEISTIFT,31,–,TRUNC,–,33224,,
tg,rfd2.0,126935,127401,BLEISTIFT,31,und,KON,und,33224,,
tg,rfd2.0,126935,127401,BLEISTIFT,31,daß,KOUS,daß,33224,,
tg,rfd2.0,126935,127401,BLEISTIFT,31,mein,PPOSAT,mein,33224,BLEISTIFT,31
tg,rfd2.0,126935,127401,BLEISTIFT,31,kleiner,ADJA,klein,33224,,
tg,rfd2.0,126935,127401,BLEISTIFT,31,Bub,NN,bub,33224,,
tg,rfd2.0,126935,127401,BLEISTIFT,31,betteln,VVINF,betteln,33224,,
tg,rfd2.0,126935,127401,BLEISTIFT,31,lief,VVFIN,laufen,33224,,
tg,rfd2.0,126935,127401,BLEISTIFT,31,von,APPR,von,33224,,
tg,rfd2.0,126935,127401,BLEISTIFT,31,Dorf,NN,dorf,33224,,
tg,rfd2.0,126935,127401,BLEISTIFT,31,zu,APPR,zu,33224,,
tg,rfd2.0,126935,127401,BLEISTIFT,31,Dorf,NN,dorf,33224,,
tg,rfd2.0,126935,127401,BLEISTIFT,31,–,VVINF,–,33224,,
tg,rfd2.0,126935,127401,BLEISTIFT,31,soll,VMFIN,sollen,33224,,
tg,rfd2.0,126935,127401,BLEISTIFT,31,das,ART,der,33224,,
tg,rfd2.0,126935,127401,BLEISTIFT,31,einen,PIS,ein,33224,,
tg,rfd2.0,126935,127401,BLEISTIFT,31,nicht,PTKNEG,nicht,33224,,
tg,rfd2.0,126935,127401,BLEISTIFT,31,inwendig,ADJD,inwendig,33224,,
tg,rfd2.0,126935,127401,BLEISTIFT,31,verbrennen,VVINF,verbrennen,33224,,
tg,rfd2.0,126935,127401,BLEISTIFT,31,",","$,",--,33224,,
tg,rfd2.0,126935,127401,BLEISTIFT,31,wie,PWAV,wie,33224,,
tg,rfd2.0,126935,127401,BLEISTIFT,31,einen,ART,ein,33224,,
tg,rfd2.0,126935,127401,BLEISTIFT,31,Kohlenmeiler,NN,kohlenmeiler,33224,,
tg,rfd2.0,126935,127401,BLEISTIFT,31,",","$,",--,33224,,
tg,rfd2.0,126935,127401,BLEISTIFT,31,und,KON,und,33224,,
tg,rfd2.0,126935,127401,BLEISTIFT,31,einen,ART,ein,33224,,
tg,rfd2.0,126935,127401,BLEISTIFT,31,tückisch,ADJD,tückisch,33224,,
tg,rfd2.0,126935,127401,BLEISTIFT,31,machen,VVINF,machen,33224,,
tg,rfd2.0,126935,127401,BLEISTIFT,31,",","$,",--,33224,,
tg,rfd2.0,126935,127401,BLEISTIFT,31,Jungfer,NE,jungfer,33224,,
tg,rfd2.0,126935,127401,BLEISTIFT,31,Laura,NE,laura,33224,,
tg,rfd2.0,126935,127401,BLEISTIFT,31,",","$,",--,33224,,
tg,rfd2.0,126935,127401,BLEISTIFT,31,nicht,PTKNEG,nicht,33224,,
tg,rfd2.0,126935,127401,BLEISTIFT,31,?,$.,--,33224,,
tg,rfd2.0,127406,127426,"Laura, deren Pflegetochter.",3,O,NE,O,33224,,
tg,rfd2.0,127406,127426,"Laura, deren Pflegetochter.",3,mein,PPOSAT,mein,33224,"Laura, deren Pflegetochter.",3
tg,rfd2.0,127406,127426,"Laura, deren Pflegetochter.",3,Gott,NN,gott,33224,,
tg,rfd2.0,127406,127426,"Laura, deren Pflegetochter.",3,"!",$.,--,33224,,
tg,rfd2.0,127431,128699,BLEISTIFT,31,Sie,PPER,sie,33224,,
tg,rfd2.0,127431,128699,BLEISTIFT,31,hat,VAFIN,haben,33224,,
tg,rfd2.0,127431,128699,BLEISTIFT,31,recht,ADV,recht,33224,,
tg,rfd2.0,127431,128699,BLEISTIFT,31,",","$,",--,33224,,
tg,rfd2.0,127431,128699,BLEISTIFT,31,ich,PPER,ich,33224,BLEISTIFT,31
tg,rfd2.0,127431,128699,BLEISTIFT,31,mußte,VMFIN,müssen,33224,,
tg,rfd2.0,127431,128699,BLEISTIFT,31,Gott,NN,gott,33224,,
tg,rfd2.0,127431,128699,BLEISTIFT,31,danken,VVINF,danken,33224,,
tg,rfd2.0,127431,128699,BLEISTIFT,31,",","$,",--,33224,,
tg,rfd2.0,127431,128699,BLEISTIFT,31,daß,KOUS,daß,33224,,
tg,rfd2.0,127431,128699,BLEISTIFT,31,mir,PPER,sich,33224,BLEISTIFT,31
tg,rfd2.0,127431,128699,BLEISTIFT,31,der,ART,der,33224,,
tg,rfd2.0,127431,128699,BLEISTIFT,31,Bub,NN,bub,33224,,
tg,rfd2.0,127431,128699,BLEISTIFT,31,am,APPRART,an,33224,,
tg,rfd2.0,127431,128699,BLEISTIFT,31,Leben,NN,leben,33224,,
tg,rfd2.0,127431,128699,BLEISTIFT,31,geblieben,VVPP,bleiben,33224,,
tg,rfd2.0,127431,128699,BLEISTIFT,31,war,VAFIN,sein,33224,,
tg,rfd2.0,127431,128699,BLEISTIFT,31,",","$,",--,33224,,
tg,rfd2.0,127431,128699,BLEISTIFT,31,ein,ART,ein,33224,,
tg,rfd2.0,127431,128699,BLEISTIFT,31,wahres,ADJA,wahr,33224,,
tg,rfd2.0,127431,128699,BLEISTIFT,31,Labsal,NN,labsal,33224,,
tg,rfd2.0,127431,128699,BLEISTIFT,31,für,APPR,für,33224,,
tg,rfd2.0,127431,128699,BLEISTIFT,31,mein,PPOSAT,mein,33224,BLEISTIFT,31
tg,rfd2.0,127431,128699,BLEISTIFT,31,Alter,NN,alter,33224,,
tg,rfd2.0,127431,128699,BLEISTIFT,31,",","$,",--,33224,,
tg,rfd2.0,127431,128699,BLEISTIFT,31,der,ART,der,33224,,
tg,rfd2.0,127431,128699,BLEISTIFT,31,Töffel,NN,töffel,33224,,
tg,rfd2.0,127431,128699,BLEISTIFT,31,",","$,",--,33224,,
tg,rfd2.0,127431,128699,BLEISTIFT,31,und,KON,und,33224,,
tg,rfd2.0,127431,128699,BLEISTIFT,31,daß,KOUS,daß,33224,,
tg,rfd2.0,127431,128699,BLEISTIFT,31,der,ART,der,33224,,
tg,rfd2.0,127431,128699,BLEISTIFT,31,Herzog,NE,herzog,33224,,
tg,rfd2.0,127431,128699,BLEISTIFT,31,gerade,ADV,gerade,33224,,
tg,rfd2.0,127431,128699,BLEISTIFT,31,an,APPR,an,33224,,
tg,rfd2.0,127431,128699,BLEISTIFT,31,mir,PPER,sich,33224,BLEISTIFT,31
tg,rfd2.0,127431,128699,BLEISTIFT,31,seinen,PPOSAT,sein,33224,,
tg,rfd2.0,127431,128699,BLEISTIFT,31,Narren,NN,narr,33224,,
tg,rfd2.0,127431,128699,BLEISTIFT,31,gefressen,VVPP,gefressen,33224,,
tg,rfd2.0,127431,128699,BLEISTIFT,31,und,KON,und,33224,,
tg,rfd2.0,127431,128699,BLEISTIFT,31,mich,PPER,mich,33224,BLEISTIFT,31
tg,rfd2.0,127431,128699,BLEISTIFT,31,zu,APPR,zu,33224,,
tg,rfd2.0,127431,128699,BLEISTIFT,31,seinem,PPOSAT,sein,33224,,
tg,rfd2.0,127431,128699,BLEISTIFT,31,Faktotumsergeanten,NN,faktotumsergeant,33224,,
tg,rfd2.0,127431,128699,BLEISTIFT,31,gemacht,VVPP,machen,33224,,
tg,rfd2.0,127431,128699,BLEISTIFT,31,",","$,",--,33224,,
tg,rfd2.0,127431,128699,BLEISTIFT,31,das,PDS,der,33224,,
tg,rfd2.0,127431,128699,BLEISTIFT,31,ist,VAFIN,sein,33224,,
tg,rfd2.0,127431,128699,BLEISTIFT,31,wahr,ADJD,wahr,33224,,
tg,rfd2.0,127431,128699,BLEISTIFT,31,–,XY,–,33224,,
tg,rfd2.0,127431,128699,BLEISTIFT,31,aber,KON,aber,33224,,
tg,rfd2.0,127431,128699,BLEISTIFT,31,Gott,NN,gott,33224,,
tg,rfd2.0,127431,128699,BLEISTIFT,31,vergeb,VVFIN,vergeb,33224,,
tg,rfd2.0,127431,128699,BLEISTIFT,31,',$[,--,33224,,
tg,rfd2.0,127431,128699,BLEISTIFT,31,mir,PPER,sich,33224,BLEISTIFT,31
tg,rfd2.0,127431,128699,BLEISTIFT,31,die,ART,der,33224,,
tg,rfd2.0,127431,128699,BLEISTIFT,31,Sünde,NN,sünde,33224,,
tg,rfd2.0,127431,128699,BLEISTIFT,31,",","$,",--,33224,,
tg,rfd2.0,127431,128699,BLEISTIFT,31,ich,PPER,ich,33224,BLEISTIFT,31
tg,rfd2.0,127431,128699,BLEISTIFT,31,kann's,VVFIN,kann,33224,,
tg,rfd2.0,127431,128699,BLEISTIFT,31,nicht,PTKNEG,nicht,33224,,
tg,rfd2.0,127431,128699,BLEISTIFT,31,",","$,",--,33224,,
tg,rfd2.0,127431,128699,BLEISTIFT,31,ich,PPER,ich,33224,BLEISTIFT,31
tg,rfd2.0,127431,128699,BLEISTIFT,31,kann,VMFIN,können,33224,,
tg,rfd2.0,127431,128699,BLEISTIFT,31,nicht,PTKNEG,nicht,33224,,
tg,rfd2.0,127431,128699,BLEISTIFT,31,mehr,ADV,mehr,33224,,
tg,rfd2.0,127431,128699,BLEISTIFT,31,danken,VVINF,danken,33224,,
tg,rfd2.0,127431,128699,BLEISTIFT,31,",","$,",--,33224,,
tg,rfd2.0,127431,128699,BLEISTIFT,31,ich,PPER,ich,33224,BLEISTIFT,31
tg,rfd2.0,127431,128699,BLEISTIFT,31,hab,VAFIN,hab,33224,,
tg,rfd2.0,127431,128699,BLEISTIFT,31,',$[,--,33224,,
tg,rfd2.0,127431,128699,BLEISTIFT,31,einmal,ADV,einmal,33224,,
tg,rfd2.0,127431,128699,BLEISTIFT,31,den,ART,der,33224,,
tg,rfd2.0,127431,128699,BLEISTIFT,31,Teufel,NN,teufel,33224,,
tg,rfd2.0,127431,128699,BLEISTIFT,31,im,APPRART,in,33224,,
tg,rfd2.0,127431,128699,BLEISTIFT,31,Leibe,NN,leib,33224,,
tg,rfd2.0,127431,128699,BLEISTIFT,31,von,APPR,von,33224,,
tg,rfd2.0,127431,128699,BLEISTIFT,31,damals,ADV,damals,33224,,
tg,rfd2.0,127431,128699,BLEISTIFT,31,",","$,",--,33224,,
tg,rfd2.0,127431,128699,BLEISTIFT,31,und,KON,und,33224,,
tg,rfd2.0,127431,128699,BLEISTIFT,31,der,ART,der,33224,,
tg,rfd2.0,127431,128699,BLEISTIFT,31,Teufel,NN,teufel,33224,,
tg,rfd2.0,127431,128699,BLEISTIFT,31,plagt,VVFIN,plagen,33224,,
tg,rfd2.0,127431,128699,BLEISTIFT,31,mich,PPER,mich,33224,BLEISTIFT,31
tg,rfd2.0,127431,128699,BLEISTIFT,31,",","$,",--,33224,,
tg,rfd2.0,127431,128699,BLEISTIFT,31,alle,PIDAT,aller,33224,ALLE,30
tg,rfd2.0,127431,128699,BLEISTIFT,31,Leute,NN,leute,33224,,
tg,rfd2.0,127431,128699,BLEISTIFT,31,zu,APPR,zu,33224,,
tg,rfd2.0,127431,128699,BLEISTIFT,31,plagen,VVFIN,plagen,33224,,
tg,rfd2.0,127431,128699,BLEISTIFT,31,",","$,",--,33224,,
tg,rfd2.0,127431,128699,BLEISTIFT,31,der,ART,der,33224,,
tg,rfd2.0,127431,128699,BLEISTIFT,31,Herrgott,NN,herrgott,33224,,
tg,rfd2.0,127431,128699,BLEISTIFT,31,mag,VMFIN,mögen,33224,,
tg,rfd2.0,127431,128699,BLEISTIFT,31,aus,APPR,aus,33224,,
tg,rfd2.0,127431,128699,BLEISTIFT,31,mir,PPER,sich,33224,BLEISTIFT,31
tg,rfd2.0,127431,128699,BLEISTIFT,31,machen,VVINF,machen,33224,,
tg,rfd2.0,127431,128699,BLEISTIFT,31,",","$,",--,33224,,
tg,rfd2.0,127431,128699,BLEISTIFT,31,was,PRELS,was,33224,,
tg,rfd2.0,127431,128699,BLEISTIFT,31,er,PPER,er,33224,,
tg,rfd2.0,127431,128699,BLEISTIFT,31,will,VMFIN,wollen,33224,,
tg,rfd2.0,127431,128699,BLEISTIFT,31,",","$,",--,33224,,
tg,rfd2.0,127431,128699,BLEISTIFT,31,ich,PPER,ich,33224,BLEISTIFT,31
tg,rfd2.0,127431,128699,BLEISTIFT,31,kann,VMFIN,können,33224,,
tg,rfd2.0,127431,128699,BLEISTIFT,31,nicht,PTKNEG,nicht,33224,,
tg,rfd2.0,127431,128699,BLEISTIFT,31,mehr,ADV,mehr,33224,,
tg,rfd2.0,127431,128699,BLEISTIFT,31,anders,ADV,anders,33224,,
tg,rfd2.0,127431,128699,BLEISTIFT,31,.,$.,--,33224,,
tg,rfd2.0,127431,128699,BLEISTIFT,31,Nun,ADV,nun,33224,,
tg,rfd2.0,127431,128699,BLEISTIFT,31,seh,VVFIN,seh,33224,,
tg,rfd2.0,127431,128699,BLEISTIFT,31,Sie,PPER,sie,33224,,
tg,rfd2.0,127431,128699,BLEISTIFT,31,",","$,",--,33224,,
tg,rfd2.0,127431,128699,BLEISTIFT,31,Jungfer,NE,jungfer,33224,,
tg,rfd2.0,127431,128699,BLEISTIFT,31,",","$,",--,33224,,
tg,rfd2.0,127431,128699,BLEISTIFT,31,nun,ADV,nun,33224,,
tg,rfd2.0,127431,128699,BLEISTIFT,31,wohnt,VVFIN,wohnen,33224,,
tg,rfd2.0,127431,128699,BLEISTIFT,31,aber,ADV,aber,33224,,
tg,rfd2.0,127431,128699,BLEISTIFT,31,immer,ADV,immer,33224,,
tg,rfd2.0,127431,128699,BLEISTIFT,31,noch,ADV,noch,33224,,
tg,rfd2.0,127431,128699,BLEISTIFT,31,der,ART,der,33224,,
tg,rfd2.0,127431,128699,BLEISTIFT,31,ehrliche,ADJA,ehrlich,33224,,
tg,rfd2.0,127431,128699,BLEISTIFT,31,Schwabe,NN,schwabe,33224,,
tg,rfd2.0,127431,128699,BLEISTIFT,31,in,APPR,in,33224,,
tg,rfd2.0,127431,128699,BLEISTIFT,31,mir,PPER,sich,33224,BLEISTIFT,31
tg,rfd2.0,127431,128699,BLEISTIFT,31,",","$,",--,33224,,
tg,rfd2.0,127431,128699,BLEISTIFT,31,meiner,PPOSAT,mein,33224,BLEISTIFT,31
tg,rfd2.0,127431,128699,BLEISTIFT,31,Mutter,NN,mutter,33224,,
tg,rfd2.0,127431,128699,BLEISTIFT,31,Sohn,NN,sohn,33224,,
tg,rfd2.0,127431,128699,BLEISTIFT,31,",","$,",--,33224,,
tg,rfd2.0,127431,128699,BLEISTIFT,31,der,PRELS,der,33224,,
tg,rfd2.0,127431,128699,BLEISTIFT,31,sagt,VVFIN,sagen,33224,,
tg,rfd2.0,127431,128699,BLEISTIFT,31,:,$.,--,33224,,
tg,rfd2.0,127431,128699,BLEISTIFT,31,Bleistift,NN,bleistift,33224,BLEISTIFT,31
tg,rfd2.0,127431,128699,BLEISTIFT,31,ich,PPER,ich,33224,BLEISTIFT,31
tg,rfd2.0,127431,128699,BLEISTIFT,31,glaub's,VVFIN,glaub,33224,,
tg,rfd2.0,127431,128699,BLEISTIFT,31,daß,KOUS,daß,33224,,
tg,rfd2.0,127431,128699,BLEISTIFT,31,du,PPER,du,33224,,
tg,rfd2.0,127431,128699,BLEISTIFT,31,dem,ART,der,33224,,
tg,rfd2.0,127431,128699,BLEISTIFT,31,Teufel,NN,teufel,33224,,
tg,rfd2.0,127431,128699,BLEISTIFT,31,gehorchen,VVINF,gehorchen,33224,,
tg,rfd2.0,127431,128699,BLEISTIFT,31,mußt,VMFIN,mussen,33224,,
tg,rfd2.0,127431,128699,BLEISTIFT,31,",","$,",--,33224,,
tg,rfd2.0,127431,128699,BLEISTIFT,31,aber,KON,aber,33224,,
tg,rfd2.0,127431,128699,BLEISTIFT,31,gehorch,VVFIN,gehorch,33224,,
tg,rfd2.0,127431,128699,BLEISTIFT,31,ihm,PPER,ihm,33224,,
tg,rfd2.0,127431,128699,BLEISTIFT,31,christlich,ADJD,christlich,33224,,
tg,rfd2.0,127431,128699,BLEISTIFT,31,"!",$.,--,33224,,
tg,rfd2.0,127431,128699,BLEISTIFT,31,Die,ART,der,33224,,
tg,rfd2.0,127431,128699,BLEISTIFT,31,niederträchtige,ADJA,niederträchtig,33224,,
tg,rfd2.0,127431,128699,BLEISTIFT,31,Lüge,NN,lüge,33224,,
tg,rfd2.0,127431,128699,BLEISTIFT,31,hat,VAFIN,haben,33224,,
tg,rfd2.0,127431,128699,BLEISTIFT,31,dich,PPER,dich,33224,,
tg,rfd2.0,127431,128699,BLEISTIFT,31,zugrunde,ADV,zugrunde,33224,,
tg,rfd2.0,127431,128699,BLEISTIFT,31,gerichtet,VVPP,richten,33224,,
tg,rfd2.0,127431,128699,BLEISTIFT,31,",","$,",--,33224,,
tg,rfd2.0,127431,128699,BLEISTIFT,31,jetzt,ADV,jetzt,33224,,
tg,rfd2.0,127431,128699,BLEISTIFT,31,laß,VVFIN,lassen,33224,,
tg,rfd2.0,127431,128699,BLEISTIFT,31,keine,PIAT,kein,33224,,
tg,rfd2.0,127431,128699,BLEISTIFT,31,Lüge,NN,lüge,33224,,
tg,rfd2.0,127431,128699,BLEISTIFT,31,mehr,ADV,mehr,33224,,
tg,rfd2.0,127431,128699,BLEISTIFT,31,aufkommen,VVINF,aufkommen,33224,,
tg,rfd2.0,127431,128699,BLEISTIFT,31,",","$,",--,33224,,
tg,rfd2.0,127431,128699,BLEISTIFT,31,',$[,--,33224,,
tg,rfd2.0,127431,128699,BLEISTIFT,31,s,PPER,--,33224,,
tg,rfd2.0,127431,128699,BLEISTIFT,31,mag,VMFIN,mögen,33224,,
tg,rfd2.0,127431,128699,BLEISTIFT,31,kosten,VVINF,kosten,33224,,
tg,rfd2.0,127431,128699,BLEISTIFT,31,",","$,",--,33224,,
tg,rfd2.0,127431,128699,BLEISTIFT,31,was,PRELS,was,33224,,
tg,rfd2.0,127431,128699,BLEISTIFT,31,es,PPER,es,33224,,
tg,rfd2.0,127431,128699,BLEISTIFT,31,will,VMFIN,wollen,33224,,
tg,rfd2.0,127431,128699,BLEISTIFT,31,.,$.,--,33224,,
tg,rfd2.0,127431,128699,BLEISTIFT,31,So,ADV,so,33224,,
tg,rfd2.0,127431,128699,BLEISTIFT,31,hast,VAFIN,haben,33224,,
tg,rfd2.0,127431,128699,BLEISTIFT,31,du,PPER,du,33224,,
tg,rfd2.0,127431,128699,BLEISTIFT,31,deinen,PPOSAT,dein,33224,,
tg,rfd2.0,127431,128699,BLEISTIFT,31,eignen,ADJA,eign,33224,,
tg,rfd2.0,127431,128699,BLEISTIFT,31,Teufel,NN,teufel,33224,,
tg,rfd2.0,127431,128699,BLEISTIFT,31,zum,APPRART,zu,33224,,
tg,rfd2.0,127431,128699,BLEISTIFT,31,Narren,NN,narr,33224,,
tg,rfd2.0,127431,128699,BLEISTIFT,31,",","$,",--,33224,,
tg,rfd2.0,127431,128699,BLEISTIFT,31,und,KON,und,33224,,
tg,rfd2.0,127431,128699,BLEISTIFT,31,–,XY,–,33224,,
tg,rfd2.0,127431,128699,BLEISTIFT,31,so,ADV,so,33224,,
tg,rfd2.0,127431,128699,BLEISTIFT,31,geschieht's,ADJD,geschieht,33224,,
tg,rfd2.0,127431,128699,BLEISTIFT,31,",","$,",--,33224,,
tg,rfd2.0,127431,128699,BLEISTIFT,31,Jungfer,NN,jungfer,33224,,
tg,rfd2.0,127431,128699,BLEISTIFT,31,",","$,",--,33224,,
tg,rfd2.0,127431,128699,BLEISTIFT,31,so,ADV,so,33224,,
tg,rfd2.0,127431,128699,BLEISTIFT,31,geschieht's,ADJD,geschieht,33224,,
tg,rfd2.0,127431,128699,BLEISTIFT,31,immerfort,VVPP,immerfort,33224,,
tg,rfd2.0,127431,128699,BLEISTIFT,31,",","$,",--,33224,,
tg,rfd2.0,127431,128699,BLEISTIFT,31,und,KON,und,33224,,
tg,rfd2.0,127431,128699,BLEISTIFT,31,ich,PPER,ich,33224,BLEISTIFT,31
tg,rfd2.0,127431,128699,BLEISTIFT,31,seh,VVFIN,seh,33224,,
tg,rfd2.0,127431,128699,BLEISTIFT,31,',$[,--,33224,,
tg,rfd2.0,127431,128699,BLEISTIFT,31,aus,PTKVZ,aus,33224,,
tg,rfd2.0,127431,128699,BLEISTIFT,31,wie,KOKOM,wie,33224,,
tg,rfd2.0,127431,128699,BLEISTIFT,31,ein,ART,ein,33224,,
tg,rfd2.0,127431,128699,BLEISTIFT,31,Drehstrick,NN,drehstrick,33224,,
tg,rfd2.0,127431,128699,BLEISTIFT,31,",","$,",--,33224,,
tg,rfd2.0,127431,128699,BLEISTIFT,31,bin,VAFIN,sein,33224,,
tg,rfd2.0,127431,128699,BLEISTIFT,31,aber,ADV,aber,33224,,
tg,rfd2.0,127431,128699,BLEISTIFT,31,ein,ART,ein,33224,,
tg,rfd2.0,127431,128699,BLEISTIFT,31,ganz,ADV,ganz,33224,,
tg,rfd2.0,127431,128699,BLEISTIFT,31,richtiger,ADJA,richtig,33224,,
tg,rfd2.0,127431,128699,BLEISTIFT,31,christlicher,ADJA,christlich,33224,,
tg,rfd2.0,127431,128699,BLEISTIFT,31,Strick,NN,strick,33224,,
tg,rfd2.0,127431,128699,BLEISTIFT,31,"!",$.,--,33224,,
tg,rfd2.0,127431,128699,BLEISTIFT,31,Und,KON,und,33224,,
tg,rfd2.0,127431,128699,BLEISTIFT,31,jetzt,ADV,jetzt,33224,,
tg,rfd2.0,127431,128699,BLEISTIFT,31,verleitet,VVFIN,verleiten,33224,,
tg,rfd2.0,127431,128699,BLEISTIFT,31,Sie,PPER,sie,33224,,
tg,rfd2.0,127431,128699,BLEISTIFT,31,mich,PRF,mich,33224,BLEISTIFT,31
tg,rfd2.0,127431,128699,BLEISTIFT,31,zu,APPR,zu,33224,,
tg,rfd2.0,127431,128699,BLEISTIFT,31,einer,ART,ein,33224,,
tg,rfd2.0,127431,128699,BLEISTIFT,31,handgreiflichen,ADJA,handgreiflich,33224,,
tg,rfd2.0,127431,128699,BLEISTIFT,31,Lüge,NN,lüge,33224,,
tg,rfd2.0,127431,128699,BLEISTIFT,31,",","$,",--,33224,,
tg,rfd2.0,127431,128699,BLEISTIFT,31,und,KON,und,33224,,
tg,rfd2.0,127431,128699,BLEISTIFT,31,lauft,VVFIN,laufen,33224,,
tg,rfd2.0,127431,128699,BLEISTIFT,31,neben,APPR,neben,33224,,
tg,rfd2.0,127431,128699,BLEISTIFT,31,mir,PPER,sich,33224,BLEISTIFT,31
tg,rfd2.0,127431,128699,BLEISTIFT,31,her,PTKVZ,her,33224,,
tg,rfd2.0,127431,128699,BLEISTIFT,31,als,KOKOM,als,33224,,
tg,rfd2.0,127431,128699,BLEISTIFT,31,ein,ART,ein,33224,,
tg,rfd2.0,127431,128699,BLEISTIFT,31,Junker,NE,junker,33224,,
tg,rfd2.0,127431,128699,BLEISTIFT,31,",","$,",--,33224,,
tg,rfd2.0,127431,128699,BLEISTIFT,31,und,KON,und,33224,,
tg,rfd2.0,127431,128699,BLEISTIFT,31,ich,PPER,ich,33224,BLEISTIFT,31
tg,rfd2.0,127431,128699,BLEISTIFT,31,laß,VVFIN,lassen,33224,,
tg,rfd2.0,127431,128699,BLEISTIFT,31,mir's,ADV,mir's,33224,,
tg,rfd2.0,127431,128699,BLEISTIFT,31,gefallen,VVPP,fallen,33224,,
tg,rfd2.0,127431,128699,BLEISTIFT,31,",","$,",--,33224,,
tg,rfd2.0,127431,128699,BLEISTIFT,31,weil,KOUS,weil,33224,,
tg,rfd2.0,127431,128699,BLEISTIFT,31,mein,PPOSAT,mein,33224,BLEISTIFT,31
tg,rfd2.0,127431,128699,BLEISTIFT,31,Töffel,NN,töffel,33224,,
tg,rfd2.0,127431,128699,BLEISTIFT,31,hier,ADV,hier,33224,,
tg,rfd2.0,127431,128699,BLEISTIFT,31,mit,APPR,mit,33224,,
tg,rfd2.0,127431,128699,BLEISTIFT,31,in,APPR,in,33224,,
tg,rfd2.0,127431,128699,BLEISTIFT,31,der,ART,der,33224,,
tg,rfd2.0,127431,128699,BLEISTIFT,31,Patsche,NN,patsche,33224,,
tg,rfd2.0,127431,128699,BLEISTIFT,31,steckt,VVFIN,stecken,33224,,
tg,rfd2.0,127431,128699,BLEISTIFT,31,",","$,",--,33224,,
tg,rfd2.0,127431,128699,BLEISTIFT,31,und,KON,und,33224,,
tg,rfd2.0,127431,128699,BLEISTIFT,31,das,PDS,der,33224,,
tg,rfd2.0,127431,128699,BLEISTIFT,31,soll,VMFIN,sollen,33224,,
tg,rfd2.0,127431,128699,BLEISTIFT,31,mich,PPER,mich,33224,BLEISTIFT,31
tg,rfd2.0,127431,128699,BLEISTIFT,31,nicht,PTKNEG,nicht,33224,,
tg,rfd2.0,127431,128699,BLEISTIFT,31,rasend,ADJD,rasend,33224,,
tg,rfd2.0,127431,128699,BLEISTIFT,31,machen,VVINF,machen,33224,,
tg,rfd2.0,127431,128699,BLEISTIFT,31,",","$,",--,33224,,
tg,rfd2.0,127431,128699,BLEISTIFT,31,he,VVFIN,--,33224,,
tg,rfd2.0,127431,128699,BLEISTIFT,31,?,$.,--,33224,,
tg,rfd2.0,127431,128699,BLEISTIFT,31,"!",$.,--,33224,,
tg,rfd2.0,127431,128699,BLEISTIFT,31,Ich,PPER,ich,33224,,
tg,rfd2.0,127431,128699,BLEISTIFT,31,weiß,VVFIN,weiß,33224,,
tg,rfd2.0,127431,128699,BLEISTIFT,31,ja,ADV,ja,33224,,
tg,rfd2.0,127431,128699,BLEISTIFT,31,nicht,PTKNEG,nicht,33224,,
tg,rfd2.0,127431,128699,BLEISTIFT,31,mehr,ADV,mehr,33224,,
tg,rfd2.0,127431,128699,BLEISTIFT,31,",","$,",--,33224,,
tg,rfd2.0,127431,128699,BLEISTIFT,31,wer,PWS,wer,33224,,
tg,rfd2.0,127431,128699,BLEISTIFT,31,und,KON,und,33224,,
tg,rfd2.0,127431,128699,BLEISTIFT,31,was,PWS,was,33224,,
tg,rfd2.0,127431,128699,BLEISTIFT,31,ich,PPER,ich,33224,BLEISTIFT,31
tg,rfd2.0,127431,128699,BLEISTIFT,31,bin,VAFIN,sein,33224,,
tg,rfd2.0,127431,128699,BLEISTIFT,31,"!",$.,--,33224,,
tg,rfd2.0,128704,128769,"Laura, deren Pflegetochter.",3,Schrei,NN,schrei,33224,,
tg,rfd2.0,128704,128769,"Laura, deren Pflegetochter.",3,Er,PPER,er,33224,,
tg,rfd2.0,128704,128769,"Laura, deren Pflegetochter.",3,nur,ADV,nur,33224,,
tg,rfd2.0,128704,128769,"Laura, deren Pflegetochter.",3,nicht,PTKNEG,nicht,33224,,
tg,rfd2.0,128704,128769,"Laura, deren Pflegetochter.",3,so,ADV,so,33224,,
tg,rfd2.0,128704,128769,"Laura, deren Pflegetochter.",3,",","$,",--,33224,,
tg,rfd2.0,128704,128769,"Laura, deren Pflegetochter.",3,sonst,ADV,sonst,33224,,
tg,rfd2.0,128704,128769,"Laura, deren Pflegetochter.",3,ist,VAFIN,sein,33224,,
tg,rfd2.0,128704,128769,"Laura, deren Pflegetochter.",3,der,ART,der,33224,,
tg,rfd2.0,128704,128769,"Laura, deren Pflegetochter.",3,Christoph,NE,christoph,33224,,
tg,rfd2.0,128704,128769,"Laura, deren Pflegetochter.",3,verloren,VVPP,verlieren,33224,,
tg,rfd2.0,128704,128769,"Laura, deren Pflegetochter.",3,"!",$.,--,33224,,
tg,rfd2.0,128774,129103,BLEISTIFT,31,Ja,PTKANT,ja,33224,,
tg,rfd2.0,128774,129103,BLEISTIFT,31,so,ADV,so,33224,,
tg,rfd2.0,128774,129103,BLEISTIFT,31,"!",$.,--,33224,,
tg,rfd2.0,128774,129103,BLEISTIFT,31,Sich,PRF,sich,33224,,
tg,rfd2.0,128774,129103,BLEISTIFT,31,am,APPRART,an,33224,,
tg,rfd2.0,128774,129103,BLEISTIFT,31,Stuhl,NN,stuhl,33224,,
tg,rfd2.0,128774,129103,BLEISTIFT,31,haltend,ADJD,haltend,33224,,
tg,rfd2.0,128774,129103,BLEISTIFT,31,.,$.,--,33224,,
tg,rfd2.0,128774,129103,BLEISTIFT,31,Mein,PPOSAT,mein,33224,,
tg,rfd2.0,128774,129103,BLEISTIFT,31,Bub,NN,bub,33224,,
tg,rfd2.0,128774,129103,BLEISTIFT,31,',$[,--,33224,,
tg,rfd2.0,128774,129103,BLEISTIFT,31,"!",$.,--,33224,,
tg,rfd2.0,128774,129103,BLEISTIFT,31,An,APPR,an,33224,,
tg,rfd2.0,128774,129103,BLEISTIFT,31,mir,PPER,sich,33224,BLEISTIFT,31
tg,rfd2.0,128774,129103,BLEISTIFT,31,ist,VAFIN,sein,33224,,
tg,rfd2.0,128774,129103,BLEISTIFT,31,ja,ADV,ja,33224,,
tg,rfd2.0,128774,129103,BLEISTIFT,31,doch,ADV,doch,33224,,
tg,rfd2.0,128774,129103,BLEISTIFT,31,nichts,PIS,nichts,33224,,
tg,rfd2.0,128774,129103,BLEISTIFT,31,mehr,ADV,mehr,33224,,
tg,rfd2.0,128774,129103,BLEISTIFT,31,zu,PTKZU,zu,33224,,
tg,rfd2.0,128774,129103,BLEISTIFT,31,verlieren,VVINF,verlieren,33224,,
tg,rfd2.0,128774,129103,BLEISTIFT,31,",","$,",--,33224,,
tg,rfd2.0,128774,129103,BLEISTIFT,31,ich,PPER,ich,33224,BLEISTIFT,31
tg,rfd2.0,128774,129103,BLEISTIFT,31,bin,VAFIN,sein,33224,,
tg,rfd2.0,128774,129103,BLEISTIFT,31,einmal,ADV,einmal,33224,,
tg,rfd2.0,128774,129103,BLEISTIFT,31,ein,ART,ein,33224,,
tg,rfd2.0,128774,129103,BLEISTIFT,31,Forijeng,NN,forijeng,33224,,
tg,rfd2.0,128774,129103,BLEISTIFT,31,",","$,",--,33224,,
tg,rfd2.0,128774,129103,BLEISTIFT,31,wie,PWAV,wie,33224,,
tg,rfd2.0,128774,129103,BLEISTIFT,31,der,ART,der,33224,,
tg,rfd2.0,128774,129103,BLEISTIFT,31,Herr,NN,herr,33224,,
tg,rfd2.0,128774,129103,BLEISTIFT,31,sagt,VVFIN,sagen,33224,,
tg,rfd2.0,128774,129103,BLEISTIFT,31,;,$.,--,33224,,
tg,rfd2.0,128774,129103,BLEISTIFT,31,aber,KON,aber,33224,,
tg,rfd2.0,128774,129103,BLEISTIFT,31,mein,PPOSAT,mein,33224,BLEISTIFT,31
tg,rfd2.0,128774,129103,BLEISTIFT,31,Bub,NN,bub,33224,,
tg,rfd2.0,128774,129103,BLEISTIFT,31,',$[,--,33224,,
tg,rfd2.0,128774,129103,BLEISTIFT,31,",","$,",--,33224,,
tg,rfd2.0,128774,129103,BLEISTIFT,31,ach,VVFIN,ach,33224,,
tg,rfd2.0,128774,129103,BLEISTIFT,31,der,ART,der,33224,,
tg,rfd2.0,128774,129103,BLEISTIFT,31,ist,VAFIN,sein,33224,,
tg,rfd2.0,128774,129103,BLEISTIFT,31,so,ADV,so,33224,,
tg,rfd2.0,128774,129103,BLEISTIFT,31,brav,ADJD,brav,33224,,
tg,rfd2.0,128774,129103,BLEISTIFT,31,und,KON,und,33224,,
tg,rfd2.0,128774,129103,BLEISTIFT,31,so,ADV,so,33224,,
tg,rfd2.0,128774,129103,BLEISTIFT,31,klug,ADJD,klug,33224,,
tg,rfd2.0,128774,129103,BLEISTIFT,31,",","$,",--,33224,,
tg,rfd2.0,128774,129103,BLEISTIFT,31,den,PDS,der,33224,,
tg,rfd2.0,128774,129103,BLEISTIFT,31,muß,VMFIN,müssen,33224,,
tg,rfd2.0,128774,129103,BLEISTIFT,31,ich,PPER,ich,33224,BLEISTIFT,31
tg,rfd2.0,128774,129103,BLEISTIFT,31,beschützen,VVINF,beschützen,33224,,
tg,rfd2.0,128774,129103,BLEISTIFT,31,",","$,",--,33224,,
tg,rfd2.0,128774,129103,BLEISTIFT,31,und,KON,und,33224,,
tg,rfd2.0,128774,129103,BLEISTIFT,31,wenn's,VVFIN,wenn's,33224,,
tg,rfd2.0,128774,129103,BLEISTIFT,31,mein,PPOSAT,mein,33224,BLEISTIFT,31
tg,rfd2.0,128774,129103,BLEISTIFT,31,Leben,NN,leben,33224,,
tg,rfd2.0,128774,129103,BLEISTIFT,31,kostet,VVFIN,kosten,33224,,
tg,rfd2.0,128774,129103,BLEISTIFT,31,–,PPER,–,33224,,
tg,rfd2.0,128774,129103,BLEISTIFT,31,weiß,VVFIN,weiß,33224,,
tg,rfd2.0,128774,129103,BLEISTIFT,31,Sie,PPER,sie,33224,,
tg,rfd2.0,128774,129103,BLEISTIFT,31,",","$,",--,33224,,
tg,rfd2.0,128774,129103,BLEISTIFT,31,Jungfer,NE,jungfer,33224,,
tg,rfd2.0,128774,129103,BLEISTIFT,31,",","$,",--,33224,,
tg,rfd2.0,128774,129103,BLEISTIFT,31,daß,KOUS,daß,33224,,
tg,rfd2.0,128774,129103,BLEISTIFT,31,er,PPER,er,33224,,
tg,rfd2.0,128774,129103,BLEISTIFT,31,jetzt,ADV,jetzt,33224,,
tg,rfd2.0,128774,129103,BLEISTIFT,31,auch,ADV,auch,33224,,
tg,rfd2.0,128774,129103,BLEISTIFT,31,Klarinette,NN,klarinette,33224,,
tg,rfd2.0,128774,129103,BLEISTIFT,31,spielen,VVINF,spielen,33224,,
tg,rfd2.0,128774,129103,BLEISTIFT,31,kann,VMFIN,können,33224,,
tg,rfd2.0,128774,129103,BLEISTIFT,31,?,$.,--,33224,,
tg,rfd2.0,129108,129260,"Laura, deren Pflegetochter.",3,Das,PDS,der,33224,,
tg,rfd2.0,129108,129260,"Laura, deren Pflegetochter.",3,ist,VAFIN,sein,33224,,
tg,rfd2.0,129108,129260,"Laura, deren Pflegetochter.",3,eben,ADV,eben,33224,,
tg,rfd2.0,129108,129260,"Laura, deren Pflegetochter.",3,sein,PPOSAT,sein,33224,,
tg,rfd2.0,129108,129260,"Laura, deren Pflegetochter.",3,Unglück,NN,unglück,33224,,
tg,rfd2.0,129108,129260,"Laura, deren Pflegetochter.",3,"!",$.,--,33224,,
tg,rfd2.0,129108,129260,"Laura, deren Pflegetochter.",3,Weil,KOUS,weil,33224,,
tg,rfd2.0,129108,129260,"Laura, deren Pflegetochter.",3,er,PPER,er,33224,,
tg,rfd2.0,129108,129260,"Laura, deren Pflegetochter.",3,den,ART,der,33224,,
tg,rfd2.0,129108,129260,"Laura, deren Pflegetochter.",3,jungen,ADJA,jung,33224,,
tg,rfd2.0,129108,129260,"Laura, deren Pflegetochter.",3,Sausewinden,NN,sausewinde,33224,,
tg,rfd2.0,129108,129260,"Laura, deren Pflegetochter.",3,aufspielen,VVINF,aufspielen,33224,,
tg,rfd2.0,129108,129260,"Laura, deren Pflegetochter.",3,muß,VMFIN,müssen,33224,,
tg,rfd2.0,129108,129260,"Laura, deren Pflegetochter.",3,zu,APPR,zu,33224,,
tg,rfd2.0,129108,129260,"Laura, deren Pflegetochter.",3,ihren,PPOSAT,ihr,33224,,
tg,rfd2.0,129108,129260,"Laura, deren Pflegetochter.",3,Schelmenliedern,NN,schelmenlied,33224,,
tg,rfd2.0,129108,129260,"Laura, deren Pflegetochter.",3,",","$,",--,33224,,
tg,rfd2.0,129108,129260,"Laura, deren Pflegetochter.",3,kommt,VVFIN,kommen,33224,,
tg,rfd2.0,129108,129260,"Laura, deren Pflegetochter.",3,er,PPER,er,33224,,
tg,rfd2.0,129108,129260,"Laura, deren Pflegetochter.",3,mit,APPR,mit,33224,,
tg,rfd2.0,129108,129260,"Laura, deren Pflegetochter.",3,hierher,PROAV,hierher,33224,,
tg,rfd2.0,129108,129260,"Laura, deren Pflegetochter.",3,und,KON,und,33224,,
tg,rfd2.0,129108,129260,"Laura, deren Pflegetochter.",3,läuft,VVFIN,laufen,33224,,
tg,rfd2.0,129108,129260,"Laura, deren Pflegetochter.",3,in,APPR,in,33224,,
tg,rfd2.0,129108,129260,"Laura, deren Pflegetochter.",3,die,ART,der,33224,,
tg,rfd2.0,129108,129260,"Laura, deren Pflegetochter.",3,Gefahr,NN,gefahr,33224,,
tg,rfd2.0,129108,129260,"Laura, deren Pflegetochter.",3,.,$.,--,33224,,
tg,rfd2.0,129265,129344,BLEISTIFT,31,Richtig,ADJD,richtig,33224,,
tg,rfd2.0,129265,129344,BLEISTIFT,31,"!",$.,--,33224,,
tg,rfd2.0,129265,129344,BLEISTIFT,31,So,ADV,so,33224,,
tg,rfd2.0,129265,129344,BLEISTIFT,31,geht's,VVFIN,geht,33224,,
tg,rfd2.0,129265,129344,BLEISTIFT,31,",","$,",--,33224,,
tg,rfd2.0,129265,129344,BLEISTIFT,31,weil,KOUS,weil,33224,,
tg,rfd2.0,129265,129344,BLEISTIFT,31,der,ART,der,33224,,
tg,rfd2.0,129265,129344,BLEISTIFT,31,Junge,ADJA,jung,33224,,
tg,rfd2.0,129265,129344,BLEISTIFT,31,Schenie,NN,schenie,33224,,
tg,rfd2.0,129265,129344,BLEISTIFT,31,hat,VAFIN,haben,33224,,
tg,rfd2.0,129265,129344,BLEISTIFT,31,und,KON,und,33224,,
tg,rfd2.0,129265,129344,BLEISTIFT,31,wißbegierig,ADJD,wißbegierig,33224,,
tg,rfd2.0,129265,129344,BLEISTIFT,31,ist,VAFIN,sein,33224,,
tg,rfd2.0,129265,129344,BLEISTIFT,31,"!",$.,--,33224,,
tg,rfd2.0,129350,129379,"Laura, deren Pflegetochter.",3,Neugierig,ADJD,neugierig,33224,,
tg,rfd2.0,129350,129379,"Laura, deren Pflegetochter.",3,",","$,",--,33224,,
tg,rfd2.0,129350,129379,"Laura, deren Pflegetochter.",3,Bleistift,NN,bleistift,33224,BLEISTIFT,31
tg,rfd2.0,129350,129379,"Laura, deren Pflegetochter.",3,"!",$.,--,33224,,
tg,rfd2.0,129384,129979,BLEISTIFT,31,Wißbegierig,ADJD,wißbegierig,33224,,
tg,rfd2.0,129384,129979,BLEISTIFT,31,",","$,",--,33224,,
tg,rfd2.0,129384,129979,BLEISTIFT,31,Demosell,NE,demosell,33224,,
tg,rfd2.0,129384,129979,BLEISTIFT,31,Junker,NE,junker,33224,,
tg,rfd2.0,129384,129979,BLEISTIFT,31,",","$,",--,33224,,
tg,rfd2.0,129384,129979,BLEISTIFT,31,das,PDS,der,33224,,
tg,rfd2.0,129384,129979,BLEISTIFT,31,ist,VAFIN,sein,33224,,
tg,rfd2.0,129384,129979,BLEISTIFT,31,er,PPER,er,33224,,
tg,rfd2.0,129384,129979,BLEISTIFT,31,",","$,",--,33224,,
tg,rfd2.0,129384,129979,BLEISTIFT,31,und,KON,und,33224,,
tg,rfd2.0,129384,129979,BLEISTIFT,31,das,PDS,der,33224,,
tg,rfd2.0,129384,129979,BLEISTIFT,31,hat,VAFIN,haben,33224,,
tg,rfd2.0,129384,129979,BLEISTIFT,31,er,PPER,er,33224,,
tg,rfd2.0,129384,129979,BLEISTIFT,31,von,APPR,von,33224,,
tg,rfd2.0,129384,129979,BLEISTIFT,31,mir,PPER,sich,33224,BLEISTIFT,31
tg,rfd2.0,129384,129979,BLEISTIFT,31,"!",$.,--,33224,,
tg,rfd2.0,129384,129979,BLEISTIFT,31,Hört,NE,hören,33224,,
tg,rfd2.0,129384,129979,BLEISTIFT,31,man,PIS,man,33224,,
tg,rfd2.0,129384,129979,BLEISTIFT,31,mir,PPER,sich,33224,BLEISTIFT,31
tg,rfd2.0,129384,129979,BLEISTIFT,31,die,ART,der,33224,,
tg,rfd2.0,129384,129979,BLEISTIFT,31,Dorferziehung,NN,dorferziehung,33224,,
tg,rfd2.0,129384,129979,BLEISTIFT,31,an,PTKVZ,an,33224,,
tg,rfd2.0,129384,129979,BLEISTIFT,31,?,$.,--,33224,,
tg,rfd2.0,129384,129979,BLEISTIFT,31,Non,NE,--,33224,,
tg,rfd2.0,129384,129979,BLEISTIFT,31,.,$.,--,33224,,
tg,rfd2.0,129384,129979,BLEISTIFT,31,Ich,PPER,ich,33224,,
tg,rfd2.0,129384,129979,BLEISTIFT,31,war,VAFIN,sein,33224,,
tg,rfd2.0,129384,129979,BLEISTIFT,31,immer,ADV,immer,33224,,
tg,rfd2.0,129384,129979,BLEISTIFT,31,wißbegierig,ADJD,wißbegierig,33224,,
tg,rfd2.0,129384,129979,BLEISTIFT,31,.,$.,--,33224,,
tg,rfd2.0,129384,129979,BLEISTIFT,31,Als,APPR,als,33224,,
tg,rfd2.0,129384,129979,BLEISTIFT,31,Hundejunge,NN,hundejung,33224,,
tg,rfd2.0,129384,129979,BLEISTIFT,31,fängt,VVFIN,fangen,33224,,
tg,rfd2.0,129384,129979,BLEISTIFT,31,der,ART,der,33224,,
tg,rfd2.0,129384,129979,BLEISTIFT,31,Töffel,NN,töffel,33224,,
tg,rfd2.0,129384,129979,BLEISTIFT,31,an,PTKVZ,an,33224,,
tg,rfd2.0,129384,129979,BLEISTIFT,31,",","$,",--,33224,,
tg,rfd2.0,129384,129979,BLEISTIFT,31,als,APPR,als,33224,,
tg,rfd2.0,129384,129979,BLEISTIFT,31,Professor,NN,professor,33224,,
tg,rfd2.0,129384,129979,BLEISTIFT,31,wird,VAFIN,werden,33224,,
tg,rfd2.0,129384,129979,BLEISTIFT,31,er,PPER,er,33224,,
tg,rfd2.0,129384,129979,BLEISTIFT,31,aufhören,VVFIN,aufhören,33224,,
tg,rfd2.0,129384,129979,BLEISTIFT,31,.,$.,--,33224,,
tg,rfd2.0,129384,129979,BLEISTIFT,31,Klarinette,NN,klarinette,33224,,
tg,rfd2.0,129384,129979,BLEISTIFT,31,ist,VAFIN,sein,33224,,
tg,rfd2.0,129384,129979,BLEISTIFT,31,schon's,ADV,schon's,33224,,
tg,rfd2.0,129384,129979,BLEISTIFT,31,vierte,ADJA,vierter,33224,,
tg,rfd2.0,129384,129979,BLEISTIFT,31,Instrument,NN,instrument,33224,,
tg,rfd2.0,129384,129979,BLEISTIFT,31,"!",$.,--,33224,,
tg,rfd2.0,129384,129979,BLEISTIFT,31,Erst,ADV,erst,33224,,
tg,rfd2.0,129384,129979,BLEISTIFT,31,pfiff,VVFIN,pfiff,33224,,
tg,rfd2.0,129384,129979,BLEISTIFT,31,er,PPER,er,33224,,
tg,rfd2.0,129384,129979,BLEISTIFT,31,simpel,ADJD,simpel,33224,,
tg,rfd2.0,129384,129979,BLEISTIFT,31,",","$,",--,33224,,
tg,rfd2.0,129384,129979,BLEISTIFT,31,dann,ADV,dann,33224,,
tg,rfd2.0,129384,129979,BLEISTIFT,31,pfiff,VVFIN,pfiff,33224,,
tg,rfd2.0,129384,129979,BLEISTIFT,31,er,PPER,er,33224,,
tg,rfd2.0,129384,129979,BLEISTIFT,31,auf,APPR,auf,33224,,
tg,rfd2.0,129384,129979,BLEISTIFT,31,dem,ART,der,33224,,
tg,rfd2.0,129384,129979,BLEISTIFT,31,Finger,NN,finger,33224,,
tg,rfd2.0,129384,129979,BLEISTIFT,31,",","$,",--,33224,,
tg,rfd2.0,129384,129979,BLEISTIFT,31,dann,ADV,dann,33224,,
tg,rfd2.0,129384,129979,BLEISTIFT,31,blies,VVFIN,bleisen,33224,,
tg,rfd2.0,129384,129979,BLEISTIFT,31,er,PPER,er,33224,,
tg,rfd2.0,129384,129979,BLEISTIFT,31,Horn,NN,horn,33224,,
tg,rfd2.0,129384,129979,BLEISTIFT,31,",","$,",--,33224,,
tg,rfd2.0,129384,129979,BLEISTIFT,31,bis,KOUS,bis,33224,,
tg,rfd2.0,129384,129979,BLEISTIFT,31,es,PPER,es,33224,,
tg,rfd2.0,129384,129979,BLEISTIFT,31,ihm,PPER,ihm,33224,,
tg,rfd2.0,129384,129979,BLEISTIFT,31,der,ART,der,33224,,
tg,rfd2.0,129384,129979,BLEISTIFT,31,unmusikalischen,ADJA,unmusikalisch,33224,,
tg,rfd2.0,129384,129979,BLEISTIFT,31,Herrn,NN,herr,33224,,
tg,rfd2.0,129384,129979,BLEISTIFT,31,Hunde,NN,hund,33224,,
tg,rfd2.0,129384,129979,BLEISTIFT,31,wegen,APPR,wegen,33224,,
tg,rfd2.0,129384,129979,BLEISTIFT,31,verboten,VVPP,verbieten,33224,,
tg,rfd2.0,129384,129979,BLEISTIFT,31,wurde,VAFIN,werden,33224,,
tg,rfd2.0,129384,129979,BLEISTIFT,31,–,PPER,–,33224,,
tg,rfd2.0,129384,129979,BLEISTIFT,31,denn,ADV,denn,33224,,
tg,rfd2.0,129384,129979,BLEISTIFT,31,wenn,KOUS,wenn,33224,,
tg,rfd2.0,129384,129979,BLEISTIFT,31,er,PPER,er,33224,,
tg,rfd2.0,129384,129979,BLEISTIFT,31,blies,VVFIN,bleisen,33224,,
tg,rfd2.0,129384,129979,BLEISTIFT,31,",","$,",--,33224,,
tg,rfd2.0,129384,129979,BLEISTIFT,31,heulten,VVFIN,heulen,33224,,
tg,rfd2.0,129384,129979,BLEISTIFT,31,die,ART,der,33224,,
tg,rfd2.0,129384,129979,BLEISTIFT,31,Beester,NN,beester,33224,,
tg,rfd2.0,129384,129979,BLEISTIFT,31,–,XY,–,33224,,
tg,rfd2.0,129384,129979,BLEISTIFT,31,jetzt,ADV,jetzt,33224,,
tg,rfd2.0,129384,129979,BLEISTIFT,31,lernt,VVFIN,lernen,33224,,
tg,rfd2.0,129384,129979,BLEISTIFT,31,er,PPER,er,33224,,
tg,rfd2.0,129384,129979,BLEISTIFT,31,bei,APPR,bei,33224,,
tg,rfd2.0,129384,129979,BLEISTIFT,31,Herrn,NN,herr,33224,,
tg,rfd2.0,129384,129979,BLEISTIFT,31,Streicher,NN,streicher,33224,,
tg,rfd2.0,129384,129979,BLEISTIFT,31,Klarinett,NN,klarinett,33224,,
tg,rfd2.0,129384,129979,BLEISTIFT,31,und,KON,und,33224,,
tg,rfd2.0,129384,129979,BLEISTIFT,31,bläst,VVFIN,blasen,33224,,
tg,rfd2.0,129384,129979,BLEISTIFT,31,Herrn,NN,herr,33224,,
tg,rfd2.0,129384,129979,BLEISTIFT,31,Streicher,NN,streicher,33224,,
tg,rfd2.0,129384,129979,BLEISTIFT,31,schon,ADV,schon,33224,,
tg,rfd2.0,129384,129979,BLEISTIFT,31,in,APPR,in,33224,,
tg,rfd2.0,129384,129979,BLEISTIFT,31,Grund,NN,grund,33224,,
tg,rfd2.0,129384,129979,BLEISTIFT,31,und,KON,und,33224,,
tg,rfd2.0,129384,129979,BLEISTIFT,31,Boden,NN,boden,33224,,
tg,rfd2.0,129384,129979,BLEISTIFT,31,–,VVFIN,–,33224,,
tg,rfd2.0,129384,129979,BLEISTIFT,31,aber,ADV,aber,33224,,
tg,rfd2.0,129384,129979,BLEISTIFT,31,wie,KOKOM,wie,33224,,
tg,rfd2.0,129384,129979,BLEISTIFT,31,will,VMFIN,wollen,33224,,
tg,rfd2.0,129384,129979,BLEISTIFT,31,Sie,PPER,sie,33224,,
tg,rfd2.0,129384,129979,BLEISTIFT,31,ihn,PPER,ihn,33224,,
tg,rfd2.0,129384,129979,BLEISTIFT,31,retten,VVINF,retten,33224,,
tg,rfd2.0,129384,129979,BLEISTIFT,31,samt,APPR,samt,33224,,
tg,rfd2.0,129384,129979,BLEISTIFT,31,den,ART,der,33224,,
tg,rfd2.0,129384,129979,BLEISTIFT,31,übrigen,ADJA,übrig,33224,,
tg,rfd2.0,129384,129979,BLEISTIFT,31,Herren,NN,herr,33224,,
tg,rfd2.0,129384,129979,BLEISTIFT,31,Schenies,NN,schenie,33224,,
tg,rfd2.0,129384,129979,BLEISTIFT,31,?,$.,--,33224,,
tg,rfd2.0,129984,130112,"Laura, deren Pflegetochter.",3,Geduld,NN,geduld,33224,,
tg,rfd2.0,129984,130112,"Laura, deren Pflegetochter.",3,"!",$.,--,33224,,
tg,rfd2.0,129984,130112,"Laura, deren Pflegetochter.",3,Die,ART,der,33224,,
tg,rfd2.0,129984,130112,"Laura, deren Pflegetochter.",3,ganze,ADJA,ganz,33224,,
tg,rfd2.0,129984,130112,"Laura, deren Pflegetochter.",3,Gesellschaft,NN,gesellschaft,33224,,
tg,rfd2.0,129984,130112,"Laura, deren Pflegetochter.",3,soll,VMFIN,sollen,33224,,
tg,rfd2.0,129984,130112,"Laura, deren Pflegetochter.",3,wieder,ADV,wieder,33224,,
tg,rfd2.0,129984,130112,"Laura, deren Pflegetochter.",3,auseinander,PTKVZ,auseinander,33224,,
tg,rfd2.0,129984,130112,"Laura, deren Pflegetochter.",3,sein,VAINF,sein,33224,,
tg,rfd2.0,129984,130112,"Laura, deren Pflegetochter.",3,",","$,",--,33224,,
tg,rfd2.0,129984,130112,"Laura, deren Pflegetochter.",3,ehe,KOUS,ehe,33224,,
tg,rfd2.0,129984,130112,"Laura, deren Pflegetochter.",3,der,ART,der,33224,,
tg,rfd2.0,129984,130112,"Laura, deren Pflegetochter.",3,Herzog,NE,herzog,33224,,
tg,rfd2.0,129984,130112,"Laura, deren Pflegetochter.",3,da,ADV,da,33224,,
tg,rfd2.0,129984,130112,"Laura, deren Pflegetochter.",3,oben,ADV,oben,33224,,
tg,rfd2.0,129984,130112,"Laura, deren Pflegetochter.",3,in,APPR,in,33224,,
tg,rfd2.0,129984,130112,"Laura, deren Pflegetochter.",3,der,ART,der,33224,,
tg,rfd2.0,129984,130112,"Laura, deren Pflegetochter.",3,Loge,NN,loge,33224,,
tg,rfd2.0,129984,130112,"Laura, deren Pflegetochter.",3,sie,PPER,sie,33224,,
tg,rfd2.0,129984,130112,"Laura, deren Pflegetochter.",3,sehn,CARD,sehn,33224,,
tg,rfd2.0,129984,130112,"Laura, deren Pflegetochter.",3,und,KON,und,33224,,
tg,rfd2.0,129984,130112,"Laura, deren Pflegetochter.",3,hören,VVINF,hören,33224,,
tg,rfd2.0,129984,130112,"Laura, deren Pflegetochter.",3,kann,VMFIN,können,33224,,
tg,rfd2.0,129984,130112,"Laura, deren Pflegetochter.",3,.,$.,--,33224,,
tg,rfd2.0,130117,130132,BLEISTIFT,31,So,ADV,so,33224,,
tg,rfd2.0,130117,130132,BLEISTIFT,31,?,$.,--,33224,,
tg,rfd2.0,130137,130176,"Laura, deren Pflegetochter.",3,Er,PPER,er,33224,,
tg,rfd2.0,130137,130176,"Laura, deren Pflegetochter.",3,ist,VAFIN,sein,33224,,
tg,rfd2.0,130137,130176,"Laura, deren Pflegetochter.",3,wohl,ADV,wohl,33224,,
tg,rfd2.0,130137,130176,"Laura, deren Pflegetochter.",3,schwach,ADJD,schwach,33224,,
tg,rfd2.0,130137,130176,"Laura, deren Pflegetochter.",3,",","$,",--,33224,,
tg,rfd2.0,130137,130176,"Laura, deren Pflegetochter.",3,Bleistift,NN,bleistift,33224,BLEISTIFT,31
tg,rfd2.0,130137,130176,"Laura, deren Pflegetochter.",3,?,$.,--,33224,,
tg,rfd2.0,130181,130233,BLEISTIFT,31,Herzschlecht,NN,herzschlecht,33224,,
tg,rfd2.0,130181,130233,BLEISTIFT,31,ist,VAFIN,sein,33224,,
tg,rfd2.0,130181,130233,BLEISTIFT,31,mir,PPER,sich,33224,BLEISTIFT,31
tg,rfd2.0,130181,130233,BLEISTIFT,31,von,APPR,von,33224,,
tg,rfd2.0,130181,130233,BLEISTIFT,31,der,ART,der,33224,,
tg,rfd2.0,130181,130233,BLEISTIFT,31,Alteration,NN,alteration,33224,,
tg,rfd2.0,130181,130233,BLEISTIFT,31,"!",$.,--,33224,,
tg,rfd2.0,130238,130491,"Laura, deren Pflegetochter.",3,Ja,PTKANT,ja,33224,,
tg,rfd2.0,130238,130491,"Laura, deren Pflegetochter.",3,",","$,",--,33224,,
tg,rfd2.0,130238,130491,"Laura, deren Pflegetochter.",3,Lieber,ADJD,lieber,33224,,
tg,rfd2.0,130238,130491,"Laura, deren Pflegetochter.",3,",","$,",--,33224,,
tg,rfd2.0,130238,130491,"Laura, deren Pflegetochter.",3,dazu,PROAV,dazu,33224,,
tg,rfd2.0,130238,130491,"Laura, deren Pflegetochter.",3,ist,VAFIN,sein,33224,,
tg,rfd2.0,130238,130491,"Laura, deren Pflegetochter.",3,aber,ADV,aber,33224,,
tg,rfd2.0,130238,130491,"Laura, deren Pflegetochter.",3,jetzt,ADV,jetzt,33224,,
tg,rfd2.0,130238,130491,"Laura, deren Pflegetochter.",3,keine,PIAT,kein,33224,,
tg,rfd2.0,130238,130491,"Laura, deren Pflegetochter.",3,Zeit,NN,zeit,33224,,
tg,rfd2.0,130238,130491,"Laura, deren Pflegetochter.",3,.,$.,--,33224,,
tg,rfd2.0,130238,130491,"Laura, deren Pflegetochter.",3,Es,PPER,es,33224,,
tg,rfd2.0,130238,130491,"Laura, deren Pflegetochter.",3,hat,VAFIN,haben,33224,,
tg,rfd2.0,130238,130491,"Laura, deren Pflegetochter.",3,neun,CARD,neun,33224,,
tg,rfd2.0,130238,130491,"Laura, deren Pflegetochter.",3,geschlagen,VVPP,schlagen,33224,,
tg,rfd2.0,130238,130491,"Laura, deren Pflegetochter.",3,",","$,",--,33224,,
tg,rfd2.0,130238,130491,"Laura, deren Pflegetochter.",3,lange,ADV,lange,33224,,
tg,rfd2.0,130238,130491,"Laura, deren Pflegetochter.",3,wird,VAFIN,werden,33224,,
tg,rfd2.0,130238,130491,"Laura, deren Pflegetochter.",3,der,ART,der,33224,,
tg,rfd2.0,130238,130491,"Laura, deren Pflegetochter.",3,Herzog,NE,herzog,33224,,
tg,rfd2.0,130238,130491,"Laura, deren Pflegetochter.",3,nicht,PTKNEG,nicht,33224,,
tg,rfd2.0,130238,130491,"Laura, deren Pflegetochter.",3,mehr,ADV,mehr,33224,,
tg,rfd2.0,130238,130491,"Laura, deren Pflegetochter.",3,ausbleiben,VVINF,ausbleiben,33224,,
tg,rfd2.0,130238,130491,"Laura, deren Pflegetochter.",3,.,$.,--,33224,,
tg,rfd2.0,130238,130491,"Laura, deren Pflegetochter.",3,Also,ADV,also,33224,,
tg,rfd2.0,130238,130491,"Laura, deren Pflegetochter.",3,Achtung,NN,achtung,33224,,
tg,rfd2.0,130238,130491,"Laura, deren Pflegetochter.",3,"!",$.,--,33224,,
tg,rfd2.0,130238,130491,"Laura, deren Pflegetochter.",3,Bleistift,NN,bleistift,33224,BLEISTIFT,31
tg,rfd2.0,130238,130491,"Laura, deren Pflegetochter.",3,fährt,VVFIN,fahren,33224,,
tg,rfd2.0,130238,130491,"Laura, deren Pflegetochter.",3,auf,PTKVZ,auf,33224,,
tg,rfd2.0,130238,130491,"Laura, deren Pflegetochter.",3,.,$.,--,33224,,
tg,rfd2.0,130238,130491,"Laura, deren Pflegetochter.",3,Seine,PPOSAT,sein,33224,,
tg,rfd2.0,130238,130491,"Laura, deren Pflegetochter.",3,Soldaten,NN,soldat,33224,,
tg,rfd2.0,130238,130491,"Laura, deren Pflegetochter.",3,von,APPR,von,33224,,
tg,rfd2.0,130238,130491,"Laura, deren Pflegetochter.",3,jenem,PDAT,jener,33224,,
tg,rfd2.0,130238,130491,"Laura, deren Pflegetochter.",3,Korridor,NN,korridor,33224,,
tg,rfd2.0,130238,130491,"Laura, deren Pflegetochter.",3,da,ADV,da,33224,,
tg,rfd2.0,130238,130491,"Laura, deren Pflegetochter.",3,in,APPR,in,33224,,
tg,rfd2.0,130238,130491,"Laura, deren Pflegetochter.",3,diesen,PDAT,dieser,33224,,
tg,rfd2.0,130238,130491,"Laura, deren Pflegetochter.",3,herüberführen,VVIZU,herübführen,33224,,
tg,rfd2.0,130238,130491,"Laura, deren Pflegetochter.",3,.,$.,--,33224,,
tg,rfd2.0,130238,130491,"Laura, deren Pflegetochter.",3,Von,APPR,von,33224,,
tg,rfd2.0,130238,130491,"Laura, deren Pflegetochter.",3,links,ADV,links,33224,,
tg,rfd2.0,130238,130491,"Laura, deren Pflegetochter.",3,nach,APPR,nach,33224,,
tg,rfd2.0,130238,130491,"Laura, deren Pflegetochter.",3,rechts,ADV,rechts,33224,,
tg,rfd2.0,130238,130491,"Laura, deren Pflegetochter.",3,deutend,ADJD,deutend,33224,,
tg,rfd2.0,130238,130491,"Laura, deren Pflegetochter.",3,.,$.,--,33224,,
tg,rfd2.0,130238,130491,"Laura, deren Pflegetochter.",3,Fix,ADJD,fix,33224,,
tg,rfd2.0,130238,130491,"Laura, deren Pflegetochter.",3,"!",$.,--,33224,,
tg,rfd2.0,130496,130578,BLEISTIFT,31,Service,NN,service,33224,,
tg,rfd2.0,130496,130578,BLEISTIFT,31,–,VVFIN,–,33224,,
tg,rfd2.0,130496,130578,BLEISTIFT,31,ja,ADV,ja,33224,,
tg,rfd2.0,130496,130578,BLEISTIFT,31,so,ADV,so,33224,,
tg,rfd2.0,130496,130578,BLEISTIFT,31,"!",$.,--,33224,,
tg,rfd2.0,130496,130578,BLEISTIFT,31,Er,PPER,er,33224,,
tg,rfd2.0,130496,130578,BLEISTIFT,31,geht,VVFIN,gehen,33224,,
tg,rfd2.0,130496,130578,BLEISTIFT,31,und,KON,und,33224,,
tg,rfd2.0,130496,130578,BLEISTIFT,31,tut,VVFIN,tun,33224,,
tg,rfd2.0,130496,130578,BLEISTIFT,31,es,PPER,es,33224,,
tg,rfd2.0,130496,130578,BLEISTIFT,31,während,APPR,während,33224,,
tg,rfd2.0,130496,130578,BLEISTIFT,31,der,ART,der,33224,,
tg,rfd2.0,130496,130578,BLEISTIFT,31,folgenden,ADJA,folgend,33224,,
tg,rfd2.0,130496,130578,BLEISTIFT,31,Rede,NN,rede,33224,,
tg,rfd2.0,130496,130578,BLEISTIFT,31,Lauras,NE,lauras,33224,,
tg,rfd2.0,130496,130578,BLEISTIFT,31,.,$.,--,33224,,
tg,rfd2.0,130584,131973,"Laura, deren Pflegetochter.",3,Nun,ADV,nun,33224,,
tg,rfd2.0,130584,131973,"Laura, deren Pflegetochter.",3,ans,APPRART,an,33224,,
tg,rfd2.0,130584,131973,"Laura, deren Pflegetochter.",3,Werk,NN,werk,33224,,
tg,rfd2.0,130584,131973,"Laura, deren Pflegetochter.",3,"!",$.,--,33224,,
tg,rfd2.0,130584,131973,"Laura, deren Pflegetochter.",3,–,XY,–,33224,,
tg,rfd2.0,130584,131973,"Laura, deren Pflegetochter.",3,Onkel,NN,onkel,33224,,
tg,rfd2.0,130584,131973,"Laura, deren Pflegetochter.",3,Durchlaucht,VVPP,durchlaucht,33224,,
tg,rfd2.0,130584,131973,"Laura, deren Pflegetochter.",3,hat,VAFIN,haben,33224,,
tg,rfd2.0,130584,131973,"Laura, deren Pflegetochter.",3,Waffenstillstand,NN,waffenstillstand,33224,,
tg,rfd2.0,130584,131973,"Laura, deren Pflegetochter.",3,von,APPR,von,33224,,
tg,rfd2.0,130584,131973,"Laura, deren Pflegetochter.",3,uns,PPER,uns,33224,,
tg,rfd2.0,130584,131973,"Laura, deren Pflegetochter.",3,verlangt,VVFIN,verlangen,33224,,
tg,rfd2.0,130584,131973,"Laura, deren Pflegetochter.",3,bis,APPR,bis,33224,,
tg,rfd2.0,130584,131973,"Laura, deren Pflegetochter.",3,neun,CARD,neun,33224,,
tg,rfd2.0,130584,131973,"Laura, deren Pflegetochter.",3,Uhr,NN,uhr,33224,,
tg,rfd2.0,130584,131973,"Laura, deren Pflegetochter.",3,"!",$.,--,33224,,
tg,rfd2.0,130584,131973,"Laura, deren Pflegetochter.",3,Jetzt,ADV,jetzt,33224,,
tg,rfd2.0,130584,131973,"Laura, deren Pflegetochter.",3,aber,ADV,aber,33224,,
tg,rfd2.0,130584,131973,"Laura, deren Pflegetochter.",3,lassen,VVFIN,lassen,33224,,
tg,rfd2.0,130584,131973,"Laura, deren Pflegetochter.",3,wir,PPER,wir,33224,,
tg,rfd2.0,130584,131973,"Laura, deren Pflegetochter.",3,unsre,ADJA,unsr,33224,,
tg,rfd2.0,130584,131973,"Laura, deren Pflegetochter.",3,Batterien,NN,batterie,33224,,
tg,rfd2.0,130584,131973,"Laura, deren Pflegetochter.",3,spielen,VVINF,spielen,33224,,
tg,rfd2.0,130584,131973,"Laura, deren Pflegetochter.",3,"!",$.,--,33224,,
tg,rfd2.0,130584,131973,"Laura, deren Pflegetochter.",3,Leuchtet,NE,leuchten,33224,,
tg,rfd2.0,130584,131973,"Laura, deren Pflegetochter.",3,nach,APPR,nach,33224,,
tg,rfd2.0,130584,131973,"Laura, deren Pflegetochter.",3,dem,ART,der,33224,,
tg,rfd2.0,130584,131973,"Laura, deren Pflegetochter.",3,Tische,NN,tisch,33224,,
tg,rfd2.0,130584,131973,"Laura, deren Pflegetochter.",3,.,$.,--,33224,,
tg,rfd2.0,130584,131973,"Laura, deren Pflegetochter.",3,Wahrhaftig,ADJD,wahrhaftig,33224,,
tg,rfd2.0,130584,131973,"Laura, deren Pflegetochter.",3,–,VVFIN,–,33224,,
tg,rfd2.0,130584,131973,"Laura, deren Pflegetochter.",3,die,ART,der,33224,,
tg,rfd2.0,130584,131973,"Laura, deren Pflegetochter.",3,Vorbereitungen,NN,vorbereitung,33224,,
tg,rfd2.0,130584,131973,"Laura, deren Pflegetochter.",3,stimmen,VVFIN,stimmen,33224,,
tg,rfd2.0,130584,131973,"Laura, deren Pflegetochter.",3,zu,PTKVZ,zu,33224,,
tg,rfd2.0,130584,131973,"Laura, deren Pflegetochter.",3,"!",$.,--,33224,,
tg,rfd2.0,130584,131973,"Laura, deren Pflegetochter.",3,Da,ADV,da,33224,,
tg,rfd2.0,130584,131973,"Laura, deren Pflegetochter.",3,sind,VAFIN,sein,33224,,
tg,rfd2.0,130584,131973,"Laura, deren Pflegetochter.",3,auch,ADV,auch,33224,,
tg,rfd2.0,130584,131973,"Laura, deren Pflegetochter.",3,Bücher,NN,buch,33224,,
tg,rfd2.0,130584,131973,"Laura, deren Pflegetochter.",3,"!",$.,--,33224,,
tg,rfd2.0,130584,131973,"Laura, deren Pflegetochter.",3,Tante,TRUNC,tante,33224,,
tg,rfd2.0,130584,131973,"Laura, deren Pflegetochter.",3,Franzel,NN,franzel,33224,,
tg,rfd2.0,130584,131973,"Laura, deren Pflegetochter.",3,sagt,VVFIN,sagen,33224,,
tg,rfd2.0,130584,131973,"Laura, deren Pflegetochter.",3,",","$,",--,33224,,
tg,rfd2.0,130584,131973,"Laura, deren Pflegetochter.",3,die,PRELS,der,33224,,
tg,rfd2.0,130584,131973,"Laura, deren Pflegetochter.",3,wären,VAFIN,sein,33224,,
tg,rfd2.0,130584,131973,"Laura, deren Pflegetochter.",3,das,ART,der,33224,,
tg,rfd2.0,130584,131973,"Laura, deren Pflegetochter.",3,Gefährlichste,NN,gefährlichster,33224,,
tg,rfd2.0,130584,131973,"Laura, deren Pflegetochter.",3,",","$,",--,33224,,
tg,rfd2.0,130584,131973,"Laura, deren Pflegetochter.",3,und,KON,und,33224,,
tg,rfd2.0,130584,131973,"Laura, deren Pflegetochter.",3,die,PDS,der,33224,,
tg,rfd2.0,130584,131973,"Laura, deren Pflegetochter.",3,müßte,VMFIN,müssen,33224,,
tg,rfd2.0,130584,131973,"Laura, deren Pflegetochter.",3,ich,PPER,ich,33224,"Laura, deren Pflegetochter.",3
tg,rfd2.0,130584,131973,"Laura, deren Pflegetochter.",3,auf,APPR,auf,33224,,
tg,rfd2.0,130584,131973,"Laura, deren Pflegetochter.",3,die,ART,der,33224,,
tg,rfd2.0,130584,131973,"Laura, deren Pflegetochter.",3,Seite,NN,seite,33224,,
tg,rfd2.0,130584,131973,"Laura, deren Pflegetochter.",3,bringen,VVINF,bringen,33224,,
tg,rfd2.0,130584,131973,"Laura, deren Pflegetochter.",3,.,$.,--,33224,,
tg,rfd2.0,130584,131973,"Laura, deren Pflegetochter.",3,Was,PWS,was,33224,,
tg,rfd2.0,130584,131973,"Laura, deren Pflegetochter.",3,ist,VAFIN,sein,33224,,
tg,rfd2.0,130584,131973,"Laura, deren Pflegetochter.",3,denn,ADV,denn,33224,,
tg,rfd2.0,130584,131973,"Laura, deren Pflegetochter.",3,das,PDS,der,33224,,
tg,rfd2.0,130584,131973,"Laura, deren Pflegetochter.",3,?,$.,--,33224,,
tg,rfd2.0,130584,131973,"Laura, deren Pflegetochter.",3,Schlägt,NE,schlägt,33224,,
tg,rfd2.0,130584,131973,"Laura, deren Pflegetochter.",3,auf,APPR,auf,33224,,
tg,rfd2.0,130584,131973,"Laura, deren Pflegetochter.",3,und,KON,und,33224,,
tg,rfd2.0,130584,131973,"Laura, deren Pflegetochter.",3,liest,VVFIN,lesen,33224,,
tg,rfd2.0,130584,131973,"Laura, deren Pflegetochter.",3,bei,APPR,bei,33224,,
tg,rfd2.0,130584,131973,"Laura, deren Pflegetochter.",3,der,ART,der,33224,,
tg,rfd2.0,130584,131973,"Laura, deren Pflegetochter.",3,Laterne,NN,laterne,33224,,
tg,rfd2.0,130584,131973,"Laura, deren Pflegetochter.",3,.,$.,--,33224,,
tg,rfd2.0,130584,131973,"Laura, deren Pflegetochter.",3,»,XY,»,33224,,
tg,rfd2.0,130584,131973,"Laura, deren Pflegetochter.",3,Anthologie,NN,anthologie,33224,,
tg,rfd2.0,130584,131973,"Laura, deren Pflegetochter.",3,für,APPR,für,33224,,
tg,rfd2.0,130584,131973,"Laura, deren Pflegetochter.",3,das,ART,der,33224,,
tg,rfd2.0,130584,131973,"Laura, deren Pflegetochter.",3,Jahr,NN,jahr,33224,,
tg,rfd2.0,130584,131973,"Laura, deren Pflegetochter.",3,1782,CARD,1782,33224,,
tg,rfd2.0,130584,131973,"Laura, deren Pflegetochter.",3,.,$.,--,33224,,
tg,rfd2.0,130584,131973,"Laura, deren Pflegetochter.",3,«,XY,«,33224,,
tg,rfd2.0,130584,131973,"Laura, deren Pflegetochter.",3,»,XY,»,33224,,
tg,rfd2.0,130584,131973,"Laura, deren Pflegetochter.",3,Gedruckt,VVPP,gedruckt,33224,,
tg,rfd2.0,130584,131973,"Laura, deren Pflegetochter.",3,in,APPR,in,33224,,
tg,rfd2.0,130584,131973,"Laura, deren Pflegetochter.",3,der,ART,der,33224,,
tg,rfd2.0,130584,131973,"Laura, deren Pflegetochter.",3,Buchdruckerei,NN,buchdruckerei,33224,,
tg,rfd2.0,130584,131973,"Laura, deren Pflegetochter.",3,zu,PTKZU,zu,33224,,
tg,rfd2.0,130584,131973,"Laura, deren Pflegetochter.",3,Tobolsko,VVINF,tobolsko,33224,,
tg,rfd2.0,130584,131973,"Laura, deren Pflegetochter.",3,.,$.,--,33224,,
tg,rfd2.0,130584,131973,"Laura, deren Pflegetochter.",3,«,XY,«,33224,,
tg,rfd2.0,130584,131973,"Laura, deren Pflegetochter.",3,Schlägt,VVFIN,schlägt,33224,,
tg,rfd2.0,130584,131973,"Laura, deren Pflegetochter.",3,um,PTKVZ,um,33224,,
tg,rfd2.0,130584,131973,"Laura, deren Pflegetochter.",3,.,$.,--,33224,,
tg,rfd2.0,130584,131973,"Laura, deren Pflegetochter.",3,»,XY,»,33224,,
tg,rfd2.0,130584,131973,"Laura, deren Pflegetochter.",3,Phantasie,NN,phantasie,33224,,
tg,rfd2.0,130584,131973,"Laura, deren Pflegetochter.",3,an,APPR,an,33224,,
tg,rfd2.0,130584,131973,"Laura, deren Pflegetochter.",3,Laura,NE,laura,33224,,
tg,rfd2.0,130584,131973,"Laura, deren Pflegetochter.",3,.,$.,--,33224,,
tg,rfd2.0,130584,131973,"Laura, deren Pflegetochter.",3,«,XY,«,33224,,
tg,rfd2.0,130584,131973,"Laura, deren Pflegetochter.",3,Herr,NN,herr,33224,,
tg,rfd2.0,130584,131973,"Laura, deren Pflegetochter.",3,Gott,NN,gott,33224,,
tg,rfd2.0,130584,131973,"Laura, deren Pflegetochter.",3,"!",$.,--,33224,,
tg,rfd2.0,130584,131973,"Laura, deren Pflegetochter.",3,Von,APPR,von,33224,,
tg,rfd2.0,130584,131973,"Laura, deren Pflegetochter.",3,Spiegelberg,NE,spiegelberg,33224,,
tg,rfd2.0,130584,131973,"Laura, deren Pflegetochter.",3,?,$.,--,33224,,
tg,rfd2.0,130584,131973,"Laura, deren Pflegetochter.",3,Nein,PTKANT,nein,33224,,
tg,rfd2.0,130584,131973,"Laura, deren Pflegetochter.",3,",","$,",--,33224,,
tg,rfd2.0,130584,131973,"Laura, deren Pflegetochter.",3,ein,ART,ein,33224,,
tg,rfd2.0,130584,131973,"Laura, deren Pflegetochter.",3,Ypsilon,NE,ypsilon,33224,,
tg,rfd2.0,130584,131973,"Laura, deren Pflegetochter.",3,darunter,PROAV,darunter,33224,,
tg,rfd2.0,130584,131973,"Laura, deren Pflegetochter.",3,"!",$.,--,33224,,
tg,rfd2.0,130584,131973,"Laura, deren Pflegetochter.",3,–,XY,–,33224,,
tg,rfd2.0,130584,131973,"Laura, deren Pflegetochter.",3,Herrje,ITJ,herrje,33224,,
tg,rfd2.0,130584,131973,"Laura, deren Pflegetochter.",3,"!",$.,--,33224,,
tg,rfd2.0,130584,131973,"Laura, deren Pflegetochter.",3,Haben,VAFIN,haben,33224,,
tg,rfd2.0,130584,131973,"Laura, deren Pflegetochter.",3,die,ART,der,33224,,
tg,rfd2.0,130584,131973,"Laura, deren Pflegetochter.",3,Tanten,NN,tante,33224,,
tg,rfd2.0,130584,131973,"Laura, deren Pflegetochter.",3,am,APPRART,an,33224,,
tg,rfd2.0,130584,131973,"Laura, deren Pflegetochter.",3,Ende,NN,ende,33224,,
tg,rfd2.0,130584,131973,"Laura, deren Pflegetochter.",3,recht,ADJD,recht,33224,,
tg,rfd2.0,130584,131973,"Laura, deren Pflegetochter.",3,",","$,",--,33224,,
tg,rfd2.0,130584,131973,"Laura, deren Pflegetochter.",3,und,KON,und,33224,,
tg,rfd2.0,130584,131973,"Laura, deren Pflegetochter.",3,ist,VAFIN,sein,33224,,
tg,rfd2.0,130584,131973,"Laura, deren Pflegetochter.",3,der,ART,der,33224,,
tg,rfd2.0,130584,131973,"Laura, deren Pflegetochter.",3,Spiegelberg,NN,spiegelberg,33224,,
tg,rfd2.0,130584,131973,"Laura, deren Pflegetochter.",3,ein,ART,ein,33224,,
tg,rfd2.0,130584,131973,"Laura, deren Pflegetochter.",3,Schalk,NN,schalk,33224,,
tg,rfd2.0,130584,131973,"Laura, deren Pflegetochter.",3,",","$,",--,33224,,
tg,rfd2.0,130584,131973,"Laura, deren Pflegetochter.",3,der,ART,der,33224,,
tg,rfd2.0,130584,131973,"Laura, deren Pflegetochter.",3,gar,ADV,gar,33224,,
tg,rfd2.0,130584,131973,"Laura, deren Pflegetochter.",3,keine,PIAT,kein,33224,,
tg,rfd2.0,130584,131973,"Laura, deren Pflegetochter.",3,Gedichte,NN,gedicht,33224,,
tg,rfd2.0,130584,131973,"Laura, deren Pflegetochter.",3,machen,VVINF,machen,33224,,
tg,rfd2.0,130584,131973,"Laura, deren Pflegetochter.",3,kann,VMFIN,können,33224,,
tg,rfd2.0,130584,131973,"Laura, deren Pflegetochter.",3,–,XY,–,33224,,
tg,rfd2.0,130584,131973,"Laura, deren Pflegetochter.",3,noch,ADV,noch,33224,,
tg,rfd2.0,130584,131973,"Laura, deren Pflegetochter.",3,eins,CARD,einer,33224,,
tg,rfd2.0,130584,131973,"Laura, deren Pflegetochter.",3,?,$.,--,33224,,
tg,rfd2.0,130584,131973,"Laura, deren Pflegetochter.",3,»,XY,»,33224,,
tg,rfd2.0,130584,131973,"Laura, deren Pflegetochter.",3,Laura,NE,laura,33224,,
tg,rfd2.0,130584,131973,"Laura, deren Pflegetochter.",3,am,APPRART,an,33224,,
tg,rfd2.0,130584,131973,"Laura, deren Pflegetochter.",3,Klavier,NN,klavier,33224,,
tg,rfd2.0,130584,131973,"Laura, deren Pflegetochter.",3,"!",$.,--,33224,,
tg,rfd2.0,130584,131973,"Laura, deren Pflegetochter.",3,«,XY,«,33224,,
tg,rfd2.0,130584,131973,"Laura, deren Pflegetochter.",3,',$[,--,33224,,
tg,rfd2.0,130584,131973,"Laura, deren Pflegetochter.",3,s,PDS,--,33224,,
tg,rfd2.0,130584,131973,"Laura, deren Pflegetochter.",3,ist,VAFIN,sein,33224,,
tg,rfd2.0,130584,131973,"Laura, deren Pflegetochter.",3,doch,ADV,doch,33224,,
tg,rfd2.0,130584,131973,"Laura, deren Pflegetochter.",3,aber,ADV,aber,33224,,
tg,rfd2.0,130584,131973,"Laura, deren Pflegetochter.",3,allerliebst,VVPP,allerliebst,33224,,
tg,rfd2.0,130584,131973,"Laura, deren Pflegetochter.",3,grauslich,ADJD,grauslich,33224,,
tg,rfd2.0,130584,131973,"Laura, deren Pflegetochter.",3,",","$,",--,33224,,
tg,rfd2.0,130584,131973,"Laura, deren Pflegetochter.",3,so,ADV,so,33224,,
tg,rfd2.0,130584,131973,"Laura, deren Pflegetochter.",3,bei,APPR,bei,33224,,
tg,rfd2.0,130584,131973,"Laura, deren Pflegetochter.",3,Nacht,NN,nacht,33224,,
tg,rfd2.0,130584,131973,"Laura, deren Pflegetochter.",3,und,KON,und,33224,,
tg,rfd2.0,130584,131973,"Laura, deren Pflegetochter.",3,Nebel,NN,nebel,33224,,
tg,rfd2.0,130584,131973,"Laura, deren Pflegetochter.",3,überall,ADV,überall,33224,,
tg,rfd2.0,130584,131973,"Laura, deren Pflegetochter.",3,gedruckt,VVPP,drucken,33224,,
tg,rfd2.0,130584,131973,"Laura, deren Pflegetochter.",3,zu,PTKZU,zu,33224,,
tg,rfd2.0,130584,131973,"Laura, deren Pflegetochter.",3,sein,VAINF,sein,33224,,
tg,rfd2.0,130584,131973,"Laura, deren Pflegetochter.",3,und,KON,und,33224,,
tg,rfd2.0,130584,131973,"Laura, deren Pflegetochter.",3,mitzuspielen,VVFIN,mitspielen,33224,,
tg,rfd2.0,130584,131973,"Laura, deren Pflegetochter.",3,",","$,",--,33224,,
tg,rfd2.0,130584,131973,"Laura, deren Pflegetochter.",3,wo's,VVFIN,wo's,33224,,
tg,rfd2.0,130584,131973,"Laura, deren Pflegetochter.",3,berühmt,ADJD,berühmt,33224,,
tg,rfd2.0,130584,131973,"Laura, deren Pflegetochter.",3,und,KON,und,33224,,
tg,rfd2.0,130584,131973,"Laura, deren Pflegetochter.",3,gefährlich,ADJD,gefährlich,33224,,
tg,rfd2.0,130584,131973,"Laura, deren Pflegetochter.",3,zugeht,VVFIN,zugehen,33224,,
tg,rfd2.0,130584,131973,"Laura, deren Pflegetochter.",3,–,PPER,–,33224,,
tg,rfd2.0,130584,131973,"Laura, deren Pflegetochter.",3,wieder,ADV,wieder,33224,,
tg,rfd2.0,130584,131973,"Laura, deren Pflegetochter.",3,Ypsilon,NE,ypsilon,33224,,
tg,rfd2.0,130584,131973,"Laura, deren Pflegetochter.",3,"!",$.,--,33224,,
tg,rfd2.0,130584,131973,"Laura, deren Pflegetochter.",3,Läßt,VVFIN,lassen,33224,,
tg,rfd2.0,130584,131973,"Laura, deren Pflegetochter.",3,es,PPER,es,33224,,
tg,rfd2.0,130584,131973,"Laura, deren Pflegetochter.",3,in,APPR,in,33224,,
tg,rfd2.0,130584,131973,"Laura, deren Pflegetochter.",3,der,ART,der,33224,,
tg,rfd2.0,130584,131973,"Laura, deren Pflegetochter.",3,Hand,NN,hand,33224,,
tg,rfd2.0,130584,131973,"Laura, deren Pflegetochter.",3,sinken,VVFIN,sinken,33224,,
tg,rfd2.0,130584,131973,"Laura, deren Pflegetochter.",3,",","$,",--,33224,,
tg,rfd2.0,130584,131973,"Laura, deren Pflegetochter.",3,weggehend,ADJD,weggehend,33224,,
tg,rfd2.0,130584,131973,"Laura, deren Pflegetochter.",3,.,$.,--,33224,,
tg,rfd2.0,130584,131973,"Laura, deren Pflegetochter.",3,Wahrhaftig,ADJD,wahrhaftig,33224,,
tg,rfd2.0,130584,131973,"Laura, deren Pflegetochter.",3,",","$,",--,33224,,
tg,rfd2.0,130584,131973,"Laura, deren Pflegetochter.",3,der,ART,der,33224,,
tg,rfd2.0,130584,131973,"Laura, deren Pflegetochter.",3,Koch,NN,koch,33224,KOCH,20
tg,rfd2.0,130584,131973,"Laura, deren Pflegetochter.",3,hat,VAFIN,haben,33224,,
tg,rfd2.0,130584,131973,"Laura, deren Pflegetochter.",3,mich,PPER,mich,33224,"Laura, deren Pflegetochter.",3
tg,rfd2.0,130584,131973,"Laura, deren Pflegetochter.",3,am,APPRART,an,33224,,
tg,rfd2.0,130584,131973,"Laura, deren Pflegetochter.",3,Ende,NN,ende,33224,,
tg,rfd2.0,130584,131973,"Laura, deren Pflegetochter.",3,betrogen,VVPP,betrügen,33224,,
tg,rfd2.0,130584,131973,"Laura, deren Pflegetochter.",3,",","$,",--,33224,,
tg,rfd2.0,130584,131973,"Laura, deren Pflegetochter.",3,der,ART,der,33224,,
tg,rfd2.0,130584,131973,"Laura, deren Pflegetochter.",3,Schlingel,NN,schlingel,33224,,
tg,rfd2.0,130584,131973,"Laura, deren Pflegetochter.",3,"!",$.,--,33224,,
tg,rfd2.0,130584,131973,"Laura, deren Pflegetochter.",3,Und,KON,und,33224,,
tg,rfd2.0,130584,131973,"Laura, deren Pflegetochter.",3,all,PIDAT,all,33224,,
tg,rfd2.0,130584,131973,"Laura, deren Pflegetochter.",3,die,ART,der,33224,,
tg,rfd2.0,130584,131973,"Laura, deren Pflegetochter.",3,Herrlichkeit,NN,herrlichkeit,33224,,
tg,rfd2.0,130584,131973,"Laura, deren Pflegetochter.",3,für,APPR,für,33224,,
tg,rfd2.0,130584,131973,"Laura, deren Pflegetochter.",3,mich,PPER,mich,33224,"Laura, deren Pflegetochter.",3
tg,rfd2.0,130584,131973,"Laura, deren Pflegetochter.",3,ist,VAFIN,sein,33224,,
tg,rfd2.0,130584,131973,"Laura, deren Pflegetochter.",3,von,APPR,von,33224,,
tg,rfd2.0,130584,131973,"Laura, deren Pflegetochter.",3,Schiller,NE,schiller,33224,SCHILLER,29
tg,rfd2.0,130584,131973,"Laura, deren Pflegetochter.",3,"!",$.,--,33224,,
tg,rfd2.0,130584,131973,"Laura, deren Pflegetochter.",3,–,XY,–,33224,,
tg,rfd2.0,130584,131973,"Laura, deren Pflegetochter.",3,Der,PDS,der,33224,,
tg,rfd2.0,130584,131973,"Laura, deren Pflegetochter.",3,gefällt,VVFIN,gefallen,33224,,
tg,rfd2.0,130584,131973,"Laura, deren Pflegetochter.",3,mir,PPER,sich,33224,"Laura, deren Pflegetochter.",3
tg,rfd2.0,130584,131973,"Laura, deren Pflegetochter.",3,eigentlich,ADV,eigentlich,33224,,
tg,rfd2.0,130584,131973,"Laura, deren Pflegetochter.",3,viel,PIDAT,viel,33224,,
tg,rfd2.0,130584,131973,"Laura, deren Pflegetochter.",3,weniger,PIS,weniger,33224,,
tg,rfd2.0,130584,131973,"Laura, deren Pflegetochter.",3,–,VVFIN,–,33224,,
tg,rfd2.0,130584,131973,"Laura, deren Pflegetochter.",3,er,PPER,er,33224,,
tg,rfd2.0,130584,131973,"Laura, deren Pflegetochter.",3,ist,VAFIN,sein,33224,,
tg,rfd2.0,130584,131973,"Laura, deren Pflegetochter.",3,so,ADV,so,33224,,
tg,rfd2.0,130584,131973,"Laura, deren Pflegetochter.",3,schrecklich,ADJD,schrecklich,33224,,
tg,rfd2.0,130584,131973,"Laura, deren Pflegetochter.",3,ernsthaft,ADJD,ernsthaft,33224,,
tg,rfd2.0,130584,131973,"Laura, deren Pflegetochter.",3,–,PDS,–,33224,,
tg,rfd2.0,130584,131973,"Laura, deren Pflegetochter.",3,aber,ADV,aber,33224,,
tg,rfd2.0,130584,131973,"Laura, deren Pflegetochter.",3,was,PWS,was,33224,,
tg,rfd2.0,130584,131973,"Laura, deren Pflegetochter.",3,Besonderes,NN,besonderer,33224,,
tg,rfd2.0,130584,131973,"Laura, deren Pflegetochter.",3,hat,VAFIN,haben,33224,,
tg,rfd2.0,130584,131973,"Laura, deren Pflegetochter.",3,er,PPER,er,33224,,
tg,rfd2.0,130584,131973,"Laura, deren Pflegetochter.",3,freilich,ADV,freilich,33224,,
tg,rfd2.0,130584,131973,"Laura, deren Pflegetochter.",3,–,XY,–,33224,,
tg,rfd2.0,130584,131973,"Laura, deren Pflegetochter.",3,die,ART,der,33224,,
tg,rfd2.0,130584,131973,"Laura, deren Pflegetochter.",3,Tanten,NN,tante,33224,,
tg,rfd2.0,130584,131973,"Laura, deren Pflegetochter.",3,sagen's,VVFIN,sagen's,33224,,
tg,rfd2.0,130584,131973,"Laura, deren Pflegetochter.",3,auch,ADV,auch,33224,,
tg,rfd2.0,130584,131973,"Laura, deren Pflegetochter.",3,und,KON,und,33224,,
tg,rfd2.0,130584,131973,"Laura, deren Pflegetochter.",3,der,ART,der,33224,,
tg,rfd2.0,130584,131973,"Laura, deren Pflegetochter.",3,Onkel,NN,onkel,33224,,
tg,rfd2.0,130584,131973,"Laura, deren Pflegetochter.",3,selber,ADV,selber,33224,,
tg,rfd2.0,130584,131973,"Laura, deren Pflegetochter.",3,–,NN,–,33224,,
tg,rfd2.0,130584,131973,"Laura, deren Pflegetochter.",3,und,KON,und,33224,,
tg,rfd2.0,130584,131973,"Laura, deren Pflegetochter.",3,recht,ADV,recht,33224,,
tg,rfd2.0,130584,131973,"Laura, deren Pflegetochter.",3,treu,ADJD,treu,33224,,
tg,rfd2.0,130584,131973,"Laura, deren Pflegetochter.",3,scheint,VVFIN,scheinen,33224,,
tg,rfd2.0,130584,131973,"Laura, deren Pflegetochter.",3,er,PPER,er,33224,,
tg,rfd2.0,130584,131973,"Laura, deren Pflegetochter.",3,doch,ADV,doch,33224,,
tg,rfd2.0,130584,131973,"Laura, deren Pflegetochter.",3,zu,APPR,zu,33224,,
tg,rfd2.0,130584,131973,"Laura, deren Pflegetochter.",3,sein,VAINF,sein,33224,,
tg,rfd2.0,130584,131973,"Laura, deren Pflegetochter.",3,"!",$.,--,33224,,
tg,rfd2.0,130584,131973,"Laura, deren Pflegetochter.",3,–,XY,–,33224,,
tg,rfd2.0,130584,131973,"Laura, deren Pflegetochter.",3,Eilig,ADJD,eilig,33224,,
tg,rfd2.0,130584,131973,"Laura, deren Pflegetochter.",3,",","$,",--,33224,,
tg,rfd2.0,130584,131973,"Laura, deren Pflegetochter.",3,eilig,ADJD,eilig,33224,,
tg,rfd2.0,130584,131973,"Laura, deren Pflegetochter.",3,"!",$.,--,33224,,
tg,rfd2.0,130584,131973,"Laura, deren Pflegetochter.",3,Onkel,NN,onkel,33224,,
tg,rfd2.0,130584,131973,"Laura, deren Pflegetochter.",3,darf,VMFIN,dürfen,33224,,
tg,rfd2.0,130584,131973,"Laura, deren Pflegetochter.",3,die,ART,der,33224,,
tg,rfd2.0,130584,131973,"Laura, deren Pflegetochter.",3,Gedichte,NN,gedicht,33224,,
tg,rfd2.0,130584,131973,"Laura, deren Pflegetochter.",3,an,APPR,an,33224,,
tg,rfd2.0,130584,131973,"Laura, deren Pflegetochter.",3,mich,PPER,mich,33224,"Laura, deren Pflegetochter.",3
tg,rfd2.0,130584,131973,"Laura, deren Pflegetochter.",3,nicht,PTKNEG,nicht,33224,,
tg,rfd2.0,130584,131973,"Laura, deren Pflegetochter.",3,finden,VVFIN,finden,33224,,
tg,rfd2.0,130584,131973,"Laura, deren Pflegetochter.",3,–,PPER,–,33224,,
tg,rfd2.0,130584,131973,"Laura, deren Pflegetochter.",3,in,APPR,in,33224,,
tg,rfd2.0,130584,131973,"Laura, deren Pflegetochter.",3,die,ART,der,33224,,
tg,rfd2.0,130584,131973,"Laura, deren Pflegetochter.",3,Tasche,NN,tasche,33224,,
tg,rfd2.0,130584,131973,"Laura, deren Pflegetochter.",3,Steckt's,NE,steckt's,33224,,
tg,rfd2.0,130584,131973,"Laura, deren Pflegetochter.",3,in,APPR,in,33224,,
tg,rfd2.0,130584,131973,"Laura, deren Pflegetochter.",3,den,ART,der,33224,,
tg,rfd2.0,130584,131973,"Laura, deren Pflegetochter.",3,Mantel,NN,mantel,33224,,
tg,rfd2.0,130584,131973,"Laura, deren Pflegetochter.",3,.,$.,--,33224,,
tg,rfd2.0,130584,131973,"Laura, deren Pflegetochter.",3,und,KON,und,33224,,
tg,rfd2.0,130584,131973,"Laura, deren Pflegetochter.",3,das,ART,der,33224,,
tg,rfd2.0,130584,131973,"Laura, deren Pflegetochter.",3,andere,ADJA,anderer,33224,,
tg,rfd2.0,130584,131973,"Laura, deren Pflegetochter.",3,Buch,NN,buch,33224,,
tg,rfd2.0,130584,131973,"Laura, deren Pflegetochter.",3,Aufmachend,ADJD,aufmachend,33224,,
tg,rfd2.0,130584,131973,"Laura, deren Pflegetochter.",3,.,$.,--,33224,,
tg,rfd2.0,130584,131973,"Laura, deren Pflegetochter.",3,»,XY,»,33224,,
tg,rfd2.0,130584,131973,"Laura, deren Pflegetochter.",3,Die,ART,der,33224,,
tg,rfd2.0,130584,131973,"Laura, deren Pflegetochter.",3,Räuber,NN,räuber,33224,,
tg,rfd2.0,130584,131973,"Laura, deren Pflegetochter.",3,«,XY,«,33224,,
tg,rfd2.0,130584,131973,"Laura, deren Pflegetochter.",3,–,XY,–,33224,,
tg,rfd2.0,130584,131973,"Laura, deren Pflegetochter.",3,–,XY,–,33224,,
tg,rfd2.0,130584,131973,"Laura, deren Pflegetochter.",3,Herr,NN,herr,33224,,
tg,rfd2.0,130584,131973,"Laura, deren Pflegetochter.",3,Gott,NN,gott,33224,,
tg,rfd2.0,130584,131973,"Laura, deren Pflegetochter.",3,",","$,",--,33224,,
tg,rfd2.0,130584,131973,"Laura, deren Pflegetochter.",3,da,ADV,da,33224,,
tg,rfd2.0,130584,131973,"Laura, deren Pflegetochter.",3,ist,VAFIN,sein,33224,,
tg,rfd2.0,130584,131973,"Laura, deren Pflegetochter.",3,ja,ADV,ja,33224,,
tg,rfd2.0,130584,131973,"Laura, deren Pflegetochter.",3,der,ART,der,33224,,
tg,rfd2.0,130584,131973,"Laura, deren Pflegetochter.",3,Löwe,NN,löwe,33224,,
tg,rfd2.0,130584,131973,"Laura, deren Pflegetochter.",3,"!",$.,--,33224,,
tg,rfd2.0,131978,132046,BLEISTIFT,31,Was,PWS,was,33224,,
tg,rfd2.0,131978,132046,BLEISTIFT,31,weiter,ADV,weiter,33224,,
tg,rfd2.0,131978,132046,BLEISTIFT,31,",","$,",--,33224,,
tg,rfd2.0,131978,132046,BLEISTIFT,31,Herr,NN,herr,33224,,
tg,rfd2.0,131978,132046,BLEISTIFT,31,Junker,NE,junker,33224,,
tg,rfd2.0,131978,132046,BLEISTIFT,31,?,$.,--,33224,,
tg,rfd2.0,132051,132241,"Laura, deren Pflegetochter.",3,Ach,ITJ,ach,33224,,
tg,rfd2.0,132051,132241,"Laura, deren Pflegetochter.",3,"!",$.,--,33224,,
tg,rfd2.0,132051,132241,"Laura, deren Pflegetochter.",3,–,XY,–,33224,,
tg,rfd2.0,132051,132241,"Laura, deren Pflegetochter.",3,Wie,PWAV,wie,33224,,
tg,rfd2.0,132051,132241,"Laura, deren Pflegetochter.",3,Er,PPER,er,33224,,
tg,rfd2.0,132051,132241,"Laura, deren Pflegetochter.",3,mich,PRF,mich,33224,"Laura, deren Pflegetochter.",3
tg,rfd2.0,132051,132241,"Laura, deren Pflegetochter.",3,erschreckt,VVPP,erschrecken,33224,,
tg,rfd2.0,132051,132241,"Laura, deren Pflegetochter.",3,"!",$.,--,33224,,
tg,rfd2.0,132051,132241,"Laura, deren Pflegetochter.",3,Das,ART,der,33224,,
tg,rfd2.0,132051,132241,"Laura, deren Pflegetochter.",3,Buch,NN,buch,33224,,
tg,rfd2.0,132051,132241,"Laura, deren Pflegetochter.",3,verbergend,ADJD,verbergend,33224,,
tg,rfd2.0,132051,132241,"Laura, deren Pflegetochter.",3,.,$.,--,33224,,
tg,rfd2.0,132051,132241,"Laura, deren Pflegetochter.",3,Seh,VVIMP,seh,33224,,
tg,rfd2.0,132051,132241,"Laura, deren Pflegetochter.",3,Er,PPER,er,33224,,
tg,rfd2.0,132051,132241,"Laura, deren Pflegetochter.",3,jetzt,ADV,jetzt,33224,,
tg,rfd2.0,132051,132241,"Laura, deren Pflegetochter.",3,nach,PTKVZ,nach,33224,,
tg,rfd2.0,132051,132241,"Laura, deren Pflegetochter.",3,",","$,",--,33224,,
tg,rfd2.0,132051,132241,"Laura, deren Pflegetochter.",3,ob,KOUS,ob,33224,,
tg,rfd2.0,132051,132241,"Laura, deren Pflegetochter.",3,die,ART,der,33224,,
tg,rfd2.0,132051,132241,"Laura, deren Pflegetochter.",3,Tante,TRUNC,tante,33224,,
tg,rfd2.0,132051,132241,"Laura, deren Pflegetochter.",3,recht,NN,recht,33224,,
tg,rfd2.0,132051,132241,"Laura, deren Pflegetochter.",3,hat,VAFIN,haben,33224,,
tg,rfd2.0,132051,132241,"Laura, deren Pflegetochter.",3,",","$,",--,33224,,
tg,rfd2.0,132051,132241,"Laura, deren Pflegetochter.",3,und,KON,und,33224,,
tg,rfd2.0,132051,132241,"Laura, deren Pflegetochter.",3,ob,KOUS,ob,33224,,
tg,rfd2.0,132051,132241,"Laura, deren Pflegetochter.",3,sich,PRF,sich,33224,,
tg,rfd2.0,132051,132241,"Laura, deren Pflegetochter.",3,der,ART,der,33224,,
tg,rfd2.0,132051,132241,"Laura, deren Pflegetochter.",3,Druckschlüssel,NN,druckschlüssel,33224,,
tg,rfd2.0,132051,132241,"Laura, deren Pflegetochter.",3,dort,ADV,dort,33224,,
tg,rfd2.0,132051,132241,"Laura, deren Pflegetochter.",3,an,APPR,an,33224,,
tg,rfd2.0,132051,132241,"Laura, deren Pflegetochter.",3,der,ART,der,33224,,
tg,rfd2.0,132051,132241,"Laura, deren Pflegetochter.",3,Tür,NN,tür,33224,,
tg,rfd2.0,132051,132241,"Laura, deren Pflegetochter.",3,",","$,",--,33224,,
tg,rfd2.0,132051,132241,"Laura, deren Pflegetochter.",3,welcher,ADJA,welcher,33224,,
tg,rfd2.0,132051,132241,"Laura, deren Pflegetochter.",3,zur,APPRART,zu,33224,,
tg,rfd2.0,132051,132241,"Laura, deren Pflegetochter.",3,Loge,NN,loge,33224,,
tg,rfd2.0,132051,132241,"Laura, deren Pflegetochter.",3,hinaufführt,VVFIN,hinaufführen,33224,,
tg,rfd2.0,132051,132241,"Laura, deren Pflegetochter.",3,",","$,",--,33224,,
tg,rfd2.0,132051,132241,"Laura, deren Pflegetochter.",3,befindet,VVFIN,befinden,33224,,
tg,rfd2.0,132051,132241,"Laura, deren Pflegetochter.",3,.,$.,--,33224,,
tg,rfd2.0,132246,132291,BLEISTIFT,31,Was,PWS,was,33224,,
tg,rfd2.0,132246,132291,BLEISTIFT,31,soll,VMFIN,sollen,33224,,
tg,rfd2.0,132246,132291,BLEISTIFT,31,das,ART,der,33224,,
tg,rfd2.0,132246,132291,BLEISTIFT,31,meinem,PPOSAT,mein,33224,BLEISTIFT,31
tg,rfd2.0,132246,132291,BLEISTIFT,31,Buben,NN,buben,33224,,
tg,rfd2.0,132246,132291,BLEISTIFT,31,helfen,VVINF,helfen,33224,,
tg,rfd2.0,132246,132291,BLEISTIFT,31,?,$.,--,33224,,
tg,rfd2.0,132296,132517,"Laura, deren Pflegetochter.",3,Wenn,KOUS,wenn,33224,,
tg,rfd2.0,132296,132517,"Laura, deren Pflegetochter.",3,der,ART,der,33224,,
tg,rfd2.0,132296,132517,"Laura, deren Pflegetochter.",3,Herzog,NE,herzog,33224,,
tg,rfd2.0,132296,132517,"Laura, deren Pflegetochter.",3,dort,ADV,dort,33224,,
tg,rfd2.0,132296,132517,"Laura, deren Pflegetochter.",3,nicht,PTKNEG,nicht,33224,,
tg,rfd2.0,132296,132517,"Laura, deren Pflegetochter.",3,hinauf,ADV,hinauf,33224,,
tg,rfd2.0,132296,132517,"Laura, deren Pflegetochter.",3,kann,VMFIN,können,33224,,
tg,rfd2.0,132296,132517,"Laura, deren Pflegetochter.",3,",","$,",--,33224,,
tg,rfd2.0,132296,132517,"Laura, deren Pflegetochter.",3,dann,ADV,dann,33224,,
tg,rfd2.0,132296,132517,"Laura, deren Pflegetochter.",3,muß,VMFIN,müssen,33224,,
tg,rfd2.0,132296,132517,"Laura, deren Pflegetochter.",3,er,PPER,er,33224,,
tg,rfd2.0,132296,132517,"Laura, deren Pflegetochter.",3,den,ART,der,33224,,
tg,rfd2.0,132296,132517,"Laura, deren Pflegetochter.",3,großen,ADJA,groß,33224,,
tg,rfd2.0,132296,132517,"Laura, deren Pflegetochter.",3,Umweg,NN,umweg,33224,,
tg,rfd2.0,132296,132517,"Laura, deren Pflegetochter.",3,um,APPR,um,33224,,
tg,rfd2.0,132296,132517,"Laura, deren Pflegetochter.",3,das,ART,der,33224,,
tg,rfd2.0,132296,132517,"Laura, deren Pflegetochter.",3,Corps,NN,corps,33224,,
tg,rfd2.0,132296,132517,"Laura, deren Pflegetochter.",3,de,NE,de,33224,,
tg,rfd2.0,132296,132517,"Laura, deren Pflegetochter.",3,Logis,NE,logis,33224,,
tg,rfd2.0,132296,132517,"Laura, deren Pflegetochter.",3,machen,VVINF,machen,33224,,
tg,rfd2.0,132296,132517,"Laura, deren Pflegetochter.",3,",","$,",--,33224,,
tg,rfd2.0,132296,132517,"Laura, deren Pflegetochter.",3,um,KOUI,um,33224,,
tg,rfd2.0,132296,132517,"Laura, deren Pflegetochter.",3,in,APPR,in,33224,,
tg,rfd2.0,132296,132517,"Laura, deren Pflegetochter.",3,die,ART,der,33224,,
tg,rfd2.0,132296,132517,"Laura, deren Pflegetochter.",3,Loge,NN,loge,33224,,
tg,rfd2.0,132296,132517,"Laura, deren Pflegetochter.",3,hinaufzukommen,VVIZU,hinaufkommen,33224,,
tg,rfd2.0,132296,132517,"Laura, deren Pflegetochter.",3,–,TRUNC,–,33224,,
tg,rfd2.0,132296,132517,"Laura, deren Pflegetochter.",3,und,KON,und,33224,,
tg,rfd2.0,132296,132517,"Laura, deren Pflegetochter.",3,wenn,KOUS,wenn,33224,,
tg,rfd2.0,132296,132517,"Laura, deren Pflegetochter.",3,unterdes,PIS,unterd,33224,,
tg,rfd2.0,132296,132517,"Laura, deren Pflegetochter.",3,die,ART,der,33224,,
tg,rfd2.0,132296,132517,"Laura, deren Pflegetochter.",3,jungen,ADJA,jung,33224,,
tg,rfd2.0,132296,132517,"Laura, deren Pflegetochter.",3,Leute,NN,leute,33224,,
tg,rfd2.0,132296,132517,"Laura, deren Pflegetochter.",3,eintreffen,VVINF,eintreffen,33224,,
tg,rfd2.0,132296,132517,"Laura, deren Pflegetochter.",3,",","$,",--,33224,,
tg,rfd2.0,132296,132517,"Laura, deren Pflegetochter.",3,so,ADV,so,33224,,
tg,rfd2.0,132296,132517,"Laura, deren Pflegetochter.",3,haben,VAFIN,haben,33224,,
tg,rfd2.0,132296,132517,"Laura, deren Pflegetochter.",3,wir,PPER,wir,33224,,
tg,rfd2.0,132296,132517,"Laura, deren Pflegetochter.",3,Zeit,NN,zeit,33224,,
tg,rfd2.0,132296,132517,"Laura, deren Pflegetochter.",3,",","$,",--,33224,,
tg,rfd2.0,132296,132517,"Laura, deren Pflegetochter.",3,sie,PPER,sie,33224,,
tg,rfd2.0,132296,132517,"Laura, deren Pflegetochter.",3,fortzujagen,VVIZU,fortzujagen,33224,,
tg,rfd2.0,132296,132517,"Laura, deren Pflegetochter.",3,.,$.,--,33224,,
tg,rfd2.0,132522,132565,BLEISTIFT,31,Wir,PPER,wir,33224,,
tg,rfd2.0,132522,132565,BLEISTIFT,31,müssen,VMFIN,müssen,33224,,
tg,rfd2.0,132522,132565,BLEISTIFT,31,ja,ADV,ja,33224,,
tg,rfd2.0,132522,132565,BLEISTIFT,31,mit,APPR,mit,33224,,
tg,rfd2.0,132522,132565,BLEISTIFT,31,dem,ART,der,33224,,
tg,rfd2.0,132522,132565,BLEISTIFT,31,Herzoge,NN,herzoge,33224,,
tg,rfd2.0,132522,132565,BLEISTIFT,31,–,XY,–,33224,,
tg,rfd2.0,132570,132613,"Laura, deren Pflegetochter.",3,Ich,PPER,ich,33224,,
tg,rfd2.0,132570,132613,"Laura, deren Pflegetochter.",3,nicht,PTKNEG,nicht,33224,,
tg,rfd2.0,132570,132613,"Laura, deren Pflegetochter.",3,–,XY,–,33224,,
tg,rfd2.0,132570,132613,"Laura, deren Pflegetochter.",3,–,XY,–,33224,,
tg,rfd2.0,132570,132613,"Laura, deren Pflegetochter.",3,geh,VVIMP,geh,33224,,
tg,rfd2.0,132570,132613,"Laura, deren Pflegetochter.",3,Er,PPER,er,33224,,
tg,rfd2.0,132570,132613,"Laura, deren Pflegetochter.",3,nur,ADV,nur,33224,,
tg,rfd2.0,132570,132613,"Laura, deren Pflegetochter.",3,nachsehen,VVINF,nachsehen,33224,,
tg,rfd2.0,132570,132613,"Laura, deren Pflegetochter.",3,"!",$.,--,33224,,
tg,rfd2.0,132618,132669,BLEISTIFT,31,Ist,VAFIN,sein,33224,,
tg,rfd2.0,132618,132669,BLEISTIFT,31,mein,PPOSAT,mein,33224,BLEISTIFT,31
tg,rfd2.0,132618,132669,BLEISTIFT,31,Christoph,NE,christoph,33224,,
tg,rfd2.0,132618,132669,BLEISTIFT,31,auch,ADV,auch,33224,,
tg,rfd2.0,132618,132669,BLEISTIFT,31,wirklich,ADJD,wirklich,33224,,
tg,rfd2.0,132618,132669,BLEISTIFT,31,dabei,PROAV,dabei,33224,,
tg,rfd2.0,132618,132669,BLEISTIFT,31,?,$.,--,33224,,
tg,rfd2.0,132674,132691,"Laura, deren Pflegetochter.",3,Freilich,ADV,freilich,33224,,
tg,rfd2.0,132674,132691,"Laura, deren Pflegetochter.",3,"!",$.,--,33224,,
tg,rfd2.0,132696,132734,BLEISTIFT,31,O,NE,O,33224,,
tg,rfd2.0,132696,132734,BLEISTIFT,31,Jerum,NE,jerum,33224,,
tg,rfd2.0,132696,132734,BLEISTIFT,31,"!",$.,--,33224,,
tg,rfd2.0,132696,132734,BLEISTIFT,31,Geht,VVFIN,gehen,33224,,
tg,rfd2.0,132696,132734,BLEISTIFT,31,nach,APPR,nach,33224,,
tg,rfd2.0,132696,132734,BLEISTIFT,31,hinten,ADV,hinten,33224,,
tg,rfd2.0,132696,132734,BLEISTIFT,31,.,$.,--,33224,,
tg,rfd2.0,132740,132967,"Laura, deren Pflegetochter.",3,Ich,PPER,ich,33224,,
tg,rfd2.0,132740,132967,"Laura, deren Pflegetochter.",3,vermute,VVFIN,vermuten,33224,,
tg,rfd2.0,132740,132967,"Laura, deren Pflegetochter.",3,es,PPER,es,33224,,
tg,rfd2.0,132740,132967,"Laura, deren Pflegetochter.",3,wenigstens,ADV,wenigstens,33224,,
tg,rfd2.0,132740,132967,"Laura, deren Pflegetochter.",3,aus,APPR,aus,33224,,
tg,rfd2.0,132740,132967,"Laura, deren Pflegetochter.",3,Kochs,NE,koch,33224,,
tg,rfd2.0,132740,132967,"Laura, deren Pflegetochter.",3,Reden,NN,rede,33224,,
tg,rfd2.0,132740,132967,"Laura, deren Pflegetochter.",3,–,VVFIN,–,33224,,
tg,rfd2.0,132740,132967,"Laura, deren Pflegetochter.",3,aber,ADV,aber,33224,,
tg,rfd2.0,132740,132967,"Laura, deren Pflegetochter.",3,das,ART,der,33224,,
tg,rfd2.0,132740,132967,"Laura, deren Pflegetochter.",3,Buch,NN,buch,33224,,
tg,rfd2.0,132740,132967,"Laura, deren Pflegetochter.",3,"!",$.,--,33224,,
tg,rfd2.0,132740,132967,"Laura, deren Pflegetochter.",3,Das,PDS,der,33224,,
tg,rfd2.0,132740,132967,"Laura, deren Pflegetochter.",3,ist,VAFIN,sein,33224,,
tg,rfd2.0,132740,132967,"Laura, deren Pflegetochter.",3,gewiß,ADV,gewiß,33224,,
tg,rfd2.0,132740,132967,"Laura, deren Pflegetochter.",3,die,ART,der,33224,,
tg,rfd2.0,132740,132967,"Laura, deren Pflegetochter.",3,Spitzbubenkomödie,NN,spitzbubenkomödie,33224,,
tg,rfd2.0,132740,132967,"Laura, deren Pflegetochter.",3,Schillers,NE,schiller,33224,,
tg,rfd2.0,132740,132967,"Laura, deren Pflegetochter.",3,",","$,",--,33224,,
tg,rfd2.0,132740,132967,"Laura, deren Pflegetochter.",3,von,APPR,von,33224,,
tg,rfd2.0,132740,132967,"Laura, deren Pflegetochter.",3,welcher,ADJA,welcher,33224,,
tg,rfd2.0,132740,132967,"Laura, deren Pflegetochter.",3,der,ART,der,33224,,
tg,rfd2.0,132740,132967,"Laura, deren Pflegetochter.",3,Hauptmann,NE,hauptmann,33224,,
tg,rfd2.0,132740,132967,"Laura, deren Pflegetochter.",3,sprach,VVFIN,sprechen,33224,,
tg,rfd2.0,132740,132967,"Laura, deren Pflegetochter.",3,Steckt's,NE,steckt's,33224,,
tg,rfd2.0,132740,132967,"Laura, deren Pflegetochter.",3,auch,ADV,auch,33224,,
tg,rfd2.0,132740,132967,"Laura, deren Pflegetochter.",3,in,APPR,in,33224,,
tg,rfd2.0,132740,132967,"Laura, deren Pflegetochter.",3,die,ART,der,33224,,
tg,rfd2.0,132740,132967,"Laura, deren Pflegetochter.",3,Tasche,NN,tasche,33224,,
tg,rfd2.0,132740,132967,"Laura, deren Pflegetochter.",3,.,$.,--,33224,,
tg,rfd2.0,132740,132967,"Laura, deren Pflegetochter.",3,die,ART,der,33224,,
tg,rfd2.0,132740,132967,"Laura, deren Pflegetochter.",3,darf,VMFIN,dürfen,33224,,
tg,rfd2.0,132740,132967,"Laura, deren Pflegetochter.",3,durchaus,ADV,durchaus,33224,,
tg,rfd2.0,132740,132967,"Laura, deren Pflegetochter.",3,nicht,PTKNEG,nicht,33224,,
tg,rfd2.0,132740,132967,"Laura, deren Pflegetochter.",3,gefunden,VVPP,finden,33224,,
tg,rfd2.0,132740,132967,"Laura, deren Pflegetochter.",3,werden,VAINF,werden,33224,,
tg,rfd2.0,132740,132967,"Laura, deren Pflegetochter.",3,"!",$.,--,33224,,
tg,rfd2.0,132972,133020,BLEISTIFT,31,Der,ART,der,33224,,
tg,rfd2.0,132972,133020,BLEISTIFT,31,Drücker,NN,drücker,33224,,
tg,rfd2.0,132972,133020,BLEISTIFT,31,steckt,VVFIN,stecken,33224,,
tg,rfd2.0,132972,133020,BLEISTIFT,31,.,$.,--,33224,,
tg,rfd2.0,132972,133020,BLEISTIFT,31,Geht,VVFIN,gehen,33224,,
tg,rfd2.0,132972,133020,BLEISTIFT,31,nach,APPR,nach,33224,,
tg,rfd2.0,132972,133020,BLEISTIFT,31,links,ADV,links,33224,,
tg,rfd2.0,132972,133020,BLEISTIFT,31,.,$.,--,33224,,
tg,rfd2.0,133026,133274,"Laura, deren Pflegetochter.",3,Gut,ADJD,gut,33224,,
tg,rfd2.0,133026,133274,"Laura, deren Pflegetochter.",3,"!",$.,--,33224,,
tg,rfd2.0,133026,133274,"Laura, deren Pflegetochter.",3,–,XY,–,33224,,
tg,rfd2.0,133026,133274,"Laura, deren Pflegetochter.",3,Nun,ADV,nun,33224,,
tg,rfd2.0,133026,133274,"Laura, deren Pflegetochter.",3,den,ART,der,33224,,
tg,rfd2.0,133026,133274,"Laura, deren Pflegetochter.",3,Warnungszettel,NN,warnungszettel,33224,,
tg,rfd2.0,133026,133274,"Laura, deren Pflegetochter.",3,an,APPR,an,33224,,
tg,rfd2.0,133026,133274,"Laura, deren Pflegetochter.",3,die,ART,der,33224,,
tg,rfd2.0,133026,133274,"Laura, deren Pflegetochter.",3,Stelle,NN,stelle,33224,,
tg,rfd2.0,133026,133274,"Laura, deren Pflegetochter.",3,der,ART,der,33224,,
tg,rfd2.0,133026,133274,"Laura, deren Pflegetochter.",3,Bücher,NN,buch,33224,,
tg,rfd2.0,133026,133274,"Laura, deren Pflegetochter.",3,.,$.,--,33224,,
tg,rfd2.0,133026,133274,"Laura, deren Pflegetochter.",3,Ein,ART,ein,33224,,
tg,rfd2.0,133026,133274,"Laura, deren Pflegetochter.",3,wenig,PIDAT,wenig,33224,,
tg,rfd2.0,133026,133274,"Laura, deren Pflegetochter.",3,versteckt,VVPP,verstecken,33224,,
tg,rfd2.0,133026,133274,"Laura, deren Pflegetochter.",3,",","$,",--,33224,,
tg,rfd2.0,133026,133274,"Laura, deren Pflegetochter.",3,daß,KOUS,daß,33224,,
tg,rfd2.0,133026,133274,"Laura, deren Pflegetochter.",3,ihn,PPER,ihn,33224,,
tg,rfd2.0,133026,133274,"Laura, deren Pflegetochter.",3,nicht,PTKNEG,nicht,33224,,
tg,rfd2.0,133026,133274,"Laura, deren Pflegetochter.",3,etwa,ADV,etwa,33224,,
tg,rfd2.0,133026,133274,"Laura, deren Pflegetochter.",3,der,ART,der,33224,,
tg,rfd2.0,133026,133274,"Laura, deren Pflegetochter.",3,Feind,NN,feind,33224,,
tg,rfd2.0,133026,133274,"Laura, deren Pflegetochter.",3,findet,VVFIN,finden,33224,,
tg,rfd2.0,133026,133274,"Laura, deren Pflegetochter.",3,im,APPRART,in,33224,,
tg,rfd2.0,133026,133274,"Laura, deren Pflegetochter.",3,Vorübergehn,NN,vorübergehn,33224,,
tg,rfd2.0,133026,133274,"Laura, deren Pflegetochter.",3,.,$.,--,33224,,
tg,rfd2.0,133026,133274,"Laura, deren Pflegetochter.",3,Steckt,NN,stecken,33224,,
tg,rfd2.0,133026,133274,"Laura, deren Pflegetochter.",3,ein,ART,ein,33224,,
tg,rfd2.0,133026,133274,"Laura, deren Pflegetochter.",3,Blättchen,NN,blättchen,33224,,
tg,rfd2.0,133026,133274,"Laura, deren Pflegetochter.",3,Papier,NN,papier,33224,,
tg,rfd2.0,133026,133274,"Laura, deren Pflegetochter.",3,unter,APPR,unter,33224,,
tg,rfd2.0,133026,133274,"Laura, deren Pflegetochter.",3,das,ART,der,33224,,
tg,rfd2.0,133026,133274,"Laura, deren Pflegetochter.",3,Feuerzeug,NN,feuerzeug,33224,,
tg,rfd2.0,133026,133274,"Laura, deren Pflegetochter.",3,.,$.,--,33224,,
tg,rfd2.0,133026,133274,"Laura, deren Pflegetochter.",3,Wenn,KOUS,wenn,33224,,
tg,rfd2.0,133026,133274,"Laura, deren Pflegetochter.",3,sie,PPER,sie,33224,,
tg,rfd2.0,133026,133274,"Laura, deren Pflegetochter.",3,den,ART,der,33224,,
tg,rfd2.0,133026,133274,"Laura, deren Pflegetochter.",3,lesen,VVFIN,lesen,33224,,
tg,rfd2.0,133026,133274,"Laura, deren Pflegetochter.",3,",","$,",--,33224,,
tg,rfd2.0,133026,133274,"Laura, deren Pflegetochter.",3,so,ADV,so,33224,,
tg,rfd2.0,133026,133274,"Laura, deren Pflegetochter.",3,werden,VAFIN,werden,33224,,
tg,rfd2.0,133026,133274,"Laura, deren Pflegetochter.",3,sie,PPER,sie,33224,,
tg,rfd2.0,133026,133274,"Laura, deren Pflegetochter.",3,wohl,ADV,wohl,33224,,
tg,rfd2.0,133026,133274,"Laura, deren Pflegetochter.",3,zeitig,ADJD,zeitig,33224,,
tg,rfd2.0,133026,133274,"Laura, deren Pflegetochter.",3,genug,ADV,genug,33224,,
tg,rfd2.0,133026,133274,"Laura, deren Pflegetochter.",3,ausreißen,VVINF,ausreißen,33224,,
tg,rfd2.0,133026,133274,"Laura, deren Pflegetochter.",3,.,$.,--,33224,,
tg,rfd2.0,133279,133328,BLEISTIFT,31,Der,ART,der,33224,,
tg,rfd2.0,133279,133328,BLEISTIFT,31,Herzog,NE,herzog,33224,,
tg,rfd2.0,133279,133328,BLEISTIFT,31,kommt,VVFIN,kommen,33224,,
tg,rfd2.0,133279,133328,BLEISTIFT,31,"!",$.,--,33224,,
tg,rfd2.0,133333,133353,"Laura, deren Pflegetochter.",3,Also,ADV,also,33224,,
tg,rfd2.0,133333,133353,"Laura, deren Pflegetochter.",3,hinweg,APZR,hinweg,33224,,
tg,rfd2.0,133333,133353,"Laura, deren Pflegetochter.",3,"!",$.,--,33224,,
tg,rfd2.0,133358,133404,BLEISTIFT,31,Nehmen,VVFIN,nehmen,33224,,
tg,rfd2.0,133358,133404,BLEISTIFT,31,sie,PPER,sie,33224,,
tg,rfd2.0,133358,133404,BLEISTIFT,31,die,ART,der,33224,,
tg,rfd2.0,133358,133404,BLEISTIFT,31,Laterne,NN,laterne,33224,,
tg,rfd2.0,133358,133404,BLEISTIFT,31,nicht,PTKNEG,nicht,33224,,
tg,rfd2.0,133358,133404,BLEISTIFT,31,mit,APPR,mit,33224,,
tg,rfd2.0,133358,133404,BLEISTIFT,31,–,XY,–,33224,,
tg,rfd2.0,133409,133621,"Laura, deren Pflegetochter.",3,Nein,PTKANT,nein,33224,,
tg,rfd2.0,133409,133621,"Laura, deren Pflegetochter.",3,",","$,",--,33224,,
tg,rfd2.0,133409,133621,"Laura, deren Pflegetochter.",3,nein,PTKANT,nein,33224,,
tg,rfd2.0,133409,133621,"Laura, deren Pflegetochter.",3,"!",$.,--,33224,,
tg,rfd2.0,133409,133621,"Laura, deren Pflegetochter.",3,Da,ADV,da,33224,,
tg,rfd2.0,133409,133621,"Laura, deren Pflegetochter.",3,"!",$.,--,33224,,
tg,rfd2.0,133409,133621,"Laura, deren Pflegetochter.",3,Gibt,VVFIN,geben,33224,,
tg,rfd2.0,133409,133621,"Laura, deren Pflegetochter.",3,sie,PPER,sie,33224,,
tg,rfd2.0,133409,133621,"Laura, deren Pflegetochter.",3,ihm,PPER,ihm,33224,,
tg,rfd2.0,133409,133621,"Laura, deren Pflegetochter.",3,",","$,",--,33224,,
tg,rfd2.0,133409,133621,"Laura, deren Pflegetochter.",3,eilt,VVFIN,eilen,33224,,
tg,rfd2.0,133409,133621,"Laura, deren Pflegetochter.",3,an,APPR,an,33224,,
tg,rfd2.0,133409,133621,"Laura, deren Pflegetochter.",3,die,ART,der,33224,,
tg,rfd2.0,133409,133621,"Laura, deren Pflegetochter.",3,hintere,ADJA,hint,33224,,
tg,rfd2.0,133409,133621,"Laura, deren Pflegetochter.",3,Tür,NN,tür,33224,,
tg,rfd2.0,133409,133621,"Laura, deren Pflegetochter.",3,und,KON,und,33224,,
tg,rfd2.0,133409,133621,"Laura, deren Pflegetochter.",3,zieht,VVFIN,ziehen,33224,,
tg,rfd2.0,133409,133621,"Laura, deren Pflegetochter.",3,den,ART,der,33224,,
tg,rfd2.0,133409,133621,"Laura, deren Pflegetochter.",3,Drücker,NN,drücker,33224,,
tg,rfd2.0,133409,133621,"Laura, deren Pflegetochter.",3,ab,PTKVZ,ab,33224,,
tg,rfd2.0,133409,133621,"Laura, deren Pflegetochter.",3,",","$,",--,33224,,
tg,rfd2.0,133409,133621,"Laura, deren Pflegetochter.",3,nachdem,KOUS,nachdem,33224,,
tg,rfd2.0,133409,133621,"Laura, deren Pflegetochter.",3,sie,PPER,sie,33224,,
tg,rfd2.0,133409,133621,"Laura, deren Pflegetochter.",3,geöffnet,VVPP,öffnen,33224,,
tg,rfd2.0,133409,133621,"Laura, deren Pflegetochter.",3,.,$.,--,33224,,
tg,rfd2.0,133409,133621,"Laura, deren Pflegetochter.",3,So,ADV,so,33224,,
tg,rfd2.0,133409,133621,"Laura, deren Pflegetochter.",3,",","$,",--,33224,,
tg,rfd2.0,133409,133621,"Laura, deren Pflegetochter.",3,artiges,ADJA,artig,33224,,
tg,rfd2.0,133409,133621,"Laura, deren Pflegetochter.",3,Instrument,NN,instrument,33224,,
tg,rfd2.0,133409,133621,"Laura, deren Pflegetochter.",3,–,XY,–,33224,,
tg,rfd2.0,133409,133621,"Laura, deren Pflegetochter.",3,mich,PRF,mich,33224,"Laura, deren Pflegetochter.",3
tg,rfd2.0,133409,133621,"Laura, deren Pflegetochter.",3,hinauslassen,VVIZU,hinauslassen,33224,,
tg,rfd2.0,133409,133621,"Laura, deren Pflegetochter.",3,",","$,",--,33224,,
tg,rfd2.0,133409,133621,"Laura, deren Pflegetochter.",3,aber,KON,aber,33224,,
tg,rfd2.0,133409,133621,"Laura, deren Pflegetochter.",3,niemand,PIS,niemand,33224,,
tg,rfd2.0,133409,133621,"Laura, deren Pflegetochter.",3,hereinlassen,VVINF,hereinlassen,33224,,
tg,rfd2.0,133409,133621,"Laura, deren Pflegetochter.",3,"!",$.,--,33224,,
tg,rfd2.0,133409,133621,"Laura, deren Pflegetochter.",3,Ab,APPR,ab,33224,,
tg,rfd2.0,133409,133621,"Laura, deren Pflegetochter.",3,",","$,",--,33224,,
tg,rfd2.0,133409,133621,"Laura, deren Pflegetochter.",3,hinein,PTKVZ,hinein,33224,,
tg,rfd2.0,133409,133621,"Laura, deren Pflegetochter.",3,;,$.,--,33224,,
tg,rfd2.0,133409,133621,"Laura, deren Pflegetochter.",3,man,PIS,man,33224,,
tg,rfd2.0,133409,133621,"Laura, deren Pflegetochter.",3,hört,VVFIN,hören,33224,,
tg,rfd2.0,133409,133621,"Laura, deren Pflegetochter.",3,schnappen,VVINF,schnappen,33224,,
tg,rfd2.0,133409,133621,"Laura, deren Pflegetochter.",3,.,$.,--,33224,,
tg,rfd2.0,133763,133794,Herzog Karl von Württemberg.,0,Wo,PWAV,wo,33224,,
tg,rfd2.0,133763,133794,Herzog Karl von Württemberg.,0,ist,VAFIN,sein,33224,,
tg,rfd2.0,133763,133794,Herzog Karl von Württemberg.,0,die,ART,der,33224,,
tg,rfd2.0,133763,133794,Herzog Karl von Württemberg.,0,Mannschaft,NN,mannschaft,33224,,
tg,rfd2.0,133763,133794,Herzog Karl von Württemberg.,0,?,$.,--,33224,,
tg,rfd2.0,133799,133853,BLEISTIFT,31,Drüben,PDAT,drübe,33224,,
tg,rfd2.0,133799,133853,BLEISTIFT,31,Sire,NN,sire,33224,,
tg,rfd2.0,133799,133853,BLEISTIFT,31,–,APPR,–,33224,,
tg,rfd2.0,133799,133853,BLEISTIFT,31,Nach,APPR,nach,33224,,
tg,rfd2.0,133799,133853,BLEISTIFT,31,rechts,ADV,rechts,33224,,
tg,rfd2.0,133799,133853,BLEISTIFT,31,hinüber,ADV,hinüber,33224,,
tg,rfd2.0,133799,133853,BLEISTIFT,31,deutend,ADJD,deutend,33224,,
tg,rfd2.0,133799,133853,BLEISTIFT,31,.,$.,--,33224,,
tg,rfd2.0,133859,134051,Herzog Karl von Württemberg.,0,Recht,NN,recht,33224,,
tg,rfd2.0,133859,134051,Herzog Karl von Württemberg.,0,",","$,",--,33224,,
tg,rfd2.0,133859,134051,Herzog Karl von Württemberg.,0,denn,KON,denn,33224,,
tg,rfd2.0,133859,134051,Herzog Karl von Württemberg.,0,von,APPR,von,33224,,
tg,rfd2.0,133859,134051,Herzog Karl von Württemberg.,0,hier,ADV,hier,33224,,
tg,rfd2.0,133859,134051,Herzog Karl von Württemberg.,0,müssen,VMFIN,müssen,33224,,
tg,rfd2.0,133859,134051,Herzog Karl von Württemberg.,0,die,ART,der,33224,,
tg,rfd2.0,133859,134051,Herzog Karl von Württemberg.,0,Bursche,NN,bursche,33224,,
tg,rfd2.0,133859,134051,Herzog Karl von Württemberg.,0,kommen,VVFIN,kommen,33224,,
tg,rfd2.0,133859,134051,Herzog Karl von Württemberg.,0,–,PPER,–,33224,,
tg,rfd2.0,133859,134051,Herzog Karl von Württemberg.,0,leuchte,VVFIN,leuchen,33224,,
tg,rfd2.0,133859,134051,Herzog Karl von Württemberg.,0,",","$,",--,33224,,
tg,rfd2.0,133859,134051,Herzog Karl von Württemberg.,0,ob,KOUS,ob,33224,,
tg,rfd2.0,133859,134051,Herzog Karl von Württemberg.,0,die,ART,der,33224,,
tg,rfd2.0,133859,134051,Herzog Karl von Württemberg.,0,Vorbereitungen,NN,vorbereitung,33224,,
tg,rfd2.0,133859,134051,Herzog Karl von Württemberg.,0,dazu,PROAV,dazu,33224,,
tg,rfd2.0,133859,134051,Herzog Karl von Württemberg.,0,stimmen,VVFIN,stimmen,33224,,
tg,rfd2.0,133859,134051,Herzog Karl von Württemberg.,0,.,$.,--,33224,,
tg,rfd2.0,133859,134051,Herzog Karl von Württemberg.,0,Wahrhaftig,ADJD,wahrhaftig,33224,,
tg,rfd2.0,133859,134051,Herzog Karl von Württemberg.,0,"!",$.,--,33224,,
tg,rfd2.0,133859,134051,Herzog Karl von Württemberg.,0,Die,ART,der,33224,,
tg,rfd2.0,133859,134051,Herzog Karl von Württemberg.,0,vermaledeiten,ADJA,vermaledeit,33224,,
tg,rfd2.0,133859,134051,Herzog Karl von Württemberg.,0,Tonpfeifen,NN,tonpfeifen,33224,,
tg,rfd2.0,133859,134051,Herzog Karl von Württemberg.,0,"!",$.,--,33224,,
tg,rfd2.0,133859,134051,Herzog Karl von Württemberg.,0,Aber,KON,aber,33224,,
tg,rfd2.0,133859,134051,Herzog Karl von Württemberg.,0,die,ART,der,33224,,
tg,rfd2.0,133859,134051,Herzog Karl von Württemberg.,0,Bücher,NN,buch,33224,,
tg,rfd2.0,133859,134051,Herzog Karl von Württemberg.,0,fehlen,VVFIN,fehlen,33224,,
tg,rfd2.0,133859,134051,Herzog Karl von Württemberg.,0,",","$,",--,33224,,
tg,rfd2.0,133859,134051,Herzog Karl von Württemberg.,0,das,ART,der,33224,,
tg,rfd2.0,133859,134051,Herzog Karl von Württemberg.,0,Buch,NN,buch,33224,,
tg,rfd2.0,133859,134051,Herzog Karl von Württemberg.,0,mit,APPR,mit,33224,,
tg,rfd2.0,133859,134051,Herzog Karl von Württemberg.,0,dem,ART,der,33224,,
tg,rfd2.0,133859,134051,Herzog Karl von Württemberg.,0,Löwen,NN,löwe,33224,,
tg,rfd2.0,133859,134051,Herzog Karl von Württemberg.,0,.,$.,--,33224,,
tg,rfd2.0,134056,134163,"Hauptmann von Silberkalb, Kammerherr.",5,Ich,PPER,ich,33224,,
tg,rfd2.0,134056,134163,"Hauptmann von Silberkalb, Kammerherr.",5,vermisse,VVFIN,vermissen,33224,,
tg,rfd2.0,134056,134163,"Hauptmann von Silberkalb, Kammerherr.",5,es,PPER,es,33224,,
tg,rfd2.0,134056,134163,"Hauptmann von Silberkalb, Kammerherr.",5,ebenfalls,ADV,ebenfalls,33224,,
tg,rfd2.0,134056,134163,"Hauptmann von Silberkalb, Kammerherr.",5,–,XY,–,33224,,
tg,rfd2.0,134056,134163,"Hauptmann von Silberkalb, Kammerherr.",5,dort,ADV,dort,33224,,
tg,rfd2.0,134056,134163,"Hauptmann von Silberkalb, Kammerherr.",5,unter,APPR,unter,33224,,
tg,rfd2.0,134056,134163,"Hauptmann von Silberkalb, Kammerherr.",5,dem,ART,der,33224,,
tg,rfd2.0,134056,134163,"Hauptmann von Silberkalb, Kammerherr.",5,Feuerzeuge,NN,feuerzeug,33224,,
tg,rfd2.0,134056,134163,"Hauptmann von Silberkalb, Kammerherr.",5,scheint,VVFIN,scheinen,33224,,
tg,rfd2.0,134056,134163,"Hauptmann von Silberkalb, Kammerherr.",5,ein,ART,ein,33224,,
tg,rfd2.0,134056,134163,"Hauptmann von Silberkalb, Kammerherr.",5,Zettel,NN,zettel,33224,,
tg,rfd2.0,134056,134163,"Hauptmann von Silberkalb, Kammerherr.",5,zu,PTKZU,zu,33224,,
tg,rfd2.0,134056,134163,"Hauptmann von Silberkalb, Kammerherr.",5,stecken,VVINF,stecken,33224,,
tg,rfd2.0,134056,134163,"Hauptmann von Silberkalb, Kammerherr.",5,"!",$.,--,33224,,
tg,rfd2.0,134056,134163,"Hauptmann von Silberkalb, Kammerherr.",5,Nimmt,VVFIN,nehmen,33224,,
tg,rfd2.0,134056,134163,"Hauptmann von Silberkalb, Kammerherr.",5,ihn,PPER,ihn,33224,,
tg,rfd2.0,134056,134163,"Hauptmann von Silberkalb, Kammerherr.",5,.,$.,--,33224,,
tg,rfd2.0,134169,134195,Herzog Karl von Württemberg.,0,Was,PWS,was,33224,,
tg,rfd2.0,134169,134195,Herzog Karl von Württemberg.,0,steht,VVFIN,stehen,33224,,
tg,rfd2.0,134169,134195,Herzog Karl von Württemberg.,0,darauf,PROAV,darauf,33224,,
tg,rfd2.0,134169,134195,Herzog Karl von Württemberg.,0,"!",$.,--,33224,,
tg,rfd2.0,134200,134380,"Hauptmann von Silberkalb, Kammerherr.",5,»,XY,»,33224,,
tg,rfd2.0,134200,134380,"Hauptmann von Silberkalb, Kammerherr.",5,Moor,NN,moor,33224,,
tg,rfd2.0,134200,134380,"Hauptmann von Silberkalb, Kammerherr.",5,und,KON,und,33224,,
tg,rfd2.0,134200,134380,"Hauptmann von Silberkalb, Kammerherr.",5,Spiegelberg,NE,spiegelberg,33224,,
tg,rfd2.0,134200,134380,"Hauptmann von Silberkalb, Kammerherr.",5,und,KON,und,33224,,
tg,rfd2.0,134200,134380,"Hauptmann von Silberkalb, Kammerherr.",5,die,ART,der,33224,,
tg,rfd2.0,134200,134380,"Hauptmann von Silberkalb, Kammerherr.",5,ganze,ADJA,ganz,33224,,
tg,rfd2.0,134200,134380,"Hauptmann von Silberkalb, Kammerherr.",5,Bande,NN,Bande,33224,,
tg,rfd2.0,134200,134380,"Hauptmann von Silberkalb, Kammerherr.",5,ist,VAFIN,sein,33224,,
tg,rfd2.0,134200,134380,"Hauptmann von Silberkalb, Kammerherr.",5,verraten,VVPP,verraten,33224,,
tg,rfd2.0,134200,134380,"Hauptmann von Silberkalb, Kammerherr.",5,in,APPR,in,33224,,
tg,rfd2.0,134200,134380,"Hauptmann von Silberkalb, Kammerherr.",5,ihrem,PPOSAT,ihr,33224,,
tg,rfd2.0,134200,134380,"Hauptmann von Silberkalb, Kammerherr.",5,Lagerplatze,NN,lagerplatze,33224,,
tg,rfd2.0,134200,134380,"Hauptmann von Silberkalb, Kammerherr.",5,",","$,",--,33224,,
tg,rfd2.0,134200,134380,"Hauptmann von Silberkalb, Kammerherr.",5,sie,PPER,sie,33224,,
tg,rfd2.0,134200,134380,"Hauptmann von Silberkalb, Kammerherr.",5,muß,VMFIN,müssen,33224,,
tg,rfd2.0,134200,134380,"Hauptmann von Silberkalb, Kammerherr.",5,auf,APPR,auf,33224,,
tg,rfd2.0,134200,134380,"Hauptmann von Silberkalb, Kammerherr.",5,der,ART,der,33224,,
tg,rfd2.0,134200,134380,"Hauptmann von Silberkalb, Kammerherr.",5,Stelle,NN,stelle,33224,,
tg,rfd2.0,134200,134380,"Hauptmann von Silberkalb, Kammerherr.",5,–,XY,–,33224,,
tg,rfd2.0,134200,134380,"Hauptmann von Silberkalb, Kammerherr.",5,auf,APPR,auf,33224,,
tg,rfd2.0,134200,134380,"Hauptmann von Silberkalb, Kammerherr.",5,der,ART,der,33224,,
tg,rfd2.0,134200,134380,"Hauptmann von Silberkalb, Kammerherr.",5,Stelle,NN,stelle,33224,,
tg,rfd2.0,134200,134380,"Hauptmann von Silberkalb, Kammerherr.",5,ist,VAFIN,sein,33224,,
tg,rfd2.0,134200,134380,"Hauptmann von Silberkalb, Kammerherr.",5,unterstrichen,ADJA,unterstrich,33224,,
tg,rfd2.0,134200,134380,"Hauptmann von Silberkalb, Kammerherr.",5,"!",$.,--,33224,,
tg,rfd2.0,134200,134380,"Hauptmann von Silberkalb, Kammerherr.",5,–,XY,–,33224,,
tg,rfd2.0,134200,134380,"Hauptmann von Silberkalb, Kammerherr.",5,ihre,PPOSAT,ihr,33224,,
tg,rfd2.0,134200,134380,"Hauptmann von Silberkalb, Kammerherr.",5,Zelte,NN,zelt,33224,,
tg,rfd2.0,134200,134380,"Hauptmann von Silberkalb, Kammerherr.",5,abbrechen,VVINF,abbrechen,33224,,
tg,rfd2.0,134200,134380,"Hauptmann von Silberkalb, Kammerherr.",5,.,$.,--,33224,,
tg,rfd2.0,134200,134380,"Hauptmann von Silberkalb, Kammerherr.",5,«,XY,«,33224,,
tg,rfd2.0,134385,134445,Herzog Karl von Württemberg.,0,Also,ADV,also,33224,,
tg,rfd2.0,134385,134445,Herzog Karl von Württemberg.,0,ein,ART,ein,33224,,
tg,rfd2.0,134385,134445,Herzog Karl von Württemberg.,0,Spion,NN,spion,33224,,
tg,rfd2.0,134385,134445,Herzog Karl von Württemberg.,0,unter,APPR,unter,33224,,
tg,rfd2.0,134385,134445,Herzog Karl von Württemberg.,0,uns,PPER,uns,33224,,
tg,rfd2.0,134385,134445,Herzog Karl von Württemberg.,0,?,$.,--,33224,,
tg,rfd2.0,134385,134445,Herzog Karl von Württemberg.,0,"!",$.,--,33224,,
tg,rfd2.0,134385,134445,Herzog Karl von Württemberg.,0,Was,PWS,was,33224,,
tg,rfd2.0,134385,134445,Herzog Karl von Württemberg.,0,für,APPR,für,33224,,
tg,rfd2.0,134385,134445,Herzog Karl von Württemberg.,0,',$[,--,33224,,
tg,rfd2.0,134385,134445,Herzog Karl von Württemberg.,0,ne,ADJA,n,33224,,
tg,rfd2.0,134385,134445,Herzog Karl von Württemberg.,0,Handschrift,NN,handschrift,33224,,
tg,rfd2.0,134385,134445,Herzog Karl von Württemberg.,0,?,$.,--,33224,,
tg,rfd2.0,134450,134487,"Hauptmann von Silberkalb, Kammerherr.",5,Eine,ART,ein,33224,,
tg,rfd2.0,134450,134487,"Hauptmann von Silberkalb, Kammerherr.",5,offenbar,ADJD,offenbar,33224,,
tg,rfd2.0,134450,134487,"Hauptmann von Silberkalb, Kammerherr.",5,verstellte,VVFIN,verstellen,33224,,
tg,rfd2.0,134450,134487,"Hauptmann von Silberkalb, Kammerherr.",5,.,$.,--,33224,,
tg,rfd2.0,134492,134528,Herzog Karl von Württemberg.,0,Her,PTKVZ,her,33224,,
tg,rfd2.0,134492,134528,Herzog Karl von Württemberg.,0,damit,PROAV,damit,33224,,
tg,rfd2.0,134492,134528,Herzog Karl von Württemberg.,0,"!",$.,--,33224,,
tg,rfd2.0,134492,134528,Herzog Karl von Württemberg.,0,Leuchte,NE,leuchen,33224,,
tg,rfd2.0,134492,134528,Herzog Karl von Württemberg.,0,",","$,",--,33224,,
tg,rfd2.0,134492,134528,Herzog Karl von Württemberg.,0,Tölpel,NE,tölpel,33224,,
tg,rfd2.0,134492,134528,Herzog Karl von Württemberg.,0,.,$.,--,33224,,
tg,rfd2.0,134533,134556,BLEISTIFT,31,Sire,NN,sire,33224,,
tg,rfd2.0,134533,134556,BLEISTIFT,31,",","$,",--,33224,,
tg,rfd2.0,134533,134556,BLEISTIFT,31,hier,ADV,hier,33224,,
tg,rfd2.0,134533,134556,BLEISTIFT,31,"!",$.,--,33224,,
tg,rfd2.0,134623,134727,"Hauptmann von Silberkalb, Kammerherr.",5,Durchlaucht,NN,durchlaucht,33224,,
tg,rfd2.0,134623,134727,"Hauptmann von Silberkalb, Kammerherr.",5,verzeihen,VVFIN,verzeihen,33224,,
tg,rfd2.0,134623,134727,"Hauptmann von Silberkalb, Kammerherr.",5,die,ART,der,33224,,
tg,rfd2.0,134623,134727,"Hauptmann von Silberkalb, Kammerherr.",5,Bemerkung,NN,bemerkung,33224,,
tg,rfd2.0,134623,134727,"Hauptmann von Silberkalb, Kammerherr.",5,",","$,",--,33224,,
tg,rfd2.0,134623,134727,"Hauptmann von Silberkalb, Kammerherr.",5,daß,KOUS,daß,33224,,
tg,rfd2.0,134623,134727,"Hauptmann von Silberkalb, Kammerherr.",5,die,ART,der,33224,,
tg,rfd2.0,134623,134727,"Hauptmann von Silberkalb, Kammerherr.",5,Verschwörer,NN,verschwörer,33224,,
tg,rfd2.0,134623,134727,"Hauptmann von Silberkalb, Kammerherr.",5,jeden,PIDAT,jeder,33224,,
tg,rfd2.0,134623,134727,"Hauptmann von Silberkalb, Kammerherr.",5,Augenblick,NN,augenblick,33224,,
tg,rfd2.0,134623,134727,"Hauptmann von Silberkalb, Kammerherr.",5,eintreffen,VVINF,eintreffen,33224,,
tg,rfd2.0,134623,134727,"Hauptmann von Silberkalb, Kammerherr.",5,können,VMFIN,können,33224,,
tg,rfd2.0,134623,134727,"Hauptmann von Silberkalb, Kammerherr.",5,.,$.,--,33224,,
tg,rfd2.0,134732,134765,Herzog Karl von Württemberg.,0,Also,ADV,also,33224,,
tg,rfd2.0,134732,134765,Herzog Karl von Württemberg.,0,hinauf,ADV,hinauf,33224,,
tg,rfd2.0,134732,134765,Herzog Karl von Württemberg.,0,in,APPR,in,33224,,
tg,rfd2.0,134732,134765,Herzog Karl von Württemberg.,0,die,ART,der,33224,,
tg,rfd2.0,134732,134765,Herzog Karl von Württemberg.,0,Loge,NN,loge,33224,,
tg,rfd2.0,134732,134765,Herzog Karl von Württemberg.,0,"!",$.,--,33224,,
tg,rfd2.0,134770,134810,BLEISTIFT,31,Dort,ADV,dort,33224,,
tg,rfd2.0,134770,134810,BLEISTIFT,31,ist,VAFIN,sein,33224,,
tg,rfd2.0,134770,134810,BLEISTIFT,31,kein,PIAT,kein,33224,,
tg,rfd2.0,134770,134810,BLEISTIFT,31,Drücker,NN,drücker,33224,,
tg,rfd2.0,134770,134810,BLEISTIFT,31,",","$,",--,33224,,
tg,rfd2.0,134770,134810,BLEISTIFT,31,Sire,NN,sire,33224,,
tg,rfd2.0,134770,134810,BLEISTIFT,31,.,$.,--,33224,,
tg,rfd2.0,134815,134854,Herzog Karl von Württemberg.,0,Hab,ADV,hab,33224,,
tg,rfd2.0,134815,134854,Herzog Karl von Württemberg.,0,',$[,--,33224,,
tg,rfd2.0,134815,134854,Herzog Karl von Württemberg.,0,ich,PPER,ich,33224,Herzog Karl von Württemberg.,0
tg,rfd2.0,134815,134854,Herzog Karl von Württemberg.,0,nicht,PTKNEG,nicht,33224,,
tg,rfd2.0,134815,134854,Herzog Karl von Württemberg.,0,ausdrücklich,ADJD,ausdrücklich,33224,,
tg,rfd2.0,134815,134854,Herzog Karl von Württemberg.,0,–,XY,–,33224,,
tg,rfd2.0,134815,134854,Herzog Karl von Württemberg.,0,"!",$.,--,33224,,
tg,rfd2.0,134859,134919,"Hauptmann von Silberkalb, Kammerherr.",5,Unbegreiflich,ADJD,unbegreiflich,33224,,
tg,rfd2.0,134859,134919,"Hauptmann von Silberkalb, Kammerherr.",5,–,XY,–,33224,,
tg,rfd2.0,134859,134919,"Hauptmann von Silberkalb, Kammerherr.",5,Heut,FM,heut,33224,,
tg,rfd2.0,134859,134919,"Hauptmann von Silberkalb, Kammerherr.",5,',$[,--,33224,,
tg,rfd2.0,134859,134919,"Hauptmann von Silberkalb, Kammerherr.",5,nachmittag,ADV,nachmittag,33224,,
tg,rfd2.0,134859,134919,"Hauptmann von Silberkalb, Kammerherr.",5,war,VAFIN,sein,33224,,
tg,rfd2.0,134859,134919,"Hauptmann von Silberkalb, Kammerherr.",5,er,PPER,er,33224,,
tg,rfd2.0,134859,134919,"Hauptmann von Silberkalb, Kammerherr.",5,noch,ADV,noch,33224,,
tg,rfd2.0,134859,134919,"Hauptmann von Silberkalb, Kammerherr.",5,da,ADV,da,33224,,
tg,rfd2.0,134859,134919,"Hauptmann von Silberkalb, Kammerherr.",5,"!",$.,--,33224,,
tg,rfd2.0,134924,135104,Herzog Karl von Württemberg.,0,Als,APPR,als,33224,,
tg,rfd2.0,134924,135104,Herzog Karl von Württemberg.,0,ob,KOUS,ob,33224,,
tg,rfd2.0,134924,135104,Herzog Karl von Württemberg.,0,man,PIS,man,33224,,
tg,rfd2.0,134924,135104,Herzog Karl von Württemberg.,0,mit,APPR,mit,33224,,
tg,rfd2.0,134924,135104,Herzog Karl von Württemberg.,0,lauter,PIAT,laut,33224,,
tg,rfd2.0,134924,135104,Herzog Karl von Württemberg.,0,Weibern,NN,weiber,33224,,
tg,rfd2.0,134924,135104,Herzog Karl von Württemberg.,0,zu,PTKZU,zu,33224,,
tg,rfd2.0,134924,135104,Herzog Karl von Württemberg.,0,tun,VVINF,tun,33224,,
tg,rfd2.0,134924,135104,Herzog Karl von Württemberg.,0,hätte,VAFIN,haben,33224,,
tg,rfd2.0,134924,135104,Herzog Karl von Württemberg.,0,"!",$.,--,33224,,
tg,rfd2.0,134924,135104,Herzog Karl von Württemberg.,0,Marsch,NE,marsch,33224,,
tg,rfd2.0,134924,135104,Herzog Karl von Württemberg.,0,"!",$.,--,33224,,
tg,rfd2.0,134924,135104,Herzog Karl von Württemberg.,0,',$[,--,33224,,
tg,rfd2.0,134924,135104,Herzog Karl von Württemberg.,0,s,PPER,--,33224,,
tg,rfd2.0,134924,135104,Herzog Karl von Württemberg.,0,ist,VAFIN,sein,33224,,
tg,rfd2.0,134924,135104,Herzog Karl von Württemberg.,0,ein,ART,ein,33224,,
tg,rfd2.0,134924,135104,Herzog Karl von Württemberg.,0,Umweg,NN,umweg,33224,,
tg,rfd2.0,134924,135104,Herzog Karl von Württemberg.,0,über,APPR,über,33224,,
tg,rfd2.0,134924,135104,Herzog Karl von Württemberg.,0,Treppe,NN,treppe,33224,,
tg,rfd2.0,134924,135104,Herzog Karl von Württemberg.,0,und,KON,und,33224,,
tg,rfd2.0,134924,135104,Herzog Karl von Württemberg.,0,Gänge,NN,gang,33224,,
tg,rfd2.0,134924,135104,Herzog Karl von Württemberg.,0,",","$,",--,33224,,
tg,rfd2.0,134924,135104,Herzog Karl von Württemberg.,0,der,PRELS,der,33224,,
tg,rfd2.0,134924,135104,Herzog Karl von Württemberg.,0,eine,ART,ein,33224,,
tg,rfd2.0,134924,135104,Herzog Karl von Württemberg.,0,Viertelstunde,NN,viertelstunde,33224,,
tg,rfd2.0,134924,135104,Herzog Karl von Württemberg.,0,Zeit,NN,zeit,33224,,
tg,rfd2.0,134924,135104,Herzog Karl von Württemberg.,0,kostet,VVFIN,kosten,33224,,
tg,rfd2.0,134924,135104,Herzog Karl von Württemberg.,0,.,$.,--,33224,,
tg,rfd2.0,134924,135104,Herzog Karl von Württemberg.,0,Zu,APPR,zu,33224,,
tg,rfd2.0,134924,135104,Herzog Karl von Württemberg.,0,Bleistift,NN,bleistift,33224,BLEISTIFT,31
tg,rfd2.0,134924,135104,Herzog Karl von Württemberg.,0,.,$.,--,33224,,
tg,rfd2.0,134924,135104,Herzog Karl von Württemberg.,0,Voraus,NE,voraus,33224,,
tg,rfd2.0,134924,135104,Herzog Karl von Württemberg.,0,"!",$.,--,33224,,
tg,rfd2.0,135109,135139,BLEISTIFT,31,Service,NN,service,33224,,
tg,rfd2.0,135109,135139,BLEISTIFT,31,",","$,",--,33224,,
tg,rfd2.0,135109,135139,BLEISTIFT,31,Sire,NN,sire,33224,,
tg,rfd2.0,135109,135139,BLEISTIFT,31,.,$.,--,33224,,
tg,rfd2.0,135109,135139,BLEISTIFT,31,Ab,APPR,ab,33224,,
tg,rfd2.0,135109,135139,BLEISTIFT,31,.,$.,--,33224,,
tg,rfd2.0,135145,135211,"Hauptmann von Silberkalb, Kammerherr.",5,Auch,ADV,auch,33224,,
tg,rfd2.0,135145,135211,"Hauptmann von Silberkalb, Kammerherr.",5,dies,PDS,dieser,33224,,
tg,rfd2.0,135145,135211,"Hauptmann von Silberkalb, Kammerherr.",5,muß,VMFIN,müssen,33224,,
tg,rfd2.0,135145,135211,"Hauptmann von Silberkalb, Kammerherr.",5,Verräterei,NN,verräterei,33224,,
tg,rfd2.0,135145,135211,"Hauptmann von Silberkalb, Kammerherr.",5,sein,VAINF,sein,33224,,
tg,rfd2.0,135145,135211,"Hauptmann von Silberkalb, Kammerherr.",5,"!",$.,--,33224,,
tg,rfd2.0,135145,135211,"Hauptmann von Silberkalb, Kammerherr.",5,Ab,APPR,ab,33224,,
tg,rfd2.0,135145,135211,"Hauptmann von Silberkalb, Kammerherr.",5,;,$.,--,33224,,
tg,rfd2.0,135145,135211,"Hauptmann von Silberkalb, Kammerherr.",5,man,PIS,man,33224,,
tg,rfd2.0,135145,135211,"Hauptmann von Silberkalb, Kammerherr.",5,hört,VVFIN,hören,33224,,
tg,rfd2.0,135145,135211,"Hauptmann von Silberkalb, Kammerherr.",5,schließen,VVINF,schließen,33224,,
tg,rfd2.0,135145,135211,"Hauptmann von Silberkalb, Kammerherr.",5,.,$.,--,33224,,
tg,rfd2.0,135293,135632,"Laura, deren Pflegetochter.",3,Fort,NN,fort,33224,,
tg,rfd2.0,135293,135632,"Laura, deren Pflegetochter.",3,?,$.,--,33224,,
tg,rfd2.0,135293,135632,"Laura, deren Pflegetochter.",3,Ich,PPER,ich,33224,,
tg,rfd2.0,135293,135632,"Laura, deren Pflegetochter.",3,kann,VMFIN,können,33224,,
tg,rfd2.0,135293,135632,"Laura, deren Pflegetochter.",3,hinter,APPR,hinter,33224,,
tg,rfd2.0,135293,135632,"Laura, deren Pflegetochter.",3,der,ART,der,33224,,
tg,rfd2.0,135293,135632,"Laura, deren Pflegetochter.",3,Tür,NN,tür,33224,,
tg,rfd2.0,135293,135632,"Laura, deren Pflegetochter.",3,nichts,PIS,nichts,33224,,
tg,rfd2.0,135293,135632,"Laura, deren Pflegetochter.",3,verstehn,VVINF,verstehn,33224,,
tg,rfd2.0,135293,135632,"Laura, deren Pflegetochter.",3,"!",$.,--,33224,,
tg,rfd2.0,135293,135632,"Laura, deren Pflegetochter.",3,–,XY,–,33224,,
tg,rfd2.0,135293,135632,"Laura, deren Pflegetochter.",3,Herr,NN,herr,33224,,
tg,rfd2.0,135293,135632,"Laura, deren Pflegetochter.",3,Gott,NN,gott,33224,,
tg,rfd2.0,135293,135632,"Laura, deren Pflegetochter.",3,",","$,",--,33224,,
tg,rfd2.0,135293,135632,"Laura, deren Pflegetochter.",3,und,KON,und,33224,,
tg,rfd2.0,135293,135632,"Laura, deren Pflegetochter.",3,nun,ADV,nun,33224,,
tg,rfd2.0,135293,135632,"Laura, deren Pflegetochter.",3,ist's,ADV,ist's,33224,,
tg,rfd2.0,135293,135632,"Laura, deren Pflegetochter.",3,so,ADV,so,33224,,
tg,rfd2.0,135293,135632,"Laura, deren Pflegetochter.",3,schauerlich,ADJD,schauerlich,33224,,
tg,rfd2.0,135293,135632,"Laura, deren Pflegetochter.",3,still,ADJD,still,33224,,
tg,rfd2.0,135293,135632,"Laura, deren Pflegetochter.",3,und,KON,und,33224,,
tg,rfd2.0,135293,135632,"Laura, deren Pflegetochter.",3,einsam,ADJD,einsam,33224,,
tg,rfd2.0,135293,135632,"Laura, deren Pflegetochter.",3,in,APPR,in,33224,,
tg,rfd2.0,135293,135632,"Laura, deren Pflegetochter.",3,dem,ART,der,33224,,
tg,rfd2.0,135293,135632,"Laura, deren Pflegetochter.",3,großen,ADJA,groß,33224,,
tg,rfd2.0,135293,135632,"Laura, deren Pflegetochter.",3,Saale,NN,saale,33224,,
tg,rfd2.0,135293,135632,"Laura, deren Pflegetochter.",3,",","$,",--,33224,,
tg,rfd2.0,135293,135632,"Laura, deren Pflegetochter.",3,und,KON,und,33224,,
tg,rfd2.0,135293,135632,"Laura, deren Pflegetochter.",3,ich,PPER,ich,33224,"Laura, deren Pflegetochter.",3
tg,rfd2.0,135293,135632,"Laura, deren Pflegetochter.",3,fange,VVFIN,fange,33224,,
tg,rfd2.0,135293,135632,"Laura, deren Pflegetochter.",3,an,PTKVZ,an,33224,,
tg,rfd2.0,135293,135632,"Laura, deren Pflegetochter.",3,",","$,",--,33224,,
tg,rfd2.0,135293,135632,"Laura, deren Pflegetochter.",3,mich,PRF,mich,33224,"Laura, deren Pflegetochter.",3
tg,rfd2.0,135293,135632,"Laura, deren Pflegetochter.",3,zu,PTKZU,zu,33224,,
tg,rfd2.0,135293,135632,"Laura, deren Pflegetochter.",3,fürchten,VVINF,fürchten,33224,,
tg,rfd2.0,135293,135632,"Laura, deren Pflegetochter.",3,–,VVFIN,–,33224,,
tg,rfd2.0,135293,135632,"Laura, deren Pflegetochter.",3,ich,PPER,ich,33224,"Laura, deren Pflegetochter.",3
tg,rfd2.0,135293,135632,"Laura, deren Pflegetochter.",3,lauf,APPR,lauf,33224,,
tg,rfd2.0,135293,135632,"Laura, deren Pflegetochter.",3,',$[,--,33224,,
tg,rfd2.0,135293,135632,"Laura, deren Pflegetochter.",3,davon,PROAV,davon,33224,,
tg,rfd2.0,135293,135632,"Laura, deren Pflegetochter.",3,–,XY,–,33224,,
tg,rfd2.0,135293,135632,"Laura, deren Pflegetochter.",3,Nach,APPR,nach,33224,,
tg,rfd2.0,135293,135632,"Laura, deren Pflegetochter.",3,links,ADV,links,33224,,
tg,rfd2.0,135293,135632,"Laura, deren Pflegetochter.",3,.,$.,--,33224,,
tg,rfd2.0,135293,135632,"Laura, deren Pflegetochter.",3,aber,KON,aber,33224,,
tg,rfd2.0,135293,135632,"Laura, deren Pflegetochter.",3,Tante,TRUNC,tante,33224,,
tg,rfd2.0,135293,135632,"Laura, deren Pflegetochter.",3,Bäbele,NN,bäbele,33224,,
tg,rfd2.0,135293,135632,"Laura, deren Pflegetochter.",3,–,VVFIN,–,33224,,
tg,rfd2.0,135293,135632,"Laura, deren Pflegetochter.",3,da,ADV,da,33224,,
tg,rfd2.0,135293,135632,"Laura, deren Pflegetochter.",3,kommt,VVFIN,kommen,33224,,
tg,rfd2.0,135293,135632,"Laura, deren Pflegetochter.",3,jemand,PIS,jemand,33224,,
tg,rfd2.0,135293,135632,"Laura, deren Pflegetochter.",3,"!",$.,--,33224,,
tg,rfd2.0,135293,135632,"Laura, deren Pflegetochter.",3,Zurück,ADV,zurück,33224,,
tg,rfd2.0,135293,135632,"Laura, deren Pflegetochter.",3,"!",$.,--,33224,,
tg,rfd2.0,135293,135632,"Laura, deren Pflegetochter.",3,Sie,PPER,sie,33224,,
tg,rfd2.0,135293,135632,"Laura, deren Pflegetochter.",3,verschwindet,VVFIN,verschwinden,33224,,
tg,rfd2.0,135293,135632,"Laura, deren Pflegetochter.",3,wieder,ADV,wieder,33224,,
tg,rfd2.0,135293,135632,"Laura, deren Pflegetochter.",3,hinter,APPR,hinter,33224,,
tg,rfd2.0,135293,135632,"Laura, deren Pflegetochter.",3,die,ART,der,33224,,
tg,rfd2.0,135293,135632,"Laura, deren Pflegetochter.",3,Tür,NN,tür,33224,,
tg,rfd2.0,135293,135632,"Laura, deren Pflegetochter.",3,.,$.,--,33224,,
tg,rfd2.0,135638,135713,SCHILLER,29,Zum,APPRART,zu,33224,,
tg,rfd2.0,135638,135713,SCHILLER,29,Verzweifeln,NN,verzweifeln,33224,,
tg,rfd2.0,135638,135713,SCHILLER,29,",","$,",--,33224,,
tg,rfd2.0,135638,135713,SCHILLER,29,daß,KOUS,daß,33224,,
tg,rfd2.0,135638,135713,SCHILLER,29,kein,PIAT,kein,33224,,
tg,rfd2.0,135638,135713,SCHILLER,29,Brief,NN,brief,33224,,
tg,rfd2.0,135638,135713,SCHILLER,29,kommt,VVFIN,kommen,33224,,
tg,rfd2.0,135638,135713,SCHILLER,29,",","$,",--,33224,,
tg,rfd2.0,135638,135713,SCHILLER,29,zum,APPRART,zu,33224,,
tg,rfd2.0,135638,135713,SCHILLER,29,Verzweifeln,NN,verzweifeln,33224,,
tg,rfd2.0,135638,135713,SCHILLER,29,"!",$.,--,33224,,
tg,rfd2.0,135718,135852,KOCH,20,Na,ITJ,na,33224,,
tg,rfd2.0,135718,135852,KOCH,20,",","$,",--,33224,,
tg,rfd2.0,135718,135852,KOCH,20,vielleicht,ADV,vielleicht,33224,,
tg,rfd2.0,135718,135852,KOCH,20,kommt,VVFIN,kommen,33224,,
tg,rfd2.0,135718,135852,KOCH,20,der,ART,der,33224,,
tg,rfd2.0,135718,135852,KOCH,20,Streicher,NN,streicher,33224,,
tg,rfd2.0,135718,135852,KOCH,20,noch,ADV,noch,33224,,
tg,rfd2.0,135718,135852,KOCH,20,herauf,PTKVZ,herauf,33224,,
tg,rfd2.0,135718,135852,KOCH,20,",","$,",--,33224,,
tg,rfd2.0,135718,135852,KOCH,20,und,KON,und,33224,,
tg,rfd2.0,135718,135852,KOCH,20,vielleicht,ADV,vielleicht,33224,,
tg,rfd2.0,135718,135852,KOCH,20,hat,VAFIN,haben,33224,,
tg,rfd2.0,135718,135852,KOCH,20,er,PPER,er,33224,,
tg,rfd2.0,135718,135852,KOCH,20,einen,PIS,ein,33224,,
tg,rfd2.0,135718,135852,KOCH,20,",","$,",--,33224,,
tg,rfd2.0,135718,135852,KOCH,20,warum,PWAV,warum,33224,,
tg,rfd2.0,135718,135852,KOCH,20,läßt,VVFIN,lassen,33224,,
tg,rfd2.0,135718,135852,KOCH,20,du,PPER,du,33224,,
tg,rfd2.0,135718,135852,KOCH,20,auch,ADV,auch,33224,,
tg,rfd2.0,135718,135852,KOCH,20,nicht,PTKNEG,nicht,33224,,
tg,rfd2.0,135718,135852,KOCH,20,direkt,ADJD,direkt,33224,,
tg,rfd2.0,135718,135852,KOCH,20,an,APPR,an,33224,,
tg,rfd2.0,135718,135852,KOCH,20,dich,PPER,dich,33224,,
tg,rfd2.0,135718,135852,KOCH,20,schreiben,VVINF,schreiben,33224,,
tg,rfd2.0,135718,135852,KOCH,20,?,$.,--,33224,,
tg,rfd2.0,135857,136069,SCHILLER,29,Warum,PWAV,warum,33224,,
tg,rfd2.0,135857,136069,SCHILLER,29,nicht,PTKNEG,nicht,33224,,
tg,rfd2.0,135857,136069,SCHILLER,29,direkt,ADJD,direkt,33224,,
tg,rfd2.0,135857,136069,SCHILLER,29,?,$.,--,33224,,
tg,rfd2.0,135857,136069,SCHILLER,29,"!",$.,--,33224,,
tg,rfd2.0,135857,136069,SCHILLER,29,Hast,VAFIN,haben,33224,,
tg,rfd2.0,135857,136069,SCHILLER,29,du,PPER,du,33224,,
tg,rfd2.0,135857,136069,SCHILLER,29,denn,ADV,denn,33224,,
tg,rfd2.0,135857,136069,SCHILLER,29,keine,PIAT,kein,33224,,
tg,rfd2.0,135857,136069,SCHILLER,29,Vorstellung,NN,vorstellung,33224,,
tg,rfd2.0,135857,136069,SCHILLER,29,",","$,",--,33224,,
tg,rfd2.0,135857,136069,SCHILLER,29,auf,PTKVZ,auf,33224,,
tg,rfd2.0,135857,136069,SCHILLER,29,wie,KOKOM,wie,33224,,
tg,rfd2.0,135857,136069,SCHILLER,29,gebrechlichen,ADJA,gebrechlich,33224,,
tg,rfd2.0,135857,136069,SCHILLER,29,Stützen,NN,stütze,33224,,
tg,rfd2.0,135857,136069,SCHILLER,29,meine,PPOSAT,mein,33224,SCHILLER,29
tg,rfd2.0,135857,136069,SCHILLER,29,ganze,ADJA,ganz,33224,,
tg,rfd2.0,135857,136069,SCHILLER,29,Existenz,NN,existenz,33224,,
tg,rfd2.0,135857,136069,SCHILLER,29,schwankt,VVFIN,schwanken,33224,,
tg,rfd2.0,135857,136069,SCHILLER,29,",","$,",--,33224,,
tg,rfd2.0,135857,136069,SCHILLER,29,und,KON,und,33224,,
tg,rfd2.0,135857,136069,SCHILLER,29,wie,PWAV,wie,33224,,
tg,rfd2.0,135857,136069,SCHILLER,29,ich,PPER,ich,33224,SCHILLER,29
tg,rfd2.0,135857,136069,SCHILLER,29,von,APPR,von,33224,,
tg,rfd2.0,135857,136069,SCHILLER,29,Schnüfflern,NN,schnüffler,33224,,
tg,rfd2.0,135857,136069,SCHILLER,29,und,KON,und,33224,,
tg,rfd2.0,135857,136069,SCHILLER,29,Spionen,NN,spion,33224,,
tg,rfd2.0,135857,136069,SCHILLER,29,umgeben,VVPP,umgeben,33224,,
tg,rfd2.0,135857,136069,SCHILLER,29,bin,VAFIN,sein,33224,,
tg,rfd2.0,135857,136069,SCHILLER,29,?,$.,--,33224,,
tg,rfd2.0,136074,136119,KOCH,20,Ach,ITJ,ach,33224,,
tg,rfd2.0,136074,136119,KOCH,20,",","$,",--,33224,,
tg,rfd2.0,136074,136119,KOCH,20,ihr,PPOSAT,ihr,33224,,
tg,rfd2.0,136074,136119,KOCH,20,Poeten,NN,poet,33224,,
tg,rfd2.0,136074,136119,KOCH,20,seht,VVFIN,sehen,33224,,
tg,rfd2.0,136074,136119,KOCH,20,immer,ADV,immer,33224,,
tg,rfd2.0,136074,136119,KOCH,20,Gespenster,NN,gespenster,33224,,
tg,rfd2.0,136074,136119,KOCH,20,"!",$.,--,33224,,
tg,rfd2.0,136124,136477,SCHILLER,29,Anton,NE,anton,33224,,
tg,rfd2.0,136124,136477,SCHILLER,29,",","$,",--,33224,,
tg,rfd2.0,136124,136477,SCHILLER,29,ich,PPER,ich,33224,SCHILLER,29
tg,rfd2.0,136124,136477,SCHILLER,29,bitte,VVFIN,bitten,33224,,
tg,rfd2.0,136124,136477,SCHILLER,29,dich,PRF,dich,33224,,
tg,rfd2.0,136124,136477,SCHILLER,29,um's,APPRART,um,33224,,
tg,rfd2.0,136124,136477,SCHILLER,29,Himmels,NN,himmel,33224,,
tg,rfd2.0,136124,136477,SCHILLER,29,willen,APZR,willen,33224,,
tg,rfd2.0,136124,136477,SCHILLER,29,",","$,",--,33224,,
tg,rfd2.0,136124,136477,SCHILLER,29,sei,VAFIN,sein,33224,,
tg,rfd2.0,136124,136477,SCHILLER,29,nicht,PTKNEG,nicht,33224,,
tg,rfd2.0,136124,136477,SCHILLER,29,am,APPRART,an,33224,,
tg,rfd2.0,136124,136477,SCHILLER,29,unrechten,ADJA,unrecht,33224,,
tg,rfd2.0,136124,136477,SCHILLER,29,Orte,NN,ort,33224,,
tg,rfd2.0,136124,136477,SCHILLER,29,leichtsinnig,ADJD,leichtsinnig,33224,,
tg,rfd2.0,136124,136477,SCHILLER,29,.,$.,--,33224,,
tg,rfd2.0,136124,136477,SCHILLER,29,Du,PPER,du,33224,,
tg,rfd2.0,136124,136477,SCHILLER,29,weißt,VVFIN,weißen,33224,,
tg,rfd2.0,136124,136477,SCHILLER,29,",","$,",--,33224,,
tg,rfd2.0,136124,136477,SCHILLER,29,daß,KOUS,daß,33224,,
tg,rfd2.0,136124,136477,SCHILLER,29,wir,PPER,wir,33224,,
tg,rfd2.0,136124,136477,SCHILLER,29,alle,PIDAT,aller,33224,ALLE,30
tg,rfd2.0,136124,136477,SCHILLER,29,möglichen,ADJA,möglich,33224,,
tg,rfd2.0,136124,136477,SCHILLER,29,Anzeigen,NN,anzeige,33224,,
tg,rfd2.0,136124,136477,SCHILLER,29,haben,VAFIN,haben,33224,,
tg,rfd2.0,136124,136477,SCHILLER,29,",","$,",--,33224,,
tg,rfd2.0,136124,136477,SCHILLER,29,dieses,PDAT,dieser,33224,,
tg,rfd2.0,136124,136477,SCHILLER,29,Silberkalb,NN,silberkalb,33224,,
tg,rfd2.0,136124,136477,SCHILLER,29,spüre,VVFIN,spüren,33224,,
tg,rfd2.0,136124,136477,SCHILLER,29,um,APPR,um,33224,,
tg,rfd2.0,136124,136477,SCHILLER,29,unsere,PPOSAT,unser,33224,,
tg,rfd2.0,136124,136477,SCHILLER,29,Wege,NN,weg,33224,,
tg,rfd2.0,136124,136477,SCHILLER,29,",","$,",--,33224,,
tg,rfd2.0,136124,136477,SCHILLER,29,du,PPER,du,33224,,
tg,rfd2.0,136124,136477,SCHILLER,29,weißt,VVFIN,weißen,33224,,
tg,rfd2.0,136124,136477,SCHILLER,29,",","$,",--,33224,,
tg,rfd2.0,136124,136477,SCHILLER,29,daß,KOUS,daß,33224,,
tg,rfd2.0,136124,136477,SCHILLER,29,ihm,PPER,ihm,33224,,
tg,rfd2.0,136124,136477,SCHILLER,29,die,ART,der,33224,,
tg,rfd2.0,136124,136477,SCHILLER,29,Herausgabe,NN,herausgabe,33224,,
tg,rfd2.0,136124,136477,SCHILLER,29,der,ART,der,33224,,
tg,rfd2.0,136124,136477,SCHILLER,29,Räuber,NN,räuber,33224,,
tg,rfd2.0,136124,136477,SCHILLER,29,auf,APPR,auf,33224,,
tg,rfd2.0,136124,136477,SCHILLER,29,die,ART,der,33224,,
tg,rfd2.0,136124,136477,SCHILLER,29,Länge,NN,länge,33224,,
tg,rfd2.0,136124,136477,SCHILLER,29,nicht,PTKNEG,nicht,33224,,
tg,rfd2.0,136124,136477,SCHILLER,29,verborgen,VVPP,verbergen,33224,,
tg,rfd2.0,136124,136477,SCHILLER,29,bleiben,VVINF,bleiben,33224,,
tg,rfd2.0,136124,136477,SCHILLER,29,kann,VMFIN,können,33224,,
tg,rfd2.0,136124,136477,SCHILLER,29,",","$,",--,33224,,
tg,rfd2.0,136124,136477,SCHILLER,29,und,KON,und,33224,,
tg,rfd2.0,136124,136477,SCHILLER,29,hat,VAFIN,haben,33224,,
tg,rfd2.0,136124,136477,SCHILLER,29,er,PPER,er,33224,,
tg,rfd2.0,136124,136477,SCHILLER,29,einmal,ADV,einmal,33224,,
tg,rfd2.0,136124,136477,SCHILLER,29,das,ART,der,33224,,
tg,rfd2.0,136124,136477,SCHILLER,29,Buch,NN,buch,33224,,
tg,rfd2.0,136124,136477,SCHILLER,29,in,APPR,in,33224,,
tg,rfd2.0,136124,136477,SCHILLER,29,der,ART,der,33224,,
tg,rfd2.0,136124,136477,SCHILLER,29,Hand,NN,hand,33224,,
tg,rfd2.0,136124,136477,SCHILLER,29,",","$,",--,33224,,
tg,rfd2.0,136124,136477,SCHILLER,29,so,ADV,so,33224,,
tg,rfd2.0,136124,136477,SCHILLER,29,hat,VAFIN,haben,33224,,
tg,rfd2.0,136124,136477,SCHILLER,29,es,PPER,es,33224,,
tg,rfd2.0,136124,136477,SCHILLER,29,auch,ADV,auch,33224,,
tg,rfd2.0,136124,136477,SCHILLER,29,der,ART,der,33224,,
tg,rfd2.0,136124,136477,SCHILLER,29,Herzog,NE,herzog,33224,,
tg,rfd2.0,136124,136477,SCHILLER,29,",","$,",--,33224,,
tg,rfd2.0,136124,136477,SCHILLER,29,und,KON,und,33224,,
tg,rfd2.0,136124,136477,SCHILLER,29,was,PWS,was,33224,,
tg,rfd2.0,136124,136477,SCHILLER,29,dann,ADV,dann,33224,,
tg,rfd2.0,136124,136477,SCHILLER,29,?,$.,--,33224,,
tg,rfd2.0,136482,136625,KOCH,20,Auf,APPR,auf,33224,,
tg,rfd2.0,136482,136625,KOCH,20,den,ART,der,33224,,
tg,rfd2.0,136482,136625,KOCH,20,Asperg,NN,asperg,33224,,
tg,rfd2.0,136482,136625,KOCH,20,wie,KOKOM,wie,33224,,
tg,rfd2.0,136482,136625,KOCH,20,der,ART,der,33224,,
tg,rfd2.0,136482,136625,KOCH,20,Schubart,NN,schubart,33224,,
tg,rfd2.0,136482,136625,KOCH,20,–,XY,–,33224,,
tg,rfd2.0,136482,136625,KOCH,20,nicht,PTKNEG,nicht,33224,,
tg,rfd2.0,136482,136625,KOCH,20,doch,ADV,doch,33224,,
tg,rfd2.0,136482,136625,KOCH,20,"!",$.,--,33224,,
tg,rfd2.0,136482,136625,KOCH,20,Aber,KON,aber,33224,,
tg,rfd2.0,136482,136625,KOCH,20,guter,ADJA,gut,33224,,
tg,rfd2.0,136482,136625,KOCH,20,Junge,NN,junge,33224,,
tg,rfd2.0,136482,136625,KOCH,20,",","$,",--,33224,,
tg,rfd2.0,136482,136625,KOCH,20,das,ART,der,33224,,
tg,rfd2.0,136482,136625,KOCH,20,hast,VAFIN,haben,33224,,
tg,rfd2.0,136482,136625,KOCH,20,du,PPER,du,33224,,
tg,rfd2.0,136482,136625,KOCH,20,ja,ADV,ja,33224,,
tg,rfd2.0,136482,136625,KOCH,20,alles,PIS,alle,33224,,
tg,rfd2.0,136482,136625,KOCH,20,vorher,ADV,vorher,33224,,
tg,rfd2.0,136482,136625,KOCH,20,gewußt,VVPP,wissen,33224,,
tg,rfd2.0,136482,136625,KOCH,20,",","$,",--,33224,,
tg,rfd2.0,136482,136625,KOCH,20,warum,PWAV,warum,33224,,
tg,rfd2.0,136482,136625,KOCH,20,hast,VAFIN,haben,33224,,
tg,rfd2.0,136482,136625,KOCH,20,du's,PPER,du,33224,,
tg,rfd2.0,136482,136625,KOCH,20,denn,ADV,denn,33224,,
tg,rfd2.0,136482,136625,KOCH,20,drucken,VVINF,drucken,33224,,
tg,rfd2.0,136482,136625,KOCH,20,lassen,VVINF,lassen,33224,,
tg,rfd2.0,136482,136625,KOCH,20,?,$.,--,33224,,
tg,rfd2.0,136630,136693,SCHILLER,29,Wofür,NE,wofür,33224,,
tg,rfd2.0,136630,136693,SCHILLER,29,hab,VAFIN,hab,33224,,
tg,rfd2.0,136630,136693,SCHILLER,29,',$[,--,33224,,
tg,rfd2.0,136630,136693,SCHILLER,29,ich's,PPER,ich's,33224,,
tg,rfd2.0,136630,136693,SCHILLER,29,denn,ADV,denn,33224,,
tg,rfd2.0,136630,136693,SCHILLER,29,geschrieben,VVPP,schreiben,33224,,
tg,rfd2.0,136630,136693,SCHILLER,29,?,$.,--,33224,,
tg,rfd2.0,136630,136693,SCHILLER,29,Schreiben,NN,schreiben,33224,,
tg,rfd2.0,136630,136693,SCHILLER,29,müssen,VMFIN,müssen,33224,,
tg,rfd2.0,136630,136693,SCHILLER,29,?,$.,--,33224,,
tg,rfd2.0,136698,136831,KOCH,20,Das,PDS,der,33224,,
tg,rfd2.0,136698,136831,KOCH,20,ist,VAFIN,sein,33224,,
tg,rfd2.0,136698,136831,KOCH,20,auch,ADV,auch,33224,,
tg,rfd2.0,136698,136831,KOCH,20,wahr,ADJD,wahr,33224,,
tg,rfd2.0,136698,136831,KOCH,20,",","$,",--,33224,,
tg,rfd2.0,136698,136831,KOCH,20,',$[,--,33224,,
tg,rfd2.0,136698,136831,KOCH,20,s,PPER,--,33224,,
tg,rfd2.0,136698,136831,KOCH,20,hat,VAFIN,haben,33224,,
tg,rfd2.0,136698,136831,KOCH,20,jeder,PIDAT,jeder,33224,,
tg,rfd2.0,136698,136831,KOCH,20,recht,NN,recht,33224,,
tg,rfd2.0,136698,136831,KOCH,20,",","$,",--,33224,,
tg,rfd2.0,136698,136831,KOCH,20,sonst,ADV,sonst,33224,,
tg,rfd2.0,136698,136831,KOCH,20,gäb's,VVFIN,gäb,33224,,
tg,rfd2.0,136698,136831,KOCH,20,gar,ADV,gar,33224,,
tg,rfd2.0,136698,136831,KOCH,20,zu,PTKA,zu,33224,,
tg,rfd2.0,136698,136831,KOCH,20,viel,PIDAT,viel,33224,,
tg,rfd2.0,136698,136831,KOCH,20,Verrückte,NN,verrückte,33224,,
tg,rfd2.0,136698,136831,KOCH,20,.,$.,--,33224,,
tg,rfd2.0,136698,136831,KOCH,20,Weiter,ADV,weiter,33224,,
tg,rfd2.0,136698,136831,KOCH,20,im,APPRART,in,33224,,
tg,rfd2.0,136698,136831,KOCH,20,Text,NN,text,33224,,
tg,rfd2.0,136698,136831,KOCH,20,",","$,",--,33224,,
tg,rfd2.0,136698,136831,KOCH,20,ich,PPER,ich,33224,KOCH,20
tg,rfd2.0,136698,136831,KOCH,20,will,VMFIN,wollen,33224,,
tg,rfd2.0,136698,136831,KOCH,20,unterdessen,ADV,unterdessen,33224,,
tg,rfd2.0,136698,136831,KOCH,20,Feuer,NN,feuer,33224,,
tg,rfd2.0,136698,136831,KOCH,20,schlagen,VVFIN,schlagen,33224,,
tg,rfd2.0,136698,136831,KOCH,20,.,$.,--,33224,,
tg,rfd2.0,136836,136943,SCHILLER,29,Außerdem,PROAV,außerdem,33224,,
tg,rfd2.0,136836,136943,SCHILLER,29,hab,VAFIN,hab,33224,,
tg,rfd2.0,136836,136943,SCHILLER,29,',$[,--,33224,,
tg,rfd2.0,136836,136943,SCHILLER,29,ich's,PPER,ich's,33224,,
tg,rfd2.0,136836,136943,SCHILLER,29,drucken,VVINF,drucken,33224,,
tg,rfd2.0,136836,136943,SCHILLER,29,lassen,VVINF,lassen,33224,,
tg,rfd2.0,136836,136943,SCHILLER,29,",","$,",--,33224,,
tg,rfd2.0,136836,136943,SCHILLER,29,wie,PWAV,wie,33224,,
tg,rfd2.0,136836,136943,SCHILLER,29,Cortez,NE,cortez,33224,,
tg,rfd2.0,136836,136943,SCHILLER,29,seine,PPOSAT,sein,33224,,
tg,rfd2.0,136836,136943,SCHILLER,29,Schiffe,NN,schiff,33224,,
tg,rfd2.0,136836,136943,SCHILLER,29,verbrannte,VVFIN,verbrennen,33224,,
tg,rfd2.0,136836,136943,SCHILLER,29,:,$.,--,33224,,
tg,rfd2.0,136836,136943,SCHILLER,29,ich,PPER,ich,33224,SCHILLER,29
tg,rfd2.0,136836,136943,SCHILLER,29,will,VMFIN,wollen,33224,,
tg,rfd2.0,136836,136943,SCHILLER,29,siegen,VVINF,siegen,33224,,
tg,rfd2.0,136836,136943,SCHILLER,29,müssen,VMINF,müssen,33224,,
tg,rfd2.0,136836,136943,SCHILLER,29,.,$.,--,33224,,
tg,rfd2.0,136949,136969,KOCH,20,Das,PDS,der,33224,,
tg,rfd2.0,136949,136969,KOCH,20,ist,VAFIN,sein,33224,,
tg,rfd2.0,136949,136969,KOCH,20,wahr,ADJD,wahr,33224,,
tg,rfd2.0,136949,136969,KOCH,20,.,$.,--,33224,,
tg,rfd2.0,136974,137071,SCHILLER,29,Deshalb,PROAV,deshalb,33224,,
tg,rfd2.0,136974,137071,SCHILLER,29,habe,VAFIN,haben,33224,,
tg,rfd2.0,136974,137071,SCHILLER,29,ich,PPER,ich,33224,SCHILLER,29
tg,rfd2.0,136974,137071,SCHILLER,29,das,ART,der,33224,,
tg,rfd2.0,136974,137071,SCHILLER,29,Äußerste,NN,äußerste,33224,,
tg,rfd2.0,136974,137071,SCHILLER,29,gewagt,ADJD,wagen,33224,,
tg,rfd2.0,136974,137071,SCHILLER,29,und,KON,und,33224,,
tg,rfd2.0,136974,137071,SCHILLER,29,hab's,VVFIN,hab,33224,,
tg,rfd2.0,136974,137071,SCHILLER,29,zur,APPRART,zu,33224,,
tg,rfd2.0,136974,137071,SCHILLER,29,Aufführung,NN,aufführung,33224,,
tg,rfd2.0,136974,137071,SCHILLER,29,nach,APPR,nach,33224,,
tg,rfd2.0,136974,137071,SCHILLER,29,Mannheim,NE,mannheim,33224,,
tg,rfd2.0,136974,137071,SCHILLER,29,geschickt,VVPP,schicken,33224,,
tg,rfd2.0,136974,137071,SCHILLER,29,.,$.,--,33224,,
tg,rfd2.0,137077,137132,KOCH,20,Damit,KOUS,damit,33224,,
tg,rfd2.0,137077,137132,KOCH,20,es,PPER,es,33224,,
tg,rfd2.0,137077,137132,KOCH,20,der,ART,der,33224,,
tg,rfd2.0,137077,137132,KOCH,20,Herzog,NE,herzog,33224,,
tg,rfd2.0,137077,137132,KOCH,20,ganz,ADV,ganz,33224,,
tg,rfd2.0,137077,137132,KOCH,20,gewiß,ADV,gewiß,33224,,
tg,rfd2.0,137077,137132,KOCH,20,erfährt,VVFIN,erfahren,33224,,
tg,rfd2.0,137077,137132,KOCH,20,",","$,",--,33224,,
tg,rfd2.0,137077,137132,KOCH,20,richtig,ADJD,richtig,33224,,
tg,rfd2.0,137077,137132,KOCH,20,.,$.,--,33224,,
tg,rfd2.0,137137,137196,SCHILLER,29,Anton,NE,anton,33224,,
tg,rfd2.0,137137,137196,SCHILLER,29,",","$,",--,33224,,
tg,rfd2.0,137137,137196,SCHILLER,29,laß,VVFIN,lassen,33224,,
tg,rfd2.0,137137,137196,SCHILLER,29,die,ART,der,33224,,
tg,rfd2.0,137137,137196,SCHILLER,29,Spielerei,NN,spielerei,33224,,
tg,rfd2.0,137137,137196,SCHILLER,29,",","$,",--,33224,,
tg,rfd2.0,137137,137196,SCHILLER,29,du,PPER,du,33224,,
tg,rfd2.0,137137,137196,SCHILLER,29,machst,VVFIN,machen,33224,,
tg,rfd2.0,137137,137196,SCHILLER,29,mich,PPER,mich,33224,SCHILLER,29
tg,rfd2.0,137137,137196,SCHILLER,29,rasend,ADJD,rasend,33224,,
tg,rfd2.0,137137,137196,SCHILLER,29,.,$.,--,33224,,
tg,rfd2.0,137201,137407,KOCH,20,Wenn,KOUS,wenn,33224,,
tg,rfd2.0,137201,137407,KOCH,20,du,PPER,du,33224,,
tg,rfd2.0,137201,137407,KOCH,20,lieber,ADV,lieber,33224,,
tg,rfd2.0,137201,137407,KOCH,20,einmal,ADV,einmal,33224,,
tg,rfd2.0,137201,137407,KOCH,20,ein,ART,ein,33224,,
tg,rfd2.0,137201,137407,KOCH,20,neues,ADJA,neu,33224,,
tg,rfd2.0,137201,137407,KOCH,20,Feuerzeug,NN,feuerzeug,33224,,
tg,rfd2.0,137201,137407,KOCH,20,erfändest,VVPP,erfändest,33224,,
tg,rfd2.0,137201,137407,KOCH,20,",","$,",--,33224,,
tg,rfd2.0,137201,137407,KOCH,20,Schiller,NE,schiller,33224,SCHILLER,29
tg,rfd2.0,137201,137407,KOCH,20,",","$,",--,33224,,
tg,rfd2.0,137201,137407,KOCH,20,statt,APPR,statt,33224,,
tg,rfd2.0,137201,137407,KOCH,20,der,ART,der,33224,,
tg,rfd2.0,137201,137407,KOCH,20,unnützen,ADJA,unnützen,33224,,
tg,rfd2.0,137201,137407,KOCH,20,neuen,ADJA,neu,33224,,
tg,rfd2.0,137201,137407,KOCH,20,Theaterstücke,NN,theaterstück,33224,,
tg,rfd2.0,137201,137407,KOCH,20,–,XY,–,33224,,
tg,rfd2.0,137201,137407,KOCH,20,Zu,PTKA,zu,33224,,
tg,rfd2.0,137201,137407,KOCH,20,ihm,PPER,ihm,33224,,
tg,rfd2.0,137201,137407,KOCH,20,gehend,ADJD,gehend,33224,,
tg,rfd2.0,137201,137407,KOCH,20,.,$.,--,33224,,
tg,rfd2.0,137201,137407,KOCH,20,Moor,NE,moor,33224,,
tg,rfd2.0,137201,137407,KOCH,20,",","$,",--,33224,,
tg,rfd2.0,137201,137407,KOCH,20,sei,VAFIN,sein,33224,,
tg,rfd2.0,137201,137407,KOCH,20,ein,ART,ein,33224,,
tg,rfd2.0,137201,137407,KOCH,20,Mann,NN,mann,33224,,
tg,rfd2.0,137201,137407,KOCH,20,",","$,",--,33224,,
tg,rfd2.0,137201,137407,KOCH,20,sieh,VVIMP,sieh,33224,,
tg,rfd2.0,137201,137407,KOCH,20,',$[,--,33224,,
tg,rfd2.0,137201,137407,KOCH,20,dem,ART,der,33224,,
tg,rfd2.0,137201,137407,KOCH,20,Satan,NE,satan,33224,,
tg,rfd2.0,137201,137407,KOCH,20,Zukunft,NN,zukunft,33224,,
tg,rfd2.0,137201,137407,KOCH,20,ins,APPRART,in,33224,,
tg,rfd2.0,137201,137407,KOCH,20,Angesicht,NN,angesicht,33224,,
tg,rfd2.0,137201,137407,KOCH,20,.,$.,--,33224,,
tg,rfd2.0,137412,137434,SCHILLER,29,Das,PDS,der,33224,,
tg,rfd2.0,137412,137434,SCHILLER,29,tu,VVFIN,tu,33224,,
tg,rfd2.0,137412,137434,SCHILLER,29,ich,PPER,ich,33224,SCHILLER,29
tg,rfd2.0,137412,137434,SCHILLER,29,.,$.,--,33224,,
tg,rfd2.0,137439,137489,KOCH,20,Du,PPER,du,33224,,
tg,rfd2.0,137439,137489,KOCH,20,bist,VAFIN,sein,33224,,
tg,rfd2.0,137439,137489,KOCH,20,also,ADV,also,33224,,
tg,rfd2.0,137439,137489,KOCH,20,wirklich,ADJD,wirklich,33224,,
tg,rfd2.0,137439,137489,KOCH,20,aufs,APPRART,auf,33224,,
tg,rfd2.0,137439,137489,KOCH,20,Äußerste,NN,äußerste,33224,,
tg,rfd2.0,137439,137489,KOCH,20,gefaßt,VVPP,fassen,33224,,
tg,rfd2.0,137439,137489,KOCH,20,?,$.,--,33224,,
tg,rfd2.0,137494,137517,SCHILLER,29,Das,PDS,der,33224,,
tg,rfd2.0,137494,137517,SCHILLER,29,bin,VAFIN,sein,33224,,
tg,rfd2.0,137494,137517,SCHILLER,29,ich,PPER,ich,33224,SCHILLER,29
tg,rfd2.0,137494,137517,SCHILLER,29,.,$.,--,33224,,
tg,rfd2.0,137522,137538,KOCH,20,Ich,PPER,ich,33224,,
tg,rfd2.0,137522,137538,KOCH,20,auch,ADV,auch,33224,,
tg,rfd2.0,137522,137538,KOCH,20,.,$.,--,33224,,
tg,rfd2.0,137543,137562,SCHILLER,29,Anton,NE,anton,33224,,
tg,rfd2.0,137543,137562,SCHILLER,29,–,XY,–,33224,,
tg,rfd2.0,137543,137562,SCHILLER,29,?,$.,--,33224,,
tg,rfd2.0,137567,137829,KOCH,20,Ich,PPER,ich,33224,,
tg,rfd2.0,137567,137829,KOCH,20,hab,VAFIN,hab,33224,,
tg,rfd2.0,137567,137829,KOCH,20,',$[,--,33224,,
tg,rfd2.0,137567,137829,KOCH,20,das,ART,der,33224,,
tg,rfd2.0,137567,137829,KOCH,20,Zopfspiel,NN,zopfspiel,33224,,
tg,rfd2.0,137567,137829,KOCH,20,hier,ADV,hier,33224,,
tg,rfd2.0,137567,137829,KOCH,20,satt,ADJD,satt,33224,,
tg,rfd2.0,137567,137829,KOCH,20,.,$.,--,33224,,
tg,rfd2.0,137567,137829,KOCH,20,Sprechen,VVFIN,sprechen,33224,,
tg,rfd2.0,137567,137829,KOCH,20,wir,PPER,wir,33224,,
tg,rfd2.0,137567,137829,KOCH,20,uns,PRF,uns,33224,,
tg,rfd2.0,137567,137829,KOCH,20,aus,PTKVZ,aus,33224,,
tg,rfd2.0,137567,137829,KOCH,20,",","$,",--,33224,,
tg,rfd2.0,137567,137829,KOCH,20,ehe,KOUS,ehe,33224,,
tg,rfd2.0,137567,137829,KOCH,20,die,ART,der,33224,,
tg,rfd2.0,137567,137829,KOCH,20,andern,NN,anderer,33224,,
tg,rfd2.0,137567,137829,KOCH,20,kommen,VVFIN,kommen,33224,,
tg,rfd2.0,137567,137829,KOCH,20,",","$,",--,33224,,
tg,rfd2.0,137567,137829,KOCH,20,die,PRELS,der,33224,,
tg,rfd2.0,137567,137829,KOCH,20,doch,ADV,doch,33224,,
tg,rfd2.0,137567,137829,KOCH,20,alle,PIDAT,alle,33224,ALLE,30
tg,rfd2.0,137567,137829,KOCH,20,nichts,PIS,nichts,33224,,
tg,rfd2.0,137567,137829,KOCH,20,Ernstliches,NN,ernstliche,33224,,
tg,rfd2.0,137567,137829,KOCH,20,wollen,VMFIN,wollen,33224,,
tg,rfd2.0,137567,137829,KOCH,20,.,$.,--,33224,,
tg,rfd2.0,137567,137829,KOCH,20,Du,PPER,du,33224,,
tg,rfd2.0,137567,137829,KOCH,20,mußt,VMFIN,mussen,33224,,
tg,rfd2.0,137567,137829,KOCH,20,über,APPR,über,33224,,
tg,rfd2.0,137567,137829,KOCH,20,kurz,ADJD,kurz,33224,,
tg,rfd2.0,137567,137829,KOCH,20,oder,KON,oder,33224,,
tg,rfd2.0,137567,137829,KOCH,20,lang,ADV,lang,33224,,
tg,rfd2.0,137567,137829,KOCH,20,die,ART,der,33224,,
tg,rfd2.0,137567,137829,KOCH,20,Flucht,NN,flucht,33224,,
tg,rfd2.0,137567,137829,KOCH,20,ergreifen,VVINF,ergreifen,33224,,
tg,rfd2.0,137567,137829,KOCH,20,",","$,",--,33224,,
tg,rfd2.0,137567,137829,KOCH,20,und,KON,und,33224,,
tg,rfd2.0,137567,137829,KOCH,20,ich,PPER,ich,33224,KOCH,20
tg,rfd2.0,137567,137829,KOCH,20,will,VMFIN,wollen,33224,,
tg,rfd2.0,137567,137829,KOCH,20,;,$.,--,33224,,
tg,rfd2.0,137567,137829,KOCH,20,du,PPER,du,33224,,
tg,rfd2.0,137567,137829,KOCH,20,in,APPR,in,33224,,
tg,rfd2.0,137567,137829,KOCH,20,die,ART,der,33224,,
tg,rfd2.0,137567,137829,KOCH,20,Pfalz,NE,pfalz,33224,,
tg,rfd2.0,137567,137829,KOCH,20,",","$,",--,33224,,
tg,rfd2.0,137567,137829,KOCH,20,ich,PPER,ich,33224,KOCH,20
tg,rfd2.0,137567,137829,KOCH,20,nach,APPR,nach,33224,,
tg,rfd2.0,137567,137829,KOCH,20,Welschland,NE,welschland,33224,,
tg,rfd2.0,137834,137856,SCHILLER,29,Wahrhaftig,ADJD,wahrhaftig,33224,,
tg,rfd2.0,137834,137856,SCHILLER,29,?,$.,--,33224,,
tg,rfd2.0,137861,138067,KOCH,20,Da,ADV,da,33224,,
tg,rfd2.0,137861,138067,KOCH,20,meine,PPOSAT,mein,33224,KOCH,20
tg,rfd2.0,137861,138067,KOCH,20,Hand,NN,hand,33224,,
tg,rfd2.0,137861,138067,KOCH,20,drauf,PROAV,drauf,33224,,
tg,rfd2.0,137861,138067,KOCH,20,",","$,",--,33224,,
tg,rfd2.0,137861,138067,KOCH,20,und,KON,und,33224,,
tg,rfd2.0,137861,138067,KOCH,20,ich,PPER,ich,33224,KOCH,20
tg,rfd2.0,137861,138067,KOCH,20,helfe,VVFIN,helfen,33224,,
tg,rfd2.0,137861,138067,KOCH,20,dir,PPER,dir,33224,,
tg,rfd2.0,137861,138067,KOCH,20,dann,ADV,dann,33224,,
tg,rfd2.0,137861,138067,KOCH,20,;,$.,--,33224,,
tg,rfd2.0,137861,138067,KOCH,20,du,PPER,du,33224,,
tg,rfd2.0,137861,138067,KOCH,20,bist,VAFIN,sein,33224,,
tg,rfd2.0,137861,138067,KOCH,20,mehr,ADV,mehr,33224,,
tg,rfd2.0,137861,138067,KOCH,20,wert,ADJD,wert,33224,,
tg,rfd2.0,137861,138067,KOCH,20,",","$,",--,33224,,
tg,rfd2.0,137861,138067,KOCH,20,als,KOUS,als,33224,,
tg,rfd2.0,137861,138067,KOCH,20,ich,PPER,ich,33224,KOCH,20
tg,rfd2.0,137861,138067,KOCH,20,",","$,",--,33224,,
tg,rfd2.0,137861,138067,KOCH,20,und,KON,und,33224,,
tg,rfd2.0,137861,138067,KOCH,20,bist,VAFIN,sein,33224,,
tg,rfd2.0,137861,138067,KOCH,20,hilfsbedürftiger,ADJD,hilfsbedürftig,33224,,
tg,rfd2.0,137861,138067,KOCH,20,",","$,",--,33224,,
tg,rfd2.0,137861,138067,KOCH,20,weil,KOUS,weil,33224,,
tg,rfd2.0,137861,138067,KOCH,20,du,PPER,du,33224,,
tg,rfd2.0,137861,138067,KOCH,20,ungeschickt,ADJD,ungeschickt,33224,,
tg,rfd2.0,137861,138067,KOCH,20,bist,VAFIN,sein,33224,,
tg,rfd2.0,137861,138067,KOCH,20,.,$.,--,33224,,
tg,rfd2.0,137861,138067,KOCH,20,Wie,PWAV,wie,33224,,
tg,rfd2.0,137861,138067,KOCH,20,weit,ADJD,weit,33224,,
tg,rfd2.0,137861,138067,KOCH,20,bist,VAFIN,sein,33224,,
tg,rfd2.0,137861,138067,KOCH,20,du,PPER,du,33224,,
tg,rfd2.0,137861,138067,KOCH,20,also,ADV,also,33224,,
tg,rfd2.0,137861,138067,KOCH,20,in,APPR,in,33224,,
tg,rfd2.0,137861,138067,KOCH,20,Mannheim,NE,mannheim,33224,,
tg,rfd2.0,137861,138067,KOCH,20,",","$,",--,33224,,
tg,rfd2.0,137861,138067,KOCH,20,was,PWS,was,33224,,
tg,rfd2.0,137861,138067,KOCH,20,sagt,VVFIN,sagen,33224,,
tg,rfd2.0,137861,138067,KOCH,20,dein,PPOSAT,dein,33224,,
tg,rfd2.0,137861,138067,KOCH,20,Mäcen,NN,mäce,33224,,
tg,rfd2.0,137861,138067,KOCH,20,",","$,",--,33224,,
tg,rfd2.0,137861,138067,KOCH,20,Herr,NN,herr,33224,,
tg,rfd2.0,137861,138067,KOCH,20,von,APPR,von,33224,,
tg,rfd2.0,137861,138067,KOCH,20,Dalberg,NE,dalberg,33224,,
tg,rfd2.0,137861,138067,KOCH,20,?,$.,--,33224,,
tg,rfd2.0,138072,138693,SCHILLER,29,Ach,ITJ,ach,33224,,
tg,rfd2.0,138072,138693,SCHILLER,29,Anton,NE,anton,33224,,
tg,rfd2.0,138072,138693,SCHILLER,29,",","$,",--,33224,,
tg,rfd2.0,138072,138693,SCHILLER,29,das,PDS,der,33224,,
tg,rfd2.0,138072,138693,SCHILLER,29,ist,VAFIN,sein,33224,,
tg,rfd2.0,138072,138693,SCHILLER,29,eben,ADV,eben,33224,,
tg,rfd2.0,138072,138693,SCHILLER,29,auch,ADV,auch,33224,,
tg,rfd2.0,138072,138693,SCHILLER,29,ein,ART,ein,33224,,
tg,rfd2.0,138072,138693,SCHILLER,29,vornehmer,ADJA,vornehm,33224,,
tg,rfd2.0,138072,138693,SCHILLER,29,Herr,NN,herr,33224,,
tg,rfd2.0,138072,138693,SCHILLER,29,",","$,",--,33224,,
tg,rfd2.0,138072,138693,SCHILLER,29,welcher,ADJA,welcher,33224,,
tg,rfd2.0,138072,138693,SCHILLER,29,für,APPR,für,33224,,
tg,rfd2.0,138072,138693,SCHILLER,29,uns,PPER,uns,33224,,
tg,rfd2.0,138072,138693,SCHILLER,29,kein,PIAT,kein,33224,,
tg,rfd2.0,138072,138693,SCHILLER,29,rechtes,ADJA,recht,33224,,
tg,rfd2.0,138072,138693,SCHILLER,29,Herz,NN,herz,33224,,
tg,rfd2.0,138072,138693,SCHILLER,29,hat,VAFIN,haben,33224,,
tg,rfd2.0,138072,138693,SCHILLER,29,.,$.,--,33224,,
tg,rfd2.0,138072,138693,SCHILLER,29,Wie,PWAV,wie,33224,,
tg,rfd2.0,138072,138693,SCHILLER,29,er,PPER,er,33224,,
tg,rfd2.0,138072,138693,SCHILLER,29,mein,PPOSAT,mein,33224,SCHILLER,29
tg,rfd2.0,138072,138693,SCHILLER,29,Stück,NN,stück,33224,,
tg,rfd2.0,138072,138693,SCHILLER,29,so,ADV,so,33224,,
tg,rfd2.0,138072,138693,SCHILLER,29,lobte,VVFIN,loben,33224,,
tg,rfd2.0,138072,138693,SCHILLER,29,und,KON,und,33224,,
tg,rfd2.0,138072,138693,SCHILLER,29,aufzuführen,VVIZU,aufführen,33224,,
tg,rfd2.0,138072,138693,SCHILLER,29,versprach,VVFIN,versprechen,33224,,
tg,rfd2.0,138072,138693,SCHILLER,29,",","$,",--,33224,,
tg,rfd2.0,138072,138693,SCHILLER,29,nachdem,KOUS,nachdem,33224,,
tg,rfd2.0,138072,138693,SCHILLER,29,es,PPER,es,33224,,
tg,rfd2.0,138072,138693,SCHILLER,29,ihm,PPER,ihm,33224,,
tg,rfd2.0,138072,138693,SCHILLER,29,wahrscheinlich,ADJD,wahrscheinlich,33224,,
tg,rfd2.0,138072,138693,SCHILLER,29,die,ART,der,33224,,
tg,rfd2.0,138072,138693,SCHILLER,29,Schauspieler,NN,schauspieler,33224,,
tg,rfd2.0,138072,138693,SCHILLER,29,erst,ADV,erst,33224,,
tg,rfd2.0,138072,138693,SCHILLER,29,angelegentlich,ADJD,angelegentlich,33224,,
tg,rfd2.0,138072,138693,SCHILLER,29,empfohlen,VVPP,empfehlen,33224,,
tg,rfd2.0,138072,138693,SCHILLER,29,",","$,",--,33224,,
tg,rfd2.0,138072,138693,SCHILLER,29,da,ADV,da,33224,,
tg,rfd2.0,138072,138693,SCHILLER,29,warf,VVFIN,werfen,33224,,
tg,rfd2.0,138072,138693,SCHILLER,29,ich,PPER,ich,33224,SCHILLER,29
tg,rfd2.0,138072,138693,SCHILLER,29,mich,PRF,mich,33224,SCHILLER,29
tg,rfd2.0,138072,138693,SCHILLER,29,ihm,PPER,ihm,33224,,
tg,rfd2.0,138072,138693,SCHILLER,29,mit,APPR,mit,33224,,
tg,rfd2.0,138072,138693,SCHILLER,29,all,PIDAT,all,33224,,
tg,rfd2.0,138072,138693,SCHILLER,29,meinen,PPOSAT,mein,33224,SCHILLER,29
tg,rfd2.0,138072,138693,SCHILLER,29,Ängsten,NN,angst,33224,,
tg,rfd2.0,138072,138693,SCHILLER,29,und,KON,und,33224,,
tg,rfd2.0,138072,138693,SCHILLER,29,Hoffnungen,NN,hoffnung,33224,,
tg,rfd2.0,138072,138693,SCHILLER,29,in,APPR,in,33224,,
tg,rfd2.0,138072,138693,SCHILLER,29,die,ART,der,33224,,
tg,rfd2.0,138072,138693,SCHILLER,29,Arme,NN,arm,33224,,
tg,rfd2.0,138072,138693,SCHILLER,29,:,$.,--,33224,,
tg,rfd2.0,138072,138693,SCHILLER,29,ich,PPER,ich,33224,SCHILLER,29
tg,rfd2.0,138072,138693,SCHILLER,29,schilderte,VVFIN,schildern,33224,,
tg,rfd2.0,138072,138693,SCHILLER,29,ihm,PPER,ihm,33224,,
tg,rfd2.0,138072,138693,SCHILLER,29,",","$,",--,33224,,
tg,rfd2.0,138072,138693,SCHILLER,29,daß,KOUS,daß,33224,,
tg,rfd2.0,138072,138693,SCHILLER,29,ich,PPER,ich,33224,SCHILLER,29
tg,rfd2.0,138072,138693,SCHILLER,29,hier,ADV,hier,33224,,
tg,rfd2.0,138072,138693,SCHILLER,29,am,APPRART,an,33224,,
tg,rfd2.0,138072,138693,SCHILLER,29,Abgrunde,NN,abgrunde,33224,,
tg,rfd2.0,138072,138693,SCHILLER,29,wankte,VVFIN,wanken,33224,,
tg,rfd2.0,138072,138693,SCHILLER,29,und,KON,und,33224,,
tg,rfd2.0,138072,138693,SCHILLER,29,aus,APPR,aus,33224,,
tg,rfd2.0,138072,138693,SCHILLER,29,dieser,PDAT,dieser,33224,,
tg,rfd2.0,138072,138693,SCHILLER,29,Höhle,NN,höhle,33224,,
tg,rfd2.0,138072,138693,SCHILLER,29,des,ART,der,33224,,
tg,rfd2.0,138072,138693,SCHILLER,29,Despotismus,NN,despotismus,33224,,
tg,rfd2.0,138072,138693,SCHILLER,29,hinaus,APZR,hinaus,33224,,
tg,rfd2.0,138072,138693,SCHILLER,29,müsse,VMFIN,müssen,33224,,
tg,rfd2.0,138072,138693,SCHILLER,29,",","$,",--,33224,,
tg,rfd2.0,138072,138693,SCHILLER,29,wenn,KOUS,wenn,33224,,
tg,rfd2.0,138072,138693,SCHILLER,29,ich,PPER,ich,33224,SCHILLER,29
tg,rfd2.0,138072,138693,SCHILLER,29,aufatmen,VVFIN,aufatmen,33224,,
tg,rfd2.0,138072,138693,SCHILLER,29,und,KON,und,33224,,
tg,rfd2.0,138072,138693,SCHILLER,29,schaffen,VVINF,schaffen,33224,,
tg,rfd2.0,138072,138693,SCHILLER,29,und,KON,und,33224,,
tg,rfd2.0,138072,138693,SCHILLER,29,zunächst,ADV,zunächst,33224,,
tg,rfd2.0,138072,138693,SCHILLER,29,meinen,PPOSAT,mein,33224,SCHILLER,29
tg,rfd2.0,138072,138693,SCHILLER,29,Fiesko,NN,fiesko,33224,,
tg,rfd2.0,138072,138693,SCHILLER,29,zu,APPR,zu,33224,,
tg,rfd2.0,138072,138693,SCHILLER,29,Ende,NN,ende,33224,,
tg,rfd2.0,138072,138693,SCHILLER,29,bringen,VVINF,bringen,33224,,
tg,rfd2.0,138072,138693,SCHILLER,29,sollte,VMFIN,sollen,33224,,
tg,rfd2.0,138072,138693,SCHILLER,29,.,$.,--,33224,,
tg,rfd2.0,138072,138693,SCHILLER,29,Ich,PPER,ich,33224,,
tg,rfd2.0,138072,138693,SCHILLER,29,bat,VVFIN,bitten,33224,,
tg,rfd2.0,138072,138693,SCHILLER,29,ihn,PPER,ihn,33224,,
tg,rfd2.0,138072,138693,SCHILLER,29,",","$,",--,33224,,
tg,rfd2.0,138072,138693,SCHILLER,29,an,APPR,an,33224,,
tg,rfd2.0,138072,138693,SCHILLER,29,den,ART,der,33224,,
tg,rfd2.0,138072,138693,SCHILLER,29,Herzog,NE,herzog,33224,,
tg,rfd2.0,138072,138693,SCHILLER,29,zu,PTKZU,zu,33224,,
tg,rfd2.0,138072,138693,SCHILLER,29,schreiben,VVINF,schreiben,33224,,
tg,rfd2.0,138072,138693,SCHILLER,29,und,KON,und,33224,,
tg,rfd2.0,138072,138693,SCHILLER,29,um,APPR,um,33224,,
tg,rfd2.0,138072,138693,SCHILLER,29,längern,ADJA,längern,33224,,
tg,rfd2.0,138072,138693,SCHILLER,29,Urlaub,NN,urlaub,33224,,
tg,rfd2.0,138072,138693,SCHILLER,29,für,APPR,für,33224,,
tg,rfd2.0,138072,138693,SCHILLER,29,mich,PPER,mich,33224,SCHILLER,29
tg,rfd2.0,138072,138693,SCHILLER,29,zu,PTKZU,zu,33224,,
tg,rfd2.0,138072,138693,SCHILLER,29,bitten,VVINF,bitten,33224,,
tg,rfd2.0,138072,138693,SCHILLER,29,und,KON,und,33224,,
tg,rfd2.0,138072,138693,SCHILLER,29,mich,PPER,mich,33224,SCHILLER,29
tg,rfd2.0,138072,138693,SCHILLER,29,als,APPR,als,33224,,
tg,rfd2.0,138072,138693,SCHILLER,29,Theaterdichter,NN,theaterdichter,33224,,
tg,rfd2.0,138072,138693,SCHILLER,29,in,APPR,in,33224,,
tg,rfd2.0,138072,138693,SCHILLER,29,Mannheim,NE,mannheim,33224,,
tg,rfd2.0,138072,138693,SCHILLER,29,anzustellen,VVIZU,anstellen,33224,,
tg,rfd2.0,138072,138693,SCHILLER,29,.,$.,--,33224,,
tg,rfd2.0,138698,138709,KOCH,20,Nun,ADV,nun,33224,,
tg,rfd2.0,138698,138709,KOCH,20,?,$.,--,33224,,
tg,rfd2.0,138714,138885,SCHILLER,29,Nicht,PTKNEG,nicht,33224,,
tg,rfd2.0,138714,138885,SCHILLER,29,ja,ADV,ja,33224,,
tg,rfd2.0,138714,138885,SCHILLER,29,noch,ADV,noch,33224,,
tg,rfd2.0,138714,138885,SCHILLER,29,nein,PTKANT,nein,33224,,
tg,rfd2.0,138714,138885,SCHILLER,29,gab,VVFIN,geben,33224,,
tg,rfd2.0,138714,138885,SCHILLER,29,er,PPER,er,33224,,
tg,rfd2.0,138714,138885,SCHILLER,29,zur,APPRART,zu,33224,,
tg,rfd2.0,138714,138885,SCHILLER,29,Antwort,NN,antwort,33224,,
tg,rfd2.0,138714,138885,SCHILLER,29,;,$.,--,33224,,
tg,rfd2.0,138714,138885,SCHILLER,29,er,PPER,er,33224,,
tg,rfd2.0,138714,138885,SCHILLER,29,hat,VAFIN,haben,33224,,
tg,rfd2.0,138714,138885,SCHILLER,29,nicht,PTKNEG,nicht,33224,,
tg,rfd2.0,138714,138885,SCHILLER,29,den,ART,der,33224,,
tg,rfd2.0,138714,138885,SCHILLER,29,Mut,NN,mut,33224,,
tg,rfd2.0,138714,138885,SCHILLER,29,seiner,PPOSAT,sein,33224,,
tg,rfd2.0,138714,138885,SCHILLER,29,Einsicht,NN,einsicht,33224,,
tg,rfd2.0,138714,138885,SCHILLER,29,.,$.,--,33224,,
tg,rfd2.0,138714,138885,SCHILLER,29,Ausstellungen,NN,ausstellung,33224,,
tg,rfd2.0,138714,138885,SCHILLER,29,an,APPR,an,33224,,
tg,rfd2.0,138714,138885,SCHILLER,29,den,ART,der,33224,,
tg,rfd2.0,138714,138885,SCHILLER,29,Räubern,NN,räuber,33224,,
tg,rfd2.0,138714,138885,SCHILLER,29,",","$,",--,33224,,
tg,rfd2.0,138714,138885,SCHILLER,29,Vorschläge,NN,vorschlag,33224,,
tg,rfd2.0,138714,138885,SCHILLER,29,zur,APPRART,zu,33224,,
tg,rfd2.0,138714,138885,SCHILLER,29,Änderung,NN,änderung,33224,,
tg,rfd2.0,138714,138885,SCHILLER,29,für,APPR,für,33224,,
tg,rfd2.0,138714,138885,SCHILLER,29,die,ART,der,33224,,
tg,rfd2.0,138714,138885,SCHILLER,29,Bühne,NN,bühne,33224,,
tg,rfd2.0,138714,138885,SCHILLER,29,und,KON,und,33224,,
tg,rfd2.0,138714,138885,SCHILLER,29,so,ADV,so,33224,,
tg,rfd2.0,138714,138885,SCHILLER,29,weiter,ADV,weiter,33224,,
tg,rfd2.0,138714,138885,SCHILLER,29,–,XY,–,33224,,
tg,rfd2.0,138890,138988,KOCH,20,Und,KON,und,33224,,
tg,rfd2.0,138890,138988,KOCH,20,so,ADV,so,33224,,
tg,rfd2.0,138890,138988,KOCH,20,weiter,PTKVZ,weiter,33224,,
tg,rfd2.0,138890,138988,KOCH,20,.,$.,--,33224,,
tg,rfd2.0,138890,138988,KOCH,20,Ein,ART,ein,33224,,
tg,rfd2.0,138890,138988,KOCH,20,Zopf,NN,zopf,33224,,
tg,rfd2.0,138890,138988,KOCH,20,wie,KOKOM,wie,33224,,
tg,rfd2.0,138890,138988,KOCH,20,der,ART,der,33224,,
tg,rfd2.0,138890,138988,KOCH,20,andere,PIS,anderer,33224,,
tg,rfd2.0,138890,138988,KOCH,20,.,$.,--,33224,,
tg,rfd2.0,138890,138988,KOCH,20,Alles,PIS,alle,33224,,
tg,rfd2.0,138890,138988,KOCH,20,brauchen,VVFIN,brauchen,33224,,
tg,rfd2.0,138890,138988,KOCH,20,sie,PPER,sie,33224,,
tg,rfd2.0,138890,138988,KOCH,20,beim,APPRART,bei,33224,,
tg,rfd2.0,138890,138988,KOCH,20,Theater,NN,theater,33224,,
tg,rfd2.0,138890,138988,KOCH,20,",","$,",--,33224,,
tg,rfd2.0,138890,138988,KOCH,20,nur,ADV,nur,33224,,
tg,rfd2.0,138890,138988,KOCH,20,nicht,PTKNEG,nicht,33224,,
tg,rfd2.0,138890,138988,KOCH,20,Dichter,NN,dichter,33224,,
tg,rfd2.0,138890,138988,KOCH,20,"!",$.,--,33224,,
tg,rfd2.0,138993,139302,SCHILLER,29,Ich,PPER,ich,33224,,
tg,rfd2.0,138993,139302,SCHILLER,29,habe,VAFIN,haben,33224,,
tg,rfd2.0,138993,139302,SCHILLER,29,aber,ADV,aber,33224,,
tg,rfd2.0,138993,139302,SCHILLER,29,hier,ADV,hier,33224,,
tg,rfd2.0,138993,139302,SCHILLER,29,keine,PIAT,kein,33224,,
tg,rfd2.0,138993,139302,SCHILLER,29,Zeit,NN,zeit,33224,,
tg,rfd2.0,138993,139302,SCHILLER,29,mehr,ADV,mehr,33224,,
tg,rfd2.0,138993,139302,SCHILLER,29,zu,PTKZU,zu,33224,,
tg,rfd2.0,138993,139302,SCHILLER,29,verlieren,VVINF,verlieren,33224,,
tg,rfd2.0,138993,139302,SCHILLER,29,"!",$.,--,33224,,
tg,rfd2.0,138993,139302,SCHILLER,29,Umgehend,ADJD,umgehend,33224,,
tg,rfd2.0,138993,139302,SCHILLER,29,hab,VAFIN,hab,33224,,
tg,rfd2.0,138993,139302,SCHILLER,29,',$[,--,33224,,
tg,rfd2.0,138993,139302,SCHILLER,29,ich,PPER,ich,33224,SCHILLER,29
tg,rfd2.0,138993,139302,SCHILLER,29,einen,ART,ein,33224,,
tg,rfd2.0,138993,139302,SCHILLER,29,neuen,ADJA,neu,33224,,
tg,rfd2.0,138993,139302,SCHILLER,29,flammenden,ADJA,flammend,33224,,
tg,rfd2.0,138993,139302,SCHILLER,29,Brief,NN,brief,33224,,
tg,rfd2.0,138993,139302,SCHILLER,29,hingeschickt,VVPP,hingeschicken,33224,,
tg,rfd2.0,138993,139302,SCHILLER,29,",","$,",--,33224,,
tg,rfd2.0,138993,139302,SCHILLER,29,dem,PRELS,der,33224,,
tg,rfd2.0,138993,139302,SCHILLER,29,aus,APPR,aus,33224,,
tg,rfd2.0,138993,139302,SCHILLER,29,jeder,PIDAT,jeder,33224,,
tg,rfd2.0,138993,139302,SCHILLER,29,Zeile,NN,zeile,33224,,
tg,rfd2.0,138993,139302,SCHILLER,29,leuchtet,VVFIN,leuchten,33224,,
tg,rfd2.0,138993,139302,SCHILLER,29,:,$.,--,33224,,
tg,rfd2.0,138993,139302,SCHILLER,29,Sein,PPOSAT,sein,33224,,
tg,rfd2.0,138993,139302,SCHILLER,29,oder,KON,oder,33224,,
tg,rfd2.0,138993,139302,SCHILLER,29,Nichtsein,NN,nichtsein,33224,,
tg,rfd2.0,138993,139302,SCHILLER,29,"!",$.,--,33224,,
tg,rfd2.0,138993,139302,SCHILLER,29,Ja,PTKANT,ja,33224,,
tg,rfd2.0,138993,139302,SCHILLER,29,oder,KON,oder,33224,,
tg,rfd2.0,138993,139302,SCHILLER,29,nein,PTKANT,nein,33224,,
tg,rfd2.0,138993,139302,SCHILLER,29,"!",$.,--,33224,,
tg,rfd2.0,138993,139302,SCHILLER,29,Und,KON,und,33224,,
tg,rfd2.0,138993,139302,SCHILLER,29,diesen,PDAT,dieser,33224,,
tg,rfd2.0,138993,139302,SCHILLER,29,Brief,NN,brief,33224,,
tg,rfd2.0,138993,139302,SCHILLER,29,hab,VAFIN,hab,33224,,
tg,rfd2.0,138993,139302,SCHILLER,29,',$[,--,33224,,
tg,rfd2.0,138993,139302,SCHILLER,29,ich,PPER,ich,33224,SCHILLER,29
tg,rfd2.0,138993,139302,SCHILLER,29,an,APPR,an,33224,,
tg,rfd2.0,138993,139302,SCHILLER,29,den,ART,der,33224,,
tg,rfd2.0,138993,139302,SCHILLER,29,jungen,ADJA,jung,33224,,
tg,rfd2.0,138993,139302,SCHILLER,29,Iffland,NN,iffland,33224,,
tg,rfd2.0,138993,139302,SCHILLER,29,gesendet,VVPP,senden,33224,,
tg,rfd2.0,138993,139302,SCHILLER,29,",","$,",--,33224,,
tg,rfd2.0,138993,139302,SCHILLER,29,daß,KOUS,daß,33224,,
tg,rfd2.0,138993,139302,SCHILLER,29,er,PPER,er,33224,,
tg,rfd2.0,138993,139302,SCHILLER,29,ihn,PPER,ihn,33224,,
tg,rfd2.0,138993,139302,SCHILLER,29,unter,APPR,unter,33224,,
tg,rfd2.0,138993,139302,SCHILLER,29,beredten,ADJA,beredt,33224,,
tg,rfd2.0,138993,139302,SCHILLER,29,Worten,NN,wort,33224,,
tg,rfd2.0,138993,139302,SCHILLER,29,dem,ART,der,33224,,
tg,rfd2.0,138993,139302,SCHILLER,29,Reichsfreiherrn,NN,reichsfreiherr,33224,,
tg,rfd2.0,138993,139302,SCHILLER,29,überreiche,ADJA,überreich,33224,,
tg,rfd2.0,138993,139302,SCHILLER,29,"!",$.,--,33224,,
tg,rfd2.0,139307,139348,KOCH,20,Iffland,NE,iffland,33224,,
tg,rfd2.0,139307,139348,KOCH,20,",","$,",--,33224,,
tg,rfd2.0,139307,139348,KOCH,20,das,PDS,der,33224,,
tg,rfd2.0,139307,139348,KOCH,20,ist,VAFIN,sein,33224,,
tg,rfd2.0,139307,139348,KOCH,20,ein,ART,ein,33224,,
tg,rfd2.0,139307,139348,KOCH,20,Schauspieler,NN,schauspieler,33224,,
tg,rfd2.0,139307,139348,KOCH,20,?,$.,--,33224,,
tg,rfd2.0,139353,139396,SCHILLER,29,Der,ART,der,33224,,
tg,rfd2.0,139353,139396,SCHILLER,29,den,ART,der,33224,,
tg,rfd2.0,139353,139396,SCHILLER,29,Franz,NE,franz,33224,,
tg,rfd2.0,139353,139396,SCHILLER,29,Moor,NE,moor,33224,,
tg,rfd2.0,139353,139396,SCHILLER,29,spielen,VVINF,spielen,33224,,
tg,rfd2.0,139353,139396,SCHILLER,29,soll,VMFIN,sollen,33224,,
tg,rfd2.0,139353,139396,SCHILLER,29,.,$.,--,33224,,
tg,rfd2.0,139401,139519,KOCH,20,Und,KON,und,33224,,
tg,rfd2.0,139401,139519,KOCH,20,der,ART,der,33224,,
tg,rfd2.0,139401,139519,KOCH,20,als,APPR,als,33224,,
tg,rfd2.0,139401,139519,KOCH,20,Schauspieler,NN,schauspieler,33224,,
tg,rfd2.0,139401,139519,KOCH,20,den,ART,der,33224,,
tg,rfd2.0,139401,139519,KOCH,20,Kuckuck,NN,kuckuck,33224,,
tg,rfd2.0,139401,139519,KOCH,20,danach,PROAV,danach,33224,,
tg,rfd2.0,139401,139519,KOCH,20,fragen,VVINF,fragen,33224,,
tg,rfd2.0,139401,139519,KOCH,20,wird,VAFIN,werden,33224,,
tg,rfd2.0,139401,139519,KOCH,20,",","$,",--,33224,,
tg,rfd2.0,139401,139519,KOCH,20,einen,ART,ein,33224,,
tg,rfd2.0,139401,139519,KOCH,20,hofmeisternden,ADJA,hofmeisternd,33224,,
tg,rfd2.0,139401,139519,KOCH,20,Verfasser,NN,verfasser,33224,,
tg,rfd2.0,139401,139519,KOCH,20,auf,APPR,auf,33224,,
tg,rfd2.0,139401,139519,KOCH,20,den,ART,der,33224,,
tg,rfd2.0,139401,139519,KOCH,20,Proben,NN,probe,33224,,
tg,rfd2.0,139401,139519,KOCH,20,zu,APPR,zu,33224,,
tg,rfd2.0,139401,139519,KOCH,20,sehn,CARD,sehn,33224,,
tg,rfd2.0,139401,139519,KOCH,20,"!",$.,--,33224,,
tg,rfd2.0,139524,139612,SCHILLER,29,Nein,PTKANT,nein,33224,,
tg,rfd2.0,139524,139612,SCHILLER,29,",","$,",--,33224,,
tg,rfd2.0,139524,139612,SCHILLER,29,nein,PTKANT,nein,33224,,
tg,rfd2.0,139524,139612,SCHILLER,29,Anton,NE,anton,33224,,
tg,rfd2.0,139524,139612,SCHILLER,29,",","$,",--,33224,,
tg,rfd2.0,139524,139612,SCHILLER,29,nein,PTKANT,nein,33224,,
tg,rfd2.0,139524,139612,SCHILLER,29,",","$,",--,33224,,
tg,rfd2.0,139524,139612,SCHILLER,29,er,PPER,er,33224,,
tg,rfd2.0,139524,139612,SCHILLER,29,ist,VAFIN,sein,33224,,
tg,rfd2.0,139524,139612,SCHILLER,29,jung,ADJD,jung,33224,,
tg,rfd2.0,139524,139612,SCHILLER,29,und,KON,und,33224,,
tg,rfd2.0,139524,139612,SCHILLER,29,tüchtig,ADJD,tüchtig,33224,,
tg,rfd2.0,139524,139612,SCHILLER,29,und,KON,und,33224,,
tg,rfd2.0,139524,139612,SCHILLER,29,nach,APPR,nach,33224,,
tg,rfd2.0,139524,139612,SCHILLER,29,dem,ART,der,33224,,
tg,rfd2.0,139524,139612,SCHILLER,29,Höhern,NN,höher,33224,,
tg,rfd2.0,139524,139612,SCHILLER,29,strebend,ADJD,strebend,33224,,
tg,rfd2.0,139524,139612,SCHILLER,29,.,$.,--,33224,,
tg,rfd2.0,139617,139678,KOCH,20,Larifari,NE,larifari,33224,,
tg,rfd2.0,139617,139678,KOCH,20,"!",$.,--,33224,,
tg,rfd2.0,139617,139678,KOCH,20,Das,ART,der,33224,,
tg,rfd2.0,139617,139678,KOCH,20,einzige,ADJA,einzig,33224,,
tg,rfd2.0,139617,139678,KOCH,20,Gute,ADJA,gute,33224,,
tg,rfd2.0,139617,139678,KOCH,20,dabei,PROAV,dabei,33224,,
tg,rfd2.0,139617,139678,KOCH,20,ist,VAFIN,sein,33224,,
tg,rfd2.0,139617,139678,KOCH,20,",","$,",--,33224,,
tg,rfd2.0,139617,139678,KOCH,20,daß,KOUS,daß,33224,,
tg,rfd2.0,139617,139678,KOCH,20,er,PPER,er,33224,,
tg,rfd2.0,139617,139678,KOCH,20,jung,ADJD,jung,33224,,
tg,rfd2.0,139617,139678,KOCH,20,ist,VAFIN,sein,33224,,
tg,rfd2.0,139617,139678,KOCH,20,.,$.,--,33224,,
tg,rfd2.0,139683,139829,SCHILLER,29,Er,PPER,er,33224,,
tg,rfd2.0,139683,139829,SCHILLER,29,hat,VAFIN,haben,33224,,
tg,rfd2.0,139683,139829,SCHILLER,29,mir,PPER,sich,33224,SCHILLER,29
tg,rfd2.0,139683,139829,SCHILLER,29,denn,ADV,denn,33224,,
tg,rfd2.0,139683,139829,SCHILLER,29,auch,ADV,auch,33224,,
tg,rfd2.0,139683,139829,SCHILLER,29,umgehend,ADJD,umgehend,33224,,
tg,rfd2.0,139683,139829,SCHILLER,29,geantwortet,VVPP,antworten,33224,,
tg,rfd2.0,139683,139829,SCHILLER,29,",","$,",--,33224,,
tg,rfd2.0,139683,139829,SCHILLER,29,daß,KOUS,daß,33224,,
tg,rfd2.0,139683,139829,SCHILLER,29,er,PPER,er,33224,,
tg,rfd2.0,139683,139829,SCHILLER,29,alles,PIS,alle,33224,,
tg,rfd2.0,139683,139829,SCHILLER,29,daran,PROAV,daran,33224,,
tg,rfd2.0,139683,139829,SCHILLER,29,setzen,VVINF,setzen,33224,,
tg,rfd2.0,139683,139829,SCHILLER,29,und,KON,und,33224,,
tg,rfd2.0,139683,139829,SCHILLER,29,mir,PPER,sich,33224,SCHILLER,29
tg,rfd2.0,139683,139829,SCHILLER,29,spätestens,ADV,spätestens,33224,,
tg,rfd2.0,139683,139829,SCHILLER,29,bis,APPR,bis,33224,,
tg,rfd2.0,139683,139829,SCHILLER,29,Mitte,NN,mitte,33224,,
tg,rfd2.0,139683,139829,SCHILLER,29,September,NN,september,33224,,
tg,rfd2.0,139683,139829,SCHILLER,29,Bescheid,NN,bescheid,33224,,
tg,rfd2.0,139683,139829,SCHILLER,29,verschaffen,VVINF,verschaffen,33224,,
tg,rfd2.0,139683,139829,SCHILLER,29,werde,VAFIN,werden,33224,,
tg,rfd2.0,139683,139829,SCHILLER,29,.,$.,--,33224,,
tg,rfd2.0,139834,139870,KOCH,20,Und,KON,und,33224,,
tg,rfd2.0,139834,139870,KOCH,20,heut,ADV,heuen,33224,,
tg,rfd2.0,139834,139870,KOCH,20,',$[,--,33224,,
tg,rfd2.0,139834,139870,KOCH,20,ist,VAFIN,sein,33224,,
tg,rfd2.0,139834,139870,KOCH,20,der,ART,der,33224,,
tg,rfd2.0,139834,139870,KOCH,20,sechzehnte,ADJA,sechzehnen,33224,,
tg,rfd2.0,139834,139870,KOCH,20,.,$.,--,33224,,
tg,rfd2.0,139875,140024,SCHILLER,29,Vorüber,ADV,vorüber,33224,,
tg,rfd2.0,139875,140024,SCHILLER,29,"!",$.,--,33224,,
tg,rfd2.0,139875,140024,SCHILLER,29,Und,KON,und,33224,,
tg,rfd2.0,139875,140024,SCHILLER,29,Streicher,NN,streicher,33224,,
tg,rfd2.0,139875,140024,SCHILLER,29,",","$,",--,33224,,
tg,rfd2.0,139875,140024,SCHILLER,29,an,APPR,an,33224,,
tg,rfd2.0,139875,140024,SCHILLER,29,den,PRELS,der,33224,,
tg,rfd2.0,139875,140024,SCHILLER,29,er,PPER,er,33224,,
tg,rfd2.0,139875,140024,SCHILLER,29,adressiert,VVPP,adressieren,33224,,
tg,rfd2.0,139875,140024,SCHILLER,29,",","$,",--,33224,,
tg,rfd2.0,139875,140024,SCHILLER,29,ist,VAFIN,sein,33224,,
tg,rfd2.0,139875,140024,SCHILLER,29,nicht,PTKNEG,nicht,33224,,
tg,rfd2.0,139875,140024,SCHILLER,29,zu,PTKZU,zu,33224,,
tg,rfd2.0,139875,140024,SCHILLER,29,finden,VVINF,finden,33224,,
tg,rfd2.0,139875,140024,SCHILLER,29,"!",$.,--,33224,,
tg,rfd2.0,139875,140024,SCHILLER,29,Und,KON,und,33224,,
tg,rfd2.0,139875,140024,SCHILLER,29,mein,PPOSAT,mein,33224,SCHILLER,29
tg,rfd2.0,139875,140024,SCHILLER,29,ganzes,ADJA,ganz,33224,,
tg,rfd2.0,139875,140024,SCHILLER,29,Leben,NN,leben,33224,,
tg,rfd2.0,139875,140024,SCHILLER,29,hängt,VVFIN,hängen,33224,,
tg,rfd2.0,139875,140024,SCHILLER,29,an,APPR,an,33224,,
tg,rfd2.0,139875,140024,SCHILLER,29,dem,ART,der,33224,,
tg,rfd2.0,139875,140024,SCHILLER,29,Briefe,NN,brief,33224,,
tg,rfd2.0,139875,140024,SCHILLER,29,"!",$.,--,33224,,
tg,rfd2.0,140029,140161,KOCH,20,Nun,ADV,nun,33224,,
tg,rfd2.0,140029,140161,KOCH,20,dabei,PROAV,dabei,33224,,
tg,rfd2.0,140029,140161,KOCH,20,ist,VAFIN,sein,33224,,
tg,rfd2.0,140029,140161,KOCH,20,also,ADV,also,33224,,
tg,rfd2.0,140029,140161,KOCH,20,noch,ADV,noch,33224,,
tg,rfd2.0,140029,140161,KOCH,20,nichts,PIS,nichts,33224,,
tg,rfd2.0,140029,140161,KOCH,20,verloren,PTKVZ,verlieren,33224,,
tg,rfd2.0,140029,140161,KOCH,20,.,$.,--,33224,,
tg,rfd2.0,140029,140161,KOCH,20,Ich,PPER,ich,33224,,
tg,rfd2.0,140029,140161,KOCH,20,gestehe,VVFIN,gestehen,33224,,
tg,rfd2.0,140029,140161,KOCH,20,dir,PRF,dir,33224,,
tg,rfd2.0,140029,140161,KOCH,20,aber,ADV,aber,33224,,
tg,rfd2.0,140029,140161,KOCH,20,",","$,",--,33224,,
tg,rfd2.0,140029,140161,KOCH,20,daß,KOUS,daß,33224,,
tg,rfd2.0,140029,140161,KOCH,20,ich,PPER,ich,33224,KOCH,20
tg,rfd2.0,140029,140161,KOCH,20,verzweifelt,ADJD,verzweifelt,33224,,
tg,rfd2.0,140029,140161,KOCH,20,wenig,ADV,wenig,33224,,
tg,rfd2.0,140029,140161,KOCH,20,Vertrauen,NN,vertrauen,33224,,
tg,rfd2.0,140029,140161,KOCH,20,habe,VAFIN,haben,33224,,
tg,rfd2.0,140029,140161,KOCH,20,zu,APPR,zu,33224,,
tg,rfd2.0,140029,140161,KOCH,20,den,ART,der,33224,,
tg,rfd2.0,140029,140161,KOCH,20,großen,ADJA,groß,33224,,
tg,rfd2.0,140029,140161,KOCH,20,Herren,NN,herr,33224,,
tg,rfd2.0,140029,140161,KOCH,20,"!",$.,--,33224,,
tg,rfd2.0,140166,140313,SCHILLER,29,Ich,PPER,ich,33224,,
tg,rfd2.0,140166,140313,SCHILLER,29,habe,VAFIN,haben,33224,,
tg,rfd2.0,140166,140313,SCHILLER,29,auch,ADV,auch,33224,,
tg,rfd2.0,140166,140313,SCHILLER,29,keins,CARD,keiner,33224,,
tg,rfd2.0,140166,140313,SCHILLER,29,",","$,",--,33224,,
tg,rfd2.0,140166,140313,SCHILLER,29,lieber,ADJD,lieber,33224,,
tg,rfd2.0,140166,140313,SCHILLER,29,Anton,NE,anton,33224,,
tg,rfd2.0,140166,140313,SCHILLER,29,",","$,",--,33224,,
tg,rfd2.0,140166,140313,SCHILLER,29,aber,KON,aber,33224,,
tg,rfd2.0,140166,140313,SCHILLER,29,ich,PPER,ich,33224,SCHILLER,29
tg,rfd2.0,140166,140313,SCHILLER,29,kann,VMFIN,können,33224,,
tg,rfd2.0,140166,140313,SCHILLER,29,doch,ADV,doch,33224,,
tg,rfd2.0,140166,140313,SCHILLER,29,nicht,PTKNEG,nicht,33224,,
tg,rfd2.0,140166,140313,SCHILLER,29,ohne,APPR,ohne,33224,,
tg,rfd2.0,140166,140313,SCHILLER,29,irgend,ADV,irgend,33224,,
tg,rfd2.0,140166,140313,SCHILLER,29,einen,ART,ein,33224,,
tg,rfd2.0,140166,140313,SCHILLER,29,Anhalt,NN,anhalt,33224,,
tg,rfd2.0,140166,140313,SCHILLER,29,aus,APPR,aus,33224,,
tg,rfd2.0,140166,140313,SCHILLER,29,dem,ART,der,33224,,
tg,rfd2.0,140166,140313,SCHILLER,29,Vaterlande,NN,vaterlande,33224,,
tg,rfd2.0,140166,140313,SCHILLER,29,hinaus,APZR,hinaus,33224,,
tg,rfd2.0,140166,140313,SCHILLER,29,in,APPR,in,33224,,
tg,rfd2.0,140166,140313,SCHILLER,29,die,ART,der,33224,,
tg,rfd2.0,140166,140313,SCHILLER,29,weite,ADJA,weit,33224,,
tg,rfd2.0,140166,140313,SCHILLER,29,Welt,NN,welt,33224,,
tg,rfd2.0,140166,140313,SCHILLER,29,laufen,VVINF,laufen,33224,,
tg,rfd2.0,140166,140313,SCHILLER,29,.,$.,--,33224,,
tg,rfd2.0,140318,140358,KOCH,20,Warum,PWAV,warum,33224,,
tg,rfd2.0,140318,140358,KOCH,20,nicht,PTKNEG,nicht,33224,,
tg,rfd2.0,140318,140358,KOCH,20,",","$,",--,33224,,
tg,rfd2.0,140318,140358,KOCH,20,ich,PPER,ich,33224,KOCH,20
tg,rfd2.0,140318,140358,KOCH,20,werd's,VVFIN,werd,33224,,
tg,rfd2.0,140318,140358,KOCH,20,doch,ADV,doch,33224,,
tg,rfd2.0,140318,140358,KOCH,20,tun,VVINF,tun,33224,,
tg,rfd2.0,140318,140358,KOCH,20,.,$.,--,33224,,
tg,rfd2.0,140363,140913,SCHILLER,29,Ja,PTKANT,ja,33224,,
tg,rfd2.0,140363,140913,SCHILLER,29,",","$,",--,33224,,
tg,rfd2.0,140363,140913,SCHILLER,29,ich,PPER,ich,33224,SCHILLER,29
tg,rfd2.0,140363,140913,SCHILLER,29,tät's,VVFIN,tät,33224,,
tg,rfd2.0,140363,140913,SCHILLER,29,wohl,ADV,wohl,33224,,
tg,rfd2.0,140363,140913,SCHILLER,29,auch,ADV,auch,33224,,
tg,rfd2.0,140363,140913,SCHILLER,29,",","$,",--,33224,,
tg,rfd2.0,140363,140913,SCHILLER,29,wenn,KOUS,wenn,33224,,
tg,rfd2.0,140363,140913,SCHILLER,29,ich,PPER,ich,33224,SCHILLER,29
tg,rfd2.0,140363,140913,SCHILLER,29,allein,ADV,allein,33224,,
tg,rfd2.0,140363,140913,SCHILLER,29,stünde,VVFIN,stehen,33224,,
tg,rfd2.0,140363,140913,SCHILLER,29,.,$.,--,33224,,
tg,rfd2.0,140363,140913,SCHILLER,29,Denn,KON,denn,33224,,
tg,rfd2.0,140363,140913,SCHILLER,29,hungern,VVINF,hungern,33224,,
tg,rfd2.0,140363,140913,SCHILLER,29,und,KON,und,33224,,
tg,rfd2.0,140363,140913,SCHILLER,29,darben,VVFIN,derben,33224,,
tg,rfd2.0,140363,140913,SCHILLER,29,und,KON,und,33224,,
tg,rfd2.0,140363,140913,SCHILLER,29,verderben,VVFIN,verderben,33224,,
tg,rfd2.0,140363,140913,SCHILLER,29,",","$,",--,33224,,
tg,rfd2.0,140363,140913,SCHILLER,29,was,PWS,was,33224,,
tg,rfd2.0,140363,140913,SCHILLER,29,ist's,FM,ist's,33224,,
tg,rfd2.0,140363,140913,SCHILLER,29,weiter,PTKVZ,weiter,33224,,
tg,rfd2.0,140363,140913,SCHILLER,29,",","$,",--,33224,,
tg,rfd2.0,140363,140913,SCHILLER,29,wenn,KOUS,wenn,33224,,
tg,rfd2.0,140363,140913,SCHILLER,29,man,PIS,man,33224,,
tg,rfd2.0,140363,140913,SCHILLER,29,nur,ADV,nur,33224,,
tg,rfd2.0,140363,140913,SCHILLER,29,sich,PRF,sich,33224,,
tg,rfd2.0,140363,140913,SCHILLER,29,selbst,ADV,selbst,33224,,
tg,rfd2.0,140363,140913,SCHILLER,29,und,KON,und,33224,,
tg,rfd2.0,140363,140913,SCHILLER,29,dem,ART,der,33224,,
tg,rfd2.0,140363,140913,SCHILLER,29,Ewigen,NN,ewige,33224,,
tg,rfd2.0,140363,140913,SCHILLER,29,verantwortlich,ADJD,verantwortlich,33224,,
tg,rfd2.0,140363,140913,SCHILLER,29,ist,VAFIN,sein,33224,,
tg,rfd2.0,140363,140913,SCHILLER,29,",","$,",--,33224,,
tg,rfd2.0,140363,140913,SCHILLER,29,und,KON,und,33224,,
tg,rfd2.0,140363,140913,SCHILLER,29,wenn,KOUS,wenn,33224,,
tg,rfd2.0,140363,140913,SCHILLER,29,man,PIS,man,33224,,
tg,rfd2.0,140363,140913,SCHILLER,29,große,ADJA,groß,33224,,
tg,rfd2.0,140363,140913,SCHILLER,29,Absichten,NN,absicht,33224,,
tg,rfd2.0,140363,140913,SCHILLER,29,im,APPRART,in,33224,,
tg,rfd2.0,140363,140913,SCHILLER,29,Busen,NN,busen,33224,,
tg,rfd2.0,140363,140913,SCHILLER,29,trägt,VVFIN,tragen,33224,,
tg,rfd2.0,140363,140913,SCHILLER,29,"!",$.,--,33224,,
tg,rfd2.0,140363,140913,SCHILLER,29,?,$.,--,33224,,
tg,rfd2.0,140363,140913,SCHILLER,29,Aber,KON,aber,33224,,
tg,rfd2.0,140363,140913,SCHILLER,29,die,ART,der,33224,,
tg,rfd2.0,140363,140913,SCHILLER,29,Meinigen,NN,meinige,33224,,
tg,rfd2.0,140363,140913,SCHILLER,29,in,APPR,in,33224,,
tg,rfd2.0,140363,140913,SCHILLER,29,Ludwigsburg,NE,ludwigsburg,33224,,
tg,rfd2.0,140363,140913,SCHILLER,29,"!",$.,--,33224,,
tg,rfd2.0,140363,140913,SCHILLER,29,Mein,PPOSAT,mein,33224,,
tg,rfd2.0,140363,140913,SCHILLER,29,strenger,ADJA,streng,33224,,
tg,rfd2.0,140363,140913,SCHILLER,29,Vater,NN,vater,33224,,
tg,rfd2.0,140363,140913,SCHILLER,29,ärgerte,VVFIN,ärgern,33224,,
tg,rfd2.0,140363,140913,SCHILLER,29,sich,PRF,sich,33224,,
tg,rfd2.0,140363,140913,SCHILLER,29,bis,APPR,bis,33224,,
tg,rfd2.0,140363,140913,SCHILLER,29,in,APPR,in,33224,,
tg,rfd2.0,140363,140913,SCHILLER,29,die,ART,der,33224,,
tg,rfd2.0,140363,140913,SCHILLER,29,Grube,NN,grube,33224,,
tg,rfd2.0,140363,140913,SCHILLER,29,hinab,VVFIN,hinab,33224,,
tg,rfd2.0,140363,140913,SCHILLER,29,",","$,",--,33224,,
tg,rfd2.0,140363,140913,SCHILLER,29,wenn,KOUS,wenn,33224,,
tg,rfd2.0,140363,140913,SCHILLER,29,sein,PPOSAT,sein,33224,,
tg,rfd2.0,140363,140913,SCHILLER,29,Sohn,NN,sohn,33224,,
tg,rfd2.0,140363,140913,SCHILLER,29,dem,ART,der,33224,,
tg,rfd2.0,140363,140913,SCHILLER,29,Herzoge,NN,herzoge,33224,,
tg,rfd2.0,140363,140913,SCHILLER,29,",","$,",--,33224,,
tg,rfd2.0,140363,140913,SCHILLER,29,seinem,PPOSAT,sein,33224,,
tg,rfd2.0,140363,140913,SCHILLER,29,Wohltäter,NN,wohltäter,33224,,
tg,rfd2.0,140363,140913,SCHILLER,29,entliefe,VVFIN,entlief,33224,,
tg,rfd2.0,140363,140913,SCHILLER,29,",","$,",--,33224,,
tg,rfd2.0,140363,140913,SCHILLER,29,wie,PWAV,wie,33224,,
tg,rfd2.0,140363,140913,SCHILLER,29,ein,ART,ein,33224,,
tg,rfd2.0,140363,140913,SCHILLER,29,Vagabund,NN,vagabund,33224,,
tg,rfd2.0,140363,140913,SCHILLER,29,und,KON,und,33224,,
tg,rfd2.0,140363,140913,SCHILLER,29,–,XY,–,33224,,
tg,rfd2.0,140363,140913,SCHILLER,29,nichts,PIS,nichts,33224,,
tg,rfd2.0,140363,140913,SCHILLER,29,weiter,ADV,weiter,33224,,
tg,rfd2.0,140363,140913,SCHILLER,29,würde,VAFIN,werden,33224,,
tg,rfd2.0,140363,140913,SCHILLER,29,als,KOKOM,als,33224,,
tg,rfd2.0,140363,140913,SCHILLER,29,ein,ART,ein,33224,,
tg,rfd2.0,140363,140913,SCHILLER,29,Vagabund,NN,vagabund,33224,,
tg,rfd2.0,140363,140913,SCHILLER,29,"!",$.,--,33224,,
tg,rfd2.0,140363,140913,SCHILLER,29,Und,KON,und,33224,,
tg,rfd2.0,140363,140913,SCHILLER,29,meine,PPOSAT,mein,33224,SCHILLER,29
tg,rfd2.0,140363,140913,SCHILLER,29,Mutter,NN,mutter,33224,,
tg,rfd2.0,140363,140913,SCHILLER,29,",","$,",--,33224,,
tg,rfd2.0,140363,140913,SCHILLER,29,meine,PPOSAT,mein,33224,SCHILLER,29
tg,rfd2.0,140363,140913,SCHILLER,29,gute,ADJA,gut,33224,,
tg,rfd2.0,140363,140913,SCHILLER,29,",","$,",--,33224,,
tg,rfd2.0,140363,140913,SCHILLER,29,zärtliche,ADJA,zärtlich,33224,,
tg,rfd2.0,140363,140913,SCHILLER,29,Mutter,NN,mutter,33224,,
tg,rfd2.0,140363,140913,SCHILLER,29,",","$,",--,33224,,
tg,rfd2.0,140363,140913,SCHILLER,29,meine,PPOSAT,mein,33224,SCHILLER,29
tg,rfd2.0,140363,140913,SCHILLER,29,Schwester,NN,schwester,33224,,
tg,rfd2.0,140363,140913,SCHILLER,29,–,XY,–,33224,,
tg,rfd2.0,140363,140913,SCHILLER,29,ach,ITJ,ach,33224,,
tg,rfd2.0,140363,140913,SCHILLER,29,",","$,",--,33224,,
tg,rfd2.0,140363,140913,SCHILLER,29,ich,PPER,ich,33224,SCHILLER,29
tg,rfd2.0,140363,140913,SCHILLER,29,darf,VMFIN,dürfen,33224,,
tg,rfd2.0,140363,140913,SCHILLER,29,nicht,PTKNEG,nicht,33224,,
tg,rfd2.0,140363,140913,SCHILLER,29,daran,PROAV,daran,33224,,
tg,rfd2.0,140363,140913,SCHILLER,29,denken,VVINF,denken,33224,,
tg,rfd2.0,140363,140913,SCHILLER,29,"!",$.,--,33224,,
tg,rfd2.0,140918,140995,KOCH,20,Aber,KON,aber,33224,,
tg,rfd2.0,140918,140995,KOCH,20,du,PPER,du,33224,,
tg,rfd2.0,140918,140995,KOCH,20,wirst,VAFIN,werden,33224,,
tg,rfd2.0,140918,140995,KOCH,20,ja,ADV,ja,33224,,
tg,rfd2.0,140918,140995,KOCH,20,kein,PIAT,kein,33224,,
tg,rfd2.0,140918,140995,KOCH,20,Vagabund,NN,vagabund,33224,,
tg,rfd2.0,140918,140995,KOCH,20,bleiben,VVINF,bleiben,33224,,
tg,rfd2.0,140918,140995,KOCH,20,",","$,",--,33224,,
tg,rfd2.0,140918,140995,KOCH,20,wofür,PWAV,wofür,33224,,
tg,rfd2.0,140918,140995,KOCH,20,hast,VAFIN,haben,33224,,
tg,rfd2.0,140918,140995,KOCH,20,du,PPER,du,33224,,
tg,rfd2.0,140918,140995,KOCH,20,denn,ADV,denn,33224,,
tg,rfd2.0,140918,140995,KOCH,20,dein,PPOSAT,dein,33224,,
tg,rfd2.0,140918,140995,KOCH,20,Genie,NN,genie,33224,,
tg,rfd2.0,140918,140995,KOCH,20,?,$.,--,33224,,
tg,rfd2.0,141000,141284,SCHILLER,29,Guter,ADJA,gut,33224,,
tg,rfd2.0,141000,141284,SCHILLER,29,Anton,NE,anton,33224,,
tg,rfd2.0,141000,141284,SCHILLER,29,",","$,",--,33224,,
tg,rfd2.0,141000,141284,SCHILLER,29,mit,APPR,mit,33224,,
tg,rfd2.0,141000,141284,SCHILLER,29,dem,ART,der,33224,,
tg,rfd2.0,141000,141284,SCHILLER,29,Genie,NN,genie,33224,,
tg,rfd2.0,141000,141284,SCHILLER,29,ist,VAFIN,sein,33224,,
tg,rfd2.0,141000,141284,SCHILLER,29,das,PDS,der,33224,,
tg,rfd2.0,141000,141284,SCHILLER,29,so,ADV,so,33224,,
tg,rfd2.0,141000,141284,SCHILLER,29,ein,ART,ein,33224,,
tg,rfd2.0,141000,141284,SCHILLER,29,unsicher,ADJD,unsicher,33224,,
tg,rfd2.0,141000,141284,SCHILLER,29,Ding,NN,ding,33224,,
tg,rfd2.0,141000,141284,SCHILLER,29,.,$.,--,33224,,
tg,rfd2.0,141000,141284,SCHILLER,29,Manchmal,ADV,manchmal,33224,,
tg,rfd2.0,141000,141284,SCHILLER,29,",","$,",--,33224,,
tg,rfd2.0,141000,141284,SCHILLER,29,ja,ADV,ja,33224,,
tg,rfd2.0,141000,141284,SCHILLER,29,oft,ADV,oft,33224,,
tg,rfd2.0,141000,141284,SCHILLER,29,sogar,ADV,sogar,33224,,
tg,rfd2.0,141000,141284,SCHILLER,29,glaub,ADV,glaub,33224,,
tg,rfd2.0,141000,141284,SCHILLER,29,',$[,--,33224,,
tg,rfd2.0,141000,141284,SCHILLER,29,ich,PPER,ich,33224,SCHILLER,29
tg,rfd2.0,141000,141284,SCHILLER,29,auch,ADV,auch,33224,,
tg,rfd2.0,141000,141284,SCHILLER,29,daran,PROAV,daran,33224,,
tg,rfd2.0,141000,141284,SCHILLER,29,und,KON,und,33224,,
tg,rfd2.0,141000,141284,SCHILLER,29,schlag,VVFIN,schliegen,33224,,
tg,rfd2.0,141000,141284,SCHILLER,29,',$[,--,33224,,
tg,rfd2.0,141000,141284,SCHILLER,29,es,PPER,es,33224,,
tg,rfd2.0,141000,141284,SCHILLER,29,wohl,ADV,wohl,33224,,
tg,rfd2.0,141000,141284,SCHILLER,29,noch,ADV,noch,33224,,
tg,rfd2.0,141000,141284,SCHILLER,29,höher,ADJD,hoch,33224,,
tg,rfd2.0,141000,141284,SCHILLER,29,an,PTKVZ,an,33224,,
tg,rfd2.0,141000,141284,SCHILLER,29,",","$,",--,33224,,
tg,rfd2.0,141000,141284,SCHILLER,29,als,APPR,als,33224,,
tg,rfd2.0,141000,141284,SCHILLER,29,eure,ADJA,euer,33224,,
tg,rfd2.0,141000,141284,SCHILLER,29,Lobsprüche,NN,lobspruch,33224,,
tg,rfd2.0,141000,141284,SCHILLER,29,es,PPER,es,33224,,
tg,rfd2.0,141000,141284,SCHILLER,29,anschlagen,VVINF,anschlagen,33224,,
tg,rfd2.0,141000,141284,SCHILLER,29,;,$.,--,33224,,
tg,rfd2.0,141000,141284,SCHILLER,29,denn,KON,denn,33224,,
tg,rfd2.0,141000,141284,SCHILLER,29,ich,PPER,ich,33224,SCHILLER,29
tg,rfd2.0,141000,141284,SCHILLER,29,fühle,VVFIN,fühlen,33224,,
tg,rfd2.0,141000,141284,SCHILLER,29,und,KON,und,33224,,
tg,rfd2.0,141000,141284,SCHILLER,29,weiß,VVFIN,weiß,33224,,
tg,rfd2.0,141000,141284,SCHILLER,29,noch,ADV,noch,33224,,
tg,rfd2.0,141000,141284,SCHILLER,29,viel,PIDAT,viel,33224,,
tg,rfd2.0,141000,141284,SCHILLER,29,größere,ADJA,groß,33224,,
tg,rfd2.0,141000,141284,SCHILLER,29,Absichten,NN,absicht,33224,,
tg,rfd2.0,141000,141284,SCHILLER,29,in,APPR,in,33224,,
tg,rfd2.0,141000,141284,SCHILLER,29,mir,PPER,sich,33224,SCHILLER,29
tg,rfd2.0,141000,141284,SCHILLER,29,",","$,",--,33224,,
tg,rfd2.0,141000,141284,SCHILLER,29,als,KOUS,als,33224,,
tg,rfd2.0,141000,141284,SCHILLER,29,ihr,PPER,ihr,33224,,
tg,rfd2.0,141000,141284,SCHILLER,29,erscheinen,VVFIN,erscheinen,33224,,
tg,rfd2.0,141000,141284,SCHILLER,29,seht,ADJD,sehen,33224,,
tg,rfd2.0,141000,141284,SCHILLER,29,",","$,",--,33224,,
tg,rfd2.0,141000,141284,SCHILLER,29,aber,KON,aber,33224,,
tg,rfd2.0,141000,141284,SCHILLER,29,manchmal,ADV,manchmal,33224,,
tg,rfd2.0,141000,141284,SCHILLER,29,–,ITJ,–,33224,,
tg,rfd2.0,141289,141333,KOCH,20,Bist,VAFIN,sein,33224,,
tg,rfd2.0,141289,141333,KOCH,20,du,PPER,du,33224,,
tg,rfd2.0,141289,141333,KOCH,20,hypochondrisch,ADJD,hypochondrisch,33224,,
tg,rfd2.0,141289,141333,KOCH,20,",","$,",--,33224,,
tg,rfd2.0,141289,141333,KOCH,20,kleinmütig,ADJD,kleinmütig,33224,,
tg,rfd2.0,141289,141333,KOCH,20,–,XY,–,33224,,
tg,rfd2.0,141289,141333,KOCH,20,"!",$.,--,33224,,
tg,rfd2.0,141338,141621,SCHILLER,29,Nicht,PTKNEG,nicht,33224,,
tg,rfd2.0,141338,141621,SCHILLER,29,bloß,ADV,bloß,33224,,
tg,rfd2.0,141338,141621,SCHILLER,29,",","$,",--,33224,,
tg,rfd2.0,141338,141621,SCHILLER,29,nicht,PTKNEG,nicht,33224,,
tg,rfd2.0,141338,141621,SCHILLER,29,bloß,ADV,bloß,33224,,
tg,rfd2.0,141338,141621,SCHILLER,29,.,$.,--,33224,,
tg,rfd2.0,141338,141621,SCHILLER,29,Ich,PPER,ich,33224,,
tg,rfd2.0,141338,141621,SCHILLER,29,fürchte,VVFIN,fürchen,33224,,
tg,rfd2.0,141338,141621,SCHILLER,29,",","$,",--,33224,,
tg,rfd2.0,141338,141621,SCHILLER,29,es,PPER,es,33224,,
tg,rfd2.0,141338,141621,SCHILLER,29,ist,VAFIN,sein,33224,,
tg,rfd2.0,141338,141621,SCHILLER,29,doch,ADV,doch,33224,,
tg,rfd2.0,141338,141621,SCHILLER,29,nichts,PIS,nichts,33224,,
tg,rfd2.0,141338,141621,SCHILLER,29,Ganzes,NN,ganze,33224,,
tg,rfd2.0,141338,141621,SCHILLER,29,mit,APPR,mit,33224,,
tg,rfd2.0,141338,141621,SCHILLER,29,meinem,PPOSAT,mein,33224,SCHILLER,29
tg,rfd2.0,141338,141621,SCHILLER,29,Talent,NN,talent,33224,,
tg,rfd2.0,141338,141621,SCHILLER,29,",","$,",--,33224,,
tg,rfd2.0,141338,141621,SCHILLER,29,und,KON,und,33224,,
tg,rfd2.0,141338,141621,SCHILLER,29,ich,PPER,ich,33224,SCHILLER,29
tg,rfd2.0,141338,141621,SCHILLER,29,komme,VVFIN,kommen,33224,,
tg,rfd2.0,141338,141621,SCHILLER,29,mir,PPER,sich,33224,SCHILLER,29
tg,rfd2.0,141338,141621,SCHILLER,29,jämmerlich,ADJD,jämmerlich,33224,,
tg,rfd2.0,141338,141621,SCHILLER,29,klein,ADJD,klein,33224,,
tg,rfd2.0,141338,141621,SCHILLER,29,vor,APPR,vor,33224,,
tg,rfd2.0,141338,141621,SCHILLER,29,neben,APPR,neben,33224,,
tg,rfd2.0,141338,141621,SCHILLER,29,den,ART,der,33224,,
tg,rfd2.0,141338,141621,SCHILLER,29,großen,ADJA,groß,33224,,
tg,rfd2.0,141338,141621,SCHILLER,29,Vorbildern,NN,vorbild,33224,,
tg,rfd2.0,141338,141621,SCHILLER,29,und,KON,und,33224,,
tg,rfd2.0,141338,141621,SCHILLER,29,besonders,ADV,besonders,33224,,
tg,rfd2.0,141338,141621,SCHILLER,29,neben,APPR,neben,33224,,
tg,rfd2.0,141338,141621,SCHILLER,29,den,ART,der,33224,,
tg,rfd2.0,141338,141621,SCHILLER,29,unbestimmten,ADJA,unbestimmt,33224,,
tg,rfd2.0,141338,141621,SCHILLER,29,Bildern,NN,bild,33224,,
tg,rfd2.0,141338,141621,SCHILLER,29,",","$,",--,33224,,
tg,rfd2.0,141338,141621,SCHILLER,29,die,PRELS,der,33224,,
tg,rfd2.0,141338,141621,SCHILLER,29,ich,PPER,ich,33224,SCHILLER,29
tg,rfd2.0,141338,141621,SCHILLER,29,als,APPR,als,33224,,
tg,rfd2.0,141338,141621,SCHILLER,29,Ideale,NN,ideal,33224,,
tg,rfd2.0,141338,141621,SCHILLER,29,von,APPR,von,33224,,
tg,rfd2.0,141338,141621,SCHILLER,29,Dichtwerken,NN,dichtwerk,33224,,
tg,rfd2.0,141338,141621,SCHILLER,29,in,APPR,in,33224,,
tg,rfd2.0,141338,141621,SCHILLER,29,mir,PPER,sich,33224,SCHILLER,29
tg,rfd2.0,141338,141621,SCHILLER,29,selber,ADV,selber,33224,,
tg,rfd2.0,141338,141621,SCHILLER,29,trage,VVFIN,tragen,33224,,
tg,rfd2.0,141338,141621,SCHILLER,29,–,XY,–,33224,,
tg,rfd2.0,141626,141641,KOCH,20,Ach,ITJ,ach,33224,,
tg,rfd2.0,141626,141641,KOCH,20,was,PWS,was,33224,,
tg,rfd2.0,141626,141641,KOCH,20,"!",$.,--,33224,,
tg,rfd2.0,141646,142103,SCHILLER,29,Anton,NE,anton,33224,,
tg,rfd2.0,141646,142103,SCHILLER,29,",","$,",--,33224,,
tg,rfd2.0,141646,142103,SCHILLER,29,du,PPER,du,33224,,
tg,rfd2.0,141646,142103,SCHILLER,29,glaubst,VVFIN,glaubst,33224,,
tg,rfd2.0,141646,142103,SCHILLER,29,es,PPER,es,33224,,
tg,rfd2.0,141646,142103,SCHILLER,29,gar,ADV,gar,33224,,
tg,rfd2.0,141646,142103,SCHILLER,29,nicht,PTKNEG,nicht,33224,,
tg,rfd2.0,141646,142103,SCHILLER,29,",","$,",--,33224,,
tg,rfd2.0,141646,142103,SCHILLER,29,wie,PWAV,wie,33224,,
tg,rfd2.0,141646,142103,SCHILLER,29,sauer,ADJD,sauer,33224,,
tg,rfd2.0,141646,142103,SCHILLER,29,mir,PPER,sich,33224,SCHILLER,29
tg,rfd2.0,141646,142103,SCHILLER,29,manchmal,ADV,manchmal,33224,,
tg,rfd2.0,141646,142103,SCHILLER,29,das,ART,der,33224,,
tg,rfd2.0,141646,142103,SCHILLER,29,Schreiben,NN,schreiben,33224,,
tg,rfd2.0,141646,142103,SCHILLER,29,wird,VAFIN,werden,33224,,
tg,rfd2.0,141646,142103,SCHILLER,29,",","$,",--,33224,,
tg,rfd2.0,141646,142103,SCHILLER,29,und,KON,und,33224,,
tg,rfd2.0,141646,142103,SCHILLER,29,wie,PWAV,wie,33224,,
tg,rfd2.0,141646,142103,SCHILLER,29,es,PPER,es,33224,,
tg,rfd2.0,141646,142103,SCHILLER,29,nach,APPR,nach,33224,,
tg,rfd2.0,141646,142103,SCHILLER,29,einer,ART,ein,33224,,
tg,rfd2.0,141646,142103,SCHILLER,29,mühsam,ADJD,mühsam,33224,,
tg,rfd2.0,141646,142103,SCHILLER,29,beendigten,ADJA,beendigt,33224,,
tg,rfd2.0,141646,142103,SCHILLER,29,Arbeit,NN,arbeit,33224,,
tg,rfd2.0,141646,142103,SCHILLER,29,wüst,VVFIN,wüst,33224,,
tg,rfd2.0,141646,142103,SCHILLER,29,und,KON,und,33224,,
tg,rfd2.0,141646,142103,SCHILLER,29,leer,ADJD,leer,33224,,
tg,rfd2.0,141646,142103,SCHILLER,29,und,KON,und,33224,,
tg,rfd2.0,141646,142103,SCHILLER,29,öde,ADJA,öde,33224,,
tg,rfd2.0,141646,142103,SCHILLER,29,in,APPR,in,33224,,
tg,rfd2.0,141646,142103,SCHILLER,29,mir,PPER,sich,33224,SCHILLER,29
tg,rfd2.0,141646,142103,SCHILLER,29,aussieht,VVFIN,aussehen,33224,,
tg,rfd2.0,141646,142103,SCHILLER,29,",","$,",--,33224,,
tg,rfd2.0,141646,142103,SCHILLER,29,daß,KOUS,daß,33224,,
tg,rfd2.0,141646,142103,SCHILLER,29,ich,PPER,ich,33224,SCHILLER,29
tg,rfd2.0,141646,142103,SCHILLER,29,mir,PPER,sich,33224,SCHILLER,29
tg,rfd2.0,141646,142103,SCHILLER,29,in,APPR,in,33224,,
tg,rfd2.0,141646,142103,SCHILLER,29,Verzweiflung,NN,verzweiflung,33224,,
tg,rfd2.0,141646,142103,SCHILLER,29,gestehen,VVINF,gestehen,33224,,
tg,rfd2.0,141646,142103,SCHILLER,29,muß,VMFIN,müssen,33224,,
tg,rfd2.0,141646,142103,SCHILLER,29,:,$.,--,33224,,
tg,rfd2.0,141646,142103,SCHILLER,29,du,PPER,du,33224,,
tg,rfd2.0,141646,142103,SCHILLER,29,bist,VAFIN,sein,33224,,
tg,rfd2.0,141646,142103,SCHILLER,29,fertig,ADJD,fertig,33224,,
tg,rfd2.0,141646,142103,SCHILLER,29,",","$,",--,33224,,
tg,rfd2.0,141646,142103,SCHILLER,29,du,PPER,du,33224,,
tg,rfd2.0,141646,142103,SCHILLER,29,kannst,VMFIN,können,33224,,
tg,rfd2.0,141646,142103,SCHILLER,29,nichts,PIS,nichts,33224,,
tg,rfd2.0,141646,142103,SCHILLER,29,mehr,ADV,mehr,33224,,
tg,rfd2.0,141646,142103,SCHILLER,29,–,XY,–,33224,,
tg,rfd2.0,141646,142103,SCHILLER,29,siehst,VVFIN,sehen,33224,,
tg,rfd2.0,141646,142103,SCHILLER,29,du,PPER,du,33224,,
tg,rfd2.0,141646,142103,SCHILLER,29,",","$,",--,33224,,
tg,rfd2.0,141646,142103,SCHILLER,29,bei,APPR,bei,33224,,
tg,rfd2.0,141646,142103,SCHILLER,29,einem,ART,ein,33224,,
tg,rfd2.0,141646,142103,SCHILLER,29,richtigen,ADJA,richtig,33224,,
tg,rfd2.0,141646,142103,SCHILLER,29,Genie,NN,genie,33224,,
tg,rfd2.0,141646,142103,SCHILLER,29,darf,VMFIN,dürfen,33224,,
tg,rfd2.0,141646,142103,SCHILLER,29,das,PDS,der,33224,,
tg,rfd2.0,141646,142103,SCHILLER,29,nicht,PTKNEG,nicht,33224,,
tg,rfd2.0,141646,142103,SCHILLER,29,vorkommen,VVINF,vorkommen,33224,,
tg,rfd2.0,141646,142103,SCHILLER,29,",","$,",--,33224,,
tg,rfd2.0,141646,142103,SCHILLER,29,eine,ART,ein,33224,,
tg,rfd2.0,141646,142103,SCHILLER,29,göttliche,ADJA,göttlich,33224,,
tg,rfd2.0,141646,142103,SCHILLER,29,Zuversicht,NN,zuversicht,33224,,
tg,rfd2.0,141646,142103,SCHILLER,29,muß,VMFIN,müssen,33224,,
tg,rfd2.0,141646,142103,SCHILLER,29,den,ART,der,33224,,
tg,rfd2.0,141646,142103,SCHILLER,29,schöpferischen,ADJA,schöpferisch,33224,,
tg,rfd2.0,141646,142103,SCHILLER,29,Dichter,NN,dichter,33224,,
tg,rfd2.0,141646,142103,SCHILLER,29,über,APPR,über,33224,,
tg,rfd2.0,141646,142103,SCHILLER,29,die,ART,der,33224,,
tg,rfd2.0,141646,142103,SCHILLER,29,Erde,NN,erde,33224,,
tg,rfd2.0,141646,142103,SCHILLER,29,hinwegtragen,VVINF,hinwtragen,33224,,
tg,rfd2.0,141646,142103,SCHILLER,29,",","$,",--,33224,,
tg,rfd2.0,141646,142103,SCHILLER,29,und,KON,und,33224,,
tg,rfd2.0,141646,142103,SCHILLER,29,diese,PDAT,dieser,33224,,
tg,rfd2.0,141646,142103,SCHILLER,29,Zuversicht,NN,zuversicht,33224,,
tg,rfd2.0,141646,142103,SCHILLER,29,",","$,",--,33224,,
tg,rfd2.0,141646,142103,SCHILLER,29,Anton,NE,anton,33224,,
tg,rfd2.0,141646,142103,SCHILLER,29,–,VVFIN,–,33224,,
tg,rfd2.0,141646,142103,SCHILLER,29,die,ART,der,33224,,
tg,rfd2.0,141646,142103,SCHILLER,29,hab,VAFIN,hab,33224,,
tg,rfd2.0,141646,142103,SCHILLER,29,',$[,--,33224,,
tg,rfd2.0,141646,142103,SCHILLER,29,ich,PPER,ich,33224,SCHILLER,29
tg,rfd2.0,141646,142103,SCHILLER,29,sehr,ADV,sehr,33224,,
tg,rfd2.0,141646,142103,SCHILLER,29,selten,ADJD,selten,33224,,
tg,rfd2.0,141646,142103,SCHILLER,29,.,$.,--,33224,,
tg,rfd2.0,142108,142134,KOCH,20,Hast,VAFIN,haben,33224,,
tg,rfd2.0,142108,142134,KOCH,20,sie,PPER,sie,33224,,
tg,rfd2.0,142108,142134,KOCH,20,aber,ADV,aber,33224,,
tg,rfd2.0,142108,142134,KOCH,20,doch,ADV,doch,33224,,
tg,rfd2.0,142108,142134,KOCH,20,"!",$.,--,33224,,
tg,rfd2.0,142139,142416,SCHILLER,29,Und,KON,und,33224,,
tg,rfd2.0,142139,142416,SCHILLER,29,wenn,KOUS,wenn,33224,,
tg,rfd2.0,142139,142416,SCHILLER,29,man,PIS,man,33224,,
tg,rfd2.0,142139,142416,SCHILLER,29,nicht,PTKNEG,nicht,33224,,
tg,rfd2.0,142139,142416,SCHILLER,29,das,ART,der,33224,,
tg,rfd2.0,142139,142416,SCHILLER,29,Größte,ADJA,groß,33224,,
tg,rfd2.0,142139,142416,SCHILLER,29,leisten,VVINF,leisten,33224,,
tg,rfd2.0,142139,142416,SCHILLER,29,kann,VMFIN,können,33224,,
tg,rfd2.0,142139,142416,SCHILLER,29,in,APPR,in,33224,,
tg,rfd2.0,142139,142416,SCHILLER,29,der,ART,der,33224,,
tg,rfd2.0,142139,142416,SCHILLER,29,Dichtkunst,NN,dichtkunst,33224,,
tg,rfd2.0,142139,142416,SCHILLER,29,",","$,",--,33224,,
tg,rfd2.0,142139,142416,SCHILLER,29,dann,ADV,dann,33224,,
tg,rfd2.0,142139,142416,SCHILLER,29,hat,VAFIN,haben,33224,,
tg,rfd2.0,142139,142416,SCHILLER,29,man,PIS,man,33224,,
tg,rfd2.0,142139,142416,SCHILLER,29,kein,PIAT,kein,33224,,
tg,rfd2.0,142139,142416,SCHILLER,29,Recht,NN,recht,33224,,
tg,rfd2.0,142139,142416,SCHILLER,29,",","$,",--,33224,,
tg,rfd2.0,142139,142416,SCHILLER,29,sich,PRF,sich,33224,,
tg,rfd2.0,142139,142416,SCHILLER,29,den,ART,der,33224,,
tg,rfd2.0,142139,142416,SCHILLER,29,Verpflichtungen,NN,verpflichtung,33224,,
tg,rfd2.0,142139,142416,SCHILLER,29,eines,ART,ein,33224,,
tg,rfd2.0,142139,142416,SCHILLER,29,bürgerlichen,ADJA,bürgerlich,33224,,
tg,rfd2.0,142139,142416,SCHILLER,29,Amtes,NN,amt,33224,,
tg,rfd2.0,142139,142416,SCHILLER,29,zu,PTKZU,zu,33224,,
tg,rfd2.0,142139,142416,SCHILLER,29,entziehen,VVINF,entziehen,33224,,
tg,rfd2.0,142139,142416,SCHILLER,29,.,$.,--,33224,,
tg,rfd2.0,142139,142416,SCHILLER,29,Wer,PWS,wer,33224,,
tg,rfd2.0,142139,142416,SCHILLER,29,nicht,PTKNEG,nicht,33224,,
tg,rfd2.0,142139,142416,SCHILLER,29,im,APPRART,in,33224,,
tg,rfd2.0,142139,142416,SCHILLER,29,Großen,ADJA,groß,33224,,
tg,rfd2.0,142139,142416,SCHILLER,29,wirken,VVINF,wirken,33224,,
tg,rfd2.0,142139,142416,SCHILLER,29,kann,VMFIN,können,33224,,
tg,rfd2.0,142139,142416,SCHILLER,29,",","$,",--,33224,,
tg,rfd2.0,142139,142416,SCHILLER,29,muß,VMFIN,müssen,33224,,
tg,rfd2.0,142139,142416,SCHILLER,29,wenigstens,ADV,wenigstens,33224,,
tg,rfd2.0,142139,142416,SCHILLER,29,im,APPRART,in,33224,,
tg,rfd2.0,142139,142416,SCHILLER,29,Kleinen,NN,klein,33224,,
tg,rfd2.0,142139,142416,SCHILLER,29,nützen,VVFIN,nützen,33224,,
tg,rfd2.0,142139,142416,SCHILLER,29,",","$,",--,33224,,
tg,rfd2.0,142139,142416,SCHILLER,29,oder,KON,oder,33224,,
tg,rfd2.0,142139,142416,SCHILLER,29,er,PPER,er,33224,,
tg,rfd2.0,142139,142416,SCHILLER,29,ist,VAFIN,sein,33224,,
tg,rfd2.0,142139,142416,SCHILLER,29,ein,ART,ein,33224,,
tg,rfd2.0,142139,142416,SCHILLER,29,unnützes,ADJA,unnütz,33224,,
tg,rfd2.0,142139,142416,SCHILLER,29,Glied,NN,glied,33224,,
tg,rfd2.0,142139,142416,SCHILLER,29,der,ART,der,33224,,
tg,rfd2.0,142139,142416,SCHILLER,29,Gesellschaft,NN,gesellschaft,33224,,
tg,rfd2.0,142139,142416,SCHILLER,29,.,$.,--,33224,,
tg,rfd2.0,142421,142617,"Laura, deren Pflegetochter.",3,Es,PPER,es,33224,,
tg,rfd2.0,142421,142617,"Laura, deren Pflegetochter.",3,sind,VAFIN,sein,33224,,
tg,rfd2.0,142421,142617,"Laura, deren Pflegetochter.",3,die,ART,der,33224,,
tg,rfd2.0,142421,142617,"Laura, deren Pflegetochter.",3,beiden,PIDAT,beide,33224,,
tg,rfd2.0,142421,142617,"Laura, deren Pflegetochter.",3,–,NN,–,33224,,
tg,rfd2.0,142421,142617,"Laura, deren Pflegetochter.",3,jetzt,ADV,jetzt,33224,,
tg,rfd2.0,142421,142617,"Laura, deren Pflegetochter.",3,also,ADV,also,33224,,
tg,rfd2.0,142421,142617,"Laura, deren Pflegetochter.",3,Etwas,ADV,etwas,33224,,
tg,rfd2.0,142421,142617,"Laura, deren Pflegetochter.",3,vorgehend,ADJD,vorgehend,33224,,
tg,rfd2.0,142421,142617,"Laura, deren Pflegetochter.",3,.,$.,--,33224,,
tg,rfd2.0,142421,142617,"Laura, deren Pflegetochter.",3,lieber,ADJD,lieber,33224,,
tg,rfd2.0,142421,142617,"Laura, deren Pflegetochter.",3,Himmel,NN,himmel,33224,,
tg,rfd2.0,142421,142617,"Laura, deren Pflegetochter.",3,",","$,",--,33224,,
tg,rfd2.0,142421,142617,"Laura, deren Pflegetochter.",3,jetzt,ADV,jetzt,33224,,
tg,rfd2.0,142421,142617,"Laura, deren Pflegetochter.",3,empfind,ADJD,empfind,33224,,
tg,rfd2.0,142421,142617,"Laura, deren Pflegetochter.",3,',$[,--,33224,,
tg,rfd2.0,142421,142617,"Laura, deren Pflegetochter.",3,ich,PPER,ich,33224,"Laura, deren Pflegetochter.",3
tg,rfd2.0,142421,142617,"Laura, deren Pflegetochter.",3,erst,ADV,erst,33224,,
tg,rfd2.0,142421,142617,"Laura, deren Pflegetochter.",3,",","$,",--,33224,,
tg,rfd2.0,142421,142617,"Laura, deren Pflegetochter.",3,daß,KOUS,daß,33224,,
tg,rfd2.0,142421,142617,"Laura, deren Pflegetochter.",3,es,PPER,es,33224,,
tg,rfd2.0,142421,142617,"Laura, deren Pflegetochter.",3,sich,PRF,sich,33224,,
tg,rfd2.0,142421,142617,"Laura, deren Pflegetochter.",3,wohl,ADV,wohl,33224,,
tg,rfd2.0,142421,142617,"Laura, deren Pflegetochter.",3,nicht,PTKNEG,nicht,33224,,
tg,rfd2.0,142421,142617,"Laura, deren Pflegetochter.",3,schickt,VVFIN,schicken,33224,,
tg,rfd2.0,142421,142617,"Laura, deren Pflegetochter.",3,für,APPR,für,33224,,
tg,rfd2.0,142421,142617,"Laura, deren Pflegetochter.",3,ein,ART,ein,33224,,
tg,rfd2.0,142421,142617,"Laura, deren Pflegetochter.",3,junges,ADJA,jung,33224,,
tg,rfd2.0,142421,142617,"Laura, deren Pflegetochter.",3,Mädchen,NN,mädchen,33224,,
tg,rfd2.0,142421,142617,"Laura, deren Pflegetochter.",3,",","$,",--,33224,,
tg,rfd2.0,142421,142617,"Laura, deren Pflegetochter.",3,mitten,ADV,mitten,33224,,
tg,rfd2.0,142421,142617,"Laura, deren Pflegetochter.",3,in,APPR,in,33224,,
tg,rfd2.0,142421,142617,"Laura, deren Pflegetochter.",3,der,ART,der,33224,,
tg,rfd2.0,142421,142617,"Laura, deren Pflegetochter.",3,Nacht,NN,nacht,33224,,
tg,rfd2.0,142421,142617,"Laura, deren Pflegetochter.",3,–,XY,–,33224,,
tg,rfd2.0,142622,142653,SCHILLER,29,Du,PPER,du,33224,,
tg,rfd2.0,142622,142653,SCHILLER,29,schweigst,VVFIN,schweigen,33224,,
tg,rfd2.0,142622,142653,SCHILLER,29,",","$,",--,33224,,
tg,rfd2.0,142622,142653,SCHILLER,29,Anton,NE,anton,33224,,
tg,rfd2.0,142622,142653,SCHILLER,29,?,$.,--,33224,,
tg,rfd2.0,142658,142996,KOCH,20,Du,PPER,du,33224,,
tg,rfd2.0,142658,142996,KOCH,20,machst,VVFIN,machen,33224,,
tg,rfd2.0,142658,142996,KOCH,20,mich,PPER,mich,33224,KOCH,20
tg,rfd2.0,142658,142996,KOCH,20,irre,VVFIN,irre,33224,,
tg,rfd2.0,142658,142996,KOCH,20,.,$.,--,33224,,
tg,rfd2.0,142658,142996,KOCH,20,Den,ART,der,33224,,
tg,rfd2.0,142658,142996,KOCH,20,Kuckuck,NN,kuckuck,33224,,
tg,rfd2.0,142658,142996,KOCH,20,auch,ADV,auch,33224,,
tg,rfd2.0,142658,142996,KOCH,20,"!",$.,--,33224,,
tg,rfd2.0,142658,142996,KOCH,20,Wenn,KOUS,wenn,33224,,
tg,rfd2.0,142658,142996,KOCH,20,du,PPER,du,33224,,
tg,rfd2.0,142658,142996,KOCH,20,mit,APPR,mit,33224,,
tg,rfd2.0,142658,142996,KOCH,20,deinen,PPOSAT,dein,33224,,
tg,rfd2.0,142658,142996,KOCH,20,großen,ADJA,groß,33224,,
tg,rfd2.0,142658,142996,KOCH,20,Fähigkeiten,NN,fähigkeit,33224,,
tg,rfd2.0,142658,142996,KOCH,20,zögerst,VVFIN,zögerst,33224,,
tg,rfd2.0,142658,142996,KOCH,20,",","$,",--,33224,,
tg,rfd2.0,142658,142996,KOCH,20,dich,PRF,dich,33224,,
tg,rfd2.0,142658,142996,KOCH,20,auf,APPR,auf,33224,,
tg,rfd2.0,142658,142996,KOCH,20,gut,ADJD,gut,33224,,
tg,rfd2.0,142658,142996,KOCH,20,Glück,NN,glück,33224,,
tg,rfd2.0,142658,142996,KOCH,20,in,APPR,in,33224,,
tg,rfd2.0,142658,142996,KOCH,20,die,ART,der,33224,,
tg,rfd2.0,142658,142996,KOCH,20,Welt,NN,welt,33224,,
tg,rfd2.0,142658,142996,KOCH,20,zu,PTKZU,zu,33224,,
tg,rfd2.0,142658,142996,KOCH,20,wagen,VVINF,wagen,33224,,
tg,rfd2.0,142658,142996,KOCH,20,",","$,",--,33224,,
tg,rfd2.0,142658,142996,KOCH,20,wenn,KOUS,wenn,33224,,
tg,rfd2.0,142658,142996,KOCH,20,du,PPER,du,33224,,
tg,rfd2.0,142658,142996,KOCH,20,fürchtest,VVFIN,fürchtest,33224,,
tg,rfd2.0,142658,142996,KOCH,20,ein,ART,ein,33224,,
tg,rfd2.0,142658,142996,KOCH,20,Taugenichts,NN,taugenicht,33224,,
tg,rfd2.0,142658,142996,KOCH,20,zu,PTKZU,zu,33224,,
tg,rfd2.0,142658,142996,KOCH,20,werden,VAINF,werden,33224,,
tg,rfd2.0,142658,142996,KOCH,20,",","$,",--,33224,,
tg,rfd2.0,142658,142996,KOCH,20,wie,PWAV,wie,33224,,
tg,rfd2.0,142658,142996,KOCH,20,soll,VMFIN,sollen,33224,,
tg,rfd2.0,142658,142996,KOCH,20,ich,PPER,ich,33224,KOCH,20
tg,rfd2.0,142658,142996,KOCH,20,mich,PRF,mich,33224,KOCH,20
tg,rfd2.0,142658,142996,KOCH,20,denn,ADV,denn,33224,,
tg,rfd2.0,142658,142996,KOCH,20,unterstehen,VVINF,unterstehen,33224,,
tg,rfd2.0,142658,142996,KOCH,20,"!",$.,--,33224,,
tg,rfd2.0,142658,142996,KOCH,20,Ich,PPER,ich,33224,,
tg,rfd2.0,142658,142996,KOCH,20,kann,VMFIN,können,33224,,
tg,rfd2.0,142658,142996,KOCH,20,ja,ADV,ja,33224,,
tg,rfd2.0,142658,142996,KOCH,20,nichts,PIS,nichts,33224,,
tg,rfd2.0,142658,142996,KOCH,20,als,APPR,als,33224,,
tg,rfd2.0,142658,142996,KOCH,20,Gesichter,NN,gesicht,33224,,
tg,rfd2.0,142658,142996,KOCH,20,stehlen,VVINF,stehlen,33224,,
tg,rfd2.0,142658,142996,KOCH,20,",","$,",--,33224,,
tg,rfd2.0,142658,142996,KOCH,20,und,KON,und,33224,,
tg,rfd2.0,142658,142996,KOCH,20,bilde,VVFIN,bilden,33224,,
tg,rfd2.0,142658,142996,KOCH,20,mir,PPER,sich,33224,KOCH,20
tg,rfd2.0,142658,142996,KOCH,20,ein,PTKVZ,ein,33224,,
tg,rfd2.0,142658,142996,KOCH,20,",","$,",--,33224,,
tg,rfd2.0,142658,142996,KOCH,20,in,APPR,in,33224,,
tg,rfd2.0,142658,142996,KOCH,20,Rom,NE,rom,33224,,
tg,rfd2.0,142658,142996,KOCH,20,ein,ART,ein,33224,,
tg,rfd2.0,142658,142996,KOCH,20,Maler,NN,maler,33224,,
tg,rfd2.0,142658,142996,KOCH,20,zu,PTKZU,zu,33224,,
tg,rfd2.0,142658,142996,KOCH,20,werden,VAINF,werden,33224,,
tg,rfd2.0,142658,142996,KOCH,20,;,$.,--,33224,,
tg,rfd2.0,142658,142996,KOCH,20,wenn,KOUS,wenn,33224,,
tg,rfd2.0,142658,142996,KOCH,20,ich,PPER,ich,33224,KOCH,20
tg,rfd2.0,142658,142996,KOCH,20,dich,PRF,dich,33224,,
tg,rfd2.0,142658,142996,KOCH,20,aber,ADV,aber,33224,,
tg,rfd2.0,142658,142996,KOCH,20,so,ADV,so,33224,,
tg,rfd2.0,142658,142996,KOCH,20,reden,VVINF,reden,33224,,
tg,rfd2.0,142658,142996,KOCH,20,höre,VVFIN,hören,33224,,
tg,rfd2.0,142658,142996,KOCH,20,–,XY,–,33224,,
tg,rfd2.0,143001,143188,SCHILLER,29,Sei,VAIMP,sei,33224,,
tg,rfd2.0,143001,143188,SCHILLER,29,getrost,VVPP,getrost,33224,,
tg,rfd2.0,143001,143188,SCHILLER,29,",","$,",--,33224,,
tg,rfd2.0,143001,143188,SCHILLER,29,Freund,NN,freund,33224,,
tg,rfd2.0,143001,143188,SCHILLER,29,",","$,",--,33224,,
tg,rfd2.0,143001,143188,SCHILLER,29,du,PPER,du,33224,,
tg,rfd2.0,143001,143188,SCHILLER,29,bist,VAFIN,sein,33224,,
tg,rfd2.0,143001,143188,SCHILLER,29,glücklicher,ADJD,glücklich,33224,,
tg,rfd2.0,143001,143188,SCHILLER,29,.,$.,--,33224,,
tg,rfd2.0,143001,143188,SCHILLER,29,Dir,NE,dir,33224,,
tg,rfd2.0,143001,143188,SCHILLER,29,hat,VAFIN,haben,33224,,
tg,rfd2.0,143001,143188,SCHILLER,29,der,ART,der,33224,,
tg,rfd2.0,143001,143188,SCHILLER,29,Himmel,NN,himmel,33224,,
tg,rfd2.0,143001,143188,SCHILLER,29,ein,ART,ein,33224,,
tg,rfd2.0,143001,143188,SCHILLER,29,einiges,PIS,einige,33224,,
tg,rfd2.0,143001,143188,SCHILLER,29,starkes,ADJA,stark,33224,,
tg,rfd2.0,143001,143188,SCHILLER,29,Talent,NN,talent,33224,,
tg,rfd2.0,143001,143188,SCHILLER,29,gegeben,VVPP,geben,33224,,
tg,rfd2.0,143001,143188,SCHILLER,29,",","$,",--,33224,,
tg,rfd2.0,143001,143188,SCHILLER,29,da,ADV,da,33224,,
tg,rfd2.0,143001,143188,SCHILLER,29,gibt's,VVFIN,gibt,33224,,
tg,rfd2.0,143001,143188,SCHILLER,29,keinen,PIAT,kein,33224,,
tg,rfd2.0,143001,143188,SCHILLER,29,Zwiespalt,NN,zwiespalt,33224,,
tg,rfd2.0,143001,143188,SCHILLER,29,",","$,",--,33224,,
tg,rfd2.0,143001,143188,SCHILLER,29,wie,KOKOM,wie,33224,,
tg,rfd2.0,143001,143188,SCHILLER,29,bei,APPR,bei,33224,,
tg,rfd2.0,143001,143188,SCHILLER,29,einem,ART,ein,33224,,
tg,rfd2.0,143001,143188,SCHILLER,29,Dichter,NN,dichter,33224,,
tg,rfd2.0,143001,143188,SCHILLER,29,",","$,",--,33224,,
tg,rfd2.0,143001,143188,SCHILLER,29,der,ART,der,33224,,
tg,rfd2.0,143001,143188,SCHILLER,29,vielleicht,ADV,vielleicht,33224,,
tg,rfd2.0,143001,143188,SCHILLER,29,keiner,PIS,keiner,33224,,
tg,rfd2.0,143001,143188,SCHILLER,29,ist,VAFIN,sein,33224,,
tg,rfd2.0,143001,143188,SCHILLER,29,–,XY,–,33224,,
tg,rfd2.0,143001,143188,SCHILLER,29,"!",$.,--,33224,,
tg,rfd2.0,143193,143216,KOCH,20,Warum,PWAV,warum,33224,,
tg,rfd2.0,143193,143216,KOCH,20,nicht,PTKNEG,nicht,33224,,
tg,rfd2.0,143193,143216,KOCH,20,gar,ADV,gar,33224,,
tg,rfd2.0,143193,143216,KOCH,20,"!",$.,--,33224,,
tg,rfd2.0,143222,143369,SCHILLER,29,Und,KON,und,33224,,
tg,rfd2.0,143222,143369,SCHILLER,29,dir,PPER,dir,33224,,
tg,rfd2.0,143222,143369,SCHILLER,29,hat,VAFIN,haben,33224,,
tg,rfd2.0,143222,143369,SCHILLER,29,die,ART,der,33224,,
tg,rfd2.0,143222,143369,SCHILLER,29,Natur,NN,natur,33224,,
tg,rfd2.0,143222,143369,SCHILLER,29,den,ART,der,33224,,
tg,rfd2.0,143222,143369,SCHILLER,29,persönlichen,ADJA,persönlich,33224,,
tg,rfd2.0,143222,143369,SCHILLER,29,Empfehlungsbrief,NN,empfehlungsbrief,33224,,
tg,rfd2.0,143222,143369,SCHILLER,29,gegeben,VVPP,geben,33224,,
tg,rfd2.0,143222,143369,SCHILLER,29,",","$,",--,33224,,
tg,rfd2.0,143222,143369,SCHILLER,29,du,PPER,du,33224,,
tg,rfd2.0,143222,143369,SCHILLER,29,gewinnst,VVFIN,gewinnst,33224,,
tg,rfd2.0,143222,143369,SCHILLER,29,die,ART,der,33224,,
tg,rfd2.0,143222,143369,SCHILLER,29,Männer,NN,mann,33224,,
tg,rfd2.0,143222,143369,SCHILLER,29,und,KON,und,33224,,
tg,rfd2.0,143222,143369,SCHILLER,29,gefällst,VVFIN,gefällen,33224,,
tg,rfd2.0,143222,143369,SCHILLER,29,den,ART,der,33224,,
tg,rfd2.0,143222,143369,SCHILLER,29,Frauen,NN,frau,33224,,
tg,rfd2.0,143222,143369,SCHILLER,29,",","$,",--,33224,,
tg,rfd2.0,143222,143369,SCHILLER,29,du,PPER,du,33224,,
tg,rfd2.0,143222,143369,SCHILLER,29,bist,VAFIN,sein,33224,,
tg,rfd2.0,143222,143369,SCHILLER,29,der,ART,der,33224,,
tg,rfd2.0,143222,143369,SCHILLER,29,Glückliche,NN,glückliche,33224,,
tg,rfd2.0,143222,143369,SCHILLER,29,"!",$.,--,33224,,
tg,rfd2.0,143374,143517,KOCH,20,Nicht,PTKNEG,nicht,33224,,
tg,rfd2.0,143374,143517,KOCH,20,so,ADV,so,33224,,
tg,rfd2.0,143374,143517,KOCH,20,",","$,",--,33224,,
tg,rfd2.0,143374,143517,KOCH,20,Schiller,NE,schiller,33224,SCHILLER,29
tg,rfd2.0,143374,143517,KOCH,20,",","$,",--,33224,,
tg,rfd2.0,143374,143517,KOCH,20,du,PPER,du,33224,,
tg,rfd2.0,143374,143517,KOCH,20,machst,VVFIN,machen,33224,,
tg,rfd2.0,143374,143517,KOCH,20,mir,PPER,sich,33224,KOCH,20
tg,rfd2.0,143374,143517,KOCH,20,das,ART,der,33224,,
tg,rfd2.0,143374,143517,KOCH,20,Herz,NN,herz,33224,,
tg,rfd2.0,143374,143517,KOCH,20,schwer,ADJD,schwer,33224,,
tg,rfd2.0,143374,143517,KOCH,20,.,$.,--,33224,,
tg,rfd2.0,143374,143517,KOCH,20,Ich,PPER,ich,33224,,
tg,rfd2.0,143374,143517,KOCH,20,weiß,VVFIN,weiß,33224,,
tg,rfd2.0,143374,143517,KOCH,20,",","$,",--,33224,,
tg,rfd2.0,143374,143517,KOCH,20,worauf,PWAV,worauf,33224,,
tg,rfd2.0,143374,143517,KOCH,20,du,PPER,du,33224,,
tg,rfd2.0,143374,143517,KOCH,20,zielst,ADV,zielen,33224,,
tg,rfd2.0,143374,143517,KOCH,20,.,$.,--,33224,,
tg,rfd2.0,143374,143517,KOCH,20,Du,PPER,du,33224,,
tg,rfd2.0,143374,143517,KOCH,20,meinst,VVFIN,meinst,33224,,
tg,rfd2.0,143374,143517,KOCH,20,die,ART,der,33224,,
tg,rfd2.0,143374,143517,KOCH,20,Laura,NN,laura,33224,,
tg,rfd2.0,143374,143517,KOCH,20,und,KON,und,33224,,
tg,rfd2.0,143374,143517,KOCH,20,denkst,ADV,denken,33224,,
tg,rfd2.0,143374,143517,KOCH,20,",","$,",--,33224,,
tg,rfd2.0,143374,143517,KOCH,20,ich,PPER,ich,33224,KOCH,20
tg,rfd2.0,143374,143517,KOCH,20,sei,VAFIN,sein,33224,,
tg,rfd2.0,143374,143517,KOCH,20,der,ART,der,33224,,
tg,rfd2.0,143374,143517,KOCH,20,bevorzugte,ADJA,bevorzugen,33224,,
tg,rfd2.0,143374,143517,KOCH,20,.,$.,--,33224,,
tg,rfd2.0,143374,143517,KOCH,20,–,XY,–,33224,,
tg,rfd2.0,143522,143570,SCHILLER,29,Still,NN,still,33224,,
tg,rfd2.0,143522,143570,SCHILLER,29,",","$,",--,33224,,
tg,rfd2.0,143522,143570,SCHILLER,29,still,ADJD,still,33224,,
tg,rfd2.0,143522,143570,SCHILLER,29,",","$,",--,33224,,
tg,rfd2.0,143522,143570,SCHILLER,29,das,PDS,der,33224,,
tg,rfd2.0,143522,143570,SCHILLER,29,ist,VAFIN,sein,33224,,
tg,rfd2.0,143522,143570,SCHILLER,29,mein,PPOSAT,mein,33224,SCHILLER,29
tg,rfd2.0,143522,143570,SCHILLER,29,Schicksal,NN,schicksal,33224,,
tg,rfd2.0,143522,143570,SCHILLER,29,"!",$.,--,33224,,
tg,rfd2.0,143575,143830,KOCH,20,Nicht,PTKNEG,nicht,33224,,
tg,rfd2.0,143575,143830,KOCH,20,doch,ADV,doch,33224,,
tg,rfd2.0,143575,143830,KOCH,20,",","$,",--,33224,,
tg,rfd2.0,143575,143830,KOCH,20,Schiller,NE,schiller,33224,SCHILLER,29
tg,rfd2.0,143575,143830,KOCH,20,",","$,",--,33224,,
tg,rfd2.0,143575,143830,KOCH,20,ich,PPER,ich,33224,KOCH,20
tg,rfd2.0,143575,143830,KOCH,20,hab,VAFIN,hab,33224,,
tg,rfd2.0,143575,143830,KOCH,20,',$[,--,33224,,
tg,rfd2.0,143575,143830,KOCH,20,da,ADV,da,33224,,
tg,rfd2.0,143575,143830,KOCH,20,ein,ART,ein,33224,,
tg,rfd2.0,143575,143830,KOCH,20,wenig,PIDAT,wenig,33224,,
tg,rfd2.0,143575,143830,KOCH,20,gespiegelbergt,VVPP,gespgelbergt,33224,,
tg,rfd2.0,143575,143830,KOCH,20,",","$,",--,33224,,
tg,rfd2.0,143575,143830,KOCH,20,und,KON,und,33224,,
tg,rfd2.0,143575,143830,KOCH,20,sie,PPER,sie,33224,,
tg,rfd2.0,143575,143830,KOCH,20,bildet,VVFIN,bilden,33224,,
tg,rfd2.0,143575,143830,KOCH,20,sich,PRF,sich,33224,,
tg,rfd2.0,143575,143830,KOCH,20,ein,PTKVZ,ein,33224,,
tg,rfd2.0,143575,143830,KOCH,20,",","$,",--,33224,,
tg,rfd2.0,143575,143830,KOCH,20,deine,PPOSAT,dein,33224,,
tg,rfd2.0,143575,143830,KOCH,20,Gedichte,NN,gedicht,33224,,
tg,rfd2.0,143575,143830,KOCH,20,seien,VAFIN,sein,33224,,
tg,rfd2.0,143575,143830,KOCH,20,von,APPR,von,33224,,
tg,rfd2.0,143575,143830,KOCH,20,mir,PPER,sich,33224,KOCH,20
tg,rfd2.0,143575,143830,KOCH,20,–,XY,–,33224,,
tg,rfd2.0,143575,143830,KOCH,20,',$[,--,33224,,
tg,rfd2.0,143575,143830,KOCH,20,s,PPER,--,33224,,
tg,rfd2.0,143575,143830,KOCH,20,hat,VAFIN,haben,33224,,
tg,rfd2.0,143575,143830,KOCH,20,mir,PPER,sich,33224,KOCH,20
tg,rfd2.0,143575,143830,KOCH,20,aber,ADV,aber,33224,,
tg,rfd2.0,143575,143830,KOCH,20,auch,ADV,auch,33224,,
tg,rfd2.0,143575,143830,KOCH,20,nichts,PIS,nichts,33224,,
tg,rfd2.0,143575,143830,KOCH,20,weiter,ADV,weiter,33224,,
tg,rfd2.0,143575,143830,KOCH,20,genützt,VVPP,nützen,33224,,
tg,rfd2.0,143575,143830,KOCH,20,.,$.,--,33224,,
tg,rfd2.0,143575,143830,KOCH,20,Sie,PPER,sie,33224,,
tg,rfd2.0,143575,143830,KOCH,20,ist,VAFIN,sein,33224,,
tg,rfd2.0,143575,143830,KOCH,20,lustig,ADJD,lustig,33224,,
tg,rfd2.0,143575,143830,KOCH,20,mit,APPR,mit,33224,,
tg,rfd2.0,143575,143830,KOCH,20,mir,PPER,sich,33224,KOCH,20
tg,rfd2.0,143575,143830,KOCH,20,und,KON,und,33224,,
tg,rfd2.0,143575,143830,KOCH,20,trotzdem,PROAV,trotzdem,33224,,
tg,rfd2.0,143575,143830,KOCH,20,nicht,PTKNEG,nicht,33224,,
tg,rfd2.0,143575,143830,KOCH,20,minder,ADV,minder,33224,,
tg,rfd2.0,143575,143830,KOCH,20,spröde,ADJD,spröde,33224,,
tg,rfd2.0,143575,143830,KOCH,20,",","$,",--,33224,,
tg,rfd2.0,143575,143830,KOCH,20,sie,PPER,sie,33224,,
tg,rfd2.0,143575,143830,KOCH,20,weiß,VVFIN,weiß,33224,,
tg,rfd2.0,143575,143830,KOCH,20,noch,ADV,noch,33224,,
tg,rfd2.0,143575,143830,KOCH,20,nichts,PIS,nichts,33224,,
tg,rfd2.0,143575,143830,KOCH,20,von,APPR,von,33224,,
tg,rfd2.0,143575,143830,KOCH,20,Liebe,NN,liebe,33224,,
tg,rfd2.0,143575,143830,KOCH,20,.,$.,--,33224,,
tg,rfd2.0,143835,144580,SCHILLER,29,Sie,PPER,sie,33224,,
tg,rfd2.0,143835,144580,SCHILLER,29,hat,VAFIN,haben,33224,,
tg,rfd2.0,143835,144580,SCHILLER,29,wohl,ADV,wohl,33224,,
tg,rfd2.0,143835,144580,SCHILLER,29,kein,PIAT,kein,33224,,
tg,rfd2.0,143835,144580,SCHILLER,29,Herz,NN,herz,33224,,
tg,rfd2.0,143835,144580,SCHILLER,29,"!",$.,--,33224,,
tg,rfd2.0,143835,144580,SCHILLER,29,Wächst,ADV,wächst,33224,,
tg,rfd2.0,143835,144580,SCHILLER,29,auf,APPR,auf,33224,,
tg,rfd2.0,143835,144580,SCHILLER,29,in,APPR,in,33224,,
tg,rfd2.0,143835,144580,SCHILLER,29,Hülle,NN,hülle,33224,,
tg,rfd2.0,143835,144580,SCHILLER,29,und,KON,und,33224,,
tg,rfd2.0,143835,144580,SCHILLER,29,Fülle,NN,fülle,33224,,
tg,rfd2.0,143835,144580,SCHILLER,29,und,KON,und,33224,,
tg,rfd2.0,143835,144580,SCHILLER,29,gewinnt,VVFIN,gewinnen,33224,,
tg,rfd2.0,143835,144580,SCHILLER,29,keine,PIAT,kein,33224,,
tg,rfd2.0,143835,144580,SCHILLER,29,Einkehr,NN,einkehr,33224,,
tg,rfd2.0,143835,144580,SCHILLER,29,in,APPR,in,33224,,
tg,rfd2.0,143835,144580,SCHILLER,29,das,ART,der,33224,,
tg,rfd2.0,143835,144580,SCHILLER,29,Innere,NN,innerer,33224,,
tg,rfd2.0,143835,144580,SCHILLER,29,.,$.,--,33224,,
tg,rfd2.0,143835,144580,SCHILLER,29,Das,PDS,der,33224,,
tg,rfd2.0,143835,144580,SCHILLER,29,ist,VAFIN,sein,33224,,
tg,rfd2.0,143835,144580,SCHILLER,29,unser,PPOSAT,unser,33224,,
tg,rfd2.0,143835,144580,SCHILLER,29,Reichtum,NN,reichtum,33224,,
tg,rfd2.0,143835,144580,SCHILLER,29,",","$,",--,33224,,
tg,rfd2.0,143835,144580,SCHILLER,29,den,PRELS,der,33224,,
tg,rfd2.0,143835,144580,SCHILLER,29,wir,PPER,wir,33224,,
tg,rfd2.0,143835,144580,SCHILLER,29,vor,APPR,vor,33224,,
tg,rfd2.0,143835,144580,SCHILLER,29,den,ART,der,33224,,
tg,rfd2.0,143835,144580,SCHILLER,29,Reichen,NN,reiche,33224,,
tg,rfd2.0,143835,144580,SCHILLER,29,und,KON,und,33224,,
tg,rfd2.0,143835,144580,SCHILLER,29,Mächtigen,NN,mächtige,33224,,
tg,rfd2.0,143835,144580,SCHILLER,29,voraus,ADV,voraus,33224,,
tg,rfd2.0,143835,144580,SCHILLER,29,haben,VAFIN,haben,33224,,
tg,rfd2.0,143835,144580,SCHILLER,29,",","$,",--,33224,,
tg,rfd2.0,143835,144580,SCHILLER,29,daß,KOUS,daß,33224,,
tg,rfd2.0,143835,144580,SCHILLER,29,wir,PPER,wir,33224,,
tg,rfd2.0,143835,144580,SCHILLER,29,den,ART,der,33224,,
tg,rfd2.0,143835,144580,SCHILLER,29,Schmerz,NN,schmerz,33224,,
tg,rfd2.0,143835,144580,SCHILLER,29,und,KON,und,33224,,
tg,rfd2.0,143835,144580,SCHILLER,29,die,ART,der,33224,,
tg,rfd2.0,143835,144580,SCHILLER,29,Tränen,NN,träne,33224,,
tg,rfd2.0,143835,144580,SCHILLER,29,finden,VVINF,finden,33224,,
tg,rfd2.0,143835,144580,SCHILLER,29,.,$.,--,33224,,
tg,rfd2.0,143835,144580,SCHILLER,29,In,APPR,in,33224,,
tg,rfd2.0,143835,144580,SCHILLER,29,Schmerz,NN,schmerz,33224,,
tg,rfd2.0,143835,144580,SCHILLER,29,und,KON,und,33224,,
tg,rfd2.0,143835,144580,SCHILLER,29,Tränen,NN,träne,33224,,
tg,rfd2.0,143835,144580,SCHILLER,29,nur,ADV,nur,33224,,
tg,rfd2.0,143835,144580,SCHILLER,29,erschließt,VVFIN,erschließen,33224,,
tg,rfd2.0,143835,144580,SCHILLER,29,sich,PRF,sich,33224,,
tg,rfd2.0,143835,144580,SCHILLER,29,uns,PPER,uns,33224,,
tg,rfd2.0,143835,144580,SCHILLER,29,die,ART,der,33224,,
tg,rfd2.0,143835,144580,SCHILLER,29,innerste,ADJA,inner,33224,,
tg,rfd2.0,143835,144580,SCHILLER,29,Seele,NN,seele,33224,,
tg,rfd2.0,143835,144580,SCHILLER,29,",","$,",--,33224,,
tg,rfd2.0,143835,144580,SCHILLER,29,die,ART,der,33224,,
tg,rfd2.0,143835,144580,SCHILLER,29,geheimste,ADJA,geheim,33224,,
tg,rfd2.0,143835,144580,SCHILLER,29,Kammer,NN,kammer,33224,,
tg,rfd2.0,143835,144580,SCHILLER,29,",","$,",--,33224,,
tg,rfd2.0,143835,144580,SCHILLER,29,welche,PWAT,welcher,33224,,
tg,rfd2.0,143835,144580,SCHILLER,29,von,APPR,von,33224,,
tg,rfd2.0,143835,144580,SCHILLER,29,der,ART,der,33224,,
tg,rfd2.0,143835,144580,SCHILLER,29,Gottheit,NN,gottheit,33224,,
tg,rfd2.0,143835,144580,SCHILLER,29,in,APPR,in,33224,,
tg,rfd2.0,143835,144580,SCHILLER,29,jedem,PIDAT,jeder,33224,,
tg,rfd2.0,143835,144580,SCHILLER,29,Menschen,NN,mensch,33224,,
tg,rfd2.0,143835,144580,SCHILLER,29,bewohnt,VVPP,bewohnen,33224,,
tg,rfd2.0,143835,144580,SCHILLER,29,wird,VAFIN,werden,33224,,
tg,rfd2.0,143835,144580,SCHILLER,29,",","$,",--,33224,,
tg,rfd2.0,143835,144580,SCHILLER,29,und,KON,und,33224,,
tg,rfd2.0,143835,144580,SCHILLER,29,welche,PWAT,welcher,33224,,
tg,rfd2.0,143835,144580,SCHILLER,29,den,ART,der,33224,,
tg,rfd2.0,143835,144580,SCHILLER,29,lächelnden,ADJA,lächelnd,33224,,
tg,rfd2.0,143835,144580,SCHILLER,29,Glückskindern,NN,glückskind,33224,,
tg,rfd2.0,143835,144580,SCHILLER,29,ihr,PPOSAT,ihr,33224,,
tg,rfd2.0,143835,144580,SCHILLER,29,Lebelang,NN,lebelang,33224,,
tg,rfd2.0,143835,144580,SCHILLER,29,verschlossen,ADJD,verschlossen,33224,,
tg,rfd2.0,143835,144580,SCHILLER,29,bleibt,VVFIN,bleiben,33224,,
tg,rfd2.0,143835,144580,SCHILLER,29,.,$.,--,33224,,
tg,rfd2.0,143835,144580,SCHILLER,29,Und,KON,und,33224,,
tg,rfd2.0,143835,144580,SCHILLER,29,doch,ADV,doch,33224,,
tg,rfd2.0,143835,144580,SCHILLER,29,",","$,",--,33224,,
tg,rfd2.0,143835,144580,SCHILLER,29,wie,PWAV,wie,33224,,
tg,rfd2.0,143835,144580,SCHILLER,29,schade,ADJD,schade,33224,,
tg,rfd2.0,143835,144580,SCHILLER,29,"!",$.,--,33224,,
tg,rfd2.0,143835,144580,SCHILLER,29,Welch,PIDAT,welch,33224,,
tg,rfd2.0,143835,144580,SCHILLER,29,eine,ART,ein,33224,,
tg,rfd2.0,143835,144580,SCHILLER,29,liebliche,ADJA,lieblich,33224,,
tg,rfd2.0,143835,144580,SCHILLER,29,Seele,NN,seele,33224,,
tg,rfd2.0,143835,144580,SCHILLER,29,wohnt,VVFIN,wohnen,33224,,
tg,rfd2.0,143835,144580,SCHILLER,29,auf,APPR,auf,33224,,
tg,rfd2.0,143835,144580,SCHILLER,29,ihrem,PPOSAT,ihr,33224,,
tg,rfd2.0,143835,144580,SCHILLER,29,Angesichte,NN,angesichte,33224,,
tg,rfd2.0,143835,144580,SCHILLER,29,",","$,",--,33224,,
tg,rfd2.0,143835,144580,SCHILLER,29,wie,PWAV,wie,33224,,
tg,rfd2.0,143835,144580,SCHILLER,29,oft,ADV,oft,33224,,
tg,rfd2.0,143835,144580,SCHILLER,29,in,APPR,in,33224,,
tg,rfd2.0,143835,144580,SCHILLER,29,Phantasien,NE,phantasien,33224,,
tg,rfd2.0,143835,144580,SCHILLER,29,schwelge,VVFIN,schwelgen,33224,,
tg,rfd2.0,143835,144580,SCHILLER,29,ich,PPER,ich,33224,SCHILLER,29
tg,rfd2.0,143835,144580,SCHILLER,29,inniglich,ADJD,inniglich,33224,,
tg,rfd2.0,143835,144580,SCHILLER,29,mit,APPR,mit,33224,,
tg,rfd2.0,143835,144580,SCHILLER,29,dem,ART,der,33224,,
tg,rfd2.0,143835,144580,SCHILLER,29,bezaubernden,ADJA,bezaubernd,33224,,
tg,rfd2.0,143835,144580,SCHILLER,29,Blicke,NN,blick,33224,,
tg,rfd2.0,143835,144580,SCHILLER,29,ihres,PPOSAT,ihr,33224,,
tg,rfd2.0,143835,144580,SCHILLER,29,Auges,NN,auge,33224,,
tg,rfd2.0,143835,144580,SCHILLER,29,–,XY,–,33224,,
tg,rfd2.0,143835,144580,SCHILLER,29,ach,ITJ,ach,33224,,
tg,rfd2.0,143835,144580,SCHILLER,29,",","$,",--,33224,,
tg,rfd2.0,143835,144580,SCHILLER,29,lieber,ADJD,lieber,33224,,
tg,rfd2.0,143835,144580,SCHILLER,29,Anton,NE,anton,33224,,
tg,rfd2.0,143835,144580,SCHILLER,29,",","$,",--,33224,,
tg,rfd2.0,143835,144580,SCHILLER,29,sieh,VVIMP,sieh,33224,,
tg,rfd2.0,143835,144580,SCHILLER,29,',$[,--,33224,,
tg,rfd2.0,143835,144580,SCHILLER,29,",","$,",--,33224,,
tg,rfd2.0,143835,144580,SCHILLER,29,da,ADV,da,33224,,
tg,rfd2.0,143835,144580,SCHILLER,29,ist,VAFIN,sein,33224,,
tg,rfd2.0,143835,144580,SCHILLER,29,der,ART,der,33224,,
tg,rfd2.0,143835,144580,SCHILLER,29,weite,ADJA,weit,33224,,
tg,rfd2.0,143835,144580,SCHILLER,29,aschgraue,ADJA,aschgrau,33224,,
tg,rfd2.0,143835,144580,SCHILLER,29,Horizont,NN,horizont,33224,,
tg,rfd2.0,143835,144580,SCHILLER,29,meines,PPOSAT,mein,33224,SCHILLER,29
tg,rfd2.0,143835,144580,SCHILLER,29,Lebens,NN,leben,33224,,
tg,rfd2.0,143835,144580,SCHILLER,29,:,$.,--,33224,,
tg,rfd2.0,143835,144580,SCHILLER,29,mich,PRF,mich,33224,SCHILLER,29
tg,rfd2.0,143835,144580,SCHILLER,29,hat,VAFIN,haben,33224,,
tg,rfd2.0,143835,144580,SCHILLER,29,noch,ADV,noch,33224,,
tg,rfd2.0,143835,144580,SCHILLER,29,kein,PIAT,kein,33224,,
tg,rfd2.0,143835,144580,SCHILLER,29,Weib,NN,weib,33224,,
tg,rfd2.0,143835,144580,SCHILLER,29,geliebt,VVPP,lieben,33224,,
tg,rfd2.0,143835,144580,SCHILLER,29,und,KON,und,33224,,
tg,rfd2.0,143835,144580,SCHILLER,29,–,VVFIN,–,33224,,
tg,rfd2.0,143835,144580,SCHILLER,29,mich,PPER,mich,33224,SCHILLER,29
tg,rfd2.0,143835,144580,SCHILLER,29,wird,VAFIN,werden,33224,,
tg,rfd2.0,143835,144580,SCHILLER,29,keins,APPR,keins,33224,,
tg,rfd2.0,143835,144580,SCHILLER,29,lieben,ADJA,lieben,33224,,
tg,rfd2.0,143835,144580,SCHILLER,29,.,$.,--,33224,,
tg,rfd2.0,144585,144616,KOCH,20,Du,PPER,du,33224,,
tg,rfd2.0,144585,144616,KOCH,20,bist,VAFIN,sein,33224,,
tg,rfd2.0,144585,144616,KOCH,20,nicht,PTKNEG,nicht,33224,,
tg,rfd2.0,144585,144616,KOCH,20,bei,APPR,bei,33224,,
tg,rfd2.0,144585,144616,KOCH,20,Trost,NN,trost,33224,,
tg,rfd2.0,144585,144616,KOCH,20,"!",$.,--,33224,,
tg,rfd2.0,144621,145080,SCHILLER,29,Aus,APPR,aus,33224,,
tg,rfd2.0,144621,145080,SCHILLER,29,Ätherhauch,NN,ätherhauch,33224,,
tg,rfd2.0,144621,145080,SCHILLER,29,und,KON,und,33224,,
tg,rfd2.0,144621,145080,SCHILLER,29,Himmelsflammen,NN,himmelsflamm,33224,,
tg,rfd2.0,144621,145080,SCHILLER,29,",","$,",--,33224,,
tg,rfd2.0,144621,145080,SCHILLER,29,aus,APPR,aus,33224,,
tg,rfd2.0,144621,145080,SCHILLER,29,Sternen,NN,stern,33224,,
tg,rfd2.0,144621,145080,SCHILLER,29,des,ART,der,33224,,
tg,rfd2.0,144621,145080,SCHILLER,29,Geistes,NN,geist,33224,,
tg,rfd2.0,144621,145080,SCHILLER,29,und,KON,und,33224,,
tg,rfd2.0,144621,145080,SCHILLER,29,aus,APPR,aus,33224,,
tg,rfd2.0,144621,145080,SCHILLER,29,dem,ART,der,33224,,
tg,rfd2.0,144621,145080,SCHILLER,29,Dufte,NN,dufte,33224,,
tg,rfd2.0,144621,145080,SCHILLER,29,des,ART,der,33224,,
tg,rfd2.0,144621,145080,SCHILLER,29,schmachtenden,ADJA,schmachtend,33224,,
tg,rfd2.0,144621,145080,SCHILLER,29,Herzens,NN,Herz,33224,,
tg,rfd2.0,144621,145080,SCHILLER,29,bilde,VVFIN,bilden,33224,,
tg,rfd2.0,144621,145080,SCHILLER,29,ich,PPER,ich,33224,SCHILLER,29
tg,rfd2.0,144621,145080,SCHILLER,29,sie,PPER,sie,33224,,
tg,rfd2.0,144621,145080,SCHILLER,29,mir,PRF,sich,33224,SCHILLER,29
tg,rfd2.0,144621,145080,SCHILLER,29,und,KON,und,33224,,
tg,rfd2.0,144621,145080,SCHILLER,29,umarme,VVFIN,umarm,33224,,
tg,rfd2.0,144621,145080,SCHILLER,29,sie,PPER,sie,33224,,
tg,rfd2.0,144621,145080,SCHILLER,29,",","$,",--,33224,,
tg,rfd2.0,144621,145080,SCHILLER,29,die,ART,der,33224,,
tg,rfd2.0,144621,145080,SCHILLER,29,schimmernde,ADJA,schimmernd,33224,,
tg,rfd2.0,144621,145080,SCHILLER,29,Wolke,NN,wolke,33224,,
tg,rfd2.0,144621,145080,SCHILLER,29,–,VVFIN,–,33224,,
tg,rfd2.0,144621,145080,SCHILLER,29,die,ART,der,33224,,
tg,rfd2.0,144621,145080,SCHILLER,29,Wolke,NN,wolke,33224,,
tg,rfd2.0,144621,145080,SCHILLER,29,",","$,",--,33224,,
tg,rfd2.0,144621,145080,SCHILLER,29,immer,ADV,immer,33224,,
tg,rfd2.0,144621,145080,SCHILLER,29,nur,ADV,nur,33224,,
tg,rfd2.0,144621,145080,SCHILLER,29,die,ART,der,33224,,
tg,rfd2.0,144621,145080,SCHILLER,29,Wolke,NN,wolke,33224,,
tg,rfd2.0,144621,145080,SCHILLER,29,"!",$.,--,33224,,
tg,rfd2.0,144621,145080,SCHILLER,29,Kein,PIAT,kein,33224,,
tg,rfd2.0,144621,145080,SCHILLER,29,weicher,ADJA,weich,33224,,
tg,rfd2.0,144621,145080,SCHILLER,29,Mädchenarm,NN,mädchenarm,33224,,
tg,rfd2.0,144621,145080,SCHILLER,29,schlingt,VVFIN,schlingen,33224,,
tg,rfd2.0,144621,145080,SCHILLER,29,sich,PRF,sich,33224,,
tg,rfd2.0,144621,145080,SCHILLER,29,um,APPR,um,33224,,
tg,rfd2.0,144621,145080,SCHILLER,29,meinen,PPOSAT,mein,33224,SCHILLER,29
tg,rfd2.0,144621,145080,SCHILLER,29,Nacken,NN,nacken,33224,,
tg,rfd2.0,144621,145080,SCHILLER,29,"!",$.,--,33224,,
tg,rfd2.0,144621,145080,SCHILLER,29,–,XY,–,33224,,
tg,rfd2.0,144621,145080,SCHILLER,29,Aufspringend,NN,aufspringend,33224,,
tg,rfd2.0,144621,145080,SCHILLER,29,.,$.,--,33224,,
tg,rfd2.0,144621,145080,SCHILLER,29,Darum,PROAV,darum,33224,,
tg,rfd2.0,144621,145080,SCHILLER,29,will,VMFIN,wollen,33224,,
tg,rfd2.0,144621,145080,SCHILLER,29,ich,PPER,ich,33224,SCHILLER,29
tg,rfd2.0,144621,145080,SCHILLER,29,ein,ART,ein,33224,,
tg,rfd2.0,144621,145080,SCHILLER,29,Ende,NN,ende,33224,,
tg,rfd2.0,144621,145080,SCHILLER,29,machen,VVINF,machen,33224,,
tg,rfd2.0,144621,145080,SCHILLER,29,hier,ADV,hier,33224,,
tg,rfd2.0,144621,145080,SCHILLER,29,;,$.,--,33224,,
tg,rfd2.0,144621,145080,SCHILLER,29,es,PPER,es,33224,,
tg,rfd2.0,144621,145080,SCHILLER,29,ist,VAFIN,sein,33224,,
tg,rfd2.0,144621,145080,SCHILLER,29,wahr,ADJD,wahr,33224,,
tg,rfd2.0,144621,145080,SCHILLER,29,",","$,",--,33224,,
tg,rfd2.0,144621,145080,SCHILLER,29,die,ART,der,33224,,
tg,rfd2.0,144621,145080,SCHILLER,29,törichte,ADJA,töricht,33224,,
tg,rfd2.0,144621,145080,SCHILLER,29,Sehnsucht,NN,sehnsucht,33224,,
tg,rfd2.0,144621,145080,SCHILLER,29,nach,APPR,nach,33224,,
tg,rfd2.0,144621,145080,SCHILLER,29,jenem,PDAT,jener,33224,,
tg,rfd2.0,144621,145080,SCHILLER,29,Mädchen,NN,mädchen,33224,,
tg,rfd2.0,144621,145080,SCHILLER,29,",","$,",--,33224,,
tg,rfd2.0,144621,145080,SCHILLER,29,das,PRELS,der,33224,,
tg,rfd2.0,144621,145080,SCHILLER,29,mir,PPER,sich,33224,SCHILLER,29
tg,rfd2.0,144621,145080,SCHILLER,29,doch,ADV,doch,33224,,
tg,rfd2.0,144621,145080,SCHILLER,29,niemals,ADV,niemals,33224,,
tg,rfd2.0,144621,145080,SCHILLER,29,beschieden,VVPP,bescheiden,33224,,
tg,rfd2.0,144621,145080,SCHILLER,29,ist,VAFIN,sein,33224,,
tg,rfd2.0,144621,145080,SCHILLER,29,",","$,",--,33224,,
tg,rfd2.0,144621,145080,SCHILLER,29,bannt,ADJD,bannt,33224,,
tg,rfd2.0,144621,145080,SCHILLER,29,meinen,VVFIN,meinen,33224,,
tg,rfd2.0,144621,145080,SCHILLER,29,Fuß,NN,fuß,33224,,
tg,rfd2.0,144621,145080,SCHILLER,29,",","$,",--,33224,,
tg,rfd2.0,144621,145080,SCHILLER,29,ich,PPER,ich,33224,SCHILLER,29
tg,rfd2.0,144621,145080,SCHILLER,29,will,VMFIN,wollen,33224,,
tg,rfd2.0,144621,145080,SCHILLER,29,fort,PTKVZ,fort,33224,,
tg,rfd2.0,144621,145080,SCHILLER,29,",","$,",--,33224,,
tg,rfd2.0,144621,145080,SCHILLER,29,sei's,VVFIN,sei,33224,,
tg,rfd2.0,144621,145080,SCHILLER,29,ins,APPRART,in,33224,,
tg,rfd2.0,144621,145080,SCHILLER,29,Verderben,NN,verderben,33224,,
tg,rfd2.0,144621,145080,SCHILLER,29,"!",$.,--,33224,,
tg,rfd2.0,145085,145365,"Laura, deren Pflegetochter.",3,Flieht,VVFIN,fliehen,33224,,
tg,rfd2.0,145085,145365,"Laura, deren Pflegetochter.",3,",","$,",--,33224,,
tg,rfd2.0,145085,145365,"Laura, deren Pflegetochter.",3,flieht,VVFIN,fliehen,33224,,
tg,rfd2.0,145085,145365,"Laura, deren Pflegetochter.",3,",","$,",--,33224,,
tg,rfd2.0,145085,145365,"Laura, deren Pflegetochter.",3,ihr,PPOSAT,ihr,33224,,
tg,rfd2.0,145085,145365,"Laura, deren Pflegetochter.",3,seid,ADJD,sein,33224,,
tg,rfd2.0,145085,145365,"Laura, deren Pflegetochter.",3,in,APPR,in,33224,,
tg,rfd2.0,145085,145365,"Laura, deren Pflegetochter.",3,Gefahr,NN,gefahr,33224,,
tg,rfd2.0,145085,145365,"Laura, deren Pflegetochter.",3,"!",$.,--,33224,,
tg,rfd2.0,145085,145365,"Laura, deren Pflegetochter.",3,Und,KON,und,33224,,
tg,rfd2.0,145085,145365,"Laura, deren Pflegetochter.",3,verschwindet,VVFIN,verschwinden,33224,,
tg,rfd2.0,145085,145365,"Laura, deren Pflegetochter.",3,hinter,APPR,hinter,33224,,
tg,rfd2.0,145085,145365,"Laura, deren Pflegetochter.",3,der,ART,der,33224,,
tg,rfd2.0,145085,145365,"Laura, deren Pflegetochter.",3,Tür,NN,tür,33224,,
tg,rfd2.0,145085,145365,"Laura, deren Pflegetochter.",3,.,$.,--,33224,,
tg,rfd2.0,145371,145415,KOCH,20,Nicht,PTKNEG,nicht,33224,,
tg,rfd2.0,145371,145415,KOCH,20,ins,APPRART,in,33224,,
tg,rfd2.0,145371,145415,KOCH,20,Verderben,NN,verderben,33224,,
tg,rfd2.0,145371,145415,KOCH,20,",","$,",--,33224,,
tg,rfd2.0,145371,145415,KOCH,20,in,APPR,in,33224,,
tg,rfd2.0,145371,145415,KOCH,20,bessere,ADJA,gut,33224,,
tg,rfd2.0,145371,145415,KOCH,20,Luft,NN,luft,33224,,
tg,rfd2.0,145371,145415,KOCH,20,.,$.,--,33224,,
tg,rfd2.0,145420,145443,SCHILLER,29,Was,PWS,was,33224,,
tg,rfd2.0,145420,145443,SCHILLER,29,war,VAFIN,sein,33224,,
tg,rfd2.0,145420,145443,SCHILLER,29,das,PDS,der,33224,,
tg,rfd2.0,145420,145443,SCHILLER,29,?,$.,--,33224,,
tg,rfd2.0,145448,145472,KOCH,20,Es,PPER,es,33224,,
tg,rfd2.0,145448,145472,KOCH,20,ist,VAFIN,sein,33224,,
tg,rfd2.0,145448,145472,KOCH,20,die,ART,der,33224,,
tg,rfd2.0,145448,145472,KOCH,20,Bande,NN,Bande,33224,,
tg,rfd2.0,145448,145472,KOCH,20,"!",$.,--,33224,,
tg,rfd2.0,145628,145687,PFEIFFER schon außen,32,Es,PPER,es,33224,,
tg,rfd2.0,145628,145687,PFEIFFER schon außen,32,lebe,VVFIN,leben,33224,,
tg,rfd2.0,145628,145687,PFEIFFER schon außen,32,die,ART,der,33224,,
tg,rfd2.0,145628,145687,PFEIFFER schon außen,32,Nacht,NN,nacht,33224,,
tg,rfd2.0,145628,145687,PFEIFFER schon außen,32,und,KON,und,33224,,
tg,rfd2.0,145628,145687,PFEIFFER schon außen,32,die,ART,der,33224,,
tg,rfd2.0,145628,145687,PFEIFFER schon außen,32,Freiheit,NN,freiheit,33224,,
tg,rfd2.0,145628,145687,PFEIFFER schon außen,32,"!",$.,--,33224,,
tg,rfd2.0,145692,145742,SCHARPSTEIN,16,Es,PPER,es,33224,,
tg,rfd2.0,145692,145742,SCHARPSTEIN,16,lebe,VVFIN,leben,33224,,
tg,rfd2.0,145692,145742,SCHARPSTEIN,16,der,ART,der,33224,,
tg,rfd2.0,145692,145742,SCHARPSTEIN,16,jüngste,ADJA,jung,33224,,
tg,rfd2.0,145692,145742,SCHARPSTEIN,16,Tag,NN,tag,33224,,
tg,rfd2.0,145692,145742,SCHARPSTEIN,16,in,APPR,in,33224,,
tg,rfd2.0,145692,145742,SCHARPSTEIN,16,Schwaben,NN,schwaben,33224,,
tg,rfd2.0,145692,145742,SCHARPSTEIN,16,"!",$.,--,33224,,
tg,rfd2.0,145747,145771,KOCH,20,Schreit,ADV,schreit,33224,,
tg,rfd2.0,145747,145771,KOCH,20,nicht,PTKNEG,nicht,33224,,
tg,rfd2.0,145747,145771,KOCH,20,so,ADV,so,33224,,
tg,rfd2.0,145747,145771,KOCH,20,.,$.,--,33224,,
tg,rfd2.0,145777,145822,HOVER,17,Es,PPER,es,33224,,
tg,rfd2.0,145777,145822,HOVER,17,lebe,VVFIN,leben,33224,,
tg,rfd2.0,145777,145822,HOVER,17,die,ART,der,33224,,
tg,rfd2.0,145777,145822,HOVER,17,Zukunft,NN,zukunft,33224,,
tg,rfd2.0,145777,145822,HOVER,17,und,KON,und,33224,,
tg,rfd2.0,145777,145822,HOVER,17,die,ART,der,33224,,
tg,rfd2.0,145777,145822,HOVER,17,Republik,NN,republik,33224,,
tg,rfd2.0,145777,145822,HOVER,17,.,$.,--,33224,,
tg,rfd2.0,145827,145874,PETER,22,»,XY,»,33224,,
tg,rfd2.0,145827,145874,PETER,22,Ein,ART,ein,33224,,
tg,rfd2.0,145827,145874,PETER,22,freies,ADJA,frei,33224,,
tg,rfd2.0,145827,145874,PETER,22,Leben,NN,leben,33224,,
tg,rfd2.0,145827,145874,PETER,22,führen,VVFIN,führen,33224,,
tg,rfd2.0,145827,145874,PETER,22,wir,PPER,wir,33224,,
tg,rfd2.0,145827,145874,PETER,22,.,$.,--,33224,,
tg,rfd2.0,145879,145985,KOCH,20,Zum,APPRART,zu,33224,,
tg,rfd2.0,145879,145985,KOCH,20,Henker,NN,henker,33224,,
tg,rfd2.0,145879,145985,KOCH,20,schreit,VVFIN,schreien,33224,,
tg,rfd2.0,145879,145985,KOCH,20,nicht,PTKNEG,nicht,33224,,
tg,rfd2.0,145879,145985,KOCH,20,so,ADV,so,33224,,
tg,rfd2.0,145879,145985,KOCH,20,",","$,",--,33224,,
tg,rfd2.0,145879,145985,KOCH,20,bis,KOUS,bis,33224,,
tg,rfd2.0,145879,145985,KOCH,20,die,ART,der,33224,,
tg,rfd2.0,145879,145985,KOCH,20,Tür,NN,tür,33224,,
tg,rfd2.0,145879,145985,KOCH,20,hinter,APPR,hinter,33224,,
tg,rfd2.0,145879,145985,KOCH,20,euch,PRF,euch,33224,,
tg,rfd2.0,145879,145985,KOCH,20,verschlossen,ADJD,verschließen,33224,,
tg,rfd2.0,145879,145985,KOCH,20,ist,VAFIN,sein,33224,,
tg,rfd2.0,145879,145985,KOCH,20,–,NN,–,33224,,
tg,rfd2.0,145879,145985,KOCH,20,der,ART,der,33224,,
tg,rfd2.0,145879,145985,KOCH,20,Nieß,NN,nieß,33224,,
tg,rfd2.0,145879,145985,KOCH,20,könnte,VMFIN,können,33224,,
tg,rfd2.0,145879,145985,KOCH,20,euch,PPER,euch,33224,,
tg,rfd2.0,145879,145985,KOCH,20,hören,VVFIN,hören,33224,,
tg,rfd2.0,145879,145985,KOCH,20,.,$.,--,33224,,
tg,rfd2.0,145990,146199,SCHARPSTEIN,16,Nieß,ADV,nieß,33224,,
tg,rfd2.0,145990,146199,SCHARPSTEIN,16,liegt,VVFIN,liegen,33224,,
tg,rfd2.0,145990,146199,SCHARPSTEIN,16,im,APPRART,in,33224,,
tg,rfd2.0,145990,146199,SCHARPSTEIN,16,Siechbett,NN,siechbett,33224,,
tg,rfd2.0,145990,146199,SCHARPSTEIN,16,seit,APPR,seit,33224,,
tg,rfd2.0,145990,146199,SCHARPSTEIN,16,heut,ADV,heut,33224,,
tg,rfd2.0,145990,146199,SCHARPSTEIN,16,nachmittag,ADV,nachmittag,33224,,
tg,rfd2.0,145990,146199,SCHARPSTEIN,16,–,XY,–,33224,,
tg,rfd2.0,145990,146199,SCHARPSTEIN,16,seine,PPOSAT,sein,33224,,
tg,rfd2.0,145990,146199,SCHARPSTEIN,16,ärgerliche,ADJA,ärgerlich,33224,,
tg,rfd2.0,145990,146199,SCHARPSTEIN,16,Leber,NN,leber,33224,,
tg,rfd2.0,145990,146199,SCHARPSTEIN,16,hat,VAFIN,haben,33224,,
tg,rfd2.0,145990,146199,SCHARPSTEIN,16,ihn,PPER,ihn,33224,,
tg,rfd2.0,145990,146199,SCHARPSTEIN,16,mit,APPR,mit,33224,,
tg,rfd2.0,145990,146199,SCHARPSTEIN,16,Gelbsucht,NN,gelbsucht,33224,,
tg,rfd2.0,145990,146199,SCHARPSTEIN,16,übergossen,VVPP,übergießen,33224,,
tg,rfd2.0,145990,146199,SCHARPSTEIN,16,.,$.,--,33224,,
tg,rfd2.0,146204,146276,"Pfeiffer, genannt Roller,",11,Ich,PPER,ich,33224,,
tg,rfd2.0,146204,146276,"Pfeiffer, genannt Roller,",11,wollt,VVFIN,wollen,33224,,
tg,rfd2.0,146204,146276,"Pfeiffer, genannt Roller,",11,',$[,--,33224,,
tg,rfd2.0,146204,146276,"Pfeiffer, genannt Roller,",11,",","$,",--,33224,,
tg,rfd2.0,146204,146276,"Pfeiffer, genannt Roller,",11,er,PPER,er,33224,,
tg,rfd2.0,146204,146276,"Pfeiffer, genannt Roller,",11,wär,VAFIN,sein,33224,,
tg,rfd2.0,146204,146276,"Pfeiffer, genannt Roller,",11,',$[,--,33224,,
tg,rfd2.0,146204,146276,"Pfeiffer, genannt Roller,",11,erst,ADV,erst,33224,,
tg,rfd2.0,146204,146276,"Pfeiffer, genannt Roller,",11,blau,ADJD,blau,33224,,
tg,rfd2.0,146204,146276,"Pfeiffer, genannt Roller,",11,und,KON,und,33224,,
tg,rfd2.0,146204,146276,"Pfeiffer, genannt Roller,",11,schwarz,ADJD,schwarz,33224,,
tg,rfd2.0,146204,146276,"Pfeiffer, genannt Roller,",11,",","$,",--,33224,,
tg,rfd2.0,146204,146276,"Pfeiffer, genannt Roller,",11,wie,PWAV,wie,33224,,
tg,rfd2.0,146204,146276,"Pfeiffer, genannt Roller,",11,unsere,PPOSAT,unser,33224,,
tg,rfd2.0,146204,146276,"Pfeiffer, genannt Roller,",11,Montur,NN,montur,33224,,
tg,rfd2.0,146204,146276,"Pfeiffer, genannt Roller,",11,"!",$.,--,33224,,
tg,rfd2.0,146281,146322,PETER,22,»,XY,»,33224,,
tg,rfd2.0,146281,146322,PETER,22,Ein,ART,ein,33224,,
tg,rfd2.0,146281,146322,PETER,22,Leben,NN,leben,33224,,
tg,rfd2.0,146281,146322,PETER,22,voller,ADJA,voll,33224,,
tg,rfd2.0,146281,146322,PETER,22,Wonne,NN,wonne,33224,,
tg,rfd2.0,146281,146322,PETER,22,"!",$.,--,33224,,
tg,rfd2.0,146281,146322,PETER,22,«,XY,«,33224,,
tg,rfd2.0,146327,146369,HOVER,17,Wer,PWS,wer,33224,,
tg,rfd2.0,146327,146369,HOVER,17,macht,VVFIN,machen,33224,,
tg,rfd2.0,146327,146369,HOVER,17,Feuer,NN,feuer,33224,,
tg,rfd2.0,146327,146369,HOVER,17,",","$,",--,33224,,
tg,rfd2.0,146327,146369,HOVER,17,wo,PWAV,wo,33224,,
tg,rfd2.0,146327,146369,HOVER,17,ist,VAFIN,sein,33224,,
tg,rfd2.0,146327,146369,HOVER,17,die,ART,der,33224,,
tg,rfd2.0,146327,146369,HOVER,17,Nette,NN,nette,33224,NETTE,15
tg,rfd2.0,146327,146369,HOVER,17,"!",$.,--,33224,,
tg,rfd2.0,146375,146436,SCHARPSTEIN,16,Die,ART,der,33224,,
tg,rfd2.0,146375,146436,SCHARPSTEIN,16,Nette,NN,nette,33224,NETTE,15
tg,rfd2.0,146375,146436,SCHARPSTEIN,16,kommt,VVFIN,kommen,33224,,
tg,rfd2.0,146375,146436,SCHARPSTEIN,16,gleich,ADV,gleich,33224,,
tg,rfd2.0,146375,146436,SCHARPSTEIN,16,–,XY,–,33224,,
tg,rfd2.0,146375,146436,SCHARPSTEIN,16,guten,ADJA,gut,33224,,
tg,rfd2.0,146375,146436,SCHARPSTEIN,16,Abend,NN,abend,33224,,
tg,rfd2.0,146375,146436,SCHARPSTEIN,16,Hauptmann,NE,hauptmann,33224,,
tg,rfd2.0,146375,146436,SCHARPSTEIN,16,.,$.,--,33224,,
tg,rfd2.0,146441,146469,"Pfeiffer, genannt Roller,",11,Bonus,NN,bonus,33224,,
tg,rfd2.0,146441,146469,"Pfeiffer, genannt Roller,",11,dies,PDS,dieser,33224,,
tg,rfd2.0,146441,146469,"Pfeiffer, genannt Roller,",11,",","$,",--,33224,,
tg,rfd2.0,146441,146469,"Pfeiffer, genannt Roller,",11,Moor,NN,moor,33224,,
tg,rfd2.0,146441,146469,"Pfeiffer, genannt Roller,",11,"!",$.,--,33224,,
tg,rfd2.0,146474,146499,HOVER,17,Was,PWS,was,33224,,
tg,rfd2.0,146474,146499,HOVER,17,ist,VAFIN,sein,33224,,
tg,rfd2.0,146474,146499,HOVER,17,dem,ART,der,33224,,
tg,rfd2.0,146474,146499,HOVER,17,Moor,NN,moor,33224,,
tg,rfd2.0,146474,146499,HOVER,17,?,$.,--,33224,,
tg,rfd2.0,146504,146533,SCHARPSTEIN,16,Er,PPER,er,33224,,
tg,rfd2.0,146504,146533,SCHARPSTEIN,16,phantasiert,VVFIN,phantasieren,33224,,
tg,rfd2.0,146504,146533,SCHARPSTEIN,16,"!",$.,--,33224,,
tg,rfd2.0,146538,146602,HOVER,17,Will,VMFIN,wollen,33224,,
tg,rfd2.0,146538,146602,HOVER,17,Fiesko,NE,fiesko,33224,,
tg,rfd2.0,146538,146602,HOVER,17,nicht,PTKNEG,nicht,33224,,
tg,rfd2.0,146538,146602,HOVER,17,sterben,VVFIN,sterben,33224,,
tg,rfd2.0,146538,146602,HOVER,17,?,$.,--,33224,,
tg,rfd2.0,146609,146653,"Peters, genannt Schufterle, , Karlsschüler.",12,»,XY,»,33224,,
tg,rfd2.0,146609,146653,"Peters, genannt Schufterle, , Karlsschüler.",12,Der,ART,der,33224,,
tg,rfd2.0,146609,146653,"Peters, genannt Schufterle, , Karlsschüler.",12,Wald,NN,wald,33224,,
tg,rfd2.0,146609,146653,"Peters, genannt Schufterle, , Karlsschüler.",12,ist,VAFIN,sein,33224,,
tg,rfd2.0,146609,146653,"Peters, genannt Schufterle, , Karlsschüler.",12,unser,PPOSAT,unser,33224,,
tg,rfd2.0,146609,146653,"Peters, genannt Schufterle, , Karlsschüler.",12,Nachtquartier,NN,nachtquartier,33224,,
tg,rfd2.0,146609,146653,"Peters, genannt Schufterle, , Karlsschüler.",12,.,$.,--,33224,,
tg,rfd2.0,146609,146653,"Peters, genannt Schufterle, , Karlsschüler.",12,«,XY,«,33224,,
tg,rfd2.0,146658,146703,SCHARPSTEIN,16,Zum,APPRART,zu,33224,,
tg,rfd2.0,146658,146703,SCHARPSTEIN,16,Teufel,NN,teufel,33224,,
tg,rfd2.0,146658,146703,SCHARPSTEIN,16,",","$,",--,33224,,
tg,rfd2.0,146658,146703,SCHARPSTEIN,16,so,ADV,so,33224,,
tg,rfd2.0,146658,146703,SCHARPSTEIN,16,rede,VVFIN,reden,33224,,
tg,rfd2.0,146658,146703,SCHARPSTEIN,16,doch,ADV,doch,33224,,
tg,rfd2.0,146658,146703,SCHARPSTEIN,16,",","$,",--,33224,,
tg,rfd2.0,146658,146703,SCHARPSTEIN,16,Moor,NN,moor,33224,,
tg,rfd2.0,146658,146703,SCHARPSTEIN,16,"!",$.,--,33224,,
tg,rfd2.0,146708,146752,SCHILLER,29,Hat,VAFIN,haben,33224,,
tg,rfd2.0,146708,146752,SCHILLER,29,keiner,PIS,keiner,33224,,
tg,rfd2.0,146708,146752,SCHILLER,29,den,ART,der,33224,,
tg,rfd2.0,146708,146752,SCHILLER,29,Streicher,NN,streicher,33224,,
tg,rfd2.0,146708,146752,SCHILLER,29,gesehen,VVPP,sehen,33224,,
tg,rfd2.0,146708,146752,SCHILLER,29,?,$.,--,33224,,
tg,rfd2.0,146757,146776,SCHARPSTEIN,16,Nein,PTKANT,nein,33224,,
tg,rfd2.0,146757,146776,SCHARPSTEIN,16,"!",$.,--,33224,,
tg,rfd2.0,146781,146796,PFEIFER,23,Nein,PTKANT,nein,33224,,
tg,rfd2.0,146781,146796,PFEIFER,23,.,$.,--,33224,,
tg,rfd2.0,146801,146890,HOVER,17,Doch,KON,doch,33224,,
tg,rfd2.0,146801,146890,HOVER,17,–,KOUS,–,33224,,
tg,rfd2.0,146801,146890,HOVER,17,die,ART,der,33224,,
tg,rfd2.0,146801,146890,HOVER,17,kleine,ADJA,klein,33224,,
tg,rfd2.0,146801,146890,HOVER,17,Nette,NN,nette,33224,NETTE,15
tg,rfd2.0,146801,146890,HOVER,17,hat,VAFIN,haben,33224,,
tg,rfd2.0,146801,146890,HOVER,17,ihn,PPER,ihn,33224,,
tg,rfd2.0,146801,146890,HOVER,17,gesehen,VVPP,sehen,33224,,
tg,rfd2.0,146801,146890,HOVER,17,",","$,",--,33224,,
tg,rfd2.0,146801,146890,HOVER,17,er,PPER,er,33224,,
tg,rfd2.0,146801,146890,HOVER,17,hat,VAFIN,haben,33224,,
tg,rfd2.0,146801,146890,HOVER,17,ihr,PPER,ihr,33224,,
tg,rfd2.0,146801,146890,HOVER,17,einen,ART,ein,33224,,
tg,rfd2.0,146801,146890,HOVER,17,Brief,NN,brief,33224,,
tg,rfd2.0,146801,146890,HOVER,17,für,APPR,für,33224,,
tg,rfd2.0,146801,146890,HOVER,17,dich,PPER,dich,33224,,
tg,rfd2.0,146801,146890,HOVER,17,gegeben,VVPP,geben,33224,,
tg,rfd2.0,146801,146890,HOVER,17,.,$.,--,33224,,
tg,rfd2.0,146896,146948,SCHILLER,29,Wahrhaftig,ADJD,wahrhaftig,33224,,
tg,rfd2.0,146896,146948,SCHILLER,29,?,$.,--,33224,,
tg,rfd2.0,146896,146948,SCHILLER,29,–,XY,–,33224,,
tg,rfd2.0,146896,146948,SCHILLER,29,Wo,PWAV,wo,33224,,
tg,rfd2.0,146896,146948,SCHILLER,29,ist,VAFIN,sein,33224,,
tg,rfd2.0,146896,146948,SCHILLER,29,der,ART,der,33224,,
tg,rfd2.0,146896,146948,SCHILLER,29,Bub,NN,bub,33224,,
tg,rfd2.0,146896,146948,SCHILLER,29,',$[,--,33224,,
tg,rfd2.0,146896,146948,SCHILLER,29,",","$,",--,33224,,
tg,rfd2.0,146896,146948,SCHILLER,29,wo,PWAV,wo,33224,,
tg,rfd2.0,146896,146948,SCHILLER,29,ist,VAFIN,sein,33224,,
tg,rfd2.0,146896,146948,SCHILLER,29,er,PPER,er,33224,,
tg,rfd2.0,146896,146948,SCHILLER,29,?,$.,--,33224,,
tg,rfd2.0,146953,147006,PETER,22,»,XY,»,33224,,
tg,rfd2.0,146953,147006,PETER,22,Bei,APPR,bei,33224,,
tg,rfd2.0,146953,147006,PETER,22,Sturm,NN,sturm,33224,,
tg,rfd2.0,146953,147006,PETER,22,und,KON,und,33224,,
tg,rfd2.0,146953,147006,PETER,22,Wind,NN,wind,33224,,
tg,rfd2.0,146953,147006,PETER,22,marschieren,VVFIN,marschieren,33224,,
tg,rfd2.0,146953,147006,PETER,22,wir,PPER,wir,33224,,
tg,rfd2.0,146953,147006,PETER,22,.,$.,--,33224,,
tg,rfd2.0,146953,147006,PETER,22,«,XY,«,33224,,
tg,rfd2.0,147012,147077,KOCH,20,Still,NE,still,33224,,
tg,rfd2.0,147012,147077,KOCH,20,doch,ADV,doch,33224,,
tg,rfd2.0,147012,147077,KOCH,20,",","$,",--,33224,,
tg,rfd2.0,147012,147077,KOCH,20,Schufterle,NN,schufterle,33224,,
tg,rfd2.0,147012,147077,KOCH,20,",","$,",--,33224,,
tg,rfd2.0,147012,147077,KOCH,20,man,PIS,man,33224,,
tg,rfd2.0,147012,147077,KOCH,20,hört,VVFIN,hören,33224,,
tg,rfd2.0,147012,147077,KOCH,20,ja,ADV,ja,33224,,
tg,rfd2.0,147012,147077,KOCH,20,sein,VAINF,sein,33224,,
tg,rfd2.0,147012,147077,KOCH,20,eigen,ADJD,eigen,33224,,
tg,rfd2.0,147012,147077,KOCH,20,Wort,NN,wort,33224,,
tg,rfd2.0,147012,147077,KOCH,20,nicht,PTKNEG,nicht,33224,,
tg,rfd2.0,147012,147077,KOCH,20,.,$.,--,33224,,
tg,rfd2.0,147082,147170,HOVER,17,Er,PPER,er,33224,,
tg,rfd2.0,147082,147170,HOVER,17,wird,VAFIN,werden,33224,,
tg,rfd2.0,147082,147170,HOVER,17,gleich,ADV,gleich,33224,,
tg,rfd2.0,147082,147170,HOVER,17,kommen,VVFIN,kommen,33224,,
tg,rfd2.0,147082,147170,HOVER,17,–,PPER,–,33224,,
tg,rfd2.0,147082,147170,HOVER,17,er,PPER,er,33224,,
tg,rfd2.0,147082,147170,HOVER,17,holt,VVFIN,holen,33224,,
tg,rfd2.0,147082,147170,HOVER,17,frischen,ADJA,frisch,33224,,
tg,rfd2.0,147082,147170,HOVER,17,Rum,NN,rum,33224,,
tg,rfd2.0,147082,147170,HOVER,17,und,KON,und,33224,,
tg,rfd2.0,147082,147170,HOVER,17,Tabak,NN,tabak,33224,,
tg,rfd2.0,147082,147170,HOVER,17,und,KON,und,33224,,
tg,rfd2.0,147082,147170,HOVER,17,bringt,VVFIN,bringen,33224,,
tg,rfd2.0,147082,147170,HOVER,17,warmes,ADJA,warm,33224,,
tg,rfd2.0,147082,147170,HOVER,17,Wasser,NN,wasser,33224,,
tg,rfd2.0,147082,147170,HOVER,17,.,$.,--,33224,,
tg,rfd2.0,147175,147308,SCHILLER,29,Viktoria,NE,viktoria,33224,,
tg,rfd2.0,147175,147308,SCHILLER,29,"!",$.,--,33224,,
tg,rfd2.0,147175,147308,SCHILLER,29,Koch,NE,koch,33224,KOCH,20
tg,rfd2.0,147175,147308,SCHILLER,29,vorführend,ADJD,vorführend,33224,,
tg,rfd2.0,147175,147308,SCHILLER,29,.,$.,--,33224,,
tg,rfd2.0,147175,147308,SCHILLER,29,So,ADV,so,33224,,
tg,rfd2.0,147175,147308,SCHILLER,29,käme,VVFIN,kommen,33224,,
tg,rfd2.0,147175,147308,SCHILLER,29,die,ART,der,33224,,
tg,rfd2.0,147175,147308,SCHILLER,29,Entscheidung,NN,entscheidung,33224,,
tg,rfd2.0,147175,147308,SCHILLER,29,noch,ADV,noch,33224,,
tg,rfd2.0,147175,147308,SCHILLER,29,zu,APPR,zu,33224,,
tg,rfd2.0,147175,147308,SCHILLER,29,rechter,ADJA,recht,33224,,
tg,rfd2.0,147175,147308,SCHILLER,29,Zeit,NN,zeit,33224,,
tg,rfd2.0,147175,147308,SCHILLER,29,"!",$.,--,33224,,
tg,rfd2.0,147175,147308,SCHILLER,29,Dann,ADV,dann,33224,,
tg,rfd2.0,147175,147308,SCHILLER,29,wieder,ADV,wieder,33224,,
tg,rfd2.0,147175,147308,SCHILLER,29,nach,APPR,nach,33224,,
tg,rfd2.0,147175,147308,SCHILLER,29,hinten,ADV,hinten,33224,,
tg,rfd2.0,147175,147308,SCHILLER,29,eilend,ADJD,eilend,33224,,
tg,rfd2.0,147175,147308,SCHILLER,29,und,KON,und,33224,,
tg,rfd2.0,147175,147308,SCHILLER,29,dort,ADV,dort,33224,,
tg,rfd2.0,147175,147308,SCHILLER,29,harrend,ADJD,harrend,33224,,
tg,rfd2.0,147175,147308,SCHILLER,29,.,$.,--,33224,,
tg,rfd2.0,147314,147344,KOCH,20,Wenn,KOUS,wenn,33224,,
tg,rfd2.0,147314,147344,KOCH,20,sie,PPER,sie,33224,,
tg,rfd2.0,147314,147344,KOCH,20,nur,ADV,nur,33224,,
tg,rfd2.0,147314,147344,KOCH,20,was,PWS,was,33224,,
tg,rfd2.0,147314,147344,KOCH,20,taugt,VVFIN,taugen,33224,,
tg,rfd2.0,147314,147344,KOCH,20,"!",$.,--,33224,,
tg,rfd2.0,147349,147561,"Peters, genannt Schufterle, , Karlsschüler.",12,Sessel,NN,sessel,33224,,
tg,rfd2.0,147349,147561,"Peters, genannt Schufterle, , Karlsschüler.",12,herbei,VVFIN,herbei,33224,,
tg,rfd2.0,147349,147561,"Peters, genannt Schufterle, , Karlsschüler.",12,",","$,",--,33224,,
tg,rfd2.0,147349,147561,"Peters, genannt Schufterle, , Karlsschüler.",12,Sitzung,NN,sitzung,33224,,
tg,rfd2.0,147349,147561,"Peters, genannt Schufterle, , Karlsschüler.",12,eröffnet,VVFIN,eröffnen,33224,,
tg,rfd2.0,147349,147561,"Peters, genannt Schufterle, , Karlsschüler.",12,",","$,",--,33224,,
tg,rfd2.0,147349,147561,"Peters, genannt Schufterle, , Karlsschüler.",12,Feuer,NN,feuer,33224,,
tg,rfd2.0,147349,147561,"Peters, genannt Schufterle, , Karlsschüler.",12,angezündet,VVPP,anzünden,33224,,
tg,rfd2.0,147349,147561,"Peters, genannt Schufterle, , Karlsschüler.",12,;,$.,--,33224,,
tg,rfd2.0,147349,147561,"Peters, genannt Schufterle, , Karlsschüler.",12,mort,VVFIN,mort,33224,,
tg,rfd2.0,147349,147561,"Peters, genannt Schufterle, , Karlsschüler.",12,de,NE,de,33224,,
tg,rfd2.0,147349,147561,"Peters, genannt Schufterle, , Karlsschüler.",12,ma,NE,ma,33224,,
tg,rfd2.0,147349,147561,"Peters, genannt Schufterle, , Karlsschüler.",12,vie,VVFIN,vie,33224,,
tg,rfd2.0,147349,147561,"Peters, genannt Schufterle, , Karlsschüler.",12,",","$,",--,33224,,
tg,rfd2.0,147349,147561,"Peters, genannt Schufterle, , Karlsschüler.",12,wo,PWAV,wo,33224,,
tg,rfd2.0,147349,147561,"Peters, genannt Schufterle, , Karlsschüler.",12,sind,VAFIN,sein,33224,,
tg,rfd2.0,147349,147561,"Peters, genannt Schufterle, , Karlsschüler.",12,denn,ADV,denn,33224,,
tg,rfd2.0,147349,147561,"Peters, genannt Schufterle, , Karlsschüler.",12,unsre,ADJA,unsr,33224,,
tg,rfd2.0,147349,147561,"Peters, genannt Schufterle, , Karlsschüler.",12,symbolischen,ADJA,symbolisch,33224,,
tg,rfd2.0,147349,147561,"Peters, genannt Schufterle, , Karlsschüler.",12,Bücher,NN,buch,33224,,
tg,rfd2.0,147349,147561,"Peters, genannt Schufterle, , Karlsschüler.",12,?,$.,--,33224,,
tg,rfd2.0,147349,147561,"Peters, genannt Schufterle, , Karlsschüler.",12,–,XY,–,33224,,
tg,rfd2.0,147349,147561,"Peters, genannt Schufterle, , Karlsschüler.",12,Die,PDS,der,33224,,
tg,rfd2.0,147349,147561,"Peters, genannt Schufterle, , Karlsschüler.",12,hat,VAFIN,haben,33224,,
tg,rfd2.0,147349,147561,"Peters, genannt Schufterle, , Karlsschüler.",12,ja,ADV,ja,33224,,
tg,rfd2.0,147349,147561,"Peters, genannt Schufterle, , Karlsschüler.",12,der,ART,der,33224,,
tg,rfd2.0,147349,147561,"Peters, genannt Schufterle, , Karlsschüler.",12,Teufel,NN,teufel,33224,,
tg,rfd2.0,147349,147561,"Peters, genannt Schufterle, , Karlsschüler.",12,geholt,VVPP,holen,33224,,
tg,rfd2.0,147349,147561,"Peters, genannt Schufterle, , Karlsschüler.",12,"!",$.,--,33224,,
tg,rfd2.0,147567,147592,SCHARPSTEIN,16,Wahrhaftig,ADJD,wahrhaftig,33224,,
tg,rfd2.0,147567,147592,SCHARPSTEIN,16,.,$.,--,33224,,
tg,rfd2.0,147597,147609,HOVER,17,Wie,PWAV,wie,33224,,
tg,rfd2.0,147597,147609,HOVER,17,?,$.,--,33224,,
tg,rfd2.0,147614,147629,"Pfeiffer, genannt Roller,",11,Was,PWS,was,33224,,
tg,rfd2.0,147614,147629,"Pfeiffer, genannt Roller,",11,?,$.,--,33224,,
tg,rfd2.0,147634,147707,KOCH,20,Was,PWS,was,33224,,
tg,rfd2.0,147634,147707,KOCH,20,heißt,VVFIN,heißen,33224,,
tg,rfd2.0,147634,147707,KOCH,20,das,PDS,der,33224,,
tg,rfd2.0,147634,147707,KOCH,20,?,$.,--,33224,,
tg,rfd2.0,147634,147707,KOCH,20,Alle,PIS,alle,33224,ALLE,30
tg,rfd2.0,147634,147707,KOCH,20,suchen,VVFIN,suchen,33224,,
tg,rfd2.0,147634,147707,KOCH,20,.,$.,--,33224,,
tg,rfd2.0,147634,147707,KOCH,20,Wo,PWAV,wo,33224,,
tg,rfd2.0,147634,147707,KOCH,20,sind,VAFIN,sein,33224,,
tg,rfd2.0,147634,147707,KOCH,20,die,ART,der,33224,,
tg,rfd2.0,147634,147707,KOCH,20,Räuber,NN,räuber,33224,,
tg,rfd2.0,147634,147707,KOCH,20,und,KON,und,33224,,
tg,rfd2.0,147634,147707,KOCH,20,die,ART,der,33224,,
tg,rfd2.0,147634,147707,KOCH,20,Anthologie,NN,anthologie,33224,,
tg,rfd2.0,147634,147707,KOCH,20,?,$.,--,33224,,
tg,rfd2.0,147712,147753,PETER,22,Dies,PDS,dieser,33224,,
tg,rfd2.0,147712,147753,PETER,22,ist,VAFIN,sein,33224,,
tg,rfd2.0,147712,147753,PETER,22,meine,PPOSAT,mein,33224,PETER,22
tg,rfd2.0,147712,147753,PETER,22,bescheidene,ADJA,bescheiden,33224,,
tg,rfd2.0,147712,147753,PETER,22,Frage,NN,frage,33224,,
tg,rfd2.0,147712,147753,PETER,22,.,$.,--,33224,,
tg,rfd2.0,147758,147781,KOCH,20,Wer,PWS,wer,33224,,
tg,rfd2.0,147758,147781,KOCH,20,hat,VAFIN,haben,33224,,
tg,rfd2.0,147758,147781,KOCH,20,du,PPER,du,33224,,
tg,rfd2.0,147758,147781,KOCH,20,jour,ADJD,jour,33224,,
tg,rfd2.0,147758,147781,KOCH,20,?,$.,--,33224,,
tg,rfd2.0,147786,147811,SCHARPSTEIN,16,Schufterle,NN,schufterle,33224,,
tg,rfd2.0,147786,147811,SCHARPSTEIN,16,"!",$.,--,33224,,
tg,rfd2.0,147816,147948,PETER,22,Ich,PPER,ich,33224,,
tg,rfd2.0,147816,147948,PETER,22,.,$.,--,33224,,
tg,rfd2.0,147816,147948,PETER,22,Daher,PROAV,daher,33224,,
tg,rfd2.0,147816,147948,PETER,22,meine,PPOSAT,mein,33224,PETER,22
tg,rfd2.0,147816,147948,PETER,22,bescheidene,ADJA,bescheiden,33224,,
tg,rfd2.0,147816,147948,PETER,22,Frage,NN,frage,33224,,
tg,rfd2.0,147816,147948,PETER,22,–,VVFIN,–,33224,,
tg,rfd2.0,147816,147948,PETER,22,ich,PPER,ich,33224,PETER,22
tg,rfd2.0,147816,147948,PETER,22,habe,VAFIN,haben,33224,,
tg,rfd2.0,147816,147948,PETER,22,gegen,APPR,gegen,33224,,
tg,rfd2.0,147816,147948,PETER,22,Abend,NN,abend,33224,,
tg,rfd2.0,147816,147948,PETER,22,den,ART,der,33224,,
tg,rfd2.0,147816,147948,PETER,22,Altar,NN,altar,33224,,
tg,rfd2.0,147816,147948,PETER,22,der,ART,der,33224,,
tg,rfd2.0,147816,147948,PETER,22,Südsee,NN,südsee,33224,,
tg,rfd2.0,147816,147948,PETER,22,in,APPR,in,33224,,
tg,rfd2.0,147816,147948,PETER,22,Ordnung,NN,ordnung,33224,,
tg,rfd2.0,147816,147948,PETER,22,gebracht,VVPP,bringen,33224,,
tg,rfd2.0,147816,147948,PETER,22,",","$,",--,33224,,
tg,rfd2.0,147816,147948,PETER,22,die,ART,der,33224,,
tg,rfd2.0,147816,147948,PETER,22,Bücher,NN,buch,33224,,
tg,rfd2.0,147816,147948,PETER,22,daher,PROAV,daher,33224,,
tg,rfd2.0,147816,147948,PETER,22,gelegt,VVPP,legen,33224,,
tg,rfd2.0,147816,147948,PETER,22,"!",$.,--,33224,,
tg,rfd2.0,147954,147992,KOCH,20,Hast,VAFIN,haben,33224,,
tg,rfd2.0,147954,147992,KOCH,20,sie,PPER,sie,33224,,
tg,rfd2.0,147954,147992,KOCH,20,vergessen,VVINF,vergessen,33224,,
tg,rfd2.0,147954,147992,KOCH,20,",","$,",--,33224,,
tg,rfd2.0,147954,147992,KOCH,20,Schufterle,NN,schufterle,33224,,
tg,rfd2.0,147954,147992,KOCH,20,"!",$.,--,33224,,
tg,rfd2.0,147997,148061,"Pfeiffer, genannt Roller,",11,Hast,VAFIN,haben,33224,,
tg,rfd2.0,147997,148061,"Pfeiffer, genannt Roller,",11,geschlafen,VVPP,schlafen,33224,,
tg,rfd2.0,147997,148061,"Pfeiffer, genannt Roller,",11,.,$.,--,33224,,
tg,rfd2.0,148164,148205,SCHILLER,29,Du,PPER,du,33224,,
tg,rfd2.0,148164,148205,SCHILLER,29,hast,VAFIN,haben,33224,,
tg,rfd2.0,148164,148205,SCHILLER,29,einen,ART,ein,33224,,
tg,rfd2.0,148164,148205,SCHILLER,29,Brief,NN,brief,33224,,
tg,rfd2.0,148164,148205,SCHILLER,29,für,APPR,für,33224,,
tg,rfd2.0,148164,148205,SCHILLER,29,mich,PPER,mich,33224,SCHILLER,29
tg,rfd2.0,148164,148205,SCHILLER,29,?,$.,--,33224,,
tg,rfd2.0,148164,148205,SCHILLER,29,"!",$.,--,33224,,
tg,rfd2.0,148210,148247,KOCH,20,Da,ADV,da,33224,,
tg,rfd2.0,148210,148247,KOCH,20,kommt,VVFIN,kommen,33224,,
tg,rfd2.0,148210,148247,KOCH,20,der,ART,der,33224,,
tg,rfd2.0,148210,148247,KOCH,20,Stift,NN,stift,33224,,
tg,rfd2.0,148210,148247,KOCH,20,.,$.,--,33224,,
tg,rfd2.0,148210,148247,KOCH,20,Zutretend,ADJD,zutretend,33224,,
tg,rfd2.0,148210,148247,KOCH,20,.,$.,--,33224,,
tg,rfd2.0,148255,148315,SCHARPSTEIN,16,Verbrüht,VVFIN,verbrüht,33224,,
tg,rfd2.0,148255,148315,SCHARPSTEIN,16,die,ART,der,33224,,
tg,rfd2.0,148255,148315,SCHARPSTEIN,16,Nette,NN,nette,33224,NETTE,15
tg,rfd2.0,148255,148315,SCHARPSTEIN,16,nicht,PTKNEG,nicht,33224,,
tg,rfd2.0,148255,148315,SCHARPSTEIN,16,–,XY,–,33224,,
tg,rfd2.0,148255,148315,SCHARPSTEIN,16,gib,PWS,geben,33224,,
tg,rfd2.0,148255,148315,SCHARPSTEIN,16,das,ART,der,33224,,
tg,rfd2.0,148255,148315,SCHARPSTEIN,16,Wasser,NN,wasser,33224,,
tg,rfd2.0,148255,148315,SCHARPSTEIN,16,her,PTKVZ,her,33224,,
tg,rfd2.0,148255,148315,SCHARPSTEIN,16,"!",$.,--,33224,,
tg,rfd2.0,148320,148354,"Pfeiffer, genannt Roller,",11,Hierher,ADV,hierher,33224,,
tg,rfd2.0,148320,148354,"Pfeiffer, genannt Roller,",11,den,ART,der,33224,,
tg,rfd2.0,148320,148354,"Pfeiffer, genannt Roller,",11,Rum,NN,rum,33224,,
tg,rfd2.0,148320,148354,"Pfeiffer, genannt Roller,",11,",","$,",--,33224,,
tg,rfd2.0,148320,148354,"Pfeiffer, genannt Roller,",11,Nette,NE,nette,33224,NETTE,15
tg,rfd2.0,148320,148354,"Pfeiffer, genannt Roller,",11,.,$.,--,33224,,
tg,rfd2.0,148360,148402,PETERS singt,28,»,XY,»,33224,,
tg,rfd2.0,148360,148402,PETERS singt,28,Der,ART,der,33224,,
tg,rfd2.0,148360,148402,PETERS singt,28,Mond,NN,mond,33224,,
tg,rfd2.0,148360,148402,PETERS singt,28,ist,VAFIN,sein,33224,,
tg,rfd2.0,148360,148402,PETERS singt,28,unsre,ADJA,unsr,33224,,
tg,rfd2.0,148360,148402,PETERS singt,28,Sonne,NN,sonne,33224,,
tg,rfd2.0,148360,148402,PETERS singt,28,.,$.,--,33224,,
tg,rfd2.0,148407,148449,SCHILLER,29,Wo,PWAV,wo,33224,,
tg,rfd2.0,148407,148449,SCHILLER,29,hast,VAFIN,haben,33224,,
tg,rfd2.0,148407,148449,SCHILLER,29,du,PPER,du,33224,,
tg,rfd2.0,148407,148449,SCHILLER,29,ihn,PPER,ihn,33224,,
tg,rfd2.0,148407,148449,SCHILLER,29,?,$.,--,33224,,
tg,rfd2.0,148407,148449,SCHILLER,29,Heraus,NE,heraus,33224,,
tg,rfd2.0,148407,148449,SCHILLER,29,",","$,",--,33224,,
tg,rfd2.0,148407,148449,SCHILLER,29,heraus,PTKVZ,heraus,33224,,
tg,rfd2.0,148407,148449,SCHILLER,29,"!",$.,--,33224,,
tg,rfd2.0,148454,148606,NETTE,15,Ja,PTKANT,ja,33224,,
tg,rfd2.0,148454,148606,NETTE,15,",","$,",--,33224,,
tg,rfd2.0,148454,148606,NETTE,15,ja,PTKANT,ja,33224,,
tg,rfd2.0,148454,148606,NETTE,15,",","$,",--,33224,,
tg,rfd2.0,148454,148606,NETTE,15,gnädiger,ADJA,gnädig,33224,,
tg,rfd2.0,148454,148606,NETTE,15,Herr,NN,herr,33224,,
tg,rfd2.0,148454,148606,NETTE,15,.,$.,--,33224,,
tg,rfd2.0,148611,148654,KOCH,20,Na,ITJ,na,33224,,
tg,rfd2.0,148611,148654,KOCH,20,",","$,",--,33224,,
tg,rfd2.0,148611,148654,KOCH,20,so,ADV,so,33224,,
tg,rfd2.0,148611,148654,KOCH,20,mach,VVFIN,machen,33224,,
tg,rfd2.0,148611,148654,KOCH,20,',$[,--,33224,,
tg,rfd2.0,148611,148654,KOCH,20,doch,ADV,doch,33224,,
tg,rfd2.0,148611,148654,KOCH,20,",","$,",--,33224,,
tg,rfd2.0,148611,148654,KOCH,20,Stift,NN,stift,33224,,
tg,rfd2.0,148611,148654,KOCH,20,.,$.,--,33224,,
tg,rfd2.0,148611,148654,KOCH,20,Den,ART,der,33224,,
tg,rfd2.0,148611,148654,KOCH,20,Brief,NN,brief,33224,,
tg,rfd2.0,148611,148654,KOCH,20,"!",$.,--,33224,,
tg,rfd2.0,148659,148710,NETTE,15,Hier,ADV,hier,33224,,
tg,rfd2.0,148659,148710,NETTE,15,",","$,",--,33224,,
tg,rfd2.0,148659,148710,NETTE,15,Herr,NN,herr,33224,,
tg,rfd2.0,148659,148710,NETTE,15,Spiegelberg,NE,spiegelberg,33224,,
tg,rfd2.0,148659,148710,NETTE,15,.,$.,--,33224,,
tg,rfd2.0,148659,148710,NETTE,15,Reicht,NE,reichen,33224,,
tg,rfd2.0,148659,148710,NETTE,15,die,ART,der,33224,,
tg,rfd2.0,148659,148710,NETTE,15,Flasche,NN,flasche,33224,,
tg,rfd2.0,148659,148710,NETTE,15,.,$.,--,33224,,
tg,rfd2.0,148717,148772,KOCH,20,Das,PDS,der,33224,,
tg,rfd2.0,148717,148772,KOCH,20,ist,VAFIN,sein,33224,,
tg,rfd2.0,148717,148772,KOCH,20,ja,ADV,ja,33224,,
tg,rfd2.0,148717,148772,KOCH,20,eine,ART,ein,33224,,
tg,rfd2.0,148717,148772,KOCH,20,Flasche,NN,flasche,33224,,
tg,rfd2.0,148717,148772,KOCH,20,.,$.,--,33224,,
tg,rfd2.0,148717,148772,KOCH,20,Sie,PPER,sie,33224,,
tg,rfd2.0,148717,148772,KOCH,20,Pfeiffern,NN,pfeiffer,33224,,
tg,rfd2.0,148717,148772,KOCH,20,reichend,ADJD,reichend,33224,,
tg,rfd2.0,148717,148772,KOCH,20,.,$.,--,33224,,
tg,rfd2.0,148778,148789,NETTE,15,So,ADV,so,33224,,
tg,rfd2.0,148778,148789,NETTE,15,?,$.,--,33224,,
tg,rfd2.0,148794,148825,SCHILLER,29,Mein,PPOSAT,mein,33224,,
tg,rfd2.0,148794,148825,SCHILLER,29,Brief,NN,brief,33224,,
tg,rfd2.0,148794,148825,SCHILLER,29,",","$,",--,33224,,
tg,rfd2.0,148794,148825,SCHILLER,29,Bursche,ADJA,bursche,33224,,
tg,rfd2.0,148794,148825,SCHILLER,29,"!",$.,--,33224,,
tg,rfd2.0,148830,148895,NETTE,15,Gleich,ADV,gleich,33224,,
tg,rfd2.0,148830,148895,NETTE,15,",","$,",--,33224,,
tg,rfd2.0,148830,148895,NETTE,15,Herr,NN,herr,33224,,
tg,rfd2.0,148830,148895,NETTE,15,Hauptmann,NE,hauptmann,33224,,
tg,rfd2.0,148830,148895,NETTE,15,",","$,",--,33224,,
tg,rfd2.0,148830,148895,NETTE,15,hier,ADV,hier,33224,,
tg,rfd2.0,148830,148895,NETTE,15,.,$.,--,33224,,
tg,rfd2.0,148830,148895,NETTE,15,Die,ART,der,33224,,
tg,rfd2.0,148830,148895,NETTE,15,Klarinette,NN,klarinette,33224,,
tg,rfd2.0,148830,148895,NETTE,15,hinreichend,ADJD,hinreichend,33224,,
tg,rfd2.0,148830,148895,NETTE,15,.,$.,--,33224,,
tg,rfd2.0,148901,148940,KOCH,20,Der,ART,der,33224,,
tg,rfd2.0,148901,148940,KOCH,20,Junge,NN,junge,33224,,
tg,rfd2.0,148901,148940,KOCH,20,ist,VAFIN,sein,33224,,
tg,rfd2.0,148901,148940,KOCH,20,dämlich,ADJD,dämlich,33224,,
tg,rfd2.0,148901,148940,KOCH,20,geworden,VAPP,werden,33224,,
tg,rfd2.0,148901,148940,KOCH,20,–,XY,–,33224,,
tg,rfd2.0,148945,148976,"Peters, genannt Schufterle, , Karlsschüler.",12,Geworden,VVINF,geword,33224,,
tg,rfd2.0,148945,148976,"Peters, genannt Schufterle, , Karlsschüler.",12,"!",$.,--,33224,,
tg,rfd2.0,148945,148976,"Peters, genannt Schufterle, , Karlsschüler.",12,Wie,PWAV,wie,33224,,
tg,rfd2.0,148945,148976,"Peters, genannt Schufterle, , Karlsschüler.",12,höflich,ADJD,höflich,33224,,
tg,rfd2.0,148945,148976,"Peters, genannt Schufterle, , Karlsschüler.",12,"!",$.,--,33224,,
tg,rfd2.0,148981,149187,KOCH,20,Macht,NN,macht,33224,,
tg,rfd2.0,148981,149187,KOCH,20,unser,PPOSAT,unser,33224,,
tg,rfd2.0,148981,149187,KOCH,20,jüngstes,ADJA,jung,33224,,
tg,rfd2.0,148981,149187,KOCH,20,Genie,NN,genie,33224,,
tg,rfd2.0,148981,149187,KOCH,20,nicht,PTKNEG,nicht,33224,,
tg,rfd2.0,148981,149187,KOCH,20,dumm,ADJD,dumm,33224,,
tg,rfd2.0,148981,149187,KOCH,20,"!",$.,--,33224,,
tg,rfd2.0,148981,149187,KOCH,20,Dies,PDS,dieser,33224,,
tg,rfd2.0,148981,149187,KOCH,20,Nervensystem,NN,nervensystem,33224,,
tg,rfd2.0,148981,149187,KOCH,20,der,ART,der,33224,,
tg,rfd2.0,148981,149187,KOCH,20,Bleistifte,NN,bleistift,33224,,
tg,rfd2.0,148981,149187,KOCH,20,ist,VAFIN,sein,33224,,
tg,rfd2.0,148981,149187,KOCH,20,zart,ADJD,zart,33224,,
tg,rfd2.0,148981,149187,KOCH,20,",","$,",--,33224,,
tg,rfd2.0,148981,149187,KOCH,20,verträgt,VVFIN,vertragen,33224,,
tg,rfd2.0,148981,149187,KOCH,20,keine,PIAT,kein,33224,,
tg,rfd2.0,148981,149187,KOCH,20,Zudringlichkeit,NN,zudringlichkeit,33224,,
tg,rfd2.0,148981,149187,KOCH,20,–,CARD,–,33224,,
tg,rfd2.0,148981,149187,KOCH,20,Streichelt,NN,streichelt,33224,,
tg,rfd2.0,148981,149187,KOCH,20,und,KON,und,33224,,
tg,rfd2.0,148981,149187,KOCH,20,visitiert,VVFIN,visitieren,33224,,
tg,rfd2.0,148981,149187,KOCH,20,ihn,PPER,ihn,33224,,
tg,rfd2.0,148981,149187,KOCH,20,",","$,",--,33224,,
tg,rfd2.0,148981,149187,KOCH,20,Nette,NE,nette,33224,NETTE,15
tg,rfd2.0,148981,149187,KOCH,20,lächelt,VVFIN,lächeln,33224,,
tg,rfd2.0,148981,149187,KOCH,20,.,$.,--,33224,,
tg,rfd2.0,148981,149187,KOCH,20,Nette,NE,nette,33224,NETTE,15
tg,rfd2.0,148981,149187,KOCH,20,",","$,",--,33224,,
tg,rfd2.0,148981,149187,KOCH,20,du,PPER,du,33224,,
tg,rfd2.0,148981,149187,KOCH,20,hast,VAFIN,haben,33224,,
tg,rfd2.0,148981,149187,KOCH,20,ihn,PPER,ihn,33224,,
tg,rfd2.0,148981,149187,KOCH,20,gewiß,ADV,gewiß,33224,,
tg,rfd2.0,148981,149187,KOCH,20,in,APPR,in,33224,,
tg,rfd2.0,148981,149187,KOCH,20,der,ART,der,33224,,
tg,rfd2.0,148981,149187,KOCH,20,Tasche,NN,tasche,33224,,
tg,rfd2.0,148981,149187,KOCH,20,?,$.,--,33224,,
tg,rfd2.0,149192,149208,NETTE,15,Erraten,NN,erraten,33224,,
tg,rfd2.0,149192,149208,NETTE,15,"!",$.,--,33224,,
tg,rfd2.0,149213,149246,KOCH,20,Nein,PTKANT,nein,33224,,
tg,rfd2.0,149213,149246,KOCH,20,"!",$.,--,33224,,
tg,rfd2.0,149251,149278,SCHILLER,29,Zum,APPRART,zu,33224,,
tg,rfd2.0,149251,149278,SCHILLER,29,Verzweifeln,NN,verzweifeln,33224,,
tg,rfd2.0,149251,149278,SCHILLER,29,"!",$.,--,33224,,
tg,rfd2.0,149283,149313,NETTE,15,Doch,KON,doch,33224,,
tg,rfd2.0,149283,149313,NETTE,15,–,XY,–,33224,,
tg,rfd2.0,149283,149313,NETTE,15,aber,KON,aber,33224,,
tg,rfd2.0,149283,149313,NETTE,15,da,ADV,da,33224,,
tg,rfd2.0,149283,149313,NETTE,15,hinten,ADV,hinten,33224,,
tg,rfd2.0,149283,149313,NETTE,15,"!",$.,--,33224,,
tg,rfd2.0,149318,149426,KOCH,20,Ah,ITJ,ah,33224,,
tg,rfd2.0,149318,149426,KOCH,20,"!",$.,--,33224,,
tg,rfd2.0,149318,149426,KOCH,20,Entschuldige,NN,entschuldige,33224,,
tg,rfd2.0,149318,149426,KOCH,20,",","$,",--,33224,,
tg,rfd2.0,149318,149426,KOCH,20,Stift,NN,stift,33224,,
tg,rfd2.0,149318,149426,KOCH,20,–,XY,–,33224,,
tg,rfd2.0,149318,149426,KOCH,20,hier,ADV,hier,33224,,
tg,rfd2.0,149318,149426,KOCH,20,Moor,NE,moor,33224,,
tg,rfd2.0,149318,149426,KOCH,20,",","$,",--,33224,,
tg,rfd2.0,149318,149426,KOCH,20,der,ART,der,33224,,
tg,rfd2.0,149318,149426,KOCH,20,Brief,NN,brief,33224,,
tg,rfd2.0,149318,149426,KOCH,20,aus,APPR,aus,33224,,
tg,rfd2.0,149318,149426,KOCH,20,Franken,NN,franken,33224,,
tg,rfd2.0,149318,149426,KOCH,20,vom,APPRART,von,33224,,
tg,rfd2.0,149318,149426,KOCH,20,Reichsgrafen,NN,reichsgrafe,33224,,
tg,rfd2.0,149318,149426,KOCH,20,",","$,",--,33224,,
tg,rfd2.0,149318,149426,KOCH,20,diesmal,ADV,diesmal,33224,,
tg,rfd2.0,149318,149426,KOCH,20,Reichsfreiherrn,NN,reichsfreiherr,33224,,
tg,rfd2.0,149318,149426,KOCH,20,.,$.,--,33224,,
tg,rfd2.0,149432,149461,SCHARPSTEIN,16,Hierher,ADV,hierher,33224,,
tg,rfd2.0,149432,149461,SCHARPSTEIN,16,",","$,",--,33224,,
tg,rfd2.0,149432,149461,SCHARPSTEIN,16,Nette,NE,nette,33224,NETTE,15
tg,rfd2.0,149432,149461,SCHARPSTEIN,16,"!",$.,--,33224,,
tg,rfd2.0,149466,149490,"Pfeiffer, genannt Roller,",11,Feuer,NN,feuer,33224,,
tg,rfd2.0,149466,149490,"Pfeiffer, genannt Roller,",11,machen,VVINF,machen,33224,,
tg,rfd2.0,149466,149490,"Pfeiffer, genannt Roller,",11,"!",$.,--,33224,,
tg,rfd2.0,149495,149784,HOVER,17,Kessel,NN,kessel,33224,,
tg,rfd2.0,149495,149784,HOVER,17,aufsetzen,VVFIN,aufsetzen,33224,,
tg,rfd2.0,149495,149784,HOVER,17,"!",$.,--,33224,,
tg,rfd2.0,149495,149784,HOVER,17,PETERS,NE,peters,33224,,
tg,rfd2.0,149495,149784,HOVER,17,bereitet,VVFIN,bereiten,33224,,
tg,rfd2.0,149495,149784,HOVER,17,neben,APPR,neben,33224,,
tg,rfd2.0,149495,149784,HOVER,17,Nette,NN,nette,33224,NETTE,15
tg,rfd2.0,149495,149784,HOVER,17,am,APPRART,an,33224,,
tg,rfd2.0,149495,149784,HOVER,17,Kamine,NN,kamine,33224,,
tg,rfd2.0,149495,149784,HOVER,17,",","$,",--,33224,,
tg,rfd2.0,149495,149784,HOVER,17,wo,PWAV,wo,33224,,
tg,rfd2.0,149495,149784,HOVER,17,Feuer,NN,feuer,33224,,
tg,rfd2.0,149495,149784,HOVER,17,angezündet,VVPP,anzünden,33224,,
tg,rfd2.0,149495,149784,HOVER,17,worden,VAPP,werden,33224,,
tg,rfd2.0,149495,149784,HOVER,17,",","$,",--,33224,,
tg,rfd2.0,149495,149784,HOVER,17,den,ART,der,33224,,
tg,rfd2.0,149495,149784,HOVER,17,Punsch,NN,punsch,33224,,
tg,rfd2.0,149495,149784,HOVER,17,",","$,",--,33224,,
tg,rfd2.0,149495,149784,HOVER,17,indem,KOUS,indem,33224,,
tg,rfd2.0,149495,149784,HOVER,17,er,PPER,er,33224,,
tg,rfd2.0,149495,149784,HOVER,17,Zucker,NN,zucker,33224,,
tg,rfd2.0,149495,149784,HOVER,17,",","$,",--,33224,,
tg,rfd2.0,149495,149784,HOVER,17,Zitronen,NN,zitron,33224,,
tg,rfd2.0,149495,149784,HOVER,17,",","$,",--,33224,,
tg,rfd2.0,149495,149784,HOVER,17,die,ART,der,33224,,
tg,rfd2.0,149495,149784,HOVER,17,Nette,NN,nette,33224,NETTE,15
tg,rfd2.0,149495,149784,HOVER,17,in,APPR,in,33224,,
tg,rfd2.0,149495,149784,HOVER,17,Paketen,NN,paket,33224,,
tg,rfd2.0,149495,149784,HOVER,17,gebracht,VVPP,bringen,33224,,
tg,rfd2.0,149495,149784,HOVER,17,",","$,",--,33224,,
tg,rfd2.0,149495,149784,HOVER,17,und,KON,und,33224,,
tg,rfd2.0,149495,149784,HOVER,17,Rum,NN,rum,33224,,
tg,rfd2.0,149495,149784,HOVER,17,in,APPR,in,33224,,
tg,rfd2.0,149495,149784,HOVER,17,den,ART,der,33224,,
tg,rfd2.0,149495,149784,HOVER,17,Napf,NN,napf,33224,,
tg,rfd2.0,149495,149784,HOVER,17,schüttet,VVFIN,schütten,33224,,
tg,rfd2.0,149495,149784,HOVER,17,;,$.,--,33224,,
tg,rfd2.0,149495,149784,HOVER,17,etwas,PIS,etwas,33224,,
tg,rfd2.0,149495,149784,HOVER,17,vom,APPRART,von,33224,,
tg,rfd2.0,149495,149784,HOVER,17,Rum,NN,rum,33224,,
tg,rfd2.0,149495,149784,HOVER,17,obiger,ADJA,obig,33224,,
tg,rfd2.0,149495,149784,HOVER,17,Flasche,NN,flasche,33224,,
tg,rfd2.0,149495,149784,HOVER,17,kostend,ADJD,kostend,33224,,
tg,rfd2.0,149495,149784,HOVER,17,",","$,",--,33224,,
tg,rfd2.0,149495,149784,HOVER,17,ruft,VVFIN,rufen,33224,,
tg,rfd2.0,149495,149784,HOVER,17,er,PPER,er,33224,,
tg,rfd2.0,149495,149784,HOVER,17,:,$.,--,33224,,
tg,rfd2.0,149495,149784,HOVER,17,Es,PPER,es,33224,,
tg,rfd2.0,149495,149784,HOVER,17,lebe,VVFIN,leben,33224,,
tg,rfd2.0,149495,149784,HOVER,17,Laura,NE,laura,33224,,
tg,rfd2.0,149495,149784,HOVER,17,",","$,",--,33224,,
tg,rfd2.0,149495,149784,HOVER,17,des,ART,der,33224,,
tg,rfd2.0,149495,149784,HOVER,17,Herzogs,NN,herzog,33224,,
tg,rfd2.0,149495,149784,HOVER,17,lustiges,ADJA,lustig,33224,,
tg,rfd2.0,149495,149784,HOVER,17,Töchterlein,NN,töchterlein,33224,,
tg,rfd2.0,149495,149784,HOVER,17,"!",$.,--,33224,,
tg,rfd2.0,149789,149843,SCHARPSTEIN,16,Keine,PIAT,kein,33224,,
tg,rfd2.0,149789,149843,SCHARPSTEIN,16,Klatscherei,NN,klatscherei,33224,,
tg,rfd2.0,149789,149843,SCHARPSTEIN,16,",","$,",--,33224,,
tg,rfd2.0,149789,149843,SCHARPSTEIN,16,das,PRELS,der,33224,,
tg,rfd2.0,149789,149843,SCHARPSTEIN,16,verbitt,VVFIN,verbitt,33224,,
tg,rfd2.0,149789,149843,SCHARPSTEIN,16,',$[,--,33224,,
tg,rfd2.0,149789,149843,SCHARPSTEIN,16,ich,PPER,ich,33224,SCHARPSTEIN,16
tg,rfd2.0,149789,149843,SCHARPSTEIN,16,mir,PPER,sich,33224,SCHARPSTEIN,16
tg,rfd2.0,149789,149843,SCHARPSTEIN,16,"!",$.,--,33224,,
tg,rfd2.0,149848,149883,"Peters, genannt Schufterle, , Karlsschüler.",12,Wer,PWS,wer,33224,,
tg,rfd2.0,149848,149883,"Peters, genannt Schufterle, , Karlsschüler.",12,hat,VAFIN,haben,33224,,
tg,rfd2.0,149848,149883,"Peters, genannt Schufterle, , Karlsschüler.",12,hier,ADV,hier,33224,,
tg,rfd2.0,149848,149883,"Peters, genannt Schufterle, , Karlsschüler.",12,zu,PTKZU,zu,33224,,
tg,rfd2.0,149848,149883,"Peters, genannt Schufterle, , Karlsschüler.",12,verbitten,VVINF,verbitten,33224,,
tg,rfd2.0,149848,149883,"Peters, genannt Schufterle, , Karlsschüler.",12,?,$.,--,33224,,
tg,rfd2.0,149888,150029,SCHARPSTEIN,16,Sogar,ADV,sogar,33224,,
tg,rfd2.0,149888,150029,SCHARPSTEIN,16,zu,PTKZU,zu,33224,,
tg,rfd2.0,149888,150029,SCHARPSTEIN,16,verbieten,VVINF,verbieten,33224,,
tg,rfd2.0,149888,150029,SCHARPSTEIN,16,",","$,",--,33224,,
tg,rfd2.0,149888,150029,SCHARPSTEIN,16,wenn,KOUS,wenn,33224,,
tg,rfd2.0,149888,150029,SCHARPSTEIN,16,mir,PPER,sich,33224,SCHARPSTEIN,16
tg,rfd2.0,149888,150029,SCHARPSTEIN,16,eure,VVFIN,euer,33224,,
tg,rfd2.0,149888,150029,SCHARPSTEIN,16,Lästerung,NN,lästerung,33224,,
tg,rfd2.0,149888,150029,SCHARPSTEIN,16,nicht,PTKNEG,nicht,33224,,
tg,rfd2.0,149888,150029,SCHARPSTEIN,16,gefällt,VVPP,fällen,33224,,
tg,rfd2.0,149888,150029,SCHARPSTEIN,16,.,$.,--,33224,,
tg,rfd2.0,149888,150029,SCHARPSTEIN,16,PETERS,NE,peters,33224,,
tg,rfd2.0,149888,150029,SCHARPSTEIN,16,",","$,",--,33224,,
tg,rfd2.0,149888,150029,SCHARPSTEIN,16,PFEIFFER,NN,pfeiffer,33224,,
tg,rfd2.0,149888,150029,SCHARPSTEIN,16,UND,KON,und,33224,,
tg,rfd2.0,149888,150029,SCHARPSTEIN,16,HOVER,NE,hover,33224,HOVER,17
tg,rfd2.0,149888,150029,SCHARPSTEIN,16,.,$.,--,33224,,
tg,rfd2.0,149888,150029,SCHARPSTEIN,16,Holla,NE,holla,33224,,
tg,rfd2.0,149888,150029,SCHARPSTEIN,16,",","$,",--,33224,,
tg,rfd2.0,149888,150029,SCHARPSTEIN,16,ho,FM,ho,33224,,
tg,rfd2.0,149888,150029,SCHARPSTEIN,16,",","$,",--,33224,,
tg,rfd2.0,149888,150029,SCHARPSTEIN,16,Schweizer,ADJA,schweizer,33224,,
tg,rfd2.0,149888,150029,SCHARPSTEIN,16,",","$,",--,33224,,
tg,rfd2.0,149888,150029,SCHARPSTEIN,16,keine,PIAT,kein,33224,,
tg,rfd2.0,149888,150029,SCHARPSTEIN,16,Tyrannei,NN,tyrannei,33224,,
tg,rfd2.0,149888,150029,SCHARPSTEIN,16,"!",$.,--,33224,,
tg,rfd2.0,150132,150207,KOCH,20,Armer,NE,armer,33224,,
tg,rfd2.0,150132,150207,KOCH,20,Schiller,NE,schiller,33224,SCHILLER,29
tg,rfd2.0,150132,150207,KOCH,20,"!",$.,--,33224,,
tg,rfd2.0,150132,150207,KOCH,20,Hebt,NE,heben,33224,,
tg,rfd2.0,150132,150207,KOCH,20,den,ART,der,33224,,
tg,rfd2.0,150132,150207,KOCH,20,Brief,NN,brief,33224,,
tg,rfd2.0,150132,150207,KOCH,20,auf,PTKVZ,auf,33224,,
tg,rfd2.0,150132,150207,KOCH,20,.,$.,--,33224,,
tg,rfd2.0,150213,150260,"Pfeiffer, genannt Roller,",11,Moor,NE,moor,33224,,
tg,rfd2.0,150213,150260,"Pfeiffer, genannt Roller,",11,"!",$.,--,33224,,
tg,rfd2.0,150213,150260,"Pfeiffer, genannt Roller,",11,Wonaus,NE,wonaus,33224,,
tg,rfd2.0,150213,150260,"Pfeiffer, genannt Roller,",11,",","$,",--,33224,,
tg,rfd2.0,150213,150260,"Pfeiffer, genannt Roller,",11,Moor,NN,moor,33224,,
tg,rfd2.0,150213,150260,"Pfeiffer, genannt Roller,",11,?,$.,--,33224,,
tg,rfd2.0,150213,150260,"Pfeiffer, genannt Roller,",11,Was,PWS,was,33224,,
tg,rfd2.0,150213,150260,"Pfeiffer, genannt Roller,",11,beginnst,VVFIN,beginnen,33224,,
tg,rfd2.0,150213,150260,"Pfeiffer, genannt Roller,",11,du,PPER,du,33224,,
tg,rfd2.0,150213,150260,"Pfeiffer, genannt Roller,",11,?,$.,--,33224,,
tg,rfd2.0,150265,150326,HOVER,17,Was,PWS,was,33224,,
tg,rfd2.0,150265,150326,HOVER,17,hat,VAFIN,haben,33224,,
tg,rfd2.0,150265,150326,HOVER,17,er,PPER,er,33224,,
tg,rfd2.0,150265,150326,HOVER,17,",","$,",--,33224,,
tg,rfd2.0,150265,150326,HOVER,17,was,PWS,was,33224,,
tg,rfd2.0,150265,150326,HOVER,17,hat,VAFIN,haben,33224,,
tg,rfd2.0,150265,150326,HOVER,17,er,PPER,er,33224,,
tg,rfd2.0,150265,150326,HOVER,17,?,$.,--,33224,,
tg,rfd2.0,150265,150326,HOVER,17,Er,PPER,er,33224,,
tg,rfd2.0,150265,150326,HOVER,17,ist,VAFIN,sein,33224,,
tg,rfd2.0,150265,150326,HOVER,17,bleich,ADJD,bleich,33224,,
tg,rfd2.0,150265,150326,HOVER,17,wie,KOKOM,wie,33224,,
tg,rfd2.0,150265,150326,HOVER,17,die,ART,der,33224,,
tg,rfd2.0,150265,150326,HOVER,17,Leiche,NN,leiche,33224,,
tg,rfd2.0,150265,150326,HOVER,17,.,$.,--,33224,,
tg,rfd2.0,150333,150411,SCHARPSTEIN,16,Das,PDS,der,33224,,
tg,rfd2.0,150333,150411,SCHARPSTEIN,16,müssen,VMFIN,müssen,33224,,
tg,rfd2.0,150333,150411,SCHARPSTEIN,16,schöne,ADJA,schön,33224,,
tg,rfd2.0,150333,150411,SCHARPSTEIN,16,Neuigkeiten,NN,neuigkeit,33224,,
tg,rfd2.0,150333,150411,SCHARPSTEIN,16,sein,VAINF,sein,33224,,
tg,rfd2.0,150333,150411,SCHARPSTEIN,16,"!",$.,--,33224,,
tg,rfd2.0,150333,150411,SCHARPSTEIN,16,Laß,VVIMP,lassen,33224,,
tg,rfd2.0,150333,150411,SCHARPSTEIN,16,doch,ADV,doch,33224,,
tg,rfd2.0,150333,150411,SCHARPSTEIN,16,hören,VVFIN,hören,33224,,
tg,rfd2.0,150333,150411,SCHARPSTEIN,16,",","$,",--,33224,,
tg,rfd2.0,150333,150411,SCHARPSTEIN,16,Spiegelberg,NE,spiegelberg,33224,,
tg,rfd2.0,150333,150411,SCHARPSTEIN,16,"!",$.,--,33224,,
tg,rfd2.0,150417,150472,"Peters, genannt Schufterle, , Karlsschüler.",12,Erster,ADJA,erster,33224,,
tg,rfd2.0,150417,150472,"Peters, genannt Schufterle, , Karlsschüler.",12,Akt,NN,Akt,33224,,
tg,rfd2.0,150417,150472,"Peters, genannt Schufterle, , Karlsschüler.",12,",","$,",--,33224,,
tg,rfd2.0,150417,150472,"Peters, genannt Schufterle, , Karlsschüler.",12,zweite,ADJA,zweiter,33224,,
tg,rfd2.0,150417,150472,"Peters, genannt Schufterle, , Karlsschüler.",12,Szene,NN,szene,33224,,
tg,rfd2.0,150417,150472,"Peters, genannt Schufterle, , Karlsschüler.",12,",","$,",--,33224,,
tg,rfd2.0,150417,150472,"Peters, genannt Schufterle, , Karlsschüler.",12,ins,APPRART,in,33224,,
tg,rfd2.0,150417,150472,"Peters, genannt Schufterle, , Karlsschüler.",12,Leben,NN,leben,33224,,
tg,rfd2.0,150417,150472,"Peters, genannt Schufterle, , Karlsschüler.",12,übersetzt,VVPP,übersetzen,33224,,
tg,rfd2.0,150417,150472,"Peters, genannt Schufterle, , Karlsschüler.",12,"!",$.,--,33224,,
tg,rfd2.0,150477,151271,KOCH,20,»,XY,»,33224,,
tg,rfd2.0,150477,151271,KOCH,20,Ihr,PPOSAT,ihr,33224,,
tg,rfd2.0,150477,151271,KOCH,20,bis,APPR,bis,33224,,
tg,rfd2.0,150477,151271,KOCH,20,in,APPR,in,33224,,
tg,rfd2.0,150477,151271,KOCH,20,den,ART,der,33224,,
tg,rfd2.0,150477,151271,KOCH,20,Tod,NN,tod,33224,,
tg,rfd2.0,150477,151271,KOCH,20,ergebenster,ADJA,ergeben,33224,,
tg,rfd2.0,150477,151271,KOCH,20,Iffland,NN,iffland,33224,,
tg,rfd2.0,150477,151271,KOCH,20,",","$,",--,33224,,
tg,rfd2.0,150477,151271,KOCH,20,Schauspieler,NN,schauspieler,33224,,
tg,rfd2.0,150477,151271,KOCH,20,.,$.,--,33224,,
tg,rfd2.0,150477,151271,KOCH,20,–,XY,–,33224,,
tg,rfd2.0,150477,151271,KOCH,20,Verehrtester,NN,verehrtester,33224,,
tg,rfd2.0,150477,151271,KOCH,20,Herr,NN,herr,33224,,
tg,rfd2.0,150477,151271,KOCH,20,Schiller,NE,schiller,33224,SCHILLER,29
tg,rfd2.0,150477,151271,KOCH,20,"!",$.,--,33224,,
tg,rfd2.0,150477,151271,KOCH,20,Legen,NE,legen,33224,,
tg,rfd2.0,150477,151271,KOCH,20,Sie's,NE,sie's,33224,,
tg,rfd2.0,150477,151271,KOCH,20,um's,APPRART,um,33224,,
tg,rfd2.0,150477,151271,KOCH,20,Himmelswillen,NN,himmelswille,33224,,
tg,rfd2.0,150477,151271,KOCH,20,nicht,PTKNEG,nicht,33224,,
tg,rfd2.0,150477,151271,KOCH,20,meiner,PPOSAT,mein,33224,KOCH,20
tg,rfd2.0,150477,151271,KOCH,20,Saumseligkeit,NN,saumseligkeit,33224,,
tg,rfd2.0,150477,151271,KOCH,20,zur,APPRART,zu,33224,,
tg,rfd2.0,150477,151271,KOCH,20,Last,NN,last,33224,,
tg,rfd2.0,150477,151271,KOCH,20,",","$,",--,33224,,
tg,rfd2.0,150477,151271,KOCH,20,wenn,KOUS,wenn,33224,,
tg,rfd2.0,150477,151271,KOCH,20,ich,PPER,ich,33224,KOCH,20
tg,rfd2.0,150477,151271,KOCH,20,Ihnen,PPER,ihnen,33224,,
tg,rfd2.0,150477,151271,KOCH,20,kein,PIAT,kein,33224,,
tg,rfd2.0,150477,151271,KOCH,20,besseres,ADJA,gute,33224,,
tg,rfd2.0,150477,151271,KOCH,20,Resultat,NN,resultat,33224,,
tg,rfd2.0,150477,151271,KOCH,20,vermelden,VVINF,vermelden,33224,,
tg,rfd2.0,150477,151271,KOCH,20,kann,VMFIN,können,33224,,
tg,rfd2.0,150477,151271,KOCH,20,.,$.,--,33224,,
tg,rfd2.0,150477,151271,KOCH,20,«,XY,«,33224,,
tg,rfd2.0,150477,151271,KOCH,20,Da,KOUS,da,33224,,
tg,rfd2.0,150477,151271,KOCH,20,schmeckt,VVFIN,schmecken,33224,,
tg,rfd2.0,150477,151271,KOCH,20,schon,ADV,schon,33224,,
tg,rfd2.0,150477,151271,KOCH,20,der,ART,der,33224,,
tg,rfd2.0,150477,151271,KOCH,20,Essig,NN,essig,33224,,
tg,rfd2.0,150477,151271,KOCH,20,vor,PTKVZ,vor,33224,,
tg,rfd2.0,150477,151271,KOCH,20,"!",$.,--,33224,,
tg,rfd2.0,150477,151271,KOCH,20,»,XY,»,33224,,
tg,rfd2.0,150477,151271,KOCH,20,Alles,PIS,alle,33224,,
tg,rfd2.0,150477,151271,KOCH,20,",","$,",--,33224,,
tg,rfd2.0,150477,151271,KOCH,20,was,PWS,was,33224,,
tg,rfd2.0,150477,151271,KOCH,20,in,APPR,in,33224,,
tg,rfd2.0,150477,151271,KOCH,20,meinen,PPOSAT,meinen,33224,KOCH,20
tg,rfd2.0,150477,151271,KOCH,20,schwachen,ADJA,schwach,33224,,
tg,rfd2.0,150477,151271,KOCH,20,Kräften,NN,kraft,33224,,
tg,rfd2.0,150477,151271,KOCH,20,liegt,VVFIN,liegen,33224,,
tg,rfd2.0,150477,151271,KOCH,20,",","$,",--,33224,,
tg,rfd2.0,150477,151271,KOCH,20,hab,VAFIN,hab,33224,,
tg,rfd2.0,150477,151271,KOCH,20,',$[,--,33224,,
tg,rfd2.0,150477,151271,KOCH,20,ich,PPER,ich,33224,KOCH,20
tg,rfd2.0,150477,151271,KOCH,20,aufgeboten,VVFIN,aufbieten,33224,,
tg,rfd2.0,150477,151271,KOCH,20,bei,APPR,bei,33224,,
tg,rfd2.0,150477,151271,KOCH,20,unsrer,ADJA,unsrer,33224,,
tg,rfd2.0,150477,151271,KOCH,20,Exzellenz,NN,exzellenz,33224,,
tg,rfd2.0,150477,151271,KOCH,20,",","$,",--,33224,,
tg,rfd2.0,150477,151271,KOCH,20,dem,ART,der,33224,,
tg,rfd2.0,150477,151271,KOCH,20,Herrn,NN,herr,33224,,
tg,rfd2.0,150477,151271,KOCH,20,Intendanten,NN,intendant,33224,,
tg,rfd2.0,150477,151271,KOCH,20,",","$,",--,33224,,
tg,rfd2.0,150477,151271,KOCH,20,Sie,PPER,sie,33224,,
tg,rfd2.0,150477,151271,KOCH,20,von,APPR,von,33224,,
tg,rfd2.0,150477,151271,KOCH,20,Ihrem,PPOSAT,ihr,33224,,
tg,rfd2.0,150477,151271,KOCH,20,Herzoge,NN,herzoge,33224,,
tg,rfd2.0,150477,151271,KOCH,20,für,APPR,für,33224,,
tg,rfd2.0,150477,151271,KOCH,20,unser,PPOSAT,unser,33224,,
tg,rfd2.0,150477,151271,KOCH,20,Theater,NN,theater,33224,,
tg,rfd2.0,150477,151271,KOCH,20,zu,APPR,zu,33224,,
tg,rfd2.0,150477,151271,KOCH,20,erbitten,VVFIN,erbitten,33224,,
tg,rfd2.0,150477,151271,KOCH,20,und,KON,und,33224,,
tg,rfd2.0,150477,151271,KOCH,20,Ihnen,PPER,ihnen,33224,,
tg,rfd2.0,150477,151271,KOCH,20,eine,PIS,ein,33224,,
tg,rfd2.0,150477,151271,KOCH,20,",","$,",--,33224,,
tg,rfd2.0,150477,151271,KOCH,20,wenn,KOUS,wenn,33224,,
tg,rfd2.0,150477,151271,KOCH,20,auch,ADV,auch,33224,,
tg,rfd2.0,150477,151271,KOCH,20,zunächst,ADV,zunächst,33224,,
tg,rfd2.0,150477,151271,KOCH,20,kleine,ADJA,klein,33224,,
tg,rfd2.0,150477,151271,KOCH,20,Anstellung,NN,anstellung,33224,,
tg,rfd2.0,150477,151271,KOCH,20,als,APPR,als,33224,,
tg,rfd2.0,150477,151271,KOCH,20,Theaterdichter,NN,theaterdichter,33224,,
tg,rfd2.0,150477,151271,KOCH,20,anzutragen,VVIZU,antragen,33224,,
tg,rfd2.0,150477,151271,KOCH,20,.,$.,--,33224,,
tg,rfd2.0,150477,151271,KOCH,20,Es,PPER,es,33224,,
tg,rfd2.0,150477,151271,KOCH,20,würde,VAFIN,werden,33224,,
tg,rfd2.0,150477,151271,KOCH,20,ja,ADV,ja,33224,,
tg,rfd2.0,150477,151271,KOCH,20,ein,ART,ein,33224,,
tg,rfd2.0,150477,151271,KOCH,20,ganz,ADV,ganz,33224,,
tg,rfd2.0,150477,151271,KOCH,20,neues,ADJA,neu,33224,,
tg,rfd2.0,150477,151271,KOCH,20,Leben,NN,leben,33224,,
tg,rfd2.0,150477,151271,KOCH,20,über,APPR,über,33224,,
tg,rfd2.0,150477,151271,KOCH,20,das,ART,der,33224,,
tg,rfd2.0,150477,151271,KOCH,20,deutsche,ADJA,deutsch,33224,,
tg,rfd2.0,150477,151271,KOCH,20,Schauspiel,NN,schauspiel,33224,,
tg,rfd2.0,150477,151271,KOCH,20,kommen,VVFIN,kommen,33224,,
tg,rfd2.0,150477,151271,KOCH,20,",","$,",--,33224,,
tg,rfd2.0,150477,151271,KOCH,20,wenn,KOUS,wenn,33224,,
tg,rfd2.0,150477,151271,KOCH,20,junge,ADJA,jung,33224,,
tg,rfd2.0,150477,151271,KOCH,20,Dichter,NN,dichter,33224,,
tg,rfd2.0,150477,151271,KOCH,20,von,APPR,von,33224,,
tg,rfd2.0,150477,151271,KOCH,20,ihrer,PPOSAT,ihr,33224,,
tg,rfd2.0,150477,151271,KOCH,20,Außerordentlichkeit,NN,außerordentlichkeit,33224,,
tg,rfd2.0,150477,151271,KOCH,20,ein,ART,ein,33224,,
tg,rfd2.0,150477,151271,KOCH,20,Wort,NN,wort,33224,,
tg,rfd2.0,150477,151271,KOCH,20,mitzusprechen,VVFIN,mitzusprechen,33224,,
tg,rfd2.0,150477,151271,KOCH,20,hätten,VAFIN,haben,33224,,
tg,rfd2.0,150477,151271,KOCH,20,.,$.,--,33224,,
tg,rfd2.0,150477,151271,KOCH,20,Es,PPER,es,33224,,
tg,rfd2.0,150477,151271,KOCH,20,war,VAFIN,sein,33224,,
tg,rfd2.0,150477,151271,KOCH,20,alles,PIS,alle,33224,,
tg,rfd2.0,150477,151271,KOCH,20,umsonst,ADV,umsonst,33224,,
tg,rfd2.0,150477,151271,KOCH,20,.,$.,--,33224,,
tg,rfd2.0,150477,151271,KOCH,20,Exzellenz,NE,exzellenz,33224,,
tg,rfd2.0,150477,151271,KOCH,20,sagte,VVFIN,sagen,33224,,
tg,rfd2.0,150477,151271,KOCH,20,:,$.,--,33224,,
tg,rfd2.0,150477,151271,KOCH,20,Ich,PPER,ich,33224,,
tg,rfd2.0,150477,151271,KOCH,20,kann,VMFIN,können,33224,,
tg,rfd2.0,150477,151271,KOCH,20,so,ADV,so,33224,,
tg,rfd2.0,150477,151271,KOCH,20,was,PIS,was,33224,,
tg,rfd2.0,150477,151271,KOCH,20,nicht,PTKNEG,nicht,33224,,
tg,rfd2.0,150477,151271,KOCH,20,wagen,VVFIN,wagen,33224,,
tg,rfd2.0,150477,151271,KOCH,20,vor,APPR,vor,33224,,
tg,rfd2.0,150477,151271,KOCH,20,dem,ART,der,33224,,
tg,rfd2.0,150477,151271,KOCH,20,Herzoge,NN,herzoge,33224,,
tg,rfd2.0,150477,151271,KOCH,20,von,APPR,von,33224,,
tg,rfd2.0,150477,151271,KOCH,20,Württemberg,NE,württemberg,33224,,
tg,rfd2.0,150477,151271,KOCH,20,",","$,",--,33224,,
tg,rfd2.0,150477,151271,KOCH,20,es,PPER,es,33224,,
tg,rfd2.0,150477,151271,KOCH,20,könnte,VMFIN,können,33224,,
tg,rfd2.0,150477,151271,KOCH,20,meinen,PPOSAT,meinen,33224,KOCH,20
tg,rfd2.0,150477,151271,KOCH,20,Ruf,NN,ruf,33224,,
tg,rfd2.0,150477,151271,KOCH,20,kompromittieren,VVINF,kompromittieren,33224,,
tg,rfd2.0,150477,151271,KOCH,20,.,$.,--,33224,,
tg,rfd2.0,150477,151271,KOCH,20,«,XY,«,33224,,
tg,rfd2.0,151276,151294,SCHARPSTEIN,16,Aha,ITJ,aha,33224,,
tg,rfd2.0,151276,151294,SCHARPSTEIN,16,"!",$.,--,33224,,
tg,rfd2.0,151299,151372,KOCH,20,»,XY,»,33224,,
tg,rfd2.0,151299,151372,KOCH,20,Schiller,NE,schiller,33224,SCHILLER,29
tg,rfd2.0,151299,151372,KOCH,20,ist,VAFIN,sein,33224,,
tg,rfd2.0,151299,151372,KOCH,20,ein,ART,ein,33224,,
tg,rfd2.0,151299,151372,KOCH,20,exzentrischer,ADJA,exzentrisch,33224,,
tg,rfd2.0,151299,151372,KOCH,20,Kopf,NN,kopf,33224,,
tg,rfd2.0,151299,151372,KOCH,20,",","$,",--,33224,,
tg,rfd2.0,151299,151372,KOCH,20,«,XY,«,33224,,
tg,rfd2.0,151378,151389,HOVER,17,So,ADV,so,33224,,
tg,rfd2.0,151378,151389,HOVER,17,?,$.,--,33224,,
tg,rfd2.0,151394,151442,KOCH,20,»,XY,»,33224,,
tg,rfd2.0,151394,151442,KOCH,20,der,ART,der,33224,,
tg,rfd2.0,151394,151442,KOCH,20,allerdings,ADV,allerdings,33224,,
tg,rfd2.0,151394,151442,KOCH,20,großes,ADJA,groß,33224,,
tg,rfd2.0,151394,151442,KOCH,20,Talent,NN,talent,33224,,
tg,rfd2.0,151394,151442,KOCH,20,haben,VAFIN,haben,33224,,
tg,rfd2.0,151394,151442,KOCH,20,mag,VMFIN,mögen,33224,,
tg,rfd2.0,151394,151442,KOCH,20,",","$,",--,33224,,
tg,rfd2.0,151394,151442,KOCH,20,«,XY,«,33224,,
tg,rfd2.0,151447,151468,"Pfeiffer, genannt Roller,",11,Wirklich,ADJD,wirklich,33224,,
tg,rfd2.0,151447,151468,"Pfeiffer, genannt Roller,",11,?,$.,--,33224,,
tg,rfd2.0,151447,151468,"Pfeiffer, genannt Roller,",11,"!",$.,--,33224,,
tg,rfd2.0,151473,151641,KOCH,20,»,XY,»,33224,,
tg,rfd2.0,151473,151641,KOCH,20,für,APPR,für,33224,,
tg,rfd2.0,151473,151641,KOCH,20,dessen,PDAT,der,33224,,
tg,rfd2.0,151473,151641,KOCH,20,Zukunft,NN,zukunft,33224,,
tg,rfd2.0,151473,151641,KOCH,20,aber,ADV,aber,33224,,
tg,rfd2.0,151473,151641,KOCH,20,kein,PIAT,kein,33224,,
tg,rfd2.0,151473,151641,KOCH,20,Mensch,NN,mensch,33224,,
tg,rfd2.0,151473,151641,KOCH,20,einstehen,VVINF,einstehen,33224,,
tg,rfd2.0,151473,151641,KOCH,20,kann,VMFIN,können,33224,,
tg,rfd2.0,151473,151641,KOCH,20,",","$,",--,33224,,
tg,rfd2.0,151473,151641,KOCH,20,am,APPRART,an,33224,,
tg,rfd2.0,151473,151641,KOCH,20,wenigsten,ADJD,wenigster,33224,,
tg,rfd2.0,151473,151641,KOCH,20,ein,ART,ein,33224,,
tg,rfd2.0,151473,151641,KOCH,20,Mann,NN,mann,33224,,
tg,rfd2.0,151473,151641,KOCH,20,in,APPR,in,33224,,
tg,rfd2.0,151473,151641,KOCH,20,meiner,PPOSAT,mein,33224,KOCH,20
tg,rfd2.0,151473,151641,KOCH,20,Stellung,NN,stellung,33224,,
tg,rfd2.0,151473,151641,KOCH,20,.,$.,--,33224,,
tg,rfd2.0,151473,151641,KOCH,20,Ich,PPER,ich,33224,,
tg,rfd2.0,151473,151641,KOCH,20,wage,VVFIN,wagen,33224,,
tg,rfd2.0,151473,151641,KOCH,20,schon,ADV,schon,33224,,
tg,rfd2.0,151473,151641,KOCH,20,das,ART,der,33224,,
tg,rfd2.0,151473,151641,KOCH,20,Äußerste,NN,äußerste,33224,,
tg,rfd2.0,151473,151641,KOCH,20,",","$,",--,33224,,
tg,rfd2.0,151473,151641,KOCH,20,wenn,KOUS,wenn,33224,,
tg,rfd2.0,151473,151641,KOCH,20,ich,PPER,ich,33224,KOCH,20
tg,rfd2.0,151473,151641,KOCH,20,die,ART,der,33224,,
tg,rfd2.0,151473,151641,KOCH,20,Räuber,NN,räuber,33224,,
tg,rfd2.0,151473,151641,KOCH,20,aufführen,VVINF,aufführen,33224,,
tg,rfd2.0,151473,151641,KOCH,20,lasse,VVFIN,lassen,33224,,
tg,rfd2.0,151473,151641,KOCH,20,.,$.,--,33224,,
tg,rfd2.0,151473,151641,KOCH,20,«,XY,«,33224,,
tg,rfd2.0,151646,151683,"Pfeiffer, genannt Roller,",11,Wie,PWAV,wie,33224,,
tg,rfd2.0,151646,151683,"Pfeiffer, genannt Roller,",11,heißt,VVFIN,heißen,33224,,
tg,rfd2.0,151646,151683,"Pfeiffer, genannt Roller,",11,die,ART,der,33224,,
tg,rfd2.0,151646,151683,"Pfeiffer, genannt Roller,",11,–,NN,–,33224,,
tg,rfd2.0,151646,151683,"Pfeiffer, genannt Roller,",11,Exzellenz,NE,exzellenz,33224,,
tg,rfd2.0,151646,151683,"Pfeiffer, genannt Roller,",11,"!",$.,--,33224,,
tg,rfd2.0,151688,151781,SCHARPSTETN,25,Stille,NN,stille,33224,,
tg,rfd2.0,151688,151781,SCHARPSTETN,25,",","$,",--,33224,,
tg,rfd2.0,151688,151781,SCHARPSTETN,25,Herr,NN,herr,33224,,
tg,rfd2.0,151688,151781,SCHARPSTETN,25,von,APPR,von,33224,,
tg,rfd2.0,151688,151781,SCHARPSTETN,25,Dalberg,NE,dalberg,33224,,
tg,rfd2.0,151688,151781,SCHARPSTETN,25,ist,VAFIN,sein,33224,,
tg,rfd2.0,151688,151781,SCHARPSTETN,25,immer,ADV,immer,33224,,
tg,rfd2.0,151688,151781,SCHARPSTETN,25,noch,ADV,noch,33224,,
tg,rfd2.0,151688,151781,SCHARPSTETN,25,einer,PIS,ein,33224,,
tg,rfd2.0,151688,151781,SCHARPSTETN,25,von,APPR,von,33224,,
tg,rfd2.0,151688,151781,SCHARPSTETN,25,den,ART,der,33224,,
tg,rfd2.0,151688,151781,SCHARPSTETN,25,Besten,NN,gut,33224,,
tg,rfd2.0,151688,151781,SCHARPSTETN,25,.,$.,--,33224,,
tg,rfd2.0,151786,153029,SCHILLER,29,Einer,PIS,einer,33224,,
tg,rfd2.0,151786,153029,SCHILLER,29,von,APPR,von,33224,,
tg,rfd2.0,151786,153029,SCHILLER,29,den,ART,der,33224,,
tg,rfd2.0,151786,153029,SCHILLER,29,Besten,NN,gut,33224,,
tg,rfd2.0,151786,153029,SCHILLER,29,"!",$.,--,33224,,
tg,rfd2.0,151786,153029,SCHILLER,29,Jawohl,NE,jawohl,33224,,
tg,rfd2.0,151786,153029,SCHILLER,29,"!",$.,--,33224,,
tg,rfd2.0,151786,153029,SCHILLER,29,Das,PDS,der,33224,,
tg,rfd2.0,151786,153029,SCHILLER,29,sind,VAFIN,sein,33224,,
tg,rfd2.0,151786,153029,SCHILLER,29,die,ART,der,33224,,
tg,rfd2.0,151786,153029,SCHILLER,29,Besten,NN,gut,33224,,
tg,rfd2.0,151786,153029,SCHILLER,29,"!",$.,--,33224,,
tg,rfd2.0,151786,153029,SCHILLER,29,O,NE,O,33224,,
tg,rfd2.0,151786,153029,SCHILLER,29,Vaterland,NE,vaterland,33224,,
tg,rfd2.0,151786,153029,SCHILLER,29,",","$,",--,33224,,
tg,rfd2.0,151786,153029,SCHILLER,29,was,PWS,was,33224,,
tg,rfd2.0,151786,153029,SCHILLER,29,hab,VAFIN,hab,33224,,
tg,rfd2.0,151786,153029,SCHILLER,29,',$[,--,33224,,
tg,rfd2.0,151786,153029,SCHILLER,29,ich,PPER,ich,33224,SCHILLER,29
tg,rfd2.0,151786,153029,SCHILLER,29,dem,ART,der,33224,,
tg,rfd2.0,151786,153029,SCHILLER,29,Manne,NE,manne,33224,,
tg,rfd2.0,151786,153029,SCHILLER,29,alles,PIS,alle,33224,,
tg,rfd2.0,151786,153029,SCHILLER,29,vorgestellt,VVPP,vorstellen,33224,,
tg,rfd2.0,151786,153029,SCHILLER,29,",","$,",--,33224,,
tg,rfd2.0,151786,153029,SCHILLER,29,wie,PWAV,wie,33224,,
tg,rfd2.0,151786,153029,SCHILLER,29,hab,VAFIN,hab,33224,,
tg,rfd2.0,151786,153029,SCHILLER,29,',$[,--,33224,,
tg,rfd2.0,151786,153029,SCHILLER,29,ich,PPER,ich,33224,SCHILLER,29
tg,rfd2.0,151786,153029,SCHILLER,29,mich,PRF,mich,33224,SCHILLER,29
tg,rfd2.0,151786,153029,SCHILLER,29,hingegeben,VVPP,hingeben,33224,,
tg,rfd2.0,151786,153029,SCHILLER,29,",","$,",--,33224,,
tg,rfd2.0,151786,153029,SCHILLER,29,mich,PPER,mich,33224,SCHILLER,29
tg,rfd2.0,151786,153029,SCHILLER,29,zu,APPR,zu,33224,,
tg,rfd2.0,151786,153029,SCHILLER,29,flehenden,ADJA,flehend,33224,,
tg,rfd2.0,151786,153029,SCHILLER,29,Bitten,NN,bitten,33224,,
tg,rfd2.0,151786,153029,SCHILLER,29,erniedrigt,VVPP,erniedrigen,33224,,
tg,rfd2.0,151786,153029,SCHILLER,29,",","$,",--,33224,,
tg,rfd2.0,151786,153029,SCHILLER,29,alles,PIS,alle,33224,,
tg,rfd2.0,151786,153029,SCHILLER,29,umsonst,ADV,umsonst,33224,,
tg,rfd2.0,151786,153029,SCHILLER,29,"!",$.,--,33224,,
tg,rfd2.0,151786,153029,SCHILLER,29,Umsonst,ADV,umsonst,33224,,
tg,rfd2.0,151786,153029,SCHILLER,29,die,ART,der,33224,,
tg,rfd2.0,151786,153029,SCHILLER,29,Beweisführung,NN,beweisführung,33224,,
tg,rfd2.0,151786,153029,SCHILLER,29,",","$,",--,33224,,
tg,rfd2.0,151786,153029,SCHILLER,29,daß,KOUS,daß,33224,,
tg,rfd2.0,151786,153029,SCHILLER,29,der,ART,der,33224,,
tg,rfd2.0,151786,153029,SCHILLER,29,Dichter,NN,dichter,33224,,
tg,rfd2.0,151786,153029,SCHILLER,29,in,APPR,in,33224,,
tg,rfd2.0,151786,153029,SCHILLER,29,diesem,PDAT,dieser,33224,,
tg,rfd2.0,151786,153029,SCHILLER,29,Kamaschendespotismus,NN,kamaschendespotismus,33224,,
tg,rfd2.0,151786,153029,SCHILLER,29,",","$,",--,33224,,
tg,rfd2.0,151786,153029,SCHILLER,29,in,APPR,in,33224,,
tg,rfd2.0,151786,153029,SCHILLER,29,dieser,PDAT,dieser,33224,,
tg,rfd2.0,151786,153029,SCHILLER,29,kleinstädtischen,ADJA,kleinstädtisch,33224,,
tg,rfd2.0,151786,153029,SCHILLER,29,Schulpedanterie,NN,schulpedanterie,33224,,
tg,rfd2.0,151786,153029,SCHILLER,29,ohne,APPR,ohne,33224,,
tg,rfd2.0,151786,153029,SCHILLER,29,Horizont,NN,horizont,33224,,
tg,rfd2.0,151786,153029,SCHILLER,29,und,KON,und,33224,,
tg,rfd2.0,151786,153029,SCHILLER,29,ohne,APPR,ohne,33224,,
tg,rfd2.0,151786,153029,SCHILLER,29,Schwung,NN,schwung,33224,,
tg,rfd2.0,151786,153029,SCHILLER,29,erlahmen,VVINF,erlehmen,33224,,
tg,rfd2.0,151786,153029,SCHILLER,29,und,KON,und,33224,,
tg,rfd2.0,151786,153029,SCHILLER,29,verkümmern,VVINF,verkümmern,33224,,
tg,rfd2.0,151786,153029,SCHILLER,29,müsse,VMFIN,müssen,33224,,
tg,rfd2.0,151786,153029,SCHILLER,29,",","$,",--,33224,,
tg,rfd2.0,151786,153029,SCHILLER,29,umsonst,ADV,umsonst,33224,,
tg,rfd2.0,151786,153029,SCHILLER,29,der,ART,der,33224,,
tg,rfd2.0,151786,153029,SCHILLER,29,Zuruf,NN,zuruf,33224,,
tg,rfd2.0,151786,153029,SCHILLER,29,",","$,",--,33224,,
tg,rfd2.0,151786,153029,SCHILLER,29,daß,KOUS,daß,33224,,
tg,rfd2.0,151786,153029,SCHILLER,29,ein,ART,ein,33224,,
tg,rfd2.0,151786,153029,SCHILLER,29,herzhaftes,ADJA,herzhaft,33224,,
tg,rfd2.0,151786,153029,SCHILLER,29,Beispiel,NN,beispiel,33224,,
tg,rfd2.0,151786,153029,SCHILLER,29,nottue,ADJA,nottue,33224,,
tg,rfd2.0,151786,153029,SCHILLER,29,fürs,APPRART,für,33224,,
tg,rfd2.0,151786,153029,SCHILLER,29,ganze,ADJA,ganz,33224,,
tg,rfd2.0,151786,153029,SCHILLER,29,deutsche,ADJA,deutsch,33224,,
tg,rfd2.0,151786,153029,SCHILLER,29,Vaterland,NN,vaterland,33224,,
tg,rfd2.0,151786,153029,SCHILLER,29,",","$,",--,33224,,
tg,rfd2.0,151786,153029,SCHILLER,29,umsonst,ADV,umsonst,33224,,
tg,rfd2.0,151786,153029,SCHILLER,29,der,ART,der,33224,,
tg,rfd2.0,151786,153029,SCHILLER,29,Hinweis,NN,hinweis,33224,,
tg,rfd2.0,151786,153029,SCHILLER,29,auf,APPR,auf,33224,,
tg,rfd2.0,151786,153029,SCHILLER,29,den,ART,der,33224,,
tg,rfd2.0,151786,153029,SCHILLER,29,jungen,ADJA,jung,33224,,
tg,rfd2.0,151786,153029,SCHILLER,29,Fürsten,NN,fürst,33224,,
tg,rfd2.0,151786,153029,SCHILLER,29,von,APPR,von,33224,,
tg,rfd2.0,151786,153029,SCHILLER,29,Weimar,NE,weimar,33224,,
tg,rfd2.0,151786,153029,SCHILLER,29,und,KON,und,33224,,
tg,rfd2.0,151786,153029,SCHILLER,29,den,ART,der,33224,,
tg,rfd2.0,151786,153029,SCHILLER,29,Götz,NE,götz,33224,,
tg,rfd2.0,151786,153029,SCHILLER,29,von,APPR,von,33224,,
tg,rfd2.0,151786,153029,SCHILLER,29,Berlichingen,NN,berliching,33224,,
tg,rfd2.0,151786,153029,SCHILLER,29,und,KON,und,33224,,
tg,rfd2.0,151786,153029,SCHILLER,29,den,ART,der,33224,,
tg,rfd2.0,151786,153029,SCHILLER,29,Herder,NN,herder,33224,,
tg,rfd2.0,151786,153029,SCHILLER,29,und,KON,und,33224,,
tg,rfd2.0,151786,153029,SCHILLER,29,Wieland,NE,wieland,33224,,
tg,rfd2.0,151786,153029,SCHILLER,29,",","$,",--,33224,,
tg,rfd2.0,151786,153029,SCHILLER,29,umsonst,ADV,umsonst,33224,,
tg,rfd2.0,151786,153029,SCHILLER,29,Zuruf,NN,zuruf,33224,,
tg,rfd2.0,151786,153029,SCHILLER,29,und,KON,und,33224,,
tg,rfd2.0,151786,153029,SCHILLER,29,Beweis,NN,beweis,33224,,
tg,rfd2.0,151786,153029,SCHILLER,29,und,KON,und,33224,,
tg,rfd2.0,151786,153029,SCHILLER,29,Beispiel,NN,beispiel,33224,,
tg,rfd2.0,151786,153029,SCHILLER,29,",","$,",--,33224,,
tg,rfd2.0,151786,153029,SCHILLER,29,umsonst,ADV,umsonst,33224,,
tg,rfd2.0,151786,153029,SCHILLER,29,Bitten,NN,bitten,33224,,
tg,rfd2.0,151786,153029,SCHILLER,29,",","$,",--,33224,,
tg,rfd2.0,151786,153029,SCHILLER,29,Flehen,NN,flehen,33224,,
tg,rfd2.0,151786,153029,SCHILLER,29,und,KON,und,33224,,
tg,rfd2.0,151786,153029,SCHILLER,29,Tränen,NN,träne,33224,,
tg,rfd2.0,151786,153029,SCHILLER,29,",","$,",--,33224,,
tg,rfd2.0,151786,153029,SCHILLER,29,diese,PDAT,dieser,33224,,
tg,rfd2.0,151786,153029,SCHILLER,29,Großen,NN,groß,33224,,
tg,rfd2.0,151786,153029,SCHILLER,29,in,APPR,in,33224,,
tg,rfd2.0,151786,153029,SCHILLER,29,unserm,APPRART,unser,33224,,
tg,rfd2.0,151786,153029,SCHILLER,29,Vaterlande,NN,vaterlande,33224,,
tg,rfd2.0,151786,153029,SCHILLER,29,sind,VAFIN,sein,33224,,
tg,rfd2.0,151786,153029,SCHILLER,29,nichts,PIS,nichts,33224,,
tg,rfd2.0,151786,153029,SCHILLER,29,mehr,ADV,mehr,33224,,
tg,rfd2.0,151786,153029,SCHILLER,29,",","$,",--,33224,,
tg,rfd2.0,151786,153029,SCHILLER,29,als,KOKOM,als,33224,,
tg,rfd2.0,151786,153029,SCHILLER,29,gehorsame,ADJA,gehorsam,33224,,
tg,rfd2.0,151786,153029,SCHILLER,29,Diener,NN,diener,33224,,
tg,rfd2.0,151786,153029,SCHILLER,29,des,ART,der,33224,,
tg,rfd2.0,151786,153029,SCHILLER,29,Augenblicks,NN,augenblick,33224,,
tg,rfd2.0,151786,153029,SCHILLER,29,",","$,",--,33224,,
tg,rfd2.0,151786,153029,SCHILLER,29,ohne,KOUI,ohne,33224,,
tg,rfd2.0,151786,153029,SCHILLER,29,eigenen,ADJA,eigen,33224,,
tg,rfd2.0,151786,153029,SCHILLER,29,Geist,NN,geist,33224,,
tg,rfd2.0,151786,153029,SCHILLER,29,",","$,",--,33224,,
tg,rfd2.0,151786,153029,SCHILLER,29,denn,KON,denn,33224,,
tg,rfd2.0,151786,153029,SCHILLER,29,sie,PPER,sie,33224,,
tg,rfd2.0,151786,153029,SCHILLER,29,behelfen,VVFIN,behelfen,33224,,
tg,rfd2.0,151786,153029,SCHILLER,29,sich,PRF,sich,33224,,
tg,rfd2.0,151786,153029,SCHILLER,29,mit,APPR,mit,33224,,
tg,rfd2.0,151786,153029,SCHILLER,29,dem,ART,der,33224,,
tg,rfd2.0,151786,153029,SCHILLER,29,Witze,NN,witze,33224,,
tg,rfd2.0,151786,153029,SCHILLER,29,der,ART,der,33224,,
tg,rfd2.0,151786,153029,SCHILLER,29,Franzosen,NN,franzose,33224,,
tg,rfd2.0,151786,153029,SCHILLER,29,",","$,",--,33224,,
tg,rfd2.0,151786,153029,SCHILLER,29,ohne,KOUI,ohne,33224,,
tg,rfd2.0,151786,153029,SCHILLER,29,mutiges,ADJA,mutig,33224,,
tg,rfd2.0,151786,153029,SCHILLER,29,Herz,NN,herz,33224,,
tg,rfd2.0,151786,153029,SCHILLER,29,",","$,",--,33224,,
tg,rfd2.0,151786,153029,SCHILLER,29,denn,KON,denn,33224,,
tg,rfd2.0,151786,153029,SCHILLER,29,sie,PPER,sie,33224,,
tg,rfd2.0,151786,153029,SCHILLER,29,wagen,VVFIN,wagen,33224,,
tg,rfd2.0,151786,153029,SCHILLER,29,nicht,PTKNEG,nicht,33224,,
tg,rfd2.0,151786,153029,SCHILLER,29,mehr,ADV,mehr,33224,,
tg,rfd2.0,151786,153029,SCHILLER,29,ohne,APPR,ohne,33224,,
tg,rfd2.0,151786,153029,SCHILLER,29,Kommando,NN,kommando,33224,,
tg,rfd2.0,151786,153029,SCHILLER,29,zu,APPR,zu,33224,,
tg,rfd2.0,151786,153029,SCHILLER,29,lieben,ADJA,lieben,33224,,
tg,rfd2.0,151786,153029,SCHILLER,29,oder,KON,oder,33224,,
tg,rfd2.0,151786,153029,SCHILLER,29,zu,PTKZU,zu,33224,,
tg,rfd2.0,151786,153029,SCHILLER,29,hassen,VVINF,hassen,33224,,
tg,rfd2.0,151786,153029,SCHILLER,29,",","$,",--,33224,,
tg,rfd2.0,151786,153029,SCHILLER,29,sie,PPER,sie,33224,,
tg,rfd2.0,151786,153029,SCHILLER,29,leben,VVFIN,leben,33224,,
tg,rfd2.0,151786,153029,SCHILLER,29,nur,ADV,nur,33224,,
tg,rfd2.0,151786,153029,SCHILLER,29,noch,ADV,noch,33224,,
tg,rfd2.0,151786,153029,SCHILLER,29,vom,APPRART,von,33224,,
tg,rfd2.0,151786,153029,SCHILLER,29,Abfall,NN,abfall,33224,,
tg,rfd2.0,151786,153029,SCHILLER,29,der,ART,der,33224,,
tg,rfd2.0,151786,153029,SCHILLER,29,Herrenti,NE,herrenti,33224,,
tg,rfd2.0,151786,153029,SCHILLER,29,sche,ADJA,schen,33224,,
tg,rfd2.0,151786,153029,SCHILLER,29,und,KON,und,33224,,
tg,rfd2.0,151786,153029,SCHILLER,29,vom,APPRART,von,33224,,
tg,rfd2.0,151786,153029,SCHILLER,29,Flittertande,NN,flittertande,33224,,
tg,rfd2.0,151786,153029,SCHILLER,29,",","$,",--,33224,,
tg,rfd2.0,151786,153029,SCHILLER,29,der,PRELS,der,33224,,
tg,rfd2.0,151786,153029,SCHILLER,29,ihnen,PPER,ihnen,33224,,
tg,rfd2.0,151786,153029,SCHILLER,29,gnädigst,VVPP,gnädigst,33224,,
tg,rfd2.0,151786,153029,SCHILLER,29,erlaubt,VVPP,erlauben,33224,,
tg,rfd2.0,151786,153029,SCHILLER,29,wird,VAFIN,werden,33224,,
tg,rfd2.0,151786,153029,SCHILLER,29,",","$,",--,33224,,
tg,rfd2.0,151786,153029,SCHILLER,29,diese,PDAT,dieser,33224,,
tg,rfd2.0,151786,153029,SCHILLER,29,Großen,NN,groß,33224,,
tg,rfd2.0,151786,153029,SCHILLER,29,sind,VAFIN,sein,33224,,
tg,rfd2.0,151786,153029,SCHILLER,29,kleine,ADJA,klein,33224,,
tg,rfd2.0,151786,153029,SCHILLER,29,Bediente,NN,bediente,33224,,
tg,rfd2.0,151786,153029,SCHILLER,29,geworden,VAPP,werden,33224,,
tg,rfd2.0,151786,153029,SCHILLER,29,",","$,",--,33224,,
tg,rfd2.0,151786,153029,SCHILLER,29,und,KON,und,33224,,
tg,rfd2.0,151786,153029,SCHILLER,29,wir,PPER,wir,33224,,
tg,rfd2.0,151786,153029,SCHILLER,29,armen,ADJA,arm,33224,,
tg,rfd2.0,151786,153029,SCHILLER,29,Schlucker,NN,schlucker,33224,,
tg,rfd2.0,151786,153029,SCHILLER,29,",","$,",--,33224,,
tg,rfd2.0,151786,153029,SCHILLER,29,wir,PPER,wir,33224,,
tg,rfd2.0,151786,153029,SCHILLER,29,sind,VAFIN,sein,33224,,
tg,rfd2.0,151786,153029,SCHILLER,29,die,ART,der,33224,,
tg,rfd2.0,151786,153029,SCHILLER,29,Hundejungen,NN,hundejung,33224,,
tg,rfd2.0,151786,153029,SCHILLER,29,dieser,PDAT,dieser,33224,,
tg,rfd2.0,151786,153029,SCHILLER,29,Bedienten,NN,bedient,33224,,
tg,rfd2.0,151786,153029,SCHILLER,29,",","$,",--,33224,,
tg,rfd2.0,151786,153029,SCHILLER,29,und,KON,und,33224,,
tg,rfd2.0,151786,153029,SCHILLER,29,dabei,PROAV,dabei,33224,,
tg,rfd2.0,151786,153029,SCHILLER,29,floriert,VVFIN,florieren,33224,,
tg,rfd2.0,151786,153029,SCHILLER,29,das,ART,der,33224,,
tg,rfd2.0,151786,153029,SCHILLER,29,heilig,ADJD,heilig,33224,,
tg,rfd2.0,151786,153029,SCHILLER,29,römisch-deutsche,ADJA,römisch-deutsch,33224,,
tg,rfd2.0,151786,153029,SCHILLER,29,Reich,NN,reich,33224,,
tg,rfd2.0,151786,153029,SCHILLER,29,seinem,PPOSAT,sein,33224,,
tg,rfd2.0,151786,153029,SCHILLER,29,Untergange,NN,untergange,33224,,
tg,rfd2.0,151786,153029,SCHILLER,29,entgegen,PTKVZ,entgegen,33224,,
tg,rfd2.0,151786,153029,SCHILLER,29,"!",$.,--,33224,,
tg,rfd2.0,153036,153064,SCHARPSTEIN,16,Du,PPER,du,33224,,
tg,rfd2.0,153036,153064,SCHARPSTEIN,16,hast,VAFIN,haben,33224,,
tg,rfd2.0,153036,153064,SCHARPSTEIN,16,recht,ADJD,recht,33224,,
tg,rfd2.0,153036,153064,SCHARPSTEIN,16,"!",$.,--,33224,,
tg,rfd2.0,153069,153105,"Pfeiffer, genannt Roller,",11,In,APPR,in,33224,,
tg,rfd2.0,153069,153105,"Pfeiffer, genannt Roller,",11,die,ART,der,33224,,
tg,rfd2.0,153069,153105,"Pfeiffer, genannt Roller,",11,böhmischen,ADJA,böhmisch,33224,,
tg,rfd2.0,153069,153105,"Pfeiffer, genannt Roller,",11,Wälder,NN,wald,33224,,
tg,rfd2.0,153069,153105,"Pfeiffer, genannt Roller,",11,"!",$.,--,33224,,
tg,rfd2.0,153110,153137,HOVER,17,Fort,NN,fort,33224,,
tg,rfd2.0,153110,153137,HOVER,17,über,APPR,über,33224,,
tg,rfd2.0,153110,153137,HOVER,17,das,ART,der,33224,,
tg,rfd2.0,153110,153137,HOVER,17,Meer,NN,meer,33224,,
tg,rfd2.0,153110,153137,HOVER,17,"!",$.,--,33224,,
tg,rfd2.0,153142,153184,ALLE,30,Es,PPER,es,33224,,
tg,rfd2.0,153142,153184,ALLE,30,lebe,VVFIN,leben,33224,,
tg,rfd2.0,153142,153184,ALLE,30,Karl,NE,karl,33224,,
tg,rfd2.0,153142,153184,ALLE,30,Moor,NE,moor,33224,,
tg,rfd2.0,153142,153184,ALLE,30,",","$,",--,33224,,
tg,rfd2.0,153142,153184,ALLE,30,unser,PPOSAT,unser,33224,,
tg,rfd2.0,153142,153184,ALLE,30,Hauptmann,NN,hauptmann,33224,,
tg,rfd2.0,153142,153184,ALLE,30,"!",$.,--,33224,,
tg,rfd2.0,153189,153867,SCHILLER,29,Ja,PTKANT,ja,33224,,
tg,rfd2.0,153189,153867,SCHILLER,29,",","$,",--,33224,,
tg,rfd2.0,153189,153867,SCHILLER,29,ewiger,ADJA,ewig,33224,,
tg,rfd2.0,153189,153867,SCHILLER,29,Gott,NN,gott,33224,,
tg,rfd2.0,153189,153867,SCHILLER,29,",","$,",--,33224,,
tg,rfd2.0,153189,153867,SCHILLER,29,was,PRELS,was,33224,,
tg,rfd2.0,153189,153867,SCHILLER,29,wir,PPER,wir,33224,,
tg,rfd2.0,153189,153867,SCHILLER,29,hier,ADV,hier,33224,,
tg,rfd2.0,153189,153867,SCHILLER,29,als,APPR,als,33224,,
tg,rfd2.0,153189,153867,SCHILLER,29,Knabenspiel,NN,knabenspiel,33224,,
tg,rfd2.0,153189,153867,SCHILLER,29,getrieben,VVPP,treiben,33224,,
tg,rfd2.0,153189,153867,SCHILLER,29,",","$,",--,33224,,
tg,rfd2.0,153189,153867,SCHILLER,29,es,PPER,es,33224,,
tg,rfd2.0,153189,153867,SCHILLER,29,gewinnt,VVFIN,gewinnen,33224,,
tg,rfd2.0,153189,153867,SCHILLER,29,eine,ART,ein,33224,,
tg,rfd2.0,153189,153867,SCHILLER,29,fürchterliche,ADJA,fürchterlich,33224,,
tg,rfd2.0,153189,153867,SCHILLER,29,Bedeutung,NN,bedeutung,33224,,
tg,rfd2.0,153189,153867,SCHILLER,29,.,$.,--,33224,,
tg,rfd2.0,153189,153867,SCHILLER,29,Übers,ADV,über,33224,,
tg,rfd2.0,153189,153867,SCHILLER,29,Weltmeer,NN,weltmeer,33224,,
tg,rfd2.0,153189,153867,SCHILLER,29,sollten,VMFIN,sollen,33224,,
tg,rfd2.0,153189,153867,SCHILLER,29,wir,PPER,wir,33224,,
tg,rfd2.0,153189,153867,SCHILLER,29,uns,PRF,uns,33224,,
tg,rfd2.0,153189,153867,SCHILLER,29,retten,VVINF,retten,33224,,
tg,rfd2.0,153189,153867,SCHILLER,29,",","$,",--,33224,,
tg,rfd2.0,153189,153867,SCHILLER,29,hinweg,APZR,hinweg,33224,,
tg,rfd2.0,153189,153867,SCHILLER,29,aus,APPR,aus,33224,,
tg,rfd2.0,153189,153867,SCHILLER,29,einem,ART,ein,33224,,
tg,rfd2.0,153189,153867,SCHILLER,29,Lande,NN,land,33224,,
tg,rfd2.0,153189,153867,SCHILLER,29,",","$,",--,33224,,
tg,rfd2.0,153189,153867,SCHILLER,29,das,ART,der,33224,,
tg,rfd2.0,153189,153867,SCHILLER,29,seine,PPOSAT,sein,33224,,
tg,rfd2.0,153189,153867,SCHILLER,29,hingebenden,ADJA,hingebend,33224,,
tg,rfd2.0,153189,153867,SCHILLER,29,Söhne,NN,sohn,33224,,
tg,rfd2.0,153189,153867,SCHILLER,29,mit,APPR,mit,33224,,
tg,rfd2.0,153189,153867,SCHILLER,29,Füßen,NN,fuß,33224,,
tg,rfd2.0,153189,153867,SCHILLER,29,tritt,VVFIN,treten,33224,,
tg,rfd2.0,153189,153867,SCHILLER,29,",","$,",--,33224,,
tg,rfd2.0,153189,153867,SCHILLER,29,das,PRELS,der,33224,,
tg,rfd2.0,153189,153867,SCHILLER,29,in,APPR,in,33224,,
tg,rfd2.0,153189,153867,SCHILLER,29,seinen,PPOSAT,sein,33224,,
tg,rfd2.0,153189,153867,SCHILLER,29,besten,ADJA,gut,33224,,
tg,rfd2.0,153189,153867,SCHILLER,29,Männern,NN,mann,33224,,
tg,rfd2.0,153189,153867,SCHILLER,29,die,ART,der,33224,,
tg,rfd2.0,153189,153867,SCHILLER,29,Manneswürde,NN,manneswürde,33224,,
tg,rfd2.0,153189,153867,SCHILLER,29,verloren,VVPP,verlieren,33224,,
tg,rfd2.0,153189,153867,SCHILLER,29,hat,VAFIN,haben,33224,,
tg,rfd2.0,153189,153867,SCHILLER,29,",","$,",--,33224,,
tg,rfd2.0,153189,153867,SCHILLER,29,das,ART,der,33224,,
tg,rfd2.0,153189,153867,SCHILLER,29,selbst,ADV,selbst,33224,,
tg,rfd2.0,153189,153867,SCHILLER,29,durch,APPR,durch,33224,,
tg,rfd2.0,153189,153867,SCHILLER,29,seine,PPOSAT,sein,33224,,
tg,rfd2.0,153189,153867,SCHILLER,29,größten,ADJA,groß,33224,,
tg,rfd2.0,153189,153867,SCHILLER,29,Fürsten,NN,fürst,33224,,
tg,rfd2.0,153189,153867,SCHILLER,29,kein,PIAT,kein,33224,,
tg,rfd2.0,153189,153867,SCHILLER,29,Heil,NN,heil,33224,,
tg,rfd2.0,153189,153867,SCHILLER,29,mehr,ADV,mehr,33224,,
tg,rfd2.0,153189,153867,SCHILLER,29,erobern,VVINF,erobern,33224,,
tg,rfd2.0,153189,153867,SCHILLER,29,kann,VMFIN,können,33224,,
tg,rfd2.0,153189,153867,SCHILLER,29,",","$,",--,33224,,
tg,rfd2.0,153189,153867,SCHILLER,29,nein,PTKANT,nein,33224,,
tg,rfd2.0,153189,153867,SCHILLER,29,",","$,",--,33224,,
tg,rfd2.0,153189,153867,SCHILLER,29,nein,PTKANT,nein,33224,,
tg,rfd2.0,153189,153867,SCHILLER,29,",","$,",--,33224,,
tg,rfd2.0,153189,153867,SCHILLER,29,nein,PTKANT,nein,33224,,
tg,rfd2.0,153189,153867,SCHILLER,29,",","$,",--,33224,,
tg,rfd2.0,153189,153867,SCHILLER,29,kein,PIAT,kein,33224,,
tg,rfd2.0,153189,153867,SCHILLER,29,Heil,NN,heil,33224,,
tg,rfd2.0,153189,153867,SCHILLER,29,mehr,ADV,mehr,33224,,
tg,rfd2.0,153189,153867,SCHILLER,29,für,APPR,für,33224,,
tg,rfd2.0,153189,153867,SCHILLER,29,uns,PPER,uns,33224,,
tg,rfd2.0,153189,153867,SCHILLER,29,unglückliche,ADJA,unglücklich,33224,,
tg,rfd2.0,153189,153867,SCHILLER,29,Deutsche,NN,deutsche,33224,,
tg,rfd2.0,153189,153867,SCHILLER,29,",","$,",--,33224,,
tg,rfd2.0,153189,153867,SCHILLER,29,deren,PRELAT,der,33224,,
tg,rfd2.0,153189,153867,SCHILLER,29,großer,ADJA,groß,33224,,
tg,rfd2.0,153189,153867,SCHILLER,29,König,NN,könig,33224,,
tg,rfd2.0,153189,153867,SCHILLER,29,Friedrich,NE,friedrich,33224,,
tg,rfd2.0,153189,153867,SCHILLER,29,uns,PRF,uns,33224,,
tg,rfd2.0,153189,153867,SCHILLER,29,weder,KON,weder,33224,,
tg,rfd2.0,153189,153867,SCHILLER,29,Geist,NN,geist,33224,,
tg,rfd2.0,153189,153867,SCHILLER,29,noch,KON,noch,33224,,
tg,rfd2.0,153189,153867,SCHILLER,29,Poesie,NN,poesie,33224,,
tg,rfd2.0,153189,153867,SCHILLER,29,zutraut,VVPP,zutrauen,33224,,
tg,rfd2.0,153189,153867,SCHILLER,29,",","$,",--,33224,,
tg,rfd2.0,153189,153867,SCHILLER,29,deren,PRELAT,der,33224,,
tg,rfd2.0,153189,153867,SCHILLER,29,edler,ADJA,edel,33224,,
tg,rfd2.0,153189,153867,SCHILLER,29,Kaiser,NN,kaiser,33224,,
tg,rfd2.0,153189,153867,SCHILLER,29,Joseph,NE,joseph,33224,,
tg,rfd2.0,153189,153867,SCHILLER,29,gewaltsam,ADJD,gewaltsam,33224,,
tg,rfd2.0,153189,153867,SCHILLER,29,die,ART,der,33224,,
tg,rfd2.0,153189,153867,SCHILLER,29,Besserung,NN,besserung,33224,,
tg,rfd2.0,153189,153867,SCHILLER,29,erzwingen,VVINF,erzwingen,33224,,
tg,rfd2.0,153189,153867,SCHILLER,29,muß,VMFIN,müssen,33224,,
tg,rfd2.0,153189,153867,SCHILLER,29,und,KON,und,33224,,
tg,rfd2.0,153189,153867,SCHILLER,29,von,APPR,von,33224,,
tg,rfd2.0,153189,153867,SCHILLER,29,Nadelstichen,NN,nadelstich,33224,,
tg,rfd2.0,153189,153867,SCHILLER,29,zermartert,VVFIN,zermartern,33224,,
tg,rfd2.0,153189,153867,SCHILLER,29,nicht,PTKNEG,nicht,33224,,
tg,rfd2.0,153189,153867,SCHILLER,29,erzwingen,VVINF,erzwingen,33224,,
tg,rfd2.0,153189,153867,SCHILLER,29,kann,VMFIN,können,33224,,
tg,rfd2.0,153189,153867,SCHILLER,29,",","$,",--,33224,,
tg,rfd2.0,153189,153867,SCHILLER,29,kein,PIAT,kein,33224,,
tg,rfd2.0,153189,153867,SCHILLER,29,Heil,NN,heil,33224,,
tg,rfd2.0,153189,153867,SCHILLER,29,mehr,ADV,mehr,33224,,
tg,rfd2.0,153189,153867,SCHILLER,29,für,APPR,für,33224,,
tg,rfd2.0,153189,153867,SCHILLER,29,uns,PPER,uns,33224,,
tg,rfd2.0,153189,153867,SCHILLER,29,auf,APPR,auf,33224,,
tg,rfd2.0,153189,153867,SCHILLER,29,unsrer,ADJA,unsrer,33224,,
tg,rfd2.0,153189,153867,SCHILLER,29,geliebten,ADJA,geliebt,33224,,
tg,rfd2.0,153189,153867,SCHILLER,29,deutschen,ADJA,deutsch,33224,,
tg,rfd2.0,153189,153867,SCHILLER,29,Erde,NN,erde,33224,,
tg,rfd2.0,153189,153867,SCHILLER,29,"!",$.,--,33224,,
tg,rfd2.0,153189,153867,SCHILLER,29,Er,PPER,er,33224,,
tg,rfd2.0,153189,153867,SCHILLER,29,sinkt,VVFIN,sinken,33224,,
tg,rfd2.0,153189,153867,SCHILLER,29,Koch,NE,koch,33224,KOCH,20
tg,rfd2.0,153189,153867,SCHILLER,29,in,APPR,in,33224,,
tg,rfd2.0,153189,153867,SCHILLER,29,die,ART,der,33224,,
tg,rfd2.0,153189,153867,SCHILLER,29,Arme,NN,arm,33224,,
tg,rfd2.0,153189,153867,SCHILLER,29,.,$.,--,33224,,
tg,rfd2.0,153873,153914,KOCH,20,Fasse,NN,fasse,33224,,
tg,rfd2.0,153873,153914,KOCH,20,dich,PPER,dich,33224,,
tg,rfd2.0,153873,153914,KOCH,20,",","$,",--,33224,,
tg,rfd2.0,153873,153914,KOCH,20,Freund,NN,freund,33224,,
tg,rfd2.0,153873,153914,KOCH,20,",","$,",--,33224,,
tg,rfd2.0,153873,153914,KOCH,20,wir,PPER,wir,33224,,
tg,rfd2.0,153873,153914,KOCH,20,sind,VAFIN,sein,33224,,
tg,rfd2.0,153873,153914,KOCH,20,jung,ADJD,jung,33224,,
tg,rfd2.0,153873,153914,KOCH,20,"!",$.,--,33224,,
tg,rfd2.0,153919,153971,HOVER,17,Wir,PPER,wir,33224,,
tg,rfd2.0,153919,153971,HOVER,17,haben,VAFIN,haben,33224,,
tg,rfd2.0,153919,153971,HOVER,17,Mut,NN,mut,33224,,
tg,rfd2.0,153919,153971,HOVER,17,",","$,",--,33224,,
tg,rfd2.0,153919,153971,HOVER,17,unser,PPOSAT,unser,33224,,
tg,rfd2.0,153919,153971,HOVER,17,Ideal,NN,ideal,33224,,
tg,rfd2.0,153919,153971,HOVER,17,zu,PTKZU,zu,33224,,
tg,rfd2.0,153919,153971,HOVER,17,verwirklichen,VVINF,verwirklichen,33224,,
tg,rfd2.0,153919,153971,HOVER,17,.,$.,--,33224,,
tg,rfd2.0,153976,154036,SCHARPSTEIN,16,Unsere,PPOSAT,unser,33224,,
tg,rfd2.0,153976,154036,SCHARPSTEIN,16,Pläne,NN,plan,33224,,
tg,rfd2.0,153976,154036,SCHARPSTEIN,16,auszuführen,VVIZU,ausführen,33224,,
tg,rfd2.0,153976,154036,SCHARPSTEIN,16,mit,APPR,mit,33224,,
tg,rfd2.0,153976,154036,SCHARPSTEIN,16,dem,ART,der,33224,,
tg,rfd2.0,153976,154036,SCHARPSTEIN,16,neuen,ADJA,neu,33224,,
tg,rfd2.0,153976,154036,SCHARPSTEIN,16,Staate,NN,staat,33224,,
tg,rfd2.0,153976,154036,SCHARPSTEIN,16,"!",$.,--,33224,,
tg,rfd2.0,154041,154088,"Pfeiffer, genannt Roller,",11,Wo,PWAV,wo,33224,,
tg,rfd2.0,154041,154088,"Pfeiffer, genannt Roller,",11,es,PPER,es,33224,,
tg,rfd2.0,154041,154088,"Pfeiffer, genannt Roller,",11,keine,PIAT,kein,33224,,
tg,rfd2.0,154041,154088,"Pfeiffer, genannt Roller,",11,Polizei,NN,polizei,33224,,
tg,rfd2.0,154041,154088,"Pfeiffer, genannt Roller,",11,mehr,ADV,mehr,33224,,
tg,rfd2.0,154041,154088,"Pfeiffer, genannt Roller,",11,geben,VVINF,geben,33224,,
tg,rfd2.0,154041,154088,"Pfeiffer, genannt Roller,",11,soll,VMFIN,sollen,33224,,
tg,rfd2.0,154041,154088,"Pfeiffer, genannt Roller,",11,.,$.,--,33224,,
tg,rfd2.0,154093,154133,HOVER,17,Kein,PIAT,kein,33224,,
tg,rfd2.0,154093,154133,HOVER,17,Eigentum,NN,eigentum,33224,,
tg,rfd2.0,154093,154133,HOVER,17,und,KON,und,33224,,
tg,rfd2.0,154093,154133,HOVER,17,kein,PIAT,kein,33224,,
tg,rfd2.0,154093,154133,HOVER,17,Erbrecht,NN,erbrecht,33224,,
tg,rfd2.0,154093,154133,HOVER,17,.,$.,--,33224,,
tg,rfd2.0,154138,154178,"Peters, genannt Schufterle, , Karlsschüler.",12,Keine,PIAT,kein,33224,,
tg,rfd2.0,154138,154178,"Peters, genannt Schufterle, , Karlsschüler.",12,Examina,NN,examina,33224,,
tg,rfd2.0,154138,154178,"Peters, genannt Schufterle, , Karlsschüler.",12,und,KON,und,33224,,
tg,rfd2.0,154138,154178,"Peters, genannt Schufterle, , Karlsschüler.",12,keine,PIAT,kein,33224,,
tg,rfd2.0,154138,154178,"Peters, genannt Schufterle, , Karlsschüler.",12,Karzer,NN,karzer,33224,,
tg,rfd2.0,154138,154178,"Peters, genannt Schufterle, , Karlsschüler.",12,"!",$.,--,33224,,
tg,rfd2.0,154183,154346,KOCH,20,Und,KON,und,33224,,
tg,rfd2.0,154183,154346,KOCH,20,unter,APPR,unter,33224,,
tg,rfd2.0,154183,154346,KOCH,20,andern,ADJA,anderer,33224,,
tg,rfd2.0,154183,154346,KOCH,20,nötigen,ADJA,nötig,33224,,
tg,rfd2.0,154183,154346,KOCH,20,Dingen,NN,ding,33224,,
tg,rfd2.0,154183,154346,KOCH,20,keine,PIAT,kein,33224,,
tg,rfd2.0,154183,154346,KOCH,20,Zöpfe,NN,zopf,33224,,
tg,rfd2.0,154183,154346,KOCH,20,mehr,ADV,mehr,33224,,
tg,rfd2.0,154183,154346,KOCH,20,–,XY,–,33224,,
tg,rfd2.0,154183,154346,KOCH,20,lassen,VVFIN,lassen,33224,,
tg,rfd2.0,154183,154346,KOCH,20,wir,PPER,wir,33224,,
tg,rfd2.0,154183,154346,KOCH,20,die,ART,der,33224,,
tg,rfd2.0,154183,154346,KOCH,20,Possen,NN,posse,33224,,
tg,rfd2.0,154183,154346,KOCH,20,mit,APPR,mit,33224,,
tg,rfd2.0,154183,154346,KOCH,20,unserm,APPRART,unser,33224,,
tg,rfd2.0,154183,154346,KOCH,20,Schlaraffenstaate,NN,schlaraffenstaat,33224,,
tg,rfd2.0,154183,154346,KOCH,20,",","$,",--,33224,,
tg,rfd2.0,154183,154346,KOCH,20,in,APPR,in,33224,,
tg,rfd2.0,154183,154346,KOCH,20,dem,ART,der,33224,,
tg,rfd2.0,154183,154346,KOCH,20,wir's,FM,wir's,33224,,
tg,rfd2.0,154183,154346,KOCH,20,noch,ADV,noch,33224,,
tg,rfd2.0,154183,154346,KOCH,20,weniger,ADV,weniger,33224,,
tg,rfd2.0,154183,154346,KOCH,20,aushalten,VVINF,aushalten,33224,,
tg,rfd2.0,154183,154346,KOCH,20,könnten,VMFIN,können,33224,,
tg,rfd2.0,154183,154346,KOCH,20,als,KOKOM,als,33224,,
tg,rfd2.0,154183,154346,KOCH,20,hier,ADV,hier,33224,,
tg,rfd2.0,154183,154346,KOCH,20,"!",$.,--,33224,,
tg,rfd2.0,154352,154411,SCHARPSTEIN,16,Spiegelberg,NE,spiegelberg,33224,,
tg,rfd2.0,154352,154411,SCHARPSTEIN,16,"!",$.,--,33224,,
tg,rfd2.0,154416,154445,HOVER,17,Du,PPER,du,33224,,
tg,rfd2.0,154416,154445,HOVER,17,bist,VAFIN,sein,33224,,
tg,rfd2.0,154416,154445,HOVER,17,ein,ART,ein,33224,,
tg,rfd2.0,154416,154445,HOVER,17,Verräter,NN,verräter,33224,,
tg,rfd2.0,154416,154445,HOVER,17,.,$.,--,33224,,
tg,rfd2.0,154450,154476,"Pfeiffer, genannt Roller,",11,Nieder,NN,nieder,33224,,
tg,rfd2.0,154450,154476,"Pfeiffer, genannt Roller,",11,mit,APPR,mit,33224,,
tg,rfd2.0,154450,154476,"Pfeiffer, genannt Roller,",11,ihm,PPER,ihm,33224,,
tg,rfd2.0,154450,154476,"Pfeiffer, genannt Roller,",11,"!",$.,--,33224,,
tg,rfd2.0,154481,154515,SCHARPSTEIN,16,Standrecht,NN,standrecht,33224,,
tg,rfd2.0,154481,154515,SCHARPSTEIN,16,über,APPR,über,33224,,
tg,rfd2.0,154481,154515,SCHARPSTEIN,16,ihn,PPER,ihn,33224,,
tg,rfd2.0,154481,154515,SCHARPSTEIN,16,"!",$.,--,33224,,
tg,rfd2.0,154522,154584,"Peters, genannt Schufterle, , Karlsschüler.",12,Das,ART,der,33224,,
tg,rfd2.0,154522,154584,"Peters, genannt Schufterle, , Karlsschüler.",12,Bundeslied,NN,bundeslied,33224,,
tg,rfd2.0,154522,154584,"Peters, genannt Schufterle, , Karlsschüler.",12,angestimmt,VVFIN,anstimmen,33224,,
tg,rfd2.0,154522,154584,"Peters, genannt Schufterle, , Karlsschüler.",12,"!",$.,--,33224,,
tg,rfd2.0,154522,154584,"Peters, genannt Schufterle, , Karlsschüler.",12,–,XY,–,33224,,
tg,rfd2.0,154522,154584,"Peters, genannt Schufterle, , Karlsschüler.",12,Nette,NE,nette,33224,NETTE,15
tg,rfd2.0,154522,154584,"Peters, genannt Schufterle, , Karlsschüler.",12,",","$,",--,33224,,
tg,rfd2.0,154522,154584,"Peters, genannt Schufterle, , Karlsschüler.",12,an,APPR,an,33224,,
tg,rfd2.0,154522,154584,"Peters, genannt Schufterle, , Karlsschüler.",12,deinen,PPOSAT,dein,33224,,
tg,rfd2.0,154522,154584,"Peters, genannt Schufterle, , Karlsschüler.",12,Posten,NN,posten,33224,,
tg,rfd2.0,154522,154584,"Peters, genannt Schufterle, , Karlsschüler.",12,"!",$.,--,33224,,
tg,rfd2.0,154589,154628,"Pfeiffer, genannt Roller,",11,Standrecht,NN,standrecht,33224,,
tg,rfd2.0,154589,154628,"Pfeiffer, genannt Roller,",11,über,APPR,über,33224,,
tg,rfd2.0,154589,154628,"Pfeiffer, genannt Roller,",11,Spiegelberg,NE,spiegelberg,33224,,
tg,rfd2.0,154589,154628,"Pfeiffer, genannt Roller,",11,"!",$.,--,33224,,
tg,rfd2.0,154633,154909,KOCH,20,Standrecht,NN,standrecht,33224,,
tg,rfd2.0,154633,154909,KOCH,20,",","$,",--,33224,,
tg,rfd2.0,154633,154909,KOCH,20,so,ADV,so,33224,,
tg,rfd2.0,154633,154909,KOCH,20,?,$.,--,33224,,
tg,rfd2.0,154633,154909,KOCH,20,Aber,KON,aber,33224,,
tg,rfd2.0,154633,154909,KOCH,20,keine,PIAT,kein,33224,,
tg,rfd2.0,154633,154909,KOCH,20,Polizei,NN,polizei,33224,,
tg,rfd2.0,154633,154909,KOCH,20,"!",$.,--,33224,,
tg,rfd2.0,154633,154909,KOCH,20,–,XY,–,33224,,
tg,rfd2.0,154633,154909,KOCH,20,Laßt,VVFIN,lassen,33224,,
tg,rfd2.0,154633,154909,KOCH,20,mich,PPER,mich,33224,KOCH,20
tg,rfd2.0,154633,154909,KOCH,20,ungeschoren,ADJD,ungeschoren,33224,,
tg,rfd2.0,154633,154909,KOCH,20,mit,APPR,mit,33224,,
tg,rfd2.0,154633,154909,KOCH,20,Eurem,PPOSAT,eur,33224,,
tg,rfd2.0,154633,154909,KOCH,20,Plunder,NN,plunder,33224,,
tg,rfd2.0,154633,154909,KOCH,20,"!",$.,--,33224,,
tg,rfd2.0,154633,154909,KOCH,20,Dem,PDS,der,33224,,
tg,rfd2.0,154633,154909,KOCH,20,Schiller,NE,schiller,33224,SCHILLER,29
tg,rfd2.0,154633,154909,KOCH,20,muß,VMFIN,müssen,33224,,
tg,rfd2.0,154633,154909,KOCH,20,geholfen,VVPP,helfen,33224,,
tg,rfd2.0,154633,154909,KOCH,20,werden,VAINF,werden,33224,,
tg,rfd2.0,154633,154909,KOCH,20,"!",$.,--,33224,,
tg,rfd2.0,154633,154909,KOCH,20,Das,PDS,der,33224,,
tg,rfd2.0,154633,154909,KOCH,20,ist,VAFIN,sein,33224,,
tg,rfd2.0,154633,154909,KOCH,20,die,ART,der,33224,,
tg,rfd2.0,154633,154909,KOCH,20,Hauptsache,NN,hauptsache,33224,,
tg,rfd2.0,154633,154909,KOCH,20,"!",$.,--,33224,,
tg,rfd2.0,154633,154909,KOCH,20,Geht,VVFIN,gehen,33224,,
tg,rfd2.0,154633,154909,KOCH,20,zu,APPR,zu,33224,,
tg,rfd2.0,154633,154909,KOCH,20,Schiller,NE,schiller,33224,SCHILLER,29
tg,rfd2.0,154633,154909,KOCH,20,",","$,",--,33224,,
tg,rfd2.0,154633,154909,KOCH,20,der,PRELS,der,33224,,
tg,rfd2.0,154633,154909,KOCH,20,sich,PRF,sich,33224,,
tg,rfd2.0,154633,154909,KOCH,20,auf,APPR,auf,33224,,
tg,rfd2.0,154633,154909,KOCH,20,den,ART,der,33224,,
tg,rfd2.0,154633,154909,KOCH,20,Sessel,NN,sessel,33224,,
tg,rfd2.0,154633,154909,KOCH,20,links,ADV,links,33224,,
tg,rfd2.0,154633,154909,KOCH,20,geworfen,VVPP,werfen,33224,,
tg,rfd2.0,154633,154909,KOCH,20,hat,VAFIN,haben,33224,,
tg,rfd2.0,154633,154909,KOCH,20,",","$,",--,33224,,
tg,rfd2.0,154633,154909,KOCH,20,und,KON,und,33224,,
tg,rfd2.0,154633,154909,KOCH,20,scheint,VVFIN,scheinen,33224,,
tg,rfd2.0,154633,154909,KOCH,20,zu,APPR,zu,33224,,
tg,rfd2.0,154633,154909,KOCH,20,ihm,PPER,ihm,33224,,
tg,rfd2.0,154633,154909,KOCH,20,zu,PTKZU,zu,33224,,
tg,rfd2.0,154633,154909,KOCH,20,sprechen,VVINF,sprechen,33224,,
tg,rfd2.0,154633,154909,KOCH,20,.,$.,--,33224,,
tg,rfd2.0,154914,154945,"Pfeiffer, genannt Roller,",11,Also,ADV,also,33224,,
tg,rfd2.0,154914,154945,"Pfeiffer, genannt Roller,",11,Sitzung,NN,sitzung,33224,,
tg,rfd2.0,154914,154945,"Pfeiffer, genannt Roller,",11,halten,VVINF,halten,33224,,
tg,rfd2.0,154914,154945,"Pfeiffer, genannt Roller,",11,.,$.,--,33224,,
tg,rfd2.0,154951,154987,HOVER,17,Sitzung,NN,sitzung,33224,,
tg,rfd2.0,154951,154987,HOVER,17,und,KON,und,33224,,
tg,rfd2.0,154951,154987,HOVER,17,Beratung,NN,beratung,33224,,
tg,rfd2.0,154951,154987,HOVER,17,halten,VVINF,halten,33224,,
tg,rfd2.0,154951,154987,HOVER,17,.,$.,--,33224,,
tg,rfd2.0,154994,155029,"Peters, genannt Schufterle, , Karlsschüler.",12,Das,ART,der,33224,,
tg,rfd2.0,154994,155029,"Peters, genannt Schufterle, , Karlsschüler.",12,Bundeslied,NN,bundeslied,33224,,
tg,rfd2.0,154994,155029,"Peters, genannt Schufterle, , Karlsschüler.",12,angestimmt,VVFIN,anstimmen,33224,,
tg,rfd2.0,154994,155029,"Peters, genannt Schufterle, , Karlsschüler.",12,"!",$.,--,33224,,
tg,rfd2.0,155034,155068,SCHARPSTEIN,16,In,APPR,in,33224,,
tg,rfd2.0,155034,155068,SCHARPSTEIN,16,die,ART,der,33224,,
tg,rfd2.0,155034,155068,SCHARPSTEIN,16,Höhle,NN,höhle,33224,,
tg,rfd2.0,155034,155068,SCHARPSTEIN,16,",","$,",--,33224,,
tg,rfd2.0,155034,155068,SCHARPSTEIN,16,Stift,NN,stift,33224,,
tg,rfd2.0,155034,155068,SCHARPSTEIN,16,"!",$.,--,33224,,
tg,rfd2.0,155073,155207,"Peters, genannt Schufterle, , Karlsschüler.",12,Da,ADV,da,33224,,
tg,rfd2.0,155073,155207,"Peters, genannt Schufterle, , Karlsschüler.",12,ist,VAFIN,sein,33224,,
tg,rfd2.0,155073,155207,"Peters, genannt Schufterle, , Karlsschüler.",12,auch,ADV,auch,33224,,
tg,rfd2.0,155073,155207,"Peters, genannt Schufterle, , Karlsschüler.",12,Jupiters,NE,jupiter,33224,,
tg,rfd2.0,155073,155207,"Peters, genannt Schufterle, , Karlsschüler.",12,Nektar,NE,nektar,33224,,
tg,rfd2.0,155073,155207,"Peters, genannt Schufterle, , Karlsschüler.",12,",","$,",--,33224,,
tg,rfd2.0,155073,155207,"Peters, genannt Schufterle, , Karlsschüler.",12,um,KOUI,um,33224,,
tg,rfd2.0,155073,155207,"Peters, genannt Schufterle, , Karlsschüler.",12,den,ART,der,33224,,
tg,rfd2.0,155073,155207,"Peters, genannt Schufterle, , Karlsschüler.",12,Geist,NN,geist,33224,,
tg,rfd2.0,155073,155207,"Peters, genannt Schufterle, , Karlsschüler.",12,aufzuklären,VVIZU,aufklären,33224,,
tg,rfd2.0,155073,155207,"Peters, genannt Schufterle, , Karlsschüler.",12,"!",$.,--,33224,,
tg,rfd2.0,155212,155270,HOVER,17,Erst,ADV,erst,33224,,
tg,rfd2.0,155212,155270,HOVER,17,das,ART,der,33224,,
tg,rfd2.0,155212,155270,HOVER,17,Bundeslied,NN,bundeslied,33224,,
tg,rfd2.0,155212,155270,HOVER,17,",","$,",--,33224,,
tg,rfd2.0,155212,155270,HOVER,17,damit,KOUS,damit,33224,,
tg,rfd2.0,155212,155270,HOVER,17,wir,PPER,wir,33224,,
tg,rfd2.0,155212,155270,HOVER,17,in,APPR,in,33224,,
tg,rfd2.0,155212,155270,HOVER,17,Stimmung,NN,stimmung,33224,,
tg,rfd2.0,155212,155270,HOVER,17,kommen,VVINF,kommen,33224,,
tg,rfd2.0,155212,155270,HOVER,17,"!",$.,--,33224,,
tg,rfd2.0,155275,155425,"Peters, genannt Schufterle, , Karlsschüler.",12,Nette,NE,nette,33224,NETTE,15
tg,rfd2.0,155275,155425,"Peters, genannt Schufterle, , Karlsschüler.",12,"!",$.,--,33224,,
tg,rfd2.0,155275,155425,"Peters, genannt Schufterle, , Karlsschüler.",12,Der,ART,der,33224,,
tg,rfd2.0,155275,155425,"Peters, genannt Schufterle, , Karlsschüler.",12,links,ADV,links,33224,,
tg,rfd2.0,155275,155425,"Peters, genannt Schufterle, , Karlsschüler.",12,in,APPR,in,33224,,
tg,rfd2.0,155275,155425,"Peters, genannt Schufterle, , Karlsschüler.",12,den,ART,der,33224,,
tg,rfd2.0,155275,155425,"Peters, genannt Schufterle, , Karlsschüler.",12,Kamin,NN,kamin,33224,,
tg,rfd2.0,155275,155425,"Peters, genannt Schufterle, , Karlsschüler.",12,gekrochen,VVPP,krechen,33224,,
tg,rfd2.0,155275,155425,"Peters, genannt Schufterle, , Karlsschüler.",12,ist,VAFIN,sein,33224,,
tg,rfd2.0,155275,155425,"Peters, genannt Schufterle, , Karlsschüler.",12,.,$.,--,33224,,
tg,rfd2.0,155275,155425,"Peters, genannt Schufterle, , Karlsschüler.",12,Den,ART,der,33224,,
tg,rfd2.0,155275,155425,"Peters, genannt Schufterle, , Karlsschüler.",12,Ton,NN,ton,33224,,
tg,rfd2.0,155275,155425,"Peters, genannt Schufterle, , Karlsschüler.",12,angeben,VVINF,angeben,33224,,
tg,rfd2.0,155275,155425,"Peters, genannt Schufterle, , Karlsschüler.",12,"!",$.,--,33224,,
tg,rfd2.0,155275,155425,"Peters, genannt Schufterle, , Karlsschüler.",12,Nette,NE,nette,33224,NETTE,15
tg,rfd2.0,155275,155425,"Peters, genannt Schufterle, , Karlsschüler.",12,bläst,VVFIN,blasen,33224,,
tg,rfd2.0,155275,155425,"Peters, genannt Schufterle, , Karlsschüler.",12,die,ART,der,33224,,
tg,rfd2.0,155275,155425,"Peters, genannt Schufterle, , Karlsschüler.",12,ersten,ADJA,erster,33224,,
tg,rfd2.0,155275,155425,"Peters, genannt Schufterle, , Karlsschüler.",12,Tone,NN,tone,33224,,
tg,rfd2.0,155275,155425,"Peters, genannt Schufterle, , Karlsschüler.",12,des,ART,der,33224,,
tg,rfd2.0,155275,155425,"Peters, genannt Schufterle, , Karlsschüler.",12,Liedes,NN,lied,33224,,
tg,rfd2.0,155275,155425,"Peters, genannt Schufterle, , Karlsschüler.",12,:,$.,--,33224,,
tg,rfd2.0,155275,155425,"Peters, genannt Schufterle, , Karlsschüler.",12,»,XY,»,33224,,
tg,rfd2.0,155275,155425,"Peters, genannt Schufterle, , Karlsschüler.",12,Ein,ART,ein,33224,,
tg,rfd2.0,155275,155425,"Peters, genannt Schufterle, , Karlsschüler.",12,freies,ADJA,frei,33224,,
tg,rfd2.0,155275,155425,"Peters, genannt Schufterle, , Karlsschüler.",12,Leben,NN,leben,33224,,
tg,rfd2.0,155275,155425,"Peters, genannt Schufterle, , Karlsschüler.",12,«,XY,«,33224,,
tg,rfd2.0,155275,155425,"Peters, genannt Schufterle, , Karlsschüler.",12,usw,PTKVZ,usw,33224,,
tg,rfd2.0,155275,155425,"Peters, genannt Schufterle, , Karlsschüler.",12,.,$.,--,33224,,
tg,rfd2.0,155275,155425,"Peters, genannt Schufterle, , Karlsschüler.",12,–,XY,–,33224,,
tg,rfd2.0,155275,155425,"Peters, genannt Schufterle, , Karlsschüler.",12,Laura,NE,laura,33224,,
tg,rfd2.0,155275,155425,"Peters, genannt Schufterle, , Karlsschüler.",12,öffnet,VVFIN,öffnen,33224,,
tg,rfd2.0,155275,155425,"Peters, genannt Schufterle, , Karlsschüler.",12,.,$.,--,33224,,
tg,rfd2.0,155431,155523,"Laura, deren Pflegetochter.",3,Der,ART,der,33224,,
tg,rfd2.0,155431,155523,"Laura, deren Pflegetochter.",3,Herzog,NE,herzog,33224,,
tg,rfd2.0,155431,155523,"Laura, deren Pflegetochter.",3,naht,VVFIN,nahen,33224,,
tg,rfd2.0,155431,155523,"Laura, deren Pflegetochter.",3,–,XY,–,33224,,
tg,rfd2.0,155431,155523,"Laura, deren Pflegetochter.",3,was,PWS,was,33224,,
tg,rfd2.0,155431,155523,"Laura, deren Pflegetochter.",3,ist,VAFIN,sein,33224,,
tg,rfd2.0,155431,155523,"Laura, deren Pflegetochter.",3,zu,PTKZU,zu,33224,,
tg,rfd2.0,155431,155523,"Laura, deren Pflegetochter.",3,tun,VVINF,tun,33224,,
tg,rfd2.0,155431,155523,"Laura, deren Pflegetochter.",3,",","$,",--,33224,,
tg,rfd2.0,155431,155523,"Laura, deren Pflegetochter.",3,da,KOUS,da,33224,,
tg,rfd2.0,155431,155523,"Laura, deren Pflegetochter.",3,sie,PPER,sie,33224,,
tg,rfd2.0,155431,155523,"Laura, deren Pflegetochter.",3,meinem,PPOSAT,mein,33224,"Laura, deren Pflegetochter.",3
tg,rfd2.0,155431,155523,"Laura, deren Pflegetochter.",3,Zettel,NN,zettel,33224,,
tg,rfd2.0,155431,155523,"Laura, deren Pflegetochter.",3,nicht,PTKNEG,nicht,33224,,
tg,rfd2.0,155431,155523,"Laura, deren Pflegetochter.",3,gehorchen,VVINF,gehorchen,33224,,
tg,rfd2.0,155431,155523,"Laura, deren Pflegetochter.",3,"!",$.,--,33224,,
tg,rfd2.0,155431,155523,"Laura, deren Pflegetochter.",3,?,$.,--,33224,,
tg,rfd2.0,155528,155600,ALLE,30,»,XY,»,33224,,
tg,rfd2.0,155528,155600,ALLE,30,Ein,ART,ein,33224,,
tg,rfd2.0,155528,155600,ALLE,30,freies,ADJA,frei,33224,,
tg,rfd2.0,155528,155600,ALLE,30,Leben,NN,leben,33224,,
tg,rfd2.0,155528,155600,ALLE,30,führen,VVFIN,führen,33224,,
tg,rfd2.0,155528,155600,ALLE,30,wir,PPER,wir,33224,,
tg,rfd2.0,155528,155600,ALLE,30,.,$.,--,33224,,
tg,rfd2.0,155528,155600,ALLE,30,«,XY,«,33224,,
tg,rfd2.0,155605,155657,"Laura, deren Pflegetochter.",3,Er,PPER,er,33224,,
tg,rfd2.0,155605,155657,"Laura, deren Pflegetochter.",3,kommt,VVFIN,kommen,33224,,
tg,rfd2.0,155605,155657,"Laura, deren Pflegetochter.",3,",","$,",--,33224,,
tg,rfd2.0,155605,155657,"Laura, deren Pflegetochter.",3,ich,PPER,ich,33224,"Laura, deren Pflegetochter.",3
tg,rfd2.0,155605,155657,"Laura, deren Pflegetochter.",3,muß,VMFIN,müssen,33224,,
tg,rfd2.0,155605,155657,"Laura, deren Pflegetochter.",3,hinweg,APZR,hinweg,33224,,
tg,rfd2.0,155605,155657,"Laura, deren Pflegetochter.",3,"!",$.,--,33224,,
tg,rfd2.0,155662,155694,ALLE,30,»,XY,»,33224,,
tg,rfd2.0,155662,155694,ALLE,30,Ein,ART,ein,33224,,
tg,rfd2.0,155662,155694,ALLE,30,Leben,NN,leben,33224,,
tg,rfd2.0,155662,155694,ALLE,30,voller,ADJA,voll,33224,,
tg,rfd2.0,155662,155694,ALLE,30,Wonne,NN,wonne,33224,,
tg,rfd2.0,155662,155694,ALLE,30,"!",$.,--,33224,,
tg,rfd2.0,155662,155694,ALLE,30,«,XY,«,33224,,
tg,rfd2.0,155699,155773,"Laura, deren Pflegetochter.",3,Der,ART,der,33224,,
tg,rfd2.0,155699,155773,"Laura, deren Pflegetochter.",3,Herzog,NE,herzog,33224,,
tg,rfd2.0,155699,155773,"Laura, deren Pflegetochter.",3,kommt,VVFIN,kommen,33224,,
tg,rfd2.0,155699,155773,"Laura, deren Pflegetochter.",3,"!",$.,--,33224,,
tg,rfd2.0,155699,155773,"Laura, deren Pflegetochter.",3,Rettet,VVIMP,retten,33224,,
tg,rfd2.0,155699,155773,"Laura, deren Pflegetochter.",3,euch,PRF,euch,33224,,
tg,rfd2.0,155699,155773,"Laura, deren Pflegetochter.",3,"!",$.,--,33224,,
tg,rfd2.0,155864,155939,ALLE,30,Was,PWS,was,33224,,
tg,rfd2.0,155864,155939,ALLE,30,war,VAFIN,sein,33224,,
tg,rfd2.0,155864,155939,ALLE,30,das,PDS,der,33224,,
tg,rfd2.0,155864,155939,ALLE,30,?,$.,--,33224,,
tg,rfd2.0,155864,155939,ALLE,30,Der,ART,der,33224,,
tg,rfd2.0,155864,155939,ALLE,30,Herzog,NE,herzog,33224,,
tg,rfd2.0,155864,155939,ALLE,30,kommt,VVFIN,kommen,33224,,
tg,rfd2.0,155864,155939,ALLE,30,"!",$.,--,33224,,
tg,rfd2.0,155864,155939,ALLE,30,Der,ART,der,33224,,
tg,rfd2.0,155864,155939,ALLE,30,Herzog,NE,herzog,33224,,
tg,rfd2.0,155864,155939,ALLE,30,kommt,VVFIN,kommen,33224,,
tg,rfd2.0,155864,155939,ALLE,30,?,$.,--,33224,,
tg,rfd2.0,155945,155971,"Peters, genannt Schufterle, , Karlsschüler.",12,Sauve,NE,sauve,33224,,
tg,rfd2.0,155945,155971,"Peters, genannt Schufterle, , Karlsschüler.",12,qui,FM,qui,33224,,
tg,rfd2.0,155945,155971,"Peters, genannt Schufterle, , Karlsschüler.",12,peut,FM,peut,33224,,
tg,rfd2.0,155945,155971,"Peters, genannt Schufterle, , Karlsschüler.",12,–,FM,–,33224,,
tg,rfd2.0,155945,155971,"Peters, genannt Schufterle, , Karlsschüler.",12,?,$.,--,33224,,
tg,rfd2.0,155977,156009,"Pfeiffer, genannt Roller,",11,Nehmt,NE,nehmen,33224,,
tg,rfd2.0,155977,156009,"Pfeiffer, genannt Roller,",11,den,ART,der,33224,,
tg,rfd2.0,155977,156009,"Pfeiffer, genannt Roller,",11,Punsch,NN,punsch,33224,,
tg,rfd2.0,155977,156009,"Pfeiffer, genannt Roller,",11,mit,APPR,mit,33224,,
tg,rfd2.0,155977,156009,"Pfeiffer, genannt Roller,",11,"!",$.,--,33224,,
tg,rfd2.0,156014,156047,SCHARPSTEIN,16,Kreuz,NN,kreuz,33224,,
tg,rfd2.0,156014,156047,SCHARPSTEIN,16,Donnerwetter,NN,donnerwetter,33224,,
tg,rfd2.0,156014,156047,SCHARPSTEIN,16,"!",$.,--,33224,,
tg,rfd2.0,156053,156077,HOVER,17,Und,KON,und,33224,,
tg,rfd2.0,156053,156077,HOVER,17,die,PDS,der,33224,,
tg,rfd2.0,156053,156077,HOVER,17,Pfeifen,VVINF,pfeife,33224,,
tg,rfd2.0,156053,156077,HOVER,17,"!",$.,--,33224,,
tg,rfd2.0,156082,156106,"Peters, genannt Schufterle, , Karlsschüler.",12,Sauve,NE,sauve,33224,,
tg,rfd2.0,156082,156106,"Peters, genannt Schufterle, , Karlsschüler.",12,qui,FM,qui,33224,,
tg,rfd2.0,156082,156106,"Peters, genannt Schufterle, , Karlsschüler.",12,peut,FM,peut,33224,,
tg,rfd2.0,156082,156106,"Peters, genannt Schufterle, , Karlsschüler.",12,"!",$.,--,33224,,
tg,rfd2.0,156112,156139,SCHARPSTEIN,16,Haltet,NE,halten,33224,,
tg,rfd2.0,156112,156139,SCHARPSTEIN,16,Stand,NE,stand,33224,,
tg,rfd2.0,156112,156139,SCHARPSTEIN,16,"!",$.,--,33224,,
tg,rfd2.0,156144,156268,KOCH,20,Halt,NN,halten,33224,,
tg,rfd2.0,156144,156268,KOCH,20,"!",$.,--,33224,,
tg,rfd2.0,156144,156268,KOCH,20,Ruhe,NN,ruhe,33224,,
tg,rfd2.0,156144,156268,KOCH,20,",","$,",--,33224,,
tg,rfd2.0,156144,156268,KOCH,20,Fassung,NN,fassung,33224,,
tg,rfd2.0,156144,156268,KOCH,20,.,$.,--,33224,,
tg,rfd2.0,156144,156268,KOCH,20,Nette,NE,nette,33224,NETTE,15
tg,rfd2.0,156144,156268,KOCH,20,",","$,",--,33224,,
tg,rfd2.0,156144,156268,KOCH,20,stopf,VVFIN,stopf,33224,,
tg,rfd2.0,156144,156268,KOCH,20,',$[,--,33224,,
tg,rfd2.0,156144,156268,KOCH,20,die,ART,der,33224,,
tg,rfd2.0,156144,156268,KOCH,20,Klarinette,NN,klarinette,33224,,
tg,rfd2.0,156144,156268,KOCH,20,–,XY,–,33224,,
tg,rfd2.0,156144,156268,KOCH,20,ist,VAFIN,sein,33224,,
tg,rfd2.0,156144,156268,KOCH,20,das,PDS,der,33224,,
tg,rfd2.0,156144,156268,KOCH,20,die,ART,der,33224,,
tg,rfd2.0,156144,156268,KOCH,20,Bande,NN,Bande,33224,,
tg,rfd2.0,156144,156268,KOCH,20,",","$,",--,33224,,
tg,rfd2.0,156144,156268,KOCH,20,welche,PWAT,welcher,33224,,
tg,rfd2.0,156144,156268,KOCH,20,die,ART,der,33224,,
tg,rfd2.0,156144,156268,KOCH,20,Welt,NN,welt,33224,,
tg,rfd2.0,156144,156268,KOCH,20,reformieren,VVINF,reformieren,33224,,
tg,rfd2.0,156144,156268,KOCH,20,will,VMFIN,wollen,33224,,
tg,rfd2.0,156144,156268,KOCH,20,?,$.,--,33224,,
tg,rfd2.0,156144,156268,KOCH,20,"!",$.,--,33224,,
tg,rfd2.0,156273,156300,SCHARPSTEIN,16,Er,PPER,er,33224,,
tg,rfd2.0,156273,156300,SCHARPSTEIN,16,hat,VAFIN,haben,33224,,
tg,rfd2.0,156273,156300,SCHARPSTEIN,16,recht,ADJD,recht,33224,,
tg,rfd2.0,156273,156300,SCHARPSTEIN,16,.,$.,--,33224,,
tg,rfd2.0,156305,156318,HOVER,17,Ruhe,NN,ruhe,33224,,
tg,rfd2.0,156305,156318,HOVER,17,.,$.,--,33224,,
tg,rfd2.0,156323,156366,"Peters, genannt Schufterle, , Karlsschüler.",12,Den,ART,der,33224,,
tg,rfd2.0,156323,156366,"Peters, genannt Schufterle, , Karlsschüler.",12,Teufel,NN,teufel,33224,,
tg,rfd2.0,156323,156366,"Peters, genannt Schufterle, , Karlsschüler.",12,auch,ADV,auch,33224,,
tg,rfd2.0,156323,156366,"Peters, genannt Schufterle, , Karlsschüler.",12,",","$,",--,33224,,
tg,rfd2.0,156323,156366,"Peters, genannt Schufterle, , Karlsschüler.",12,der,ART,der,33224,,
tg,rfd2.0,156323,156366,"Peters, genannt Schufterle, , Karlsschüler.",12,Herzog,NE,herzog,33224,,
tg,rfd2.0,156323,156366,"Peters, genannt Schufterle, , Karlsschüler.",12,kommt,VVFIN,kommen,33224,,
tg,rfd2.0,156323,156366,"Peters, genannt Schufterle, , Karlsschüler.",12,"!",$.,--,33224,,
tg,rfd2.0,156371,156415,KOCH,20,Wer,PWS,wer,33224,,
tg,rfd2.0,156371,156415,KOCH,20,hat's,VVFIN,hat's,33224,,
tg,rfd2.0,156371,156415,KOCH,20,gesagt,VVPP,sagen,33224,,
tg,rfd2.0,156371,156415,KOCH,20,?,$.,--,33224,,
tg,rfd2.0,156371,156415,KOCH,20,Wo,PWAV,wo,33224,,
tg,rfd2.0,156371,156415,KOCH,20,kam,VVFIN,kommen,33224,,
tg,rfd2.0,156371,156415,KOCH,20,der,ART,der,33224,,
tg,rfd2.0,156371,156415,KOCH,20,Ruf,NN,ruf,33224,,
tg,rfd2.0,156371,156415,KOCH,20,her,PTKVZ,her,33224,,
tg,rfd2.0,156371,156415,KOCH,20,?,$.,--,33224,,
tg,rfd2.0,156420,156444,"Pfeiffer, genannt Roller,",11,Wer,PWS,wer,33224,,
tg,rfd2.0,156420,156444,"Pfeiffer, genannt Roller,",11,weiß,VVFIN,weiß,33224,,
tg,rfd2.0,156420,156444,"Pfeiffer, genannt Roller,",11,es,PPER,es,33224,,
tg,rfd2.0,156420,156444,"Pfeiffer, genannt Roller,",11,"!",$.,--,33224,,
tg,rfd2.0,156420,156444,"Pfeiffer, genannt Roller,",11,?,$.,--,33224,,
tg,rfd2.0,156449,156475,HOVER,17,Ich,PPER,ich,33224,,
tg,rfd2.0,156449,156475,HOVER,17,weiß,VVFIN,weißn,33224,,
tg,rfd2.0,156449,156475,HOVER,17,es,PPER,es,33224,,
tg,rfd2.0,156449,156475,HOVER,17,nicht,PTKNEG,nicht,33224,,
tg,rfd2.0,156449,156475,HOVER,17,"!",$.,--,33224,,
tg,rfd2.0,156480,156880,KOCH,20,Wo,PWAV,wo,33224,,
tg,rfd2.0,156480,156880,KOCH,20,kann,VMFIN,können,33224,,
tg,rfd2.0,156480,156880,KOCH,20,er,PPER,er,33224,,
tg,rfd2.0,156480,156880,KOCH,20,hergekommen,VVPP,hergekommen,33224,,
tg,rfd2.0,156480,156880,KOCH,20,sein,VAINF,sein,33224,,
tg,rfd2.0,156480,156880,KOCH,20,?,$.,--,33224,,
tg,rfd2.0,156480,156880,KOCH,20,"!",$.,--,33224,,
tg,rfd2.0,156480,156880,KOCH,20,Beim,APPRART,bei,33224,,
tg,rfd2.0,156480,156880,KOCH,20,Herzoge,NN,herzoge,33224,,
tg,rfd2.0,156480,156880,KOCH,20,drüben,ADV,drüben,33224,,
tg,rfd2.0,156480,156880,KOCH,20,ist,VAFIN,sein,33224,,
tg,rfd2.0,156480,156880,KOCH,20,alles,PIS,alle,33224,,
tg,rfd2.0,156480,156880,KOCH,20,beschäftigt,VVPP,beschäftigen,33224,,
tg,rfd2.0,156480,156880,KOCH,20,mit,APPR,mit,33224,,
tg,rfd2.0,156480,156880,KOCH,20,der,ART,der,33224,,
tg,rfd2.0,156480,156880,KOCH,20,Festlichkeit,NN,festlichkeit,33224,,
tg,rfd2.0,156480,156880,KOCH,20,",","$,",--,33224,,
tg,rfd2.0,156480,156880,KOCH,20,Nieß,NN,nieß,33224,,
tg,rfd2.0,156480,156880,KOCH,20,liegt,VVFIN,liegen,33224,,
tg,rfd2.0,156480,156880,KOCH,20,krank,ADJD,krank,33224,,
tg,rfd2.0,156480,156880,KOCH,20,",","$,",--,33224,,
tg,rfd2.0,156480,156880,KOCH,20,ein,ART,ein,33224,,
tg,rfd2.0,156480,156880,KOCH,20,Verräter,NN,verräter,33224,,
tg,rfd2.0,156480,156880,KOCH,20,ist,VAFIN,sein,33224,,
tg,rfd2.0,156480,156880,KOCH,20,nicht,PTKNEG,nicht,33224,,
tg,rfd2.0,156480,156880,KOCH,20,unter,APPR,unter,33224,,
tg,rfd2.0,156480,156880,KOCH,20,uns,PPER,uns,33224,,
tg,rfd2.0,156480,156880,KOCH,20,",","$,",--,33224,,
tg,rfd2.0,156480,156880,KOCH,20,und,KON,und,33224,,
tg,rfd2.0,156480,156880,KOCH,20,die,ART,der,33224,,
tg,rfd2.0,156480,156880,KOCH,20,Wände,NN,wand,33224,,
tg,rfd2.0,156480,156880,KOCH,20,sprechen,VVFIN,sprechen,33224,,
tg,rfd2.0,156480,156880,KOCH,20,nicht,PTKNEG,nicht,33224,,
tg,rfd2.0,156480,156880,KOCH,20,mehr,ADV,mehr,33224,,
tg,rfd2.0,156480,156880,KOCH,20,heutigestages,ADJA,heutigestag,33224,,
tg,rfd2.0,156480,156880,KOCH,20,–,NN,–,33224,,
tg,rfd2.0,156480,156880,KOCH,20,hat,VAFIN,haben,33224,,
tg,rfd2.0,156480,156880,KOCH,20,sich,PRF,sich,33224,,
tg,rfd2.0,156480,156880,KOCH,20,einer,PIS,ein,33224,,
tg,rfd2.0,156480,156880,KOCH,20,von,APPR,von,33224,,
tg,rfd2.0,156480,156880,KOCH,20,uns,PPER,uns,33224,,
tg,rfd2.0,156480,156880,KOCH,20,einen,ART,ein,33224,,
tg,rfd2.0,156480,156880,KOCH,20,Witz,NN,witz,33224,,
tg,rfd2.0,156480,156880,KOCH,20,gemacht,VVPP,machen,33224,,
tg,rfd2.0,156480,156880,KOCH,20,?,$.,--,33224,,
tg,rfd2.0,156480,156880,KOCH,20,"!",$.,--,33224,,
tg,rfd2.0,156480,156880,KOCH,20,An,APPR,an,33224,,
tg,rfd2.0,156480,156880,KOCH,20,die,ART,der,33224,,
tg,rfd2.0,156480,156880,KOCH,20,Tür,NN,tür,33224,,
tg,rfd2.0,156480,156880,KOCH,20,rechts,ADV,rechts,33224,,
tg,rfd2.0,156480,156880,KOCH,20,gehend,ADJD,gehend,33224,,
tg,rfd2.0,156480,156880,KOCH,20,.,$.,--,33224,,
tg,rfd2.0,156480,156880,KOCH,20,Diese,PDAT,dieser,33224,,
tg,rfd2.0,156480,156880,KOCH,20,Tür,NN,tür,33224,,
tg,rfd2.0,156480,156880,KOCH,20,ist,VAFIN,sein,33224,,
tg,rfd2.0,156480,156880,KOCH,20,verschlossen,ADJD,verschlossen,33224,,
tg,rfd2.0,156480,156880,KOCH,20,.,$.,--,33224,,
tg,rfd2.0,156480,156880,KOCH,20,Zur,APPRART,zu,33224,,
tg,rfd2.0,156480,156880,KOCH,20,Mitteltüre,NN,mitteltüre,33224,,
tg,rfd2.0,156480,156880,KOCH,20,.,$.,--,33224,,
tg,rfd2.0,156480,156880,KOCH,20,Diese,PDAT,dieser,33224,,
tg,rfd2.0,156480,156880,KOCH,20,ebenfalls,ADV,ebenfalls,33224,,
tg,rfd2.0,156480,156880,KOCH,20,hier,ADV,hier,33224,,
tg,rfd2.0,156480,156880,KOCH,20,.,$.,--,33224,,
tg,rfd2.0,156480,156880,KOCH,20,Links,NE,links,33224,,
tg,rfd2.0,156480,156880,KOCH,20,.,$.,--,33224,,
tg,rfd2.0,156480,156880,KOCH,20,Holla,NE,holla,33224,,
tg,rfd2.0,156480,156880,KOCH,20,?,$.,--,33224,,
tg,rfd2.0,156480,156880,KOCH,20,"!",$.,--,33224,,
tg,rfd2.0,156480,156880,KOCH,20,–,XY,–,33224,,
tg,rfd2.0,156480,156880,KOCH,20,ist,VAFIN,sein,33224,,
tg,rfd2.0,156480,156880,KOCH,20,kein,PIAT,kein,33224,,
tg,rfd2.0,156480,156880,KOCH,20,Mensch,NN,mensch,33224,,
tg,rfd2.0,156480,156880,KOCH,20,–,XY,–,33224,,
tg,rfd2.0,156480,156880,KOCH,20,"!",$.,--,33224,,
tg,rfd2.0,156480,156880,KOCH,20,Wer,PWS,wer,33224,,
tg,rfd2.0,156480,156880,KOCH,20,kann's,VVFIN,kann,33224,,
tg,rfd2.0,156480,156880,KOCH,20,gewesen,VAPP,sein,33224,,
tg,rfd2.0,156480,156880,KOCH,20,sein,VAINF,sein,33224,,
tg,rfd2.0,156480,156880,KOCH,20,?,$.,--,33224,,
tg,rfd2.0,156480,156880,KOCH,20,"!",$.,--,33224,,
tg,rfd2.0,156885,156912,"Peters, genannt Schufterle, , Karlsschüler.",12,Am,APPRART,an,33224,,
tg,rfd2.0,156885,156912,"Peters, genannt Schufterle, , Karlsschüler.",12,Ende,NN,ende,33224,,
tg,rfd2.0,156885,156912,"Peters, genannt Schufterle, , Karlsschüler.",12,der,ART,der,33224,,
tg,rfd2.0,156885,156912,"Peters, genannt Schufterle, , Karlsschüler.",12,Nette,NN,nette,33224,NETTE,15
tg,rfd2.0,156885,156912,"Peters, genannt Schufterle, , Karlsschüler.",12,"!",$.,--,33224,,
tg,rfd2.0,156917,156951,SCHARPSTEIN,16,Der,ART,der,33224,,
tg,rfd2.0,156917,156951,SCHARPSTEIN,16,Stift,NN,stift,33224,,
tg,rfd2.0,156917,156951,SCHARPSTEIN,16,im,APPRART,in,33224,,
tg,rfd2.0,156917,156951,SCHARPSTEIN,16,Kamine,NN,kamin,33224,,
tg,rfd2.0,156917,156951,SCHARPSTEIN,16,"!",$.,--,33224,,
tg,rfd2.0,156956,157065,KOCH,20,Straf,NE,straf,33224,,
tg,rfd2.0,156956,157065,KOCH,20,mich,PPER,mich,33224,KOCH,20
tg,rfd2.0,156956,157065,KOCH,20,Gott,NN,gott,33224,,
tg,rfd2.0,156956,157065,KOCH,20,",","$,",--,33224,,
tg,rfd2.0,156956,157065,KOCH,20,die,ART,der,33224,,
tg,rfd2.0,156956,157065,KOCH,20,Stimme,NN,stimme,33224,,
tg,rfd2.0,156956,157065,KOCH,20,war,VAFIN,sein,33224,,
tg,rfd2.0,156956,157065,KOCH,20,dünn,ADV,dünn,33224,,
tg,rfd2.0,156956,157065,KOCH,20,–,XY,–,33224,,
tg,rfd2.0,156956,157065,KOCH,20,junger,ADJA,jung,33224,,
tg,rfd2.0,156956,157065,KOCH,20,Bleistift,NN,bleistift,33224,BLEISTIFT,31
tg,rfd2.0,156956,157065,KOCH,20,",","$,",--,33224,,
tg,rfd2.0,156956,157065,KOCH,20,musikalisches,ADJA,musikalisch,33224,,
tg,rfd2.0,156956,157065,KOCH,20,Genie,NN,genie,33224,,
tg,rfd2.0,156956,157065,KOCH,20,",","$,",--,33224,,
tg,rfd2.0,156956,157065,KOCH,20,was,PWS,was,33224,,
tg,rfd2.0,156956,157065,KOCH,20,untersteht,VVFIN,unterstehen,33224,,
tg,rfd2.0,156956,157065,KOCH,20,du,PPER,du,33224,,
tg,rfd2.0,156956,157065,KOCH,20,dich,PRF,dich,33224,,
tg,rfd2.0,156956,157065,KOCH,20,?,$.,--,33224,,
tg,rfd2.0,156956,157065,KOCH,20,"!",$.,--,33224,,
tg,rfd2.0,157070,157109,NETTE,15,Ich,PPER,ich,33224,,
tg,rfd2.0,157070,157109,NETTE,15,",","$,",--,33224,,
tg,rfd2.0,157070,157109,NETTE,15,gnädiger,ADJA,gnädig,33224,,
tg,rfd2.0,157070,157109,NETTE,15,Herr,NN,herr,33224,,
tg,rfd2.0,157070,157109,NETTE,15,?,$.,--,33224,,
tg,rfd2.0,157114,157156,KOCH,20,Was,PWS,was,33224,,
tg,rfd2.0,157114,157156,KOCH,20,fällt,VVFIN,fallen,33224,,
tg,rfd2.0,157114,157156,KOCH,20,dir,PPER,dir,33224,,
tg,rfd2.0,157114,157156,KOCH,20,ein,PTKVZ,ein,33224,,
tg,rfd2.0,157114,157156,KOCH,20,",","$,",--,33224,,
tg,rfd2.0,157114,157156,KOCH,20,Witze,NN,witze,33224,,
tg,rfd2.0,157114,157156,KOCH,20,zu,PTKZU,zu,33224,,
tg,rfd2.0,157114,157156,KOCH,20,machen,VVINF,machen,33224,,
tg,rfd2.0,157114,157156,KOCH,20,?,$.,--,33224,,
tg,rfd2.0,157161,157229,NETTE,15,Der,ART,der,33224,,
tg,rfd2.0,157161,157229,NETTE,15,Wald,NN,wald,33224,,
tg,rfd2.0,157161,157229,NETTE,15,ist,VAFIN,sein,33224,,
tg,rfd2.0,157161,157229,NETTE,15,unser,PPOSAT,unser,33224,,
tg,rfd2.0,157161,157229,NETTE,15,Nachtquartier,NN,nachtquartier,33224,,
tg,rfd2.0,157161,157229,NETTE,15,–,XY,–,33224,,
tg,rfd2.0,157161,157229,NETTE,15,dritte,ADJA,dritter,33224,,
tg,rfd2.0,157161,157229,NETTE,15,Strophe,NN,strophe,33224,,
tg,rfd2.0,157161,157229,NETTE,15,",","$,",--,33224,,
tg,rfd2.0,157161,157229,NETTE,15,hohes,ADJA,hoch,33224,,
tg,rfd2.0,157161,157229,NETTE,15,E,NN,E,33224,,
tg,rfd2.0,157161,157229,NETTE,15,–,CARD,–,33224,,
tg,rfd2.0,157234,157503,KOCH,20,Hohes,ADJA,hoch,33224,,
tg,rfd2.0,157234,157503,KOCH,20,Beh,NN,beh,33224,,
tg,rfd2.0,157234,157503,KOCH,20,"!",$.,--,33224,,
tg,rfd2.0,157234,157503,KOCH,20,–,XY,–,33224,,
tg,rfd2.0,157234,157503,KOCH,20,Aber,KON,aber,33224,,
tg,rfd2.0,157234,157503,KOCH,20,die,ART,der,33224,,
tg,rfd2.0,157234,157503,KOCH,20,Blamage,NN,blamage,33224,,
tg,rfd2.0,157234,157503,KOCH,20,habt,VAFIN,haben,33224,,
tg,rfd2.0,157234,157503,KOCH,20,ihr,PPER,ihr,33224,,
tg,rfd2.0,157234,157503,KOCH,20,verdient,ADJD,verdienen,33224,,
tg,rfd2.0,157234,157503,KOCH,20,–,XY,–,33224,,
tg,rfd2.0,157234,157503,KOCH,20,Singen,NN,singen,33224,,
tg,rfd2.0,157234,157503,KOCH,20,und,KON,und,33224,,
tg,rfd2.0,157234,157503,KOCH,20,Trinken,VVINF,trinken,33224,,
tg,rfd2.0,157234,157503,KOCH,20,statt,APPR,statt,33224,,
tg,rfd2.0,157234,157503,KOCH,20,unserm,APPRART,unser,33224,,
tg,rfd2.0,157234,157503,KOCH,20,Hauptmann,NN,hauptmann,33224,,
tg,rfd2.0,157234,157503,KOCH,20,da,ADV,da,33224,,
tg,rfd2.0,157234,157503,KOCH,20,zu,PTKZU,zu,33224,,
tg,rfd2.0,157234,157503,KOCH,20,helfen,VVINF,helfen,33224,,
tg,rfd2.0,157234,157503,KOCH,20,–,XY,–,33224,,
tg,rfd2.0,157234,157503,KOCH,20,',$[,--,33224,,
tg,rfd2.0,157234,157503,KOCH,20,s,PPER,--,33224,,
tg,rfd2.0,157234,157503,KOCH,20,ist,VAFIN,sein,33224,,
tg,rfd2.0,157234,157503,KOCH,20,wirklich,ADJD,wirklich,33224,,
tg,rfd2.0,157234,157503,KOCH,20,unser,PPOSAT,unser,33224,,
tg,rfd2.0,157234,157503,KOCH,20,Hauptmann,NN,hauptmann,33224,,
tg,rfd2.0,157234,157503,KOCH,20,"!",$.,--,33224,,
tg,rfd2.0,157234,157503,KOCH,20,Hat,VAFIN,haben,33224,,
tg,rfd2.0,157234,157503,KOCH,20,gar,ADV,gar,33224,,
tg,rfd2.0,157234,157503,KOCH,20,keine,PIAT,kein,33224,,
tg,rfd2.0,157234,157503,KOCH,20,Notiz,NN,notiz,33224,,
tg,rfd2.0,157234,157503,KOCH,20,genommen,VVPP,nehmen,33224,,
tg,rfd2.0,157234,157503,KOCH,20,von,APPR,von,33224,,
tg,rfd2.0,157234,157503,KOCH,20,euerm,APPRART,euer,33224,,
tg,rfd2.0,157234,157503,KOCH,20,Hasenpanier,NN,hasenpanier,33224,,
tg,rfd2.0,157234,157503,KOCH,20,",","$,",--,33224,,
tg,rfd2.0,157234,157503,KOCH,20,und,KON,und,33224,,
tg,rfd2.0,157234,157503,KOCH,20,wer,PWS,wer,33224,,
tg,rfd2.0,157234,157503,KOCH,20,wäre,VAFIN,sein,33224,,
tg,rfd2.0,157234,157503,KOCH,20,mehr,ADV,mehr,33224,,
tg,rfd2.0,157234,157503,KOCH,20,bedroht,VVPP,bedrohen,33224,,
tg,rfd2.0,157234,157503,KOCH,20,als,KOKOM,als,33224,,
tg,rfd2.0,157234,157503,KOCH,20,er,PPER,er,33224,,
tg,rfd2.0,157234,157503,KOCH,20,",","$,",--,33224,,
tg,rfd2.0,157234,157503,KOCH,20,wenn,KOUS,wenn,33224,,
tg,rfd2.0,157234,157503,KOCH,20,der,ART,der,33224,,
tg,rfd2.0,157234,157503,KOCH,20,Herzog,NE,herzog,33224,,
tg,rfd2.0,157234,157503,KOCH,20,käme,VVFIN,kommen,33224,,
tg,rfd2.0,157234,157503,KOCH,20,.,$.,--,33224,,
tg,rfd2.0,157234,157503,KOCH,20,Armer,ADJA,armer,33224,,
tg,rfd2.0,157234,157503,KOCH,20,Dichter,NN,dichter,33224,,
tg,rfd2.0,157234,157503,KOCH,20,"!",$.,--,33224,,
tg,rfd2.0,157508,157704,SCHILLER,29,Jawohl,NE,jawohl,33224,,
tg,rfd2.0,157508,157704,SCHILLER,29,Schubart,NE,schubart,33224,,
tg,rfd2.0,157508,157704,SCHILLER,29,",","$,",--,33224,,
tg,rfd2.0,157508,157704,SCHILLER,29,»,KON,»,33224,,
tg,rfd2.0,157508,157704,SCHILLER,29,o,ADV,O,33224,,
tg,rfd2.0,157508,157704,SCHILLER,29,Mensch,NN,mensch,33224,,
tg,rfd2.0,157508,157704,SCHILLER,29,",","$,",--,33224,,
tg,rfd2.0,157508,157704,SCHILLER,29,wie,PWAV,wie,33224,,
tg,rfd2.0,157508,157704,SCHILLER,29,klein,ADJD,klein,33224,,
tg,rfd2.0,157508,157704,SCHILLER,29,bist,VAFIN,sein,33224,,
tg,rfd2.0,157508,157704,SCHILLER,29,du,PPER,du,33224,,
tg,rfd2.0,157508,157704,SCHILLER,29,"!",$.,--,33224,,
tg,rfd2.0,157508,157704,SCHILLER,29,«,XY,«,33224,,
tg,rfd2.0,157508,157704,SCHILLER,29,Jawohl,NE,jawohl,33224,,
tg,rfd2.0,157508,157704,SCHILLER,29,",","$,",--,33224,,
tg,rfd2.0,157508,157704,SCHILLER,29,Schubart,NN,schubart,33224,,
tg,rfd2.0,157508,157704,SCHILLER,29,",","$,",--,33224,,
tg,rfd2.0,157508,157704,SCHILLER,29,und,KON,und,33224,,
tg,rfd2.0,157508,157704,SCHILLER,29,dein,PPOSAT,dein,33224,,
tg,rfd2.0,157508,157704,SCHILLER,29,Schicksal,NN,schicksal,33224,,
tg,rfd2.0,157508,157704,SCHILLER,29,steht,VVFIN,stehen,33224,,
tg,rfd2.0,157508,157704,SCHILLER,29,mir,PPER,sich,33224,SCHILLER,29
tg,rfd2.0,157508,157704,SCHILLER,29,bevor,PTKVZ,bevor,33224,,
tg,rfd2.0,157508,157704,SCHILLER,29,"!",$.,--,33224,,
tg,rfd2.0,157709,157815,KOCH,20,Was,PWS,was,33224,,
tg,rfd2.0,157709,157815,KOCH,20,tun,VVINF,tun,33224,,
tg,rfd2.0,157709,157815,KOCH,20,",","$,",--,33224,,
tg,rfd2.0,157709,157815,KOCH,20,Schiller,NE,schiller,33224,SCHILLER,29
tg,rfd2.0,157709,157815,KOCH,20,"!",$.,--,33224,,
tg,rfd2.0,157709,157815,KOCH,20,Faß,NN,faß,33224,,
tg,rfd2.0,157709,157815,KOCH,20,einen,ART,ein,33224,,
tg,rfd2.0,157709,157815,KOCH,20,Entschluß,NN,entschluß,33224,,
tg,rfd2.0,157709,157815,KOCH,20,"!",$.,--,33224,,
tg,rfd2.0,157709,157815,KOCH,20,Du,PPER,du,33224,,
tg,rfd2.0,157709,157815,KOCH,20,kommst,VVFIN,kommsen,33224,,
tg,rfd2.0,157709,157815,KOCH,20,auch,ADV,auch,33224,,
tg,rfd2.0,157709,157815,KOCH,20,ohne,APPR,ohne,33224,,
tg,rfd2.0,157709,157815,KOCH,20,Dalberg,NE,dalberg,33224,,
tg,rfd2.0,157709,157815,KOCH,20,durch,APPR,durch,33224,,
tg,rfd2.0,157709,157815,KOCH,20,die,ART,der,33224,,
tg,rfd2.0,157709,157815,KOCH,20,Welt,NN,welt,33224,,
tg,rfd2.0,157709,157815,KOCH,20,.,$.,--,33224,,
tg,rfd2.0,157709,157815,KOCH,20,Was,PWS,was,33224,,
tg,rfd2.0,157709,157815,KOCH,20,hast,VAFIN,haben,33224,,
tg,rfd2.0,157709,157815,KOCH,20,du,PPER,du,33224,,
tg,rfd2.0,157709,157815,KOCH,20,da,ADV,da,33224,,
tg,rfd2.0,157709,157815,KOCH,20,?,$.,--,33224,,
tg,rfd2.0,157821,157897,SCHILLER,29,Ein,ART,ein,33224,,
tg,rfd2.0,157821,157897,SCHILLER,29,Papier,NN,papier,33224,,
tg,rfd2.0,157821,157897,SCHILLER,29,für,APPR,für,33224,,
tg,rfd2.0,157821,157897,SCHILLER,29,den,ART,der,33224,,
tg,rfd2.0,157821,157897,SCHILLER,29,Herzog,NE,herzog,33224,,
tg,rfd2.0,157821,157897,SCHILLER,29,.,$.,--,33224,,
tg,rfd2.0,157903,157929,KOCH,20,Doch,KON,doch,33224,,
tg,rfd2.0,157903,157929,KOCH,20,keine,PIAT,kein,33224,,
tg,rfd2.0,157903,157929,KOCH,20,Supplik,NN,supplik,33224,,
tg,rfd2.0,157903,157929,KOCH,20,?,$.,--,33224,,
tg,rfd2.0,157934,157993,SCHILLER,29,Eine,ART,ein,33224,,
tg,rfd2.0,157934,157993,SCHILLER,29,Replik,NN,replik,33224,,
tg,rfd2.0,157934,157993,SCHILLER,29,",","$,",--,33224,,
tg,rfd2.0,157934,157993,SCHILLER,29,mein,PPOSAT,mein,33224,SCHILLER,29
tg,rfd2.0,157934,157993,SCHILLER,29,Junge,NN,junge,33224,,
tg,rfd2.0,157934,157993,SCHILLER,29,.,$.,--,33224,,
tg,rfd2.0,157934,157993,SCHILLER,29,Schubarts,ADV,schubart,33224,,
tg,rfd2.0,157934,157993,SCHILLER,29,Fürstengruft,NN,fürstengruft,33224,,
tg,rfd2.0,157934,157993,SCHILLER,29,.,$.,--,33224,,
tg,rfd2.0,157998,158032,ALLE,30,Was,PWS,was,33224,,
tg,rfd2.0,157998,158032,ALLE,30,ist,VAFIN,sein,33224,,
tg,rfd2.0,157998,158032,ALLE,30,das,PDS,der,33224,,
tg,rfd2.0,157998,158032,ALLE,30,?,$.,--,33224,,
tg,rfd2.0,158037,158115,SCHILLER,29,Das,ART,der,33224,,
tg,rfd2.0,158037,158115,SCHILLER,29,neueste,ADJA,neu,33224,,
tg,rfd2.0,158037,158115,SCHILLER,29,Gedicht,NN,gedicht,33224,,
tg,rfd2.0,158037,158115,SCHILLER,29,des,ART,der,33224,,
tg,rfd2.0,158037,158115,SCHILLER,29,Aspergopfers,NN,aspergopfer,33224,,
tg,rfd2.0,158037,158115,SCHILLER,29,;,$.,--,33224,,
tg,rfd2.0,158037,158115,SCHILLER,29,ich,PPER,ich,33224,SCHILLER,29
tg,rfd2.0,158037,158115,SCHILLER,29,war,VAFIN,sein,33224,,
tg,rfd2.0,158037,158115,SCHILLER,29,gestern,ADV,gestern,33224,,
tg,rfd2.0,158037,158115,SCHILLER,29,oben,ADV,oben,33224,,
tg,rfd2.0,158037,158115,SCHILLER,29,bei,APPR,bei,33224,,
tg,rfd2.0,158037,158115,SCHILLER,29,ihm,PPER,ihm,33224,,
tg,rfd2.0,158037,158115,SCHILLER,29,.,$.,--,33224,,
tg,rfd2.0,158120,158163,KOCH,20,Um,APPR,um,33224,,
tg,rfd2.0,158120,158163,KOCH,20,dein,PPOSAT,dein,33224,,
tg,rfd2.0,158120,158163,KOCH,20,künftig,ADJD,künftig,33224,,
tg,rfd2.0,158120,158163,KOCH,20,Logis,NN,logis,33224,,
tg,rfd2.0,158120,158163,KOCH,20,zu,PTKZU,zu,33224,,
tg,rfd2.0,158120,158163,KOCH,20,betrachten,VVINF,betrachten,33224,,
tg,rfd2.0,158120,158163,KOCH,20,?,$.,--,33224,,
tg,rfd2.0,158168,158342,SCHILLER,29,Du,PPER,du,33224,,
tg,rfd2.0,158168,158342,SCHILLER,29,kannst,VMFIN,können,33224,,
tg,rfd2.0,158168,158342,SCHILLER,29,recht,ADV,recht,33224,,
tg,rfd2.0,158168,158342,SCHILLER,29,haben,VAFIN,haben,33224,,
tg,rfd2.0,158168,158342,SCHILLER,29,.,$.,--,33224,,
tg,rfd2.0,158168,158342,SCHILLER,29,Vater,NN,vater,33224,,
tg,rfd2.0,158168,158342,SCHILLER,29,im,APPRART,in,33224,,
tg,rfd2.0,158168,158342,SCHILLER,29,Himmel,NN,himmel,33224,,
tg,rfd2.0,158168,158342,SCHILLER,29,",","$,",--,33224,,
tg,rfd2.0,158168,158342,SCHILLER,29,nicht,PTKNEG,nicht,33224,,
tg,rfd2.0,158168,158342,SCHILLER,29,vor,APPR,vor,33224,,
tg,rfd2.0,158168,158342,SCHILLER,29,der,ART,der,33224,,
tg,rfd2.0,158168,158342,SCHILLER,29,Gefangenschaft,NN,gefangenschaft,33224,,
tg,rfd2.0,158168,158342,SCHILLER,29,erschreck,ADJD,erschreck,33224,,
tg,rfd2.0,158168,158342,SCHILLER,29,',$[,--,33224,,
tg,rfd2.0,158168,158342,SCHILLER,29,ich,PPER,ich,33224,SCHILLER,29
tg,rfd2.0,158168,158342,SCHILLER,29,",","$,",--,33224,,
tg,rfd2.0,158168,158342,SCHILLER,29,nicht,PTKNEG,nicht,33224,,
tg,rfd2.0,158168,158342,SCHILLER,29,vor,APPR,vor,33224,,
tg,rfd2.0,158168,158342,SCHILLER,29,der,ART,der,33224,,
tg,rfd2.0,158168,158342,SCHILLER,29,Zerstörung,NN,zerstörung,33224,,
tg,rfd2.0,158168,158342,SCHILLER,29,des,ART,der,33224,,
tg,rfd2.0,158168,158342,SCHILLER,29,Leibes,NN,leib,33224,,
tg,rfd2.0,158168,158342,SCHILLER,29,",","$,",--,33224,,
tg,rfd2.0,158168,158342,SCHILLER,29,nein,PTKANT,nein,33224,,
tg,rfd2.0,158168,158342,SCHILLER,29,",","$,",--,33224,,
tg,rfd2.0,158168,158342,SCHILLER,29,aber,KON,aber,33224,,
tg,rfd2.0,158168,158342,SCHILLER,29,vor,APPR,vor,33224,,
tg,rfd2.0,158168,158342,SCHILLER,29,der,ART,der,33224,,
tg,rfd2.0,158168,158342,SCHILLER,29,Zerstörung,NN,zerstörung,33224,,
tg,rfd2.0,158168,158342,SCHILLER,29,der,ART,der,33224,,
tg,rfd2.0,158168,158342,SCHILLER,29,Seele,NN,seele,33224,,
tg,rfd2.0,158168,158342,SCHILLER,29,–,XY,–,33224,,
tg,rfd2.0,158347,158392,HOVER,17,Ist,VAFIN,sein,33224,,
tg,rfd2.0,158347,158392,HOVER,17,der,ART,der,33224,,
tg,rfd2.0,158347,158392,HOVER,17,Schubart,NN,schubart,33224,,
tg,rfd2.0,158347,158392,HOVER,17,wahnsinnig,ADJD,wahnsinnig,33224,,
tg,rfd2.0,158347,158392,HOVER,17,geworden,VAPP,werden,33224,,
tg,rfd2.0,158347,158392,HOVER,17,?,$.,--,33224,,
tg,rfd2.0,158397,158420,KOCH,20,Schwachsinnig,NE,schwachsinnig,33224,,
tg,rfd2.0,158397,158420,KOCH,20,–,XY,–,33224,,
tg,rfd2.0,158397,158420,KOCH,20,?,$.,--,33224,,
tg,rfd2.0,158425,158568,SCHILLER,29,Wißt,NE,wißen,33224,,
tg,rfd2.0,158425,158568,SCHILLER,29,ihr,PPOSAT,ihr,33224,,
tg,rfd2.0,158425,158568,SCHILLER,29,",","$,",--,33224,,
tg,rfd2.0,158425,158568,SCHILLER,29,was,PWS,was,33224,,
tg,rfd2.0,158425,158568,SCHILLER,29,Wahnsinn,NN,wahnsinn,33224,,
tg,rfd2.0,158425,158568,SCHILLER,29,",","$,",--,33224,,
tg,rfd2.0,158425,158568,SCHILLER,29,wißt,VVFIN,wissen,33224,,
tg,rfd2.0,158425,158568,SCHILLER,29,ihr,PPER,ihr,33224,,
tg,rfd2.0,158425,158568,SCHILLER,29,",","$,",--,33224,,
tg,rfd2.0,158425,158568,SCHILLER,29,was,PWS,was,33224,,
tg,rfd2.0,158425,158568,SCHILLER,29,Schwachsinn,NN,schwachsinn,33224,,
tg,rfd2.0,158425,158568,SCHILLER,29,ist,VAFIN,sein,33224,,
tg,rfd2.0,158425,158568,SCHILLER,29,",","$,",--,33224,,
tg,rfd2.0,158425,158568,SCHILLER,29,wenn,KOUS,wenn,33224,,
tg,rfd2.0,158425,158568,SCHILLER,29,man,PIS,man,33224,,
tg,rfd2.0,158425,158568,SCHILLER,29,sechs,CARD,sechs,33224,,
tg,rfd2.0,158425,158568,SCHILLER,29,lange,ADJA,lang,33224,,
tg,rfd2.0,158425,158568,SCHILLER,29,Jahre,NN,jahr,33224,,
tg,rfd2.0,158425,158568,SCHILLER,29,schmachtet,VVFIN,schmachten,33224,,
tg,rfd2.0,158425,158568,SCHILLER,29,–,PPER,–,33224,,
tg,rfd2.0,158425,158568,SCHILLER,29,fromm,ADJD,fromm,33224,,
tg,rfd2.0,158425,158568,SCHILLER,29,ist,VAFIN,sein,33224,,
tg,rfd2.0,158425,158568,SCHILLER,29,er,PPER,er,33224,,
tg,rfd2.0,158425,158568,SCHILLER,29,geworden,VAPP,werden,33224,,
tg,rfd2.0,158425,158568,SCHILLER,29,"!",$.,--,33224,,
tg,rfd2.0,158573,158584,ALLE,30,Was,PWS,was,33224,,
tg,rfd2.0,158573,158584,ALLE,30,?,$.,--,33224,,
tg,rfd2.0,158589,159184,SCHILLER,29,Ein,ART,ein,33224,,
tg,rfd2.0,158589,159184,SCHILLER,29,Pietist,NN,pietist,33224,,
tg,rfd2.0,158589,159184,SCHILLER,29,"!",$.,--,33224,,
tg,rfd2.0,158589,159184,SCHILLER,29,Diese,PDAT,dieser,33224,,
tg,rfd2.0,158589,159184,SCHILLER,29,einst,ADV,einst,33224,,
tg,rfd2.0,158589,159184,SCHILLER,29,so,ADV,so,33224,,
tg,rfd2.0,158589,159184,SCHILLER,29,kerngesunde,ADJA,kerngesund,33224,,
tg,rfd2.0,158589,159184,SCHILLER,29,Natur,NN,natur,33224,,
tg,rfd2.0,158589,159184,SCHILLER,29,ist,VAFIN,sein,33224,,
tg,rfd2.0,158589,159184,SCHILLER,29,von,APPR,von,33224,,
tg,rfd2.0,158589,159184,SCHILLER,29,dem,ART,der,33224,,
tg,rfd2.0,158589,159184,SCHILLER,29,Holofernes,NN,holofernes,33224,,
tg,rfd2.0,158589,159184,SCHILLER,29,Rieger,NE,rieger,33224,RIEGER,27
tg,rfd2.0,158589,159184,SCHILLER,29,so,ADV,so,33224,,
tg,rfd2.0,158589,159184,SCHILLER,29,lange,ADV,lange,33224,,
tg,rfd2.0,158589,159184,SCHILLER,29,geknetet,VVPP,kneten,33224,,
tg,rfd2.0,158589,159184,SCHILLER,29,worden,VAPP,werden,33224,,
tg,rfd2.0,158589,159184,SCHILLER,29,",","$,",--,33224,,
tg,rfd2.0,158589,159184,SCHILLER,29,bis,APPR,bis,33224,,
tg,rfd2.0,158589,159184,SCHILLER,29,ihre,PPOSAT,ihr,33224,,
tg,rfd2.0,158589,159184,SCHILLER,29,Spannfedern,NN,spannfed,33224,,
tg,rfd2.0,158589,159184,SCHILLER,29,zerbrochen,VVPP,zerbrechen,33224,,
tg,rfd2.0,158589,159184,SCHILLER,29,sind,VAFIN,sein,33224,,
tg,rfd2.0,158589,159184,SCHILLER,29,.,$.,--,33224,,
tg,rfd2.0,158589,159184,SCHILLER,29,Mir,PPER,sich,33224,,
tg,rfd2.0,158589,159184,SCHILLER,29,hat,VAFIN,haben,33224,,
tg,rfd2.0,158589,159184,SCHILLER,29,Schubart,NE,schubart,33224,,
tg,rfd2.0,158589,159184,SCHILLER,29,",","$,",--,33224,,
tg,rfd2.0,158589,159184,SCHILLER,29,der,ART,der,33224,,
tg,rfd2.0,158589,159184,SCHILLER,29,Chronist,NN,chronist,33224,,
tg,rfd2.0,158589,159184,SCHILLER,29,Schubart,NE,schubart,33224,,
tg,rfd2.0,158589,159184,SCHILLER,29,",","$,",--,33224,,
tg,rfd2.0,158589,159184,SCHILLER,29,gestern,ADV,gestern,33224,,
tg,rfd2.0,158589,159184,SCHILLER,29,gesagt,VVPP,sagen,33224,,
tg,rfd2.0,158589,159184,SCHILLER,29,:,$.,--,33224,,
tg,rfd2.0,158589,159184,SCHILLER,29,daß,KOUS,daß,33224,,
tg,rfd2.0,158589,159184,SCHILLER,29,er,PPER,er,33224,,
tg,rfd2.0,158589,159184,SCHILLER,29,alltäglich,ADJD,alltäglich,33224,,
tg,rfd2.0,158589,159184,SCHILLER,29,Gott,NN,gott,33224,,
tg,rfd2.0,158589,159184,SCHILLER,29,auf,APPR,auf,33224,,
tg,rfd2.0,158589,159184,SCHILLER,29,den,ART,der,33224,,
tg,rfd2.0,158589,159184,SCHILLER,29,Knien,NN,knien,33224,,
tg,rfd2.0,158589,159184,SCHILLER,29,danke,VVFIN,danken,33224,,
tg,rfd2.0,158589,159184,SCHILLER,29,für,APPR,für,33224,,
tg,rfd2.0,158589,159184,SCHILLER,29,die,ART,der,33224,,
tg,rfd2.0,158589,159184,SCHILLER,29,Gnade,NN,gnade,33224,,
tg,rfd2.0,158589,159184,SCHILLER,29,;,$.,--,33224,,
tg,rfd2.0,158589,159184,SCHILLER,29,welche,PWAT,welcher,33224,,
tg,rfd2.0,158589,159184,SCHILLER,29,ihm,PPER,ihm,33224,,
tg,rfd2.0,158589,159184,SCHILLER,29,sein,PPOSAT,sein,33224,,
tg,rfd2.0,158589,159184,SCHILLER,29,Fürst,NN,fürst,33224,,
tg,rfd2.0,158589,159184,SCHILLER,29,angetan,VVPP,angetan,33224,,
tg,rfd2.0,158589,159184,SCHILLER,29,mit,APPR,mit,33224,,
tg,rfd2.0,158589,159184,SCHILLER,29,der,ART,der,33224,,
tg,rfd2.0,158589,159184,SCHILLER,29,einsamen,ADJA,einsam,33224,,
tg,rfd2.0,158589,159184,SCHILLER,29,Einsperrung,NN,einsperrung,33224,,
tg,rfd2.0,158589,159184,SCHILLER,29,im,APPRART,in,33224,,
tg,rfd2.0,158589,159184,SCHILLER,29,Gefängnisse,NN,gefängnis,33224,,
tg,rfd2.0,158589,159184,SCHILLER,29,",","$,",--,33224,,
tg,rfd2.0,158589,159184,SCHILLER,29,mit,APPR,mit,33224,,
tg,rfd2.0,158589,159184,SCHILLER,29,der,ART,der,33224,,
tg,rfd2.0,158589,159184,SCHILLER,29,Überlieferung,NN,überlieferung,33224,,
tg,rfd2.0,158589,159184,SCHILLER,29,an,APPR,an,33224,,
tg,rfd2.0,158589,159184,SCHILLER,29,einen,ART,ein,33224,,
tg,rfd2.0,158589,159184,SCHILLER,29,Kommandanten,NN,kommandant,33224,,
tg,rfd2.0,158589,159184,SCHILLER,29,",","$,",--,33224,,
tg,rfd2.0,158589,159184,SCHILLER,29,wie,PWAV,wie,33224,,
tg,rfd2.0,158589,159184,SCHILLER,29,Rieger,NN,rieger,33224,RIEGER,27
tg,rfd2.0,158589,159184,SCHILLER,29,",","$,",--,33224,,
tg,rfd2.0,158589,159184,SCHILLER,29,dadurch,PROAV,dadurch,33224,,
tg,rfd2.0,158589,159184,SCHILLER,29,sei,VAFIN,sein,33224,,
tg,rfd2.0,158589,159184,SCHILLER,29,er,PPER,er,33224,,
tg,rfd2.0,158589,159184,SCHILLER,29,zur,APPRART,zu,33224,,
tg,rfd2.0,158589,159184,SCHILLER,29,Ruhe,NN,ruhe,33224,,
tg,rfd2.0,158589,159184,SCHILLER,29,",","$,",--,33224,,
tg,rfd2.0,158589,159184,SCHILLER,29,zur,APPRART,zu,33224,,
tg,rfd2.0,158589,159184,SCHILLER,29,höhern,ADJA,höhern,33224,,
tg,rfd2.0,158589,159184,SCHILLER,29,Einsicht,NN,einsicht,33224,,
tg,rfd2.0,158589,159184,SCHILLER,29,gekommen,VVPP,kommen,33224,,
tg,rfd2.0,158589,159184,SCHILLER,29,und,KON,und,33224,,
tg,rfd2.0,158589,159184,SCHILLER,29,habe,VAFIN,haben,33224,,
tg,rfd2.0,158589,159184,SCHILLER,29,sich,PRF,sich,33224,,
tg,rfd2.0,158589,159184,SCHILLER,29,",","$,",--,33224,,
tg,rfd2.0,158589,159184,SCHILLER,29,Demütig,NE,demütig,33224,,
tg,rfd2.0,158589,159184,SCHILLER,29,.,$.,--,33224,,
tg,rfd2.0,158589,159184,SCHILLER,29,das,PDS,der,33224,,
tg,rfd2.0,158589,159184,SCHILLER,29,heißt,VVFIN,heißen,33224,,
tg,rfd2.0,158589,159184,SCHILLER,29,",","$,",--,33224,,
tg,rfd2.0,158589,159184,SCHILLER,29,seinen,PPOSAT,sein,33224,,
tg,rfd2.0,158589,159184,SCHILLER,29,ewigen,ADJA,ewig,33224,,
tg,rfd2.0,158589,159184,SCHILLER,29,Menschen,NN,mensch,33224,,
tg,rfd2.0,158589,159184,SCHILLER,29,wiedergefunden,VVPP,wiederfinden,33224,,
tg,rfd2.0,158589,159184,SCHILLER,29,–,XY,–,33224,,
tg,rfd2.0,158589,159184,SCHILLER,29,–,XY,–,33224,,
tg,rfd2.0,158589,159184,SCHILLER,29,Aufspringend,NN,aufspringend,33224,,
tg,rfd2.0,158589,159184,SCHILLER,29,.,$.,--,33224,,
tg,rfd2.0,158589,159184,SCHILLER,29,Dies,PDS,dieser,33224,,
tg,rfd2.0,158589,159184,SCHILLER,29,ist,VAFIN,sein,33224,,
tg,rfd2.0,158589,159184,SCHILLER,29,der,ART,der,33224,,
tg,rfd2.0,158589,159184,SCHILLER,29,Triumph,NN,triumph,33224,,
tg,rfd2.0,158589,159184,SCHILLER,29,der,ART,der,33224,,
tg,rfd2.0,158589,159184,SCHILLER,29,Tyrannei,NN,tyrannei,33224,,
tg,rfd2.0,158589,159184,SCHILLER,29,"!",$.,--,33224,,
tg,rfd2.0,158589,159184,SCHILLER,29,Nach,APPR,nach,33224,,
tg,rfd2.0,158589,159184,SCHILLER,29,vorn,ADV,vorn,33224,,
tg,rfd2.0,158589,159184,SCHILLER,29,gehend,ADJD,gehend,33224,,
tg,rfd2.0,158589,159184,SCHILLER,29,.,$.,--,33224,,
tg,rfd2.0,159190,159209,ALLE,30,Entsetzlich,ADJD,entsetzlich,33224,,
tg,rfd2.0,159190,159209,ALLE,30,.,$.,--,33224,,
tg,rfd2.0,159214,159327,SCHILLER,29,Fürchterlich,ADJD,fürchterlich,33224,,
tg,rfd2.0,159214,159327,SCHILLER,29,"!",$.,--,33224,,
tg,rfd2.0,159214,159327,SCHILLER,29,Fürchterlich,ADJD,fürchterlich,33224,,
tg,rfd2.0,159214,159327,SCHILLER,29,"!",$.,--,33224,,
tg,rfd2.0,159214,159327,SCHILLER,29,Gott,NN,gott,33224,,
tg,rfd2.0,159214,159327,SCHILLER,29,",","$,",--,33224,,
tg,rfd2.0,159214,159327,SCHILLER,29,wenn,KOUS,wenn,33224,,
tg,rfd2.0,159214,159327,SCHILLER,29,mir,PPER,sich,33224,SCHILLER,29
tg,rfd2.0,159214,159327,SCHILLER,29,dies,PDS,dieser,33224,,
tg,rfd2.0,159214,159327,SCHILLER,29,bevorstünde,ADJA,bevorstehen,33224,,
tg,rfd2.0,159214,159327,SCHILLER,29,–,NN,–,33224,,
tg,rfd2.0,159214,159327,SCHILLER,29,lieber,ADJD,lieber,33224,,
tg,rfd2.0,159214,159327,SCHILLER,29,den,ART,der,33224,,
tg,rfd2.0,159214,159327,SCHILLER,29,Tod,NN,tod,33224,,
tg,rfd2.0,159214,159327,SCHILLER,29,"!",$.,--,33224,,
tg,rfd2.0,159214,159327,SCHILLER,29,Der,ART,der,33224,,
tg,rfd2.0,159214,159327,SCHILLER,29,Herzog,NE,herzog,33224,,
tg,rfd2.0,159214,159327,SCHILLER,29,verschwindet,VVFIN,verschwinden,33224,,
tg,rfd2.0,159214,159327,SCHILLER,29,.,$.,--,33224,,
tg,rfd2.0,159333,159383,KOCH,20,Lieber,ADJD,lieb,33224,,
tg,rfd2.0,159333,159383,KOCH,20,Flucht,NN,flucht,33224,,
tg,rfd2.0,159333,159383,KOCH,20,",","$,",--,33224,,
tg,rfd2.0,159333,159383,KOCH,20,da,KOUS,da,33224,,
tg,rfd2.0,159333,159383,KOCH,20,es,PPER,es,33224,,
tg,rfd2.0,159333,159383,KOCH,20,noch,ADV,noch,33224,,
tg,rfd2.0,159333,159383,KOCH,20,Zeit,NN,zeit,33224,,
tg,rfd2.0,159333,159383,KOCH,20,ist,VAFIN,sein,33224,,
tg,rfd2.0,159333,159383,KOCH,20,.,$.,--,33224,,
tg,rfd2.0,159388,159439,SCHARPSTEIN,16,Und,KON,und,33224,,
tg,rfd2.0,159388,159439,SCHARPSTEIN,16,diese,PDAT,dieser,33224,,
tg,rfd2.0,159388,159439,SCHARPSTEIN,16,Fürstengruft,NN,fürstengruft,33224,,
tg,rfd2.0,159388,159439,SCHARPSTEIN,16,ist,VAFIN,sein,33224,,
tg,rfd2.0,159388,159439,SCHARPSTEIN,16,also,ADV,also,33224,,
tg,rfd2.0,159388,159439,SCHARPSTEIN,16,zahm,ADJD,zahm,33224,,
tg,rfd2.0,159388,159439,SCHARPSTEIN,16,?,$.,--,33224,,
tg,rfd2.0,159444,159593,SCHILLER,29,Nein,PTKANT,nein,33224,,
tg,rfd2.0,159444,159593,SCHILLER,29,",","$,",--,33224,,
tg,rfd2.0,159444,159593,SCHILLER,29,nein,PTKANT,nein,33224,,
tg,rfd2.0,159444,159593,SCHILLER,29,",","$,",--,33224,,
tg,rfd2.0,159444,159593,SCHILLER,29,diese,PDAT,dieser,33224,,
tg,rfd2.0,159444,159593,SCHILLER,29,nicht,PTKNEG,nicht,33224,,
tg,rfd2.0,159444,159593,SCHILLER,29,–,VVFIN,–,33224,,
tg,rfd2.0,159444,159593,SCHILLER,29,er,PPER,er,33224,,
tg,rfd2.0,159444,159593,SCHILLER,29,hat,VAFIN,haben,33224,,
tg,rfd2.0,159444,159593,SCHILLER,29,noch,ADV,noch,33224,,
tg,rfd2.0,159444,159593,SCHILLER,29,Rückfälle,NN,rückfall,33224,,
tg,rfd2.0,159444,159593,SCHILLER,29,",","$,",--,33224,,
tg,rfd2.0,159444,159593,SCHILLER,29,es,PPER,es,33224,,
tg,rfd2.0,159444,159593,SCHILLER,29,ist,VAFIN,sein,33224,,
tg,rfd2.0,159444,159593,SCHILLER,29,ein,ART,ein,33224,,
tg,rfd2.0,159444,159593,SCHILLER,29,Chaos,NN,chaos,33224,,
tg,rfd2.0,159444,159593,SCHILLER,29,in,APPR,in,33224,,
tg,rfd2.0,159444,159593,SCHILLER,29,ihm,PPER,ihm,33224,,
tg,rfd2.0,159444,159593,SCHILLER,29,",","$,",--,33224,,
tg,rfd2.0,159444,159593,SCHILLER,29,wie,PWAV,wie,33224,,
tg,rfd2.0,159444,159593,SCHILLER,29,vor,APPR,vor,33224,,
tg,rfd2.0,159444,159593,SCHILLER,29,der,ART,der,33224,,
tg,rfd2.0,159444,159593,SCHILLER,29,Schöpfung,NN,schöpfung,33224,,
tg,rfd2.0,159444,159593,SCHILLER,29,.,$.,--,33224,,
tg,rfd2.0,159444,159593,SCHILLER,29,Diese,PDAT,dieser,33224,,
tg,rfd2.0,159444,159593,SCHILLER,29,Fürstengruft,NN,fürstengruft,33224,,
tg,rfd2.0,159444,159593,SCHILLER,29,ist,VAFIN,sein,33224,,
tg,rfd2.0,159444,159593,SCHILLER,29,ein,ART,ein,33224,,
tg,rfd2.0,159444,159593,SCHILLER,29,Zeugnis,NN,zeugnis,33224,,
tg,rfd2.0,159444,159593,SCHILLER,29,dafür,PROAV,dafür,33224,,
tg,rfd2.0,159444,159593,SCHILLER,29,.,$.,--,33224,,
tg,rfd2.0,159598,159636,ALLE,30,Lies,NE,lies,33224,,
tg,rfd2.0,159598,159636,ALLE,30,"!",$.,--,33224,,
tg,rfd2.0,159598,159636,ALLE,30,Lies,NE,lies,33224,,
tg,rfd2.0,159598,159636,ALLE,30,"!",$.,--,33224,,
tg,rfd2.0,159598,159636,ALLE,30,Moor,NE,moor,33224,,
tg,rfd2.0,159598,159636,ALLE,30,"!",$.,--,33224,,
tg,rfd2.0,159598,159636,ALLE,30,Drängen,NN,drängen,33224,,
tg,rfd2.0,159598,159636,ALLE,30,sich,PRF,sich,33224,,
tg,rfd2.0,159598,159636,ALLE,30,.,$.,--,33224,,
tg,rfd2.0,159643,160232,SCHILLER,29,So,ADV,so,33224,,
tg,rfd2.0,159643,160232,SCHILLER,29,hört,VVFIN,hören,33224,,
tg,rfd2.0,159643,160232,SCHILLER,29,.,$.,--,33224,,
tg,rfd2.0,159643,160232,SCHILLER,29,Beim,APPRART,bei,33224,,
tg,rfd2.0,159643,160232,SCHILLER,29,ersten,ADJA,erster,33224,,
tg,rfd2.0,159643,160232,SCHILLER,29,Worte,NN,wort,33224,,
tg,rfd2.0,159643,160232,SCHILLER,29,tritt,VVFIN,treten,33224,,
tg,rfd2.0,159643,160232,SCHILLER,29,durch,APPR,durch,33224,,
tg,rfd2.0,159643,160232,SCHILLER,29,die,ART,der,33224,,
tg,rfd2.0,159643,160232,SCHILLER,29,Logentür,NN,logentür,33224,,
tg,rfd2.0,159643,160232,SCHILLER,29,der,ART,der,33224,,
tg,rfd2.0,159643,160232,SCHILLER,29,Herzog,NE,herzog,33224,,
tg,rfd2.0,159643,160232,SCHILLER,29,ein,ART,ein,33224,,
tg,rfd2.0,159643,160232,SCHILLER,29,und,KON,und,33224,,
tg,rfd2.0,159643,160232,SCHILLER,29,nähert,VVFIN,nähern,33224,,
tg,rfd2.0,159643,160232,SCHILLER,29,sich,PRF,sich,33224,,
tg,rfd2.0,159643,160232,SCHILLER,29,langsam,ADJD,langsam,33224,,
tg,rfd2.0,159643,160232,SCHILLER,29,",","$,",--,33224,,
tg,rfd2.0,159643,160232,SCHILLER,29,ungesehen,VVPP,ungesehen,33224,,
tg,rfd2.0,159643,160232,SCHILLER,29,.,$.,--,33224,,
tg,rfd2.0,159643,160232,SCHILLER,29,Die,ART,der,33224,,
tg,rfd2.0,159643,160232,SCHILLER,29,Fürstengruft,NN,fürstengruft,33224,,
tg,rfd2.0,159643,160232,SCHILLER,29,.,$.,--,33224,,
tg,rfd2.0,159643,160232,SCHILLER,29,Da,ADV,da,33224,,
tg,rfd2.0,159643,160232,SCHILLER,29,liegen,VVFIN,liegen,33224,,
tg,rfd2.0,159643,160232,SCHILLER,29,sie,PPER,sie,33224,,
tg,rfd2.0,159643,160232,SCHILLER,29,",","$,",--,33224,,
tg,rfd2.0,159643,160232,SCHILLER,29,die,ART,der,33224,,
tg,rfd2.0,159643,160232,SCHILLER,29,stolzen,ADJA,stolz,33224,,
tg,rfd2.0,159643,160232,SCHILLER,29,Fürstentrümmer,NN,fürstentrümmer,33224,,
tg,rfd2.0,159643,160232,SCHILLER,29,",","$,",--,33224,,
tg,rfd2.0,159643,160232,SCHILLER,29,Ehmals,ADV,ehmals,33224,,
tg,rfd2.0,159643,160232,SCHILLER,29,die,ART,der,33224,,
tg,rfd2.0,159643,160232,SCHILLER,29,Götzen,NN,götze,33224,,
tg,rfd2.0,159643,160232,SCHILLER,29,ihrer,PPOSAT,ihr,33224,,
tg,rfd2.0,159643,160232,SCHILLER,29,Welt,NN,welt,33224,,
tg,rfd2.0,159643,160232,SCHILLER,29,.,$.,--,33224,,
tg,rfd2.0,159643,160232,SCHILLER,29,Da,ADV,da,33224,,
tg,rfd2.0,159643,160232,SCHILLER,29,liegen,VVFIN,liegen,33224,,
tg,rfd2.0,159643,160232,SCHILLER,29,sie,PPER,sie,33224,,
tg,rfd2.0,159643,160232,SCHILLER,29,",","$,",--,33224,,
tg,rfd2.0,159643,160232,SCHILLER,29,vom,APPRART,von,33224,,
tg,rfd2.0,159643,160232,SCHILLER,29,fürchterlichen,ADJA,fürchterlich,33224,,
tg,rfd2.0,159643,160232,SCHILLER,29,Schimmer,NN,schimmer,33224,,
tg,rfd2.0,159643,160232,SCHILLER,29,",","$,",--,33224,,
tg,rfd2.0,159643,160232,SCHILLER,29,Des,ART,der,33224,,
tg,rfd2.0,159643,160232,SCHILLER,29,blassen,ADJD,blassen,33224,,
tg,rfd2.0,159643,160232,SCHILLER,29,Tags,ADV,tags,33224,,
tg,rfd2.0,159643,160232,SCHILLER,29,erhellt,VVPP,erhellen,33224,,
tg,rfd2.0,159643,160232,SCHILLER,29,.,$.,--,33224,,
tg,rfd2.0,159643,160232,SCHILLER,29,Wie,PWAV,wie,33224,,
tg,rfd2.0,159643,160232,SCHILLER,29,fürchterlich,ADJD,fürchterlich,33224,,
tg,rfd2.0,159643,160232,SCHILLER,29,ist,VAFIN,sein,33224,,
tg,rfd2.0,159643,160232,SCHILLER,29,hier,ADV,hier,33224,,
tg,rfd2.0,159643,160232,SCHILLER,29,des,ART,der,33224,,
tg,rfd2.0,159643,160232,SCHILLER,29,Nachhalls,NN,nachhall,33224,,
tg,rfd2.0,159643,160232,SCHILLER,29,Stimme,NN,stimme,33224,,
tg,rfd2.0,159643,160232,SCHILLER,29,",","$,",--,33224,,
tg,rfd2.0,159643,160232,SCHILLER,29,Ein,ART,ein,33224,,
tg,rfd2.0,159643,160232,SCHILLER,29,Zehentritt,NN,zehentritt,33224,,
tg,rfd2.0,159643,160232,SCHILLER,29,stört,VVFIN,stören,33224,,
tg,rfd2.0,159643,160232,SCHILLER,29,seine,PPOSAT,sein,33224,,
tg,rfd2.0,159643,160232,SCHILLER,29,Ruh,NN,ruh,33224,,
tg,rfd2.0,159643,160232,SCHILLER,29,.,$.,--,33224,,
tg,rfd2.0,159643,160232,SCHILLER,29,Kein,PIAT,kein,33224,,
tg,rfd2.0,159643,160232,SCHILLER,29,Wetter,NN,wetter,33224,,
tg,rfd2.0,159643,160232,SCHILLER,29,Gottes,NN,gott,33224,,
tg,rfd2.0,159643,160232,SCHILLER,29,spricht,VVFIN,sprechen,33224,,
tg,rfd2.0,159643,160232,SCHILLER,29,mit,APPR,mit,33224,,
tg,rfd2.0,159643,160232,SCHILLER,29,lautrem,ADJA,lautr,33224,,
tg,rfd2.0,159643,160232,SCHILLER,29,Grimme,NN,grimme,33224,,
tg,rfd2.0,159643,160232,SCHILLER,29,:,$.,--,33224,,
tg,rfd2.0,159643,160232,SCHILLER,29,O,NE,O,33224,,
tg,rfd2.0,159643,160232,SCHILLER,29,Mensch,NN,mensch,33224,,
tg,rfd2.0,159643,160232,SCHILLER,29,",","$,",--,33224,,
tg,rfd2.0,159643,160232,SCHILLER,29,wie,PWAV,wie,33224,,
tg,rfd2.0,159643,160232,SCHILLER,29,klein,ADJD,klein,33224,,
tg,rfd2.0,159643,160232,SCHILLER,29,bist,VAFIN,sein,33224,,
tg,rfd2.0,159643,160232,SCHILLER,29,du,PPER,du,33224,,
tg,rfd2.0,159643,160232,SCHILLER,29,"!",$.,--,33224,,
tg,rfd2.0,159643,160232,SCHILLER,29,Denn,KON,denn,33224,,
tg,rfd2.0,159643,160232,SCHILLER,29,ach,ITJ,ach,33224,,
tg,rfd2.0,159643,160232,SCHILLER,29,",","$,",--,33224,,
tg,rfd2.0,159643,160232,SCHILLER,29,hier,ADV,hier,33224,,
tg,rfd2.0,159643,160232,SCHILLER,29,liegt,VVFIN,liegen,33224,,
tg,rfd2.0,159643,160232,SCHILLER,29,der,ART,der,33224,,
tg,rfd2.0,159643,160232,SCHILLER,29,edle,ADJA,edel,33224,,
tg,rfd2.0,159643,160232,SCHILLER,29,Fürst,NN,fürst,33224,,
tg,rfd2.0,159643,160232,SCHILLER,29,",","$,",--,33224,,
tg,rfd2.0,159643,160232,SCHILLER,29,der,ART,der,33224,,
tg,rfd2.0,159643,160232,SCHILLER,29,gute,ADJA,gut,33224,,
tg,rfd2.0,159643,160232,SCHILLER,29,",","$,",--,33224,,
tg,rfd2.0,159643,160232,SCHILLER,29,Zum,APPRART,zu,33224,,
tg,rfd2.0,159643,160232,SCHILLER,29,Völkersegen,NN,völkersegen,33224,,
tg,rfd2.0,159643,160232,SCHILLER,29,einst,ADV,einst,33224,,
tg,rfd2.0,159643,160232,SCHILLER,29,gesandt,VVPP,senden,33224,,
tg,rfd2.0,159643,160232,SCHILLER,29,",","$,",--,33224,,
tg,rfd2.0,159643,160232,SCHILLER,29,Wie,PWAV,wie,33224,,
tg,rfd2.0,159643,160232,SCHILLER,29,der,PDS,der,33224,,
tg,rfd2.0,159643,160232,SCHILLER,29,",","$,",--,33224,,
tg,rfd2.0,159643,160232,SCHILLER,29,den,ART,der,33224,,
tg,rfd2.0,159643,160232,SCHILLER,29,Gott,NN,gott,33224,,
tg,rfd2.0,159643,160232,SCHILLER,29,zur,APPRART,zu,33224,,
tg,rfd2.0,159643,160232,SCHILLER,29,Nationenrute,NN,nationenrut,33224,,
tg,rfd2.0,159643,160232,SCHILLER,29,Im,APPRART,in,33224,,
tg,rfd2.0,159643,160232,SCHILLER,29,Zorn,NN,zorn,33224,,
tg,rfd2.0,159643,160232,SCHILLER,29,zusammenband,VVFIN,zusammenbinden,33224,,
tg,rfd2.0,159643,160232,SCHILLER,29,.,$.,--,33224,,
tg,rfd2.0,160239,160278,KOCH,20,Solch,PIDAT,solch,33224,,
tg,rfd2.0,160239,160278,KOCH,20,eine,ART,ein,33224,,
tg,rfd2.0,160239,160278,KOCH,20,Zuchtrute,NN,zuchtrute,33224,,
tg,rfd2.0,160239,160278,KOCH,20,kennen,VVFIN,kennen,33224,,
tg,rfd2.0,160239,160278,KOCH,20,wir,PPER,wir,33224,,
tg,rfd2.0,160239,160278,KOCH,20,"!",$.,--,33224,,
tg,rfd2.0,160283,160370,SCHILLER,29,Und,KON,und,33224,,
tg,rfd2.0,160283,160370,SCHILLER,29,liegen,VVFIN,liegen,33224,,
tg,rfd2.0,160283,160370,SCHILLER,29,ohnmächtig,ADJD,ohnmächtig,33224,,
tg,rfd2.0,160283,160370,SCHILLER,29,unter,APPR,unter,33224,,
tg,rfd2.0,160283,160370,SCHILLER,29,den,ART,der,33224,,
tg,rfd2.0,160283,160370,SCHILLER,29,Streichen,NN,streiche,33224,,
tg,rfd2.0,160283,160370,SCHILLER,29,derselben,PDAT,derselbe,33224,,
tg,rfd2.0,160283,160370,SCHILLER,29,"!",$.,--,33224,,
tg,rfd2.0,160375,160444,Herzog Karl von Württemberg.,0,Les,NE,Les,33224,,
tg,rfd2.0,160375,160444,Herzog Karl von Württemberg.,0,',$[,--,33224,,
tg,rfd2.0,160375,160444,Herzog Karl von Württemberg.,0,Er,PPER,er,33224,,
tg,rfd2.0,160375,160444,Herzog Karl von Württemberg.,0,weiter,PTKVZ,weiter,33224,,
tg,rfd2.0,160375,160444,Herzog Karl von Württemberg.,0,"!",$.,--,33224,,
tg,rfd2.0,160375,160444,Herzog Karl von Württemberg.,0,–,XY,–,33224,,
tg,rfd2.0,160449,160545,ALLE,30,Der,PDS,der,33224,,
tg,rfd2.0,160449,160545,ALLE,30,Herzog,NE,herzog,33224,,
tg,rfd2.0,160449,160545,ALLE,30,"!",$.,--,33224,,
tg,rfd2.0,160551,160605,KOCH,20,Nun,ADV,nun,33224,,
tg,rfd2.0,160551,160605,KOCH,20,helf,VVFIN,helf,33224,,
tg,rfd2.0,160551,160605,KOCH,20,uns,PPER,uns,33224,,
tg,rfd2.0,160551,160605,KOCH,20,Gott,NN,gott,33224,,
tg,rfd2.0,160551,160605,KOCH,20,",","$,",--,33224,,
tg,rfd2.0,160551,160605,KOCH,20,das,PDS,der,33224,,
tg,rfd2.0,160551,160605,KOCH,20,ist,VAFIN,sein,33224,,
tg,rfd2.0,160551,160605,KOCH,20,ein,ART,ein,33224,,
tg,rfd2.0,160551,160605,KOCH,20,Unglück,NN,unglück,33224,,
tg,rfd2.0,160551,160605,KOCH,20,.,$.,--,33224,,
tg,rfd2.0,160610,160688,Herzog Karl von Württemberg.,0,Sergeant,ADJD,sergeant,33224,,
tg,rfd2.0,160610,160688,Herzog Karl von Württemberg.,0,"!",$.,--,33224,,
tg,rfd2.0,160693,160884,BLEISTIFT,31,Sire,NN,sire,33224,,
tg,rfd2.0,160693,160884,BLEISTIFT,31,"!",$.,--,33224,,
tg,rfd2.0,160693,160884,BLEISTIFT,31,Ist,VAFIN,sein,33224,,
tg,rfd2.0,160693,160884,BLEISTIFT,31,sehr,ADV,sehr,33224,,
tg,rfd2.0,160693,160884,BLEISTIFT,31,bewegt,VVPP,bewegen,33224,,
tg,rfd2.0,160693,160884,BLEISTIFT,31,und,KON,und,33224,,
tg,rfd2.0,160693,160884,BLEISTIFT,31,sieht,VVFIN,sehen,33224,,
tg,rfd2.0,160693,160884,BLEISTIFT,31,sich,PRF,sich,33224,,
tg,rfd2.0,160693,160884,BLEISTIFT,31,ängstlich,ADJD,ängstlich,33224,,
tg,rfd2.0,160693,160884,BLEISTIFT,31,nach,APPR,nach,33224,,
tg,rfd2.0,160693,160884,BLEISTIFT,31,Nette,NE,nette,33224,NETTE,15
tg,rfd2.0,160693,160884,BLEISTIFT,31,um,PTKVZ,um,33224,,
tg,rfd2.0,160693,160884,BLEISTIFT,31,.,$.,--,33224,,
tg,rfd2.0,160890,161061,Herzog Karl von Württemberg.,0,Das,ART,der,33224,,
tg,rfd2.0,160890,161061,Herzog Karl von Württemberg.,0,saubre,ADJA,saubr,33224,,
tg,rfd2.0,160890,161061,Herzog Karl von Württemberg.,0,Getränk,NN,getränk,33224,,
tg,rfd2.0,160890,161061,Herzog Karl von Württemberg.,0,soll,VMFIN,sollen,33224,,
tg,rfd2.0,160890,161061,Herzog Karl von Württemberg.,0,in,APPR,in,33224,,
tg,rfd2.0,160890,161061,Herzog Karl von Württemberg.,0,die,ART,der,33224,,
tg,rfd2.0,160890,161061,Herzog Karl von Württemberg.,0,Schloßapotheke,NN,schloßapotheke,33224,,
tg,rfd2.0,160890,161061,Herzog Karl von Württemberg.,0,getragen,VVPP,tragen,33224,,
tg,rfd2.0,160890,161061,Herzog Karl von Württemberg.,0,und,KON,und,33224,,
tg,rfd2.0,160890,161061,Herzog Karl von Württemberg.,0,es,PPER,es,33224,,
tg,rfd2.0,160890,161061,Herzog Karl von Württemberg.,0,soll,VMFIN,sollen,33224,,
tg,rfd2.0,160890,161061,Herzog Karl von Württemberg.,0,untersucht,VVPP,untersuchen,33224,,
tg,rfd2.0,160890,161061,Herzog Karl von Württemberg.,0,werden,VAINF,werden,33224,,
tg,rfd2.0,160890,161061,Herzog Karl von Württemberg.,0,",","$,",--,33224,,
tg,rfd2.0,160890,161061,Herzog Karl von Württemberg.,0,ob,KOUS,ob,33224,,
tg,rfd2.0,160890,161061,Herzog Karl von Württemberg.,0,eine,ART,ein,33224,,
tg,rfd2.0,160890,161061,Herzog Karl von Württemberg.,0,Tollwurzel,NN,tollwurzel,33224,,
tg,rfd2.0,160890,161061,Herzog Karl von Württemberg.,0,oder,KON,oder,33224,,
tg,rfd2.0,160890,161061,Herzog Karl von Württemberg.,0,was,PWS,was,33224,,
tg,rfd2.0,160890,161061,Herzog Karl von Württemberg.,0,ähnliches,ADJA,ähnlich,33224,,
tg,rfd2.0,160890,161061,Herzog Karl von Württemberg.,0,Sinnverwirrendes,NN,sinnverwirrend,33224,,
tg,rfd2.0,160890,161061,Herzog Karl von Württemberg.,0,darin,PROAV,darin,33224,,
tg,rfd2.0,160890,161061,Herzog Karl von Württemberg.,0,enthalten,VVPP,enthalten,33224,,
tg,rfd2.0,160890,161061,Herzog Karl von Württemberg.,0,sei,VAFIN,sein,33224,,
tg,rfd2.0,160890,161061,Herzog Karl von Württemberg.,0,–,XY,_,33224,,
tg,rfd2.0,161066,161105,BLEISTIFT,31,Service,NN,service,33224,,
tg,rfd2.0,161066,161105,BLEISTIFT,31,",","$,",--,33224,,
tg,rfd2.0,161066,161105,BLEISTIFT,31,Sire,NN,sire,33224,,
tg,rfd2.0,161066,161105,BLEISTIFT,31,"!",$.,--,33224,,
tg,rfd2.0,161066,161105,BLEISTIFT,31,Tollwurzel,NE,tollwurzel,33224,,
tg,rfd2.0,161066,161105,BLEISTIFT,31,–,XY,–,33224,,
tg,rfd2.0,161110,161404,Herzog Karl von Württemberg.,0,Dieser,PDAT,dieser,33224,,
tg,rfd2.0,161110,161404,Herzog Karl von Württemberg.,0,unsaubere,ADJA,unsauber,33224,,
tg,rfd2.0,161110,161404,Herzog Karl von Württemberg.,0,Tabak,NN,tabak,33224,,
tg,rfd2.0,161110,161404,Herzog Karl von Württemberg.,0,samt,APPR,samt,33224,,
tg,rfd2.0,161110,161404,Herzog Karl von Württemberg.,0,Pfeifen,NN,pfeifen,33224,,
tg,rfd2.0,161110,161404,Herzog Karl von Württemberg.,0,auf,APPR,auf,33224,,
tg,rfd2.0,161110,161404,Herzog Karl von Württemberg.,0,eine,ART,ein,33224,,
tg,rfd2.0,161110,161404,Herzog Karl von Württemberg.,0,Torwache,NN,torwache,33224,,
tg,rfd2.0,161110,161404,Herzog Karl von Württemberg.,0,–,VVFIN,–,33224,,
tg,rfd2.0,161110,161404,Herzog Karl von Württemberg.,0,die,ART,der,33224,,
tg,rfd2.0,161110,161404,Herzog Karl von Württemberg.,0,Gemeinen,NN,gemein,33224,,
tg,rfd2.0,161110,161404,Herzog Karl von Württemberg.,0,mögen,VMFIN,mögen,33224,,
tg,rfd2.0,161110,161404,Herzog Karl von Württemberg.,0,versuchen,VVINF,versuchen,33224,,
tg,rfd2.0,161110,161404,Herzog Karl von Württemberg.,0,",","$,",--,33224,,
tg,rfd2.0,161110,161404,Herzog Karl von Württemberg.,0,ob,KOUS,ob,33224,,
tg,rfd2.0,161110,161404,Herzog Karl von Württemberg.,0,ihnen,PPER,ihnen,33224,,
tg,rfd2.0,161110,161404,Herzog Karl von Württemberg.,0,solch,PIDAT,solch,33224,,
tg,rfd2.0,161110,161404,Herzog Karl von Württemberg.,0,eine,ART,ein,33224,,
tg,rfd2.0,161110,161404,Herzog Karl von Württemberg.,0,Zungenbeize,NN,zungenbeiz,33224,,
tg,rfd2.0,161110,161404,Herzog Karl von Württemberg.,0,ansteht,VVFIN,anstehen,33224,,
tg,rfd2.0,161110,161404,Herzog Karl von Württemberg.,0,",","$,",--,33224,,
tg,rfd2.0,161110,161404,Herzog Karl von Württemberg.,0,welche,PWAT,welcher,33224,,
tg,rfd2.0,161110,161404,Herzog Karl von Württemberg.,0,durch,APPR,durch,33224,,
tg,rfd2.0,161110,161404,Herzog Karl von Württemberg.,0,die,ART,der,33224,,
tg,rfd2.0,161110,161404,Herzog Karl von Württemberg.,0,Eleven,NN,eleve,33224,,
tg,rfd2.0,161110,161404,Herzog Karl von Württemberg.,0,der,ART,der,33224,,
tg,rfd2.0,161110,161404,Herzog Karl von Württemberg.,0,Karlsakademie,NN,karlsakademie,33224,,
tg,rfd2.0,161110,161404,Herzog Karl von Württemberg.,0,nobilitiert,VVPP,nobilitieren,33224,,
tg,rfd2.0,161110,161404,Herzog Karl von Württemberg.,0,worden,VAPP,werden,33224,,
tg,rfd2.0,161110,161404,Herzog Karl von Württemberg.,0,ist,VAFIN,sein,33224,,
tg,rfd2.0,161110,161404,Herzog Karl von Württemberg.,0,–,XY,–,33224,,
tg,rfd2.0,161110,161404,Herzog Karl von Württemberg.,0,wo,PWAV,wo,33224,,
tg,rfd2.0,161110,161404,Herzog Karl von Württemberg.,0,sind,VAFIN,sein,33224,,
tg,rfd2.0,161110,161404,Herzog Karl von Württemberg.,0,die,ART,der,33224,,
tg,rfd2.0,161110,161404,Herzog Karl von Württemberg.,0,Bücher,NN,buch,33224,,
tg,rfd2.0,161110,161404,Herzog Karl von Württemberg.,0,",","$,",--,33224,,
tg,rfd2.0,161110,161404,Herzog Karl von Württemberg.,0,die,PRELS,der,33224,,
tg,rfd2.0,161110,161404,Herzog Karl von Württemberg.,0,hier,ADV,hier,33224,,
tg,rfd2.0,161110,161404,Herzog Karl von Württemberg.,0,zu,PTKZU,zu,33224,,
tg,rfd2.0,161110,161404,Herzog Karl von Württemberg.,0,liegen,VVINF,liegen,33224,,
tg,rfd2.0,161110,161404,Herzog Karl von Württemberg.,0,pflegen,VVFIN,pflegen,33224,,
tg,rfd2.0,161110,161404,Herzog Karl von Württemberg.,0,?,$.,--,33224,,
tg,rfd2.0,161110,161404,Herzog Karl von Württemberg.,0,–,XY,–,33224,,
tg,rfd2.0,161110,161404,Herzog Karl von Württemberg.,0,Wer,PWS,wer,33224,,
tg,rfd2.0,161110,161404,Herzog Karl von Württemberg.,0,antwortet,VVFIN,antworten,33224,,
tg,rfd2.0,161110,161404,Herzog Karl von Württemberg.,0,?,$.,--,33224,,
tg,rfd2.0,161110,161404,Herzog Karl von Württemberg.,0,"!",$.,--,33224,,
tg,rfd2.0,161110,161404,Herzog Karl von Württemberg.,0,Wer,PWS,wer,33224,,
tg,rfd2.0,161110,161404,Herzog Karl von Württemberg.,0,ist,VAFIN,sein,33224,,
tg,rfd2.0,161110,161404,Herzog Karl von Württemberg.,0,der,ART,der,33224,,
tg,rfd2.0,161110,161404,Herzog Karl von Württemberg.,0,Rädelsführer,NN,rädelsführer,33224,,
tg,rfd2.0,161110,161404,Herzog Karl von Württemberg.,0,?,$.,--,33224,,
tg,rfd2.0,161410,161475,SCHILLER,29,Ich,PPER,ich,33224,,
tg,rfd2.0,161410,161475,SCHILLER,29,muß,VMFIN,müssen,33224,,
tg,rfd2.0,161410,161475,SCHILLER,29,als,APPR,als,33224,,
tg,rfd2.0,161410,161475,SCHILLER,29,solcher,PIS,solcher,33224,,
tg,rfd2.0,161410,161475,SCHILLER,29,von,APPR,von,33224,,
tg,rfd2.0,161410,161475,SCHILLER,29,Durchlaucht,NN,durchlaucht,33224,,
tg,rfd2.0,161410,161475,SCHILLER,29,betrachtet,VVPP,betrachten,33224,,
tg,rfd2.0,161410,161475,SCHILLER,29,werden,VAINF,werden,33224,,
tg,rfd2.0,161410,161475,SCHILLER,29,.,$.,--,33224,,
tg,rfd2.0,161480,161584,Herzog Karl von Württemberg.,0,Er,PPER,er,33224,,
tg,rfd2.0,161480,161584,Herzog Karl von Württemberg.,0,gehört,VVFIN,gehören,33224,,
tg,rfd2.0,161480,161584,Herzog Karl von Württemberg.,0,nicht,PTKNEG,nicht,33224,,
tg,rfd2.0,161480,161584,Herzog Karl von Württemberg.,0,mehr,ADV,mehr,33224,,
tg,rfd2.0,161480,161584,Herzog Karl von Württemberg.,0,zur,APPRART,zu,33224,,
tg,rfd2.0,161480,161584,Herzog Karl von Württemberg.,0,Akademie,NN,akademie,33224,,
tg,rfd2.0,161480,161584,Herzog Karl von Württemberg.,0,",","$,",--,33224,,
tg,rfd2.0,161480,161584,Herzog Karl von Württemberg.,0,Er,PPER,er,33224,,
tg,rfd2.0,161480,161584,Herzog Karl von Württemberg.,0,gehört,VVFIN,gehören,33224,,
tg,rfd2.0,161480,161584,Herzog Karl von Württemberg.,0,zum,APPRART,zu,33224,,
tg,rfd2.0,161480,161584,Herzog Karl von Württemberg.,0,Regiment,NN,regiment,33224,,
tg,rfd2.0,161480,161584,Herzog Karl von Württemberg.,0,Augé,NE,augé,33224,,
tg,rfd2.0,161480,161584,Herzog Karl von Württemberg.,0,",","$,",--,33224,,
tg,rfd2.0,161480,161584,Herzog Karl von Württemberg.,0,Ihm,PPER,ihm,33224,,
tg,rfd2.0,161480,161584,Herzog Karl von Württemberg.,0,gebührt,VVFIN,gebühren,33224,,
tg,rfd2.0,161480,161584,Herzog Karl von Württemberg.,0,ein,ART,ein,33224,,
tg,rfd2.0,161480,161584,Herzog Karl von Württemberg.,0,Militärgericht,NN,militärgericht,33224,,
tg,rfd2.0,161480,161584,Herzog Karl von Württemberg.,0,.,$.,--,33224,,
tg,rfd2.0,161589,161738,SCHILLER,29,Ich,PPER,ich,33224,,
tg,rfd2.0,161589,161738,SCHILLER,29,bitte,VVFIN,bitt,33224,,
tg,rfd2.0,161589,161738,SCHILLER,29,Durchlaucht,NN,durchlaucht,33224,,
tg,rfd2.0,161589,161738,SCHILLER,29,",","$,",--,33224,,
tg,rfd2.0,161589,161738,SCHILLER,29,die,ART,der,33224,,
tg,rfd2.0,161589,161738,SCHILLER,29,Eleven,NN,eleve,33224,,
tg,rfd2.0,161589,161738,SCHILLER,29,von,APPR,von,33224,,
tg,rfd2.0,161589,161738,SCHILLER,29,dieser,PDAT,dieser,33224,,
tg,rfd2.0,161589,161738,SCHILLER,29,Verantwortlichkeit,NN,verantwortlichkeit,33224,,
tg,rfd2.0,161589,161738,SCHILLER,29,des,ART,der,33224,,
tg,rfd2.0,161589,161738,SCHILLER,29,Exzesses,NN,exzeß,33224,,
tg,rfd2.0,161589,161738,SCHILLER,29,zu,PTKZU,zu,33224,,
tg,rfd2.0,161589,161738,SCHILLER,29,entlassen,VVINF,entlassen,33224,,
tg,rfd2.0,161589,161738,SCHILLER,29,und,KON,und,33224,,
tg,rfd2.0,161589,161738,SCHILLER,29,auf,APPR,auf,33224,,
tg,rfd2.0,161589,161738,SCHILLER,29,mein,PPOSAT,mein,33224,SCHILLER,29
tg,rfd2.0,161589,161738,SCHILLER,29,Haupt,NN,haupt,33224,,
tg,rfd2.0,161589,161738,SCHILLER,29,allein,ADV,allein,33224,,
tg,rfd2.0,161589,161738,SCHILLER,29,die,ART,der,33224,,
tg,rfd2.0,161589,161738,SCHILLER,29,Strafe,NN,strafe,33224,,
tg,rfd2.0,161589,161738,SCHILLER,29,zu,PTKZU,zu,33224,,
tg,rfd2.0,161589,161738,SCHILLER,29,sammeln,VVINF,sammeln,33224,,
tg,rfd2.0,161589,161738,SCHILLER,29,.,$.,--,33224,,
tg,rfd2.0,161743,161764,KOCH,20,Durchlaucht,NN,durchlaucht,33224,,
tg,rfd2.0,161743,161764,KOCH,20,–,XY,–,33224,,
tg,rfd2.0,161743,161764,KOCH,20,"!",$.,--,33224,,
tg,rfd2.0,161769,161823,Herzog Karl von Württemberg.,0,Er,PPER,er,33224,,
tg,rfd2.0,161769,161823,Herzog Karl von Württemberg.,0,hält,VVFIN,halten,33224,,
tg,rfd2.0,161769,161823,Herzog Karl von Württemberg.,0,wohl,ADV,wohl,33224,,
tg,rfd2.0,161769,161823,Herzog Karl von Württemberg.,0,sein,PPOSAT,sein,33224,,
tg,rfd2.0,161769,161823,Herzog Karl von Württemberg.,0,Haupt,NN,haupt,33224,,
tg,rfd2.0,161769,161823,Herzog Karl von Württemberg.,0,für,APPR,für,33224,,
tg,rfd2.0,161769,161823,Herzog Karl von Württemberg.,0,erstaunlich,ADJD,erstaunlich,33224,,
tg,rfd2.0,161769,161823,Herzog Karl von Württemberg.,0,groß,ADJD,groß,33224,,
tg,rfd2.0,161769,161823,Herzog Karl von Württemberg.,0,?,$.,--,33224,,
tg,rfd2.0,161828,162146,SCHILLER,29,Diese,PDAT,dieser,33224,,
tg,rfd2.0,161828,162146,SCHILLER,29,unerlaubten,ADJA,unerlaubt,33224,,
tg,rfd2.0,161828,162146,SCHILLER,29,Versammlungen,NN,versammlung,33224,,
tg,rfd2.0,161828,162146,SCHILLER,29,stammen,VVFIN,stammen,33224,,
tg,rfd2.0,161828,162146,SCHILLER,29,noch,ADV,noch,33224,,
tg,rfd2.0,161828,162146,SCHILLER,29,aus,APPR,aus,33224,,
tg,rfd2.0,161828,162146,SCHILLER,29,der,ART,der,33224,,
tg,rfd2.0,161828,162146,SCHILLER,29,Zeit,NN,zeit,33224,,
tg,rfd2.0,161828,162146,SCHILLER,29,",","$,",--,33224,,
tg,rfd2.0,161828,162146,SCHILLER,29,da,KOUS,da,33224,,
tg,rfd2.0,161828,162146,SCHILLER,29,ich,PPER,ich,33224,SCHILLER,29
tg,rfd2.0,161828,162146,SCHILLER,29,die,ART,der,33224,,
tg,rfd2.0,161828,162146,SCHILLER,29,Ehre,NN,ehre,33224,,
tg,rfd2.0,161828,162146,SCHILLER,29,hatte,VAFIN,haben,33224,,
tg,rfd2.0,161828,162146,SCHILLER,29,",","$,",--,33224,,
tg,rfd2.0,161828,162146,SCHILLER,29,Eleve,NN,eleve,33224,,
tg,rfd2.0,161828,162146,SCHILLER,29,der,ART,der,33224,,
tg,rfd2.0,161828,162146,SCHILLER,29,Akademie,NN,akademie,33224,,
tg,rfd2.0,161828,162146,SCHILLER,29,zu,PTKZU,zu,33224,,
tg,rfd2.0,161828,162146,SCHILLER,29,sein,VAINF,sein,33224,,
tg,rfd2.0,161828,162146,SCHILLER,29,.,$.,--,33224,,
tg,rfd2.0,161828,162146,SCHILLER,29,Die,ART,der,33224,,
tg,rfd2.0,161828,162146,SCHILLER,29,gegenwärtigen,ADJA,gegenwärtig,33224,,
tg,rfd2.0,161828,162146,SCHILLER,29,Akademisten,NN,akademist,33224,,
tg,rfd2.0,161828,162146,SCHILLER,29,sind,VAFIN,sein,33224,,
tg,rfd2.0,161828,162146,SCHILLER,29,also,ADV,also,33224,,
tg,rfd2.0,161828,162146,SCHILLER,29,dazu,PROAV,dazu,33224,,
tg,rfd2.0,161828,162146,SCHILLER,29,wie,KOKOM,wie,33224,,
tg,rfd2.0,161828,162146,SCHILLER,29,zu,APPR,zu,33224,,
tg,rfd2.0,161828,162146,SCHILLER,29,etwas,PIAT,etwas,33224,,
tg,rfd2.0,161828,162146,SCHILLER,29,Herkömmlichem,NN,herkömmlichem,33224,,
tg,rfd2.0,161828,162146,SCHILLER,29,verleitet,VVFIN,verleiten,33224,,
tg,rfd2.0,161828,162146,SCHILLER,29,worden,VAPP,werden,33224,,
tg,rfd2.0,161828,162146,SCHILLER,29,",","$,",--,33224,,
tg,rfd2.0,161828,162146,SCHILLER,29,und,KON,und,33224,,
tg,rfd2.0,161828,162146,SCHILLER,29,da,ADV,da,33224,,
tg,rfd2.0,161828,162146,SCHILLER,29,ich,PPER,ich,33224,SCHILLER,29
tg,rfd2.0,161828,162146,SCHILLER,29,allein,ADV,allein,33224,,
tg,rfd2.0,161828,162146,SCHILLER,29,von,APPR,von,33224,,
tg,rfd2.0,161828,162146,SCHILLER,29,außen,ADV,außen,33224,,
tg,rfd2.0,161828,162146,SCHILLER,29,her,APZR,her,33224,,
tg,rfd2.0,161828,162146,SCHILLER,29,damit,PROAV,damit,33224,,
tg,rfd2.0,161828,162146,SCHILLER,29,in,APPR,in,33224,,
tg,rfd2.0,161828,162146,SCHILLER,29,Verbindung,NN,verbindung,33224,,
tg,rfd2.0,161828,162146,SCHILLER,29,geblieben,VVPP,bleiben,33224,,
tg,rfd2.0,161828,162146,SCHILLER,29,bin,VAFIN,sein,33224,,
tg,rfd2.0,161828,162146,SCHILLER,29,",","$,",--,33224,,
tg,rfd2.0,161828,162146,SCHILLER,29,so,ADV,so,33224,,
tg,rfd2.0,161828,162146,SCHILLER,29,halt,ADV,halt,33224,,
tg,rfd2.0,161828,162146,SCHILLER,29,',$[,--,33224,,
tg,rfd2.0,161828,162146,SCHILLER,29,ich,PPER,ich,33224,SCHILLER,29
tg,rfd2.0,161828,162146,SCHILLER,29,es,PPER,es,33224,,
tg,rfd2.0,161828,162146,SCHILLER,29,für,APPR,für,33224,,
tg,rfd2.0,161828,162146,SCHILLER,29,meine,PPOSAT,mein,33224,SCHILLER,29
tg,rfd2.0,161828,162146,SCHILLER,29,Schuldigkeit,NN,schuldigkeit,33224,,
tg,rfd2.0,161828,162146,SCHILLER,29,–,XY,–,33224,,
tg,rfd2.0,162151,162185,Herzog Karl von Württemberg.,0,Alles,PIS,alle,33224,,
tg,rfd2.0,162151,162185,Herzog Karl von Württemberg.,0,auf,APPR,auf,33224,,
tg,rfd2.0,162151,162185,Herzog Karl von Württemberg.,0,sich,PRF,sich,33224,,
tg,rfd2.0,162151,162185,Herzog Karl von Württemberg.,0,zu,PTKZU,zu,33224,,
tg,rfd2.0,162151,162185,Herzog Karl von Württemberg.,0,nehmen,VVINF,nehmen,33224,,
tg,rfd2.0,162151,162185,Herzog Karl von Württemberg.,0,?,$.,--,33224,,
tg,rfd2.0,162190,162217,SCHILLER,29,Ja,PTKANT,ja,33224,,
tg,rfd2.0,162190,162217,SCHILLER,29,",","$,",--,33224,,
tg,rfd2.0,162190,162217,SCHILLER,29,Durchlaucht,NN,durchlaucht,33224,,
tg,rfd2.0,162190,162217,SCHILLER,29,"!",$.,--,33224,,
tg,rfd2.0,162222,162249,"Laura, deren Pflegetochter.",3,O,NE,O,33224,,
tg,rfd2.0,162222,162249,"Laura, deren Pflegetochter.",3,wie,KOKOM,wie,33224,,
tg,rfd2.0,162222,162249,"Laura, deren Pflegetochter.",3,brav,ADJD,brav,33224,,
tg,rfd2.0,162222,162249,"Laura, deren Pflegetochter.",3,"!",$.,--,33224,,
tg,rfd2.0,162254,162275,KOCH,20,Durchlaucht,NN,durchlaucht,33224,,
tg,rfd2.0,162254,162275,KOCH,20,–,XY,–,33224,,
tg,rfd2.0,162254,162275,KOCH,20,"!",$.,--,33224,,
tg,rfd2.0,162280,162583,Herzog Karl von Württemberg.,0,Schweig,ADJD,schweig,33224,,
tg,rfd2.0,162280,162583,Herzog Karl von Württemberg.,0,',$[,--,33224,,
tg,rfd2.0,162280,162583,Herzog Karl von Württemberg.,0,Er,PPER,er,33224,,
tg,rfd2.0,162280,162583,Herzog Karl von Württemberg.,0,da,ADV,da,33224,,
tg,rfd2.0,162280,162583,Herzog Karl von Württemberg.,0,",","$,",--,33224,,
tg,rfd2.0,162280,162583,Herzog Karl von Württemberg.,0,bis,APPR,bis,33224,,
tg,rfd2.0,162280,162583,Herzog Karl von Württemberg.,0,Er,PPER,er,33224,,
tg,rfd2.0,162280,162583,Herzog Karl von Württemberg.,0,an,APPR,an,33224,,
tg,rfd2.0,162280,162583,Herzog Karl von Württemberg.,0,die,ART,der,33224,,
tg,rfd2.0,162280,162583,Herzog Karl von Württemberg.,0,Reihe,NN,reihe,33224,,
tg,rfd2.0,162280,162583,Herzog Karl von Württemberg.,0,kommt,VVFIN,kommen,33224,,
tg,rfd2.0,162280,162583,Herzog Karl von Württemberg.,0,"!",$.,--,33224,,
tg,rfd2.0,162280,162583,Herzog Karl von Württemberg.,0,Zu,APPR,zu,33224,,
tg,rfd2.0,162280,162583,Herzog Karl von Württemberg.,0,Schiller,NE,schiller,33224,SCHILLER,29
tg,rfd2.0,162280,162583,Herzog Karl von Württemberg.,0,.,$.,--,33224,,
tg,rfd2.0,162280,162583,Herzog Karl von Württemberg.,0,Er,PPER,er,33224,,
tg,rfd2.0,162280,162583,Herzog Karl von Württemberg.,0,bildet,VVFIN,bilden,33224,,
tg,rfd2.0,162280,162583,Herzog Karl von Württemberg.,0,sich,PRF,sich,33224,,
tg,rfd2.0,162280,162583,Herzog Karl von Württemberg.,0,ein,PTKVZ,ein,33224,,
tg,rfd2.0,162280,162583,Herzog Karl von Württemberg.,0,",","$,",--,33224,,
tg,rfd2.0,162280,162583,Herzog Karl von Württemberg.,0,mir,PPER,sich,33224,Herzog Karl von Württemberg.,0
tg,rfd2.0,162280,162583,Herzog Karl von Württemberg.,0,durch,APPR,durch,33224,,
tg,rfd2.0,162280,162583,Herzog Karl von Württemberg.,0,solche,PIAT,solcher,33224,,
tg,rfd2.0,162280,162583,Herzog Karl von Württemberg.,0,Großmut,NN,großmut,33224,,
tg,rfd2.0,162280,162583,Herzog Karl von Württemberg.,0,zu,PTKZU,zu,33224,,
tg,rfd2.0,162280,162583,Herzog Karl von Württemberg.,0,imponieren,VVINF,imponieren,33224,,
tg,rfd2.0,162280,162583,Herzog Karl von Württemberg.,0,?,$.,--,33224,,
tg,rfd2.0,162280,162583,Herzog Karl von Württemberg.,0,"!",$.,--,33224,,
tg,rfd2.0,162280,162583,Herzog Karl von Württemberg.,0,Mit,APPR,mit,33224,,
tg,rfd2.0,162280,162583,Herzog Karl von Württemberg.,0,nichten,VVFIN,nichen,33224,,
tg,rfd2.0,162280,162583,Herzog Karl von Württemberg.,0,.,$.,--,33224,,
tg,rfd2.0,162280,162583,Herzog Karl von Württemberg.,0,Ich,PPER,ich,33224,,
tg,rfd2.0,162280,162583,Herzog Karl von Württemberg.,0,kenne,VVFIN,kennen,33224,,
tg,rfd2.0,162280,162583,Herzog Karl von Württemberg.,0,die,ART,der,33224,,
tg,rfd2.0,162280,162583,Herzog Karl von Württemberg.,0,Wurzel,NN,wurzel,33224,,
tg,rfd2.0,162280,162583,Herzog Karl von Württemberg.,0,dieser,PDAT,dieser,33224,,
tg,rfd2.0,162280,162583,Herzog Karl von Württemberg.,0,Großmut,NN,großmut,33224,,
tg,rfd2.0,162280,162583,Herzog Karl von Württemberg.,0,.,$.,--,33224,,
tg,rfd2.0,162280,162583,Herzog Karl von Württemberg.,0,Sie,PPER,sie,33224,,
tg,rfd2.0,162280,162583,Herzog Karl von Württemberg.,0,heißt,VVFIN,heißen,33224,,
tg,rfd2.0,162280,162583,Herzog Karl von Württemberg.,0,Überspanntheit,NN,überspanntheit,33224,,
tg,rfd2.0,162280,162583,Herzog Karl von Württemberg.,0,und,KON,und,33224,,
tg,rfd2.0,162280,162583,Herzog Karl von Württemberg.,0,Überschätzung,NN,überschätzung,33224,,
tg,rfd2.0,162280,162583,Herzog Karl von Württemberg.,0,.,$.,--,33224,,
tg,rfd2.0,162280,162583,Herzog Karl von Württemberg.,0,Es,PPER,es,33224,,
tg,rfd2.0,162280,162583,Herzog Karl von Württemberg.,0,ist,VAFIN,sein,33224,,
tg,rfd2.0,162280,162583,Herzog Karl von Württemberg.,0,krankhafte,ADJA,krankhaft,33224,,
tg,rfd2.0,162280,162583,Herzog Karl von Württemberg.,0,Großtuerei,NN,großtuerei,33224,,
tg,rfd2.0,162280,162583,Herzog Karl von Württemberg.,0,gegen,APPR,gegen,33224,,
tg,rfd2.0,162280,162583,Herzog Karl von Württemberg.,0,gesetzliche,ADJA,gesetzlich,33224,,
tg,rfd2.0,162280,162583,Herzog Karl von Württemberg.,0,Macht,NN,macht,33224,,
tg,rfd2.0,162280,162583,Herzog Karl von Württemberg.,0,.,$.,--,33224,,
tg,rfd2.0,162280,162583,Herzog Karl von Württemberg.,0,Wo,PWAV,wo,33224,,
tg,rfd2.0,162280,162583,Herzog Karl von Württemberg.,0,sind,VAFIN,sein,33224,,
tg,rfd2.0,162280,162583,Herzog Karl von Württemberg.,0,die,ART,der,33224,,
tg,rfd2.0,162280,162583,Herzog Karl von Württemberg.,0,Bücher,NN,buch,33224,,
tg,rfd2.0,162280,162583,Herzog Karl von Württemberg.,0,?,$.,--,33224,,
tg,rfd2.0,162588,162674,KOCH,20,Wir,PPER,wir,33224,,
tg,rfd2.0,162588,162674,KOCH,20,wissen's,VVFIN,wissen's,33224,,
tg,rfd2.0,162588,162674,KOCH,20,nicht,PTKNEG,nicht,33224,,
tg,rfd2.0,162588,162674,KOCH,20,",","$,",--,33224,,
tg,rfd2.0,162588,162674,KOCH,20,Durchlaucht,NN,durchlaucht,33224,,
tg,rfd2.0,162588,162674,KOCH,20,–,VVFIN,–,33224,,
tg,rfd2.0,162588,162674,KOCH,20,sie,PPER,sie,33224,,
tg,rfd2.0,162588,162674,KOCH,20,waren,VAFIN,sein,33224,,
tg,rfd2.0,162588,162674,KOCH,20,schon,ADV,schon,33224,,
tg,rfd2.0,162588,162674,KOCH,20,weggenommen,VVPP,weggenommen,33224,,
tg,rfd2.0,162588,162674,KOCH,20,",","$,",--,33224,,
tg,rfd2.0,162588,162674,KOCH,20,als,KOUS,als,33224,,
tg,rfd2.0,162588,162674,KOCH,20,wir,PPER,wir,33224,,
tg,rfd2.0,162588,162674,KOCH,20,ankamen,VVINF,ankommen,33224,,
tg,rfd2.0,162588,162674,KOCH,20,.,$.,--,33224,,
tg,rfd2.0,162679,162725,"Laura, deren Pflegetochter.",3,Still,NE,still,33224,,
tg,rfd2.0,162679,162725,"Laura, deren Pflegetochter.",3,doch,ADV,doch,33224,,
tg,rfd2.0,162679,162725,"Laura, deren Pflegetochter.",3,davon,PROAV,davon,33224,,
tg,rfd2.0,162679,162725,"Laura, deren Pflegetochter.",3,"!",$.,--,33224,,
tg,rfd2.0,162730,162762,Herzog Karl von Württemberg.,0,Was,PWS,was,33224,,
tg,rfd2.0,162730,162762,Herzog Karl von Württemberg.,0,waren's,VVFIN,waren,33224,,
tg,rfd2.0,162730,162762,Herzog Karl von Württemberg.,0,für,APPR,für,33224,,
tg,rfd2.0,162730,162762,Herzog Karl von Württemberg.,0,Bücher,NN,buch,33224,,
tg,rfd2.0,162730,162762,Herzog Karl von Württemberg.,0,?,$.,--,33224,,
tg,rfd2.0,162767,162782,KOCH,20,Poesien,NE,poesien,33224,,
tg,rfd2.0,162767,162782,KOCH,20,.,$.,--,33224,,
tg,rfd2.0,162787,162871,Herzog Karl von Württemberg.,0,Poesien,NE,poesien,33224,,
tg,rfd2.0,162787,162871,Herzog Karl von Württemberg.,0,–,XY,–,33224,,
tg,rfd2.0,162787,162871,Herzog Karl von Württemberg.,0,so,ADV,so,33224,,
tg,rfd2.0,162787,162871,Herzog Karl von Württemberg.,0,?,$.,--,33224,,
tg,rfd2.0,162787,162871,Herzog Karl von Württemberg.,0,Mit,APPR,mit,33224,,
tg,rfd2.0,162787,162871,Herzog Karl von Württemberg.,0,dem,ART,der,33224,,
tg,rfd2.0,162787,162871,Herzog Karl von Württemberg.,0,aufsteigenden,ADJA,aufsteigend,33224,,
tg,rfd2.0,162787,162871,Herzog Karl von Württemberg.,0,Löwen,NN,löwe,33224,,
tg,rfd2.0,162787,162871,Herzog Karl von Württemberg.,0,",","$,",--,33224,,
tg,rfd2.0,162787,162871,Herzog Karl von Württemberg.,0,der,PRELS,der,33224,,
tg,rfd2.0,162787,162871,Herzog Karl von Württemberg.,0,die,ART,der,33224,,
tg,rfd2.0,162787,162871,Herzog Karl von Württemberg.,0,Tyrannen,NN,tyranne,33224,,
tg,rfd2.0,162787,162871,Herzog Karl von Württemberg.,0,zerreißen,VVINF,zerreißen,33224,,
tg,rfd2.0,162787,162871,Herzog Karl von Württemberg.,0,soll,VMFIN,sollen,33224,,
tg,rfd2.0,162787,162871,Herzog Karl von Württemberg.,0,.,$.,--,33224,,
tg,rfd2.0,162876,162929,KOCH,20,Um,KOUI,um,33224,,
tg,rfd2.0,162876,162929,KOCH,20,Gottes,NN,gott,33224,,
tg,rfd2.0,162876,162929,KOCH,20,willen,APZR,willen,33224,,
tg,rfd2.0,162876,162929,KOCH,20,",","$,",--,33224,,
tg,rfd2.0,162876,162929,KOCH,20,er,PPER,er,33224,,
tg,rfd2.0,162876,162929,KOCH,20,kennt,VVFIN,kennen,33224,,
tg,rfd2.0,162876,162929,KOCH,20,die,ART,der,33224,,
tg,rfd2.0,162876,162929,KOCH,20,Räuber,NN,räuber,33224,,
tg,rfd2.0,162876,162929,KOCH,20,"!",$.,--,33224,,
tg,rfd2.0,162934,162971,SCHILLER,29,Ich,PPER,ich,33224,,
tg,rfd2.0,162934,162971,SCHILLER,29,bin,VAFIN,sein,33224,,
tg,rfd2.0,162934,162971,SCHILLER,29,verloren,VVPP,verlieren,33224,,
tg,rfd2.0,162934,162971,SCHILLER,29,"!",$.,--,33224,,
tg,rfd2.0,162976,163055,Herzog Karl von Württemberg.,0,Wird,VAFIN,werden,33224,,
tg,rfd2.0,162976,163055,Herzog Karl von Württemberg.,0,sich,PRF,sich,33224,,
tg,rfd2.0,162976,163055,Herzog Karl von Württemberg.,0,finden,VVINF,finden,33224,,
tg,rfd2.0,162976,163055,Herzog Karl von Württemberg.,0,"!",$.,--,33224,,
tg,rfd2.0,162976,163055,Herzog Karl von Württemberg.,0,–,XY,–,33224,,
tg,rfd2.0,162976,163055,Herzog Karl von Württemberg.,0,Ich,PPER,ich,33224,,
tg,rfd2.0,162976,163055,Herzog Karl von Württemberg.,0,hab,VAFIN,hab,33224,,
tg,rfd2.0,162976,163055,Herzog Karl von Württemberg.,0,',$[,--,33224,,
tg,rfd2.0,162976,163055,Herzog Karl von Württemberg.,0,Ihm,PPER,ihm,33224,,
tg,rfd2.0,162976,163055,Herzog Karl von Württemberg.,0,gesagt,VVPP,sagen,33224,,
tg,rfd2.0,162976,163055,Herzog Karl von Württemberg.,0,",","$,",--,33224,,
tg,rfd2.0,162976,163055,Herzog Karl von Württemberg.,0,Er,PPER,er,33224,,
tg,rfd2.0,162976,163055,Herzog Karl von Württemberg.,0,soll,VMFIN,sollen,33224,,
tg,rfd2.0,162976,163055,Herzog Karl von Württemberg.,0,weiterlesen,VVINF,weiterlesen,33224,,
tg,rfd2.0,162976,163055,Herzog Karl von Württemberg.,0,",","$,",--,33224,,
tg,rfd2.0,162976,163055,Herzog Karl von Württemberg.,0,les,NE,Les,33224,,
tg,rfd2.0,162976,163055,Herzog Karl von Württemberg.,0,',$[,--,33224,,
tg,rfd2.0,162976,163055,Herzog Karl von Württemberg.,0,Er,PPER,er,33224,,
tg,rfd2.0,162976,163055,Herzog Karl von Württemberg.,0,"!",$.,--,33224,,
tg,rfd2.0,163060,163075,SCHILLER,29,Ich,PPER,ich,33224,,
tg,rfd2.0,163060,163075,SCHILLER,29,?,$.,--,33224,,
tg,rfd2.0,163080,163143,Herzog Karl von Württemberg.,0,Ja,PTKANT,ja,33224,,
tg,rfd2.0,163080,163143,Herzog Karl von Württemberg.,0,Er,PPER,er,33224,,
tg,rfd2.0,163080,163143,Herzog Karl von Württemberg.,0,"!",$.,--,33224,,
tg,rfd2.0,163080,163143,Herzog Karl von Württemberg.,0,Was,PWS,was,33224,,
tg,rfd2.0,163080,163143,Herzog Karl von Württemberg.,0,Er,PPER,er,33224,,
tg,rfd2.0,163080,163143,Herzog Karl von Württemberg.,0,da,ADV,da,33224,,
tg,rfd2.0,163080,163143,Herzog Karl von Württemberg.,0,in,APPR,in,33224,,
tg,rfd2.0,163080,163143,Herzog Karl von Württemberg.,0,der,ART,der,33224,,
tg,rfd2.0,163080,163143,Herzog Karl von Württemberg.,0,Hand,NN,hand,33224,,
tg,rfd2.0,163080,163143,Herzog Karl von Württemberg.,0,hat,VAFIN,haben,33224,,
tg,rfd2.0,163080,163143,Herzog Karl von Württemberg.,0,von,APPR,von,33224,,
tg,rfd2.0,163080,163143,Herzog Karl von Württemberg.,0,Freund,NN,freund,33224,,
tg,rfd2.0,163080,163143,Herzog Karl von Württemberg.,0,Schubart,NE,schubart,33224,,
tg,rfd2.0,163080,163143,Herzog Karl von Württemberg.,0,–,FM,–,33224,,
tg,rfd2.0,163149,163175,SCHILLER,29,Das,PDS,der,33224,,
tg,rfd2.0,163149,163175,SCHILLER,29,soll,VMFIN,sollen,33224,,
tg,rfd2.0,163149,163175,SCHILLER,29,ich,PPER,ich,33224,SCHILLER,29
tg,rfd2.0,163149,163175,SCHILLER,29,–,XY,–,33224,,
tg,rfd2.0,163149,163175,SCHILLER,29,?,$.,--,33224,,
tg,rfd2.0,163180,163214,Herzog Karl von Württemberg.,0,Das,PDS,der,33224,,
tg,rfd2.0,163180,163214,Herzog Karl von Württemberg.,0,soll,VMFIN,sollen,33224,,
tg,rfd2.0,163180,163214,Herzog Karl von Württemberg.,0,Er,PPER,er,33224,,
tg,rfd2.0,163180,163214,Herzog Karl von Württemberg.,0,mir,PPER,sich,33224,Herzog Karl von Württemberg.,0
tg,rfd2.0,163180,163214,Herzog Karl von Württemberg.,0,vorlesen,VVINF,vorlesen,33224,,
tg,rfd2.0,163180,163214,Herzog Karl von Württemberg.,0,.,$.,--,33224,,
tg,rfd2.0,163219,163240,SCHILLER,29,Mein,PPOSAT,mein,33224,,
tg,rfd2.0,163219,163240,SCHILLER,29,Gott,NN,gott,33224,,
tg,rfd2.0,163219,163240,SCHILLER,29,"!",$.,--,33224,,
tg,rfd2.0,163245,163290,KOCH,20,Weh,VVIMP,weh,33224,,
tg,rfd2.0,163245,163290,KOCH,20,',$[,--,33224,,
tg,rfd2.0,163245,163290,KOCH,20,uns,PPER,uns,33224,,
tg,rfd2.0,163245,163290,KOCH,20,"!",$.,--,33224,,
tg,rfd2.0,163245,163290,KOCH,20,Schrecken,NN,schrecken,33224,,
tg,rfd2.0,163245,163290,KOCH,20,unter,APPR,unter,33224,,
tg,rfd2.0,163245,163290,KOCH,20,den,ART,der,33224,,
tg,rfd2.0,163245,163290,KOCH,20,Übrigen,NN,übrige,33224,,
tg,rfd2.0,163245,163290,KOCH,20,.,$.,--,33224,,
tg,rfd2.0,163296,163339,Herzog Karl von Württemberg.,0,Die,ART,der,33224,,
tg,rfd2.0,163296,163339,Herzog Karl von Württemberg.,0,Fürstengruft,NN,fürstengruft,33224,,
tg,rfd2.0,163296,163339,Herzog Karl von Württemberg.,0,heißt,VVFIN,heißen,33224,,
tg,rfd2.0,163296,163339,Herzog Karl von Württemberg.,0,es,PPER,es,33224,,
tg,rfd2.0,163296,163339,Herzog Karl von Württemberg.,0,ja,ADV,ja,33224,,
tg,rfd2.0,163296,163339,Herzog Karl von Württemberg.,0,wohl,ADV,wohl,33224,,
tg,rfd2.0,163296,163339,Herzog Karl von Württemberg.,0,?,$.,--,33224,,
tg,rfd2.0,163344,163358,SCHILLER,29,Ja,PTKANT,ja,33224,,
tg,rfd2.0,163344,163358,SCHILLER,29,"!",$.,--,33224,,
tg,rfd2.0,163363,163730,Herzog Karl von Württemberg.,0,Nun,ADV,nun,33224,,
tg,rfd2.0,163363,163730,Herzog Karl von Württemberg.,0,",","$,",--,33224,,
tg,rfd2.0,163363,163730,Herzog Karl von Württemberg.,0,was,PWS,was,33224,,
tg,rfd2.0,163363,163730,Herzog Karl von Württemberg.,0,zögert,VVFIN,zögern,33224,,
tg,rfd2.0,163363,163730,Herzog Karl von Württemberg.,0,Er,PPER,er,33224,,
tg,rfd2.0,163363,163730,Herzog Karl von Württemberg.,0,?,$.,--,33224,,
tg,rfd2.0,163363,163730,Herzog Karl von Württemberg.,0,',$[,--,33224,,
tg,rfd2.0,163363,163730,Herzog Karl von Württemberg.,0,s,PDS,--,33224,,
tg,rfd2.0,163363,163730,Herzog Karl von Württemberg.,0,ist,VAFIN,sein,33224,,
tg,rfd2.0,163363,163730,Herzog Karl von Württemberg.,0,ja,ADV,ja,33224,,
tg,rfd2.0,163363,163730,Herzog Karl von Württemberg.,0,doch,ADV,doch,33224,,
tg,rfd2.0,163363,163730,Herzog Karl von Württemberg.,0,auf,APPR,auf,33224,,
tg,rfd2.0,163363,163730,Herzog Karl von Württemberg.,0,mich,PPER,mich,33224,Herzog Karl von Württemberg.,0
tg,rfd2.0,163363,163730,Herzog Karl von Württemberg.,0,gemünzt,VVPP,münzen,33224,,
tg,rfd2.0,163363,163730,Herzog Karl von Württemberg.,0,"!",$.,--,33224,,
tg,rfd2.0,163363,163730,Herzog Karl von Württemberg.,0,Jetzt,ADV,jetzt,33224,,
tg,rfd2.0,163363,163730,Herzog Karl von Württemberg.,0,kann,VMFIN,können,33224,,
tg,rfd2.0,163363,163730,Herzog Karl von Württemberg.,0,Er's,NE,er's,33224,,
tg,rfd2.0,163363,163730,Herzog Karl von Württemberg.,0,an,APPR,an,33224,,
tg,rfd2.0,163363,163730,Herzog Karl von Württemberg.,0,den,ART,der,33224,,
tg,rfd2.0,163363,163730,Herzog Karl von Württemberg.,0,Mann,NN,mann,33224,,
tg,rfd2.0,163363,163730,Herzog Karl von Württemberg.,0,bringen,VVINF,bringen,33224,,
tg,rfd2.0,163363,163730,Herzog Karl von Württemberg.,0,.,$.,--,33224,,
tg,rfd2.0,163363,163730,Herzog Karl von Württemberg.,0,Besser,ADJD,gut,33224,,
tg,rfd2.0,163363,163730,Herzog Karl von Württemberg.,0,kann's,VVFIN,kann,33224,,
tg,rfd2.0,163363,163730,Herzog Karl von Württemberg.,0,doch,ADV,doch,33224,,
tg,rfd2.0,163363,163730,Herzog Karl von Württemberg.,0,der,ART,der,33224,,
tg,rfd2.0,163363,163730,Herzog Karl von Württemberg.,0,Schubart,NN,schubart,33224,,
tg,rfd2.0,163363,163730,Herzog Karl von Württemberg.,0,und,KON,und,33224,,
tg,rfd2.0,163363,163730,Herzog Karl von Württemberg.,0,seinesgleichen,ADV,seinesgleichen,33224,,
tg,rfd2.0,163363,163730,Herzog Karl von Württemberg.,0,nicht,PTKNEG,nicht,33224,,
tg,rfd2.0,163363,163730,Herzog Karl von Württemberg.,0,verlangen,VVINF,verlangen,33224,,
tg,rfd2.0,163363,163730,Herzog Karl von Württemberg.,0,.,$.,--,33224,,
tg,rfd2.0,163363,163730,Herzog Karl von Württemberg.,0,Also,ADV,also,33224,,
tg,rfd2.0,163363,163730,Herzog Karl von Württemberg.,0,les,NE,Les,33224,,
tg,rfd2.0,163363,163730,Herzog Karl von Württemberg.,0,',$[,--,33224,,
tg,rfd2.0,163363,163730,Herzog Karl von Württemberg.,0,Er,PPER,er,33224,,
tg,rfd2.0,163363,163730,Herzog Karl von Württemberg.,0,"!",$.,--,33224,,
tg,rfd2.0,163363,163730,Herzog Karl von Württemberg.,0,Drei,CARD,drei,33224,,
tg,rfd2.0,163363,163730,Herzog Karl von Württemberg.,0,Verse,NN,vers,33224,,
tg,rfd2.0,163363,163730,Herzog Karl von Württemberg.,0,hab,VAFIN,hab,33224,,
tg,rfd2.0,163363,163730,Herzog Karl von Württemberg.,0,',$[,--,33224,,
tg,rfd2.0,163363,163730,Herzog Karl von Württemberg.,0,ich,PPER,ich,33224,Herzog Karl von Württemberg.,0
tg,rfd2.0,163363,163730,Herzog Karl von Württemberg.,0,schon,ADV,schon,33224,,
tg,rfd2.0,163363,163730,Herzog Karl von Württemberg.,0,gehört,VVFIN,gehören,33224,,
tg,rfd2.0,163363,163730,Herzog Karl von Württemberg.,0,bis,APPR,bis,33224,,
tg,rfd2.0,163363,163730,Herzog Karl von Württemberg.,0,zur,APPRART,zu,33224,,
tg,rfd2.0,163363,163730,Herzog Karl von Württemberg.,0,»,NN,»,33224,,
tg,rfd2.0,163363,163730,Herzog Karl von Württemberg.,0,Nationenrute,NN,nationenrute,33224,,
tg,rfd2.0,163363,163730,Herzog Karl von Württemberg.,0,",","$,",--,33224,,
tg,rfd2.0,163363,163730,Herzog Karl von Württemberg.,0,die,ART,der,33224,,
tg,rfd2.0,163363,163730,Herzog Karl von Württemberg.,0,Gott,NN,gott,33224,,
tg,rfd2.0,163363,163730,Herzog Karl von Württemberg.,0,im,APPRART,in,33224,,
tg,rfd2.0,163363,163730,Herzog Karl von Württemberg.,0,Zorne,NN,zorne,33224,,
tg,rfd2.0,163363,163730,Herzog Karl von Württemberg.,0,zusammenband,VVFIN,zusammenbinden,33224,,
tg,rfd2.0,163363,163730,Herzog Karl von Württemberg.,0,«,XY,«,33224,,
tg,rfd2.0,163363,163730,Herzog Karl von Württemberg.,0,–,XY,–,33224,,
tg,rfd2.0,163363,163730,Herzog Karl von Württemberg.,0,da,ADV,da,33224,,
tg,rfd2.0,163363,163730,Herzog Karl von Württemberg.,0,fahr,ADV,fahr,33224,,
tg,rfd2.0,163363,163730,Herzog Karl von Württemberg.,0,',$[,--,33224,,
tg,rfd2.0,163363,163730,Herzog Karl von Württemberg.,0,Er,PPER,er,33224,,
tg,rfd2.0,163363,163730,Herzog Karl von Württemberg.,0,fort,PTKVZ,fort,33224,,
tg,rfd2.0,163363,163730,Herzog Karl von Württemberg.,0,",","$,",--,33224,,
tg,rfd2.0,163363,163730,Herzog Karl von Württemberg.,0,und,KON,und,33224,,
tg,rfd2.0,163363,163730,Herzog Karl von Württemberg.,0,mit,APPR,mit,33224,,
tg,rfd2.0,163363,163730,Herzog Karl von Württemberg.,0,dem,ART,der,33224,,
tg,rfd2.0,163363,163730,Herzog Karl von Württemberg.,0,gehörigen,ADJA,gehörig,33224,,
tg,rfd2.0,163363,163730,Herzog Karl von Württemberg.,0,Ausdruck,NN,ausdruck,33224,,
tg,rfd2.0,163363,163730,Herzog Karl von Württemberg.,0,;,$.,--,33224,,
tg,rfd2.0,163363,163730,Herzog Karl von Württemberg.,0,wir,PPER,wir,33224,,
tg,rfd2.0,163363,163730,Herzog Karl von Württemberg.,0,stehn,VVFIN,stehn,33224,,
tg,rfd2.0,163363,163730,Herzog Karl von Württemberg.,0,vor,APPR,vor,33224,,
tg,rfd2.0,163363,163730,Herzog Karl von Württemberg.,0,den,ART,der,33224,,
tg,rfd2.0,163363,163730,Herzog Karl von Württemberg.,0,Särgen,NN,särge,33224,,
tg,rfd2.0,163363,163730,Herzog Karl von Württemberg.,0,tyrannischer,ADJA,tyrannisch,33224,,
tg,rfd2.0,163363,163730,Herzog Karl von Württemberg.,0,Fürsten,NN,fürst,33224,,
tg,rfd2.0,163363,163730,Herzog Karl von Württemberg.,0,.,$.,--,33224,,
tg,rfd2.0,163844,163920,Herzog Karl von Württemberg.,0,Nun,ADV,nun,33224,,
tg,rfd2.0,163844,163920,Herzog Karl von Württemberg.,0,wird's,VAFIN,wird,33224,,
tg,rfd2.0,163844,163920,Herzog Karl von Württemberg.,0,?,$.,--,33224,,
tg,rfd2.0,163844,163920,Herzog Karl von Württemberg.,0,Erhöhter,ADJA,erhöhter,33224,,
tg,rfd2.0,163844,163920,Herzog Karl von Württemberg.,0,Schrecken,NN,schrecken,33224,,
tg,rfd2.0,163844,163920,Herzog Karl von Württemberg.,0,der,ART,der,33224,,
tg,rfd2.0,163844,163920,Herzog Karl von Württemberg.,0,Übrigen,NN,übrige,33224,,
tg,rfd2.0,163844,163920,Herzog Karl von Württemberg.,0,",","$,",--,33224,,
tg,rfd2.0,163844,163920,Herzog Karl von Württemberg.,0,die,PRELS,der,33224,,
tg,rfd2.0,163844,163920,Herzog Karl von Württemberg.,0,leise,ADJD,leise,33224,,
tg,rfd2.0,163844,163920,Herzog Karl von Württemberg.,0,zurücktreten,VVINF,zurücktreten,33224,,
tg,rfd2.0,163844,163920,Herzog Karl von Württemberg.,0,.,$.,--,33224,,
tg,rfd2.0,163926,164313,SCHILLER,29,Da,ADV,da,33224,,
tg,rfd2.0,163926,164313,SCHILLER,29,liegen,VVFIN,liegen,33224,,
tg,rfd2.0,163926,164313,SCHILLER,29,Schädel,NN,schädel,33224,,
tg,rfd2.0,163926,164313,SCHILLER,29,mit,APPR,mit,33224,,
tg,rfd2.0,163926,164313,SCHILLER,29,erloschnen,VVIZU,erloschnen,33224,,
tg,rfd2.0,163926,164313,SCHILLER,29,Blicken,VVFIN,blick,33224,,
tg,rfd2.0,163926,164313,SCHILLER,29,",","$,",--,33224,,
tg,rfd2.0,163926,164313,SCHILLER,29,Die,ART,der,33224,,
tg,rfd2.0,163926,164313,SCHILLER,29,ehmals,ADV,ehmals,33224,,
tg,rfd2.0,163926,164313,SCHILLER,29,hoch,ADJD,hoch,33224,,
tg,rfd2.0,163926,164313,SCHILLER,29,herabgedroht,VVFIN,herabdrohen,33224,,
tg,rfd2.0,163926,164313,SCHILLER,29,",","$,",--,33224,,
tg,rfd2.0,163926,164313,SCHILLER,29,Der,ART,der,33224,,
tg,rfd2.0,163926,164313,SCHILLER,29,Menschen,NN,mensch,33224,,
tg,rfd2.0,163926,164313,SCHILLER,29,Schrecken,NN,schrecken,33224,,
tg,rfd2.0,163926,164313,SCHILLER,29,"!",$.,--,33224,,
tg,rfd2.0,163926,164313,SCHILLER,29,Denn,KON,denn,33224,,
tg,rfd2.0,163926,164313,SCHILLER,29,an,APPR,an,33224,,
tg,rfd2.0,163926,164313,SCHILLER,29,ihrem,PPOSAT,ihr,33224,,
tg,rfd2.0,163926,164313,SCHILLER,29,Nicken,NN,nicken,33224,,
tg,rfd2.0,163926,164313,SCHILLER,29,Hing,NE,hing,33224,,
tg,rfd2.0,163926,164313,SCHILLER,29,Leben,NN,leben,33224,,
tg,rfd2.0,163926,164313,SCHILLER,29,oder,KON,oder,33224,,
tg,rfd2.0,163926,164313,SCHILLER,29,Tod,NN,tod,33224,,
tg,rfd2.0,163926,164313,SCHILLER,29,.,$.,--,33224,,
tg,rfd2.0,163926,164313,SCHILLER,29,Nun,ADV,nun,33224,,
tg,rfd2.0,163926,164313,SCHILLER,29,ist,VAFIN,sein,33224,,
tg,rfd2.0,163926,164313,SCHILLER,29,die,ART,der,33224,,
tg,rfd2.0,163926,164313,SCHILLER,29,Hand,NN,hand,33224,,
tg,rfd2.0,163926,164313,SCHILLER,29,herabgefault,VVFIN,herabgefault,33224,,
tg,rfd2.0,163926,164313,SCHILLER,29,zum,APPRART,zu,33224,,
tg,rfd2.0,163926,164313,SCHILLER,29,Knochen,NN,knochen,33224,,
tg,rfd2.0,163926,164313,SCHILLER,29,",","$,",--,33224,,
tg,rfd2.0,163926,164313,SCHILLER,29,Die,ART,der,33224,,
tg,rfd2.0,163926,164313,SCHILLER,29,oft,ADV,oft,33224,,
tg,rfd2.0,163926,164313,SCHILLER,29,mit,APPR,mit,33224,,
tg,rfd2.0,163926,164313,SCHILLER,29,kaltem,ADJA,kalt,33224,,
tg,rfd2.0,163926,164313,SCHILLER,29,Federzug,NN,federzug,33224,,
tg,rfd2.0,163926,164313,SCHILLER,29,Den,ART,der,33224,,
tg,rfd2.0,163926,164313,SCHILLER,29,Weisen,NN,weise,33224,,
tg,rfd2.0,163926,164313,SCHILLER,29,",","$,",--,33224,,
tg,rfd2.0,163926,164313,SCHILLER,29,der,PRELS,der,33224,,
tg,rfd2.0,163926,164313,SCHILLER,29,am,APPRART,an,33224,,
tg,rfd2.0,163926,164313,SCHILLER,29,Thron,NN,thron,33224,,
tg,rfd2.0,163926,164313,SCHILLER,29,zu,APPR,zu,33224,,
tg,rfd2.0,163926,164313,SCHILLER,29,laut,ADJD,laut,33224,,
tg,rfd2.0,163926,164313,SCHILLER,29,gesprochen,VVPP,sprechen,33224,,
tg,rfd2.0,163926,164313,SCHILLER,29,",","$,",--,33224,,
tg,rfd2.0,163926,164313,SCHILLER,29,In,APPR,in,33224,,
tg,rfd2.0,163926,164313,SCHILLER,29,harte,ADJA,hart,33224,,
tg,rfd2.0,163926,164313,SCHILLER,29,Fesseln,NN,fessel,33224,,
tg,rfd2.0,163926,164313,SCHILLER,29,schlug,VVFIN,schlagen,33224,,
tg,rfd2.0,163926,164313,SCHILLER,29,.,$.,--,33224,,
tg,rfd2.0,164319,164381,Herzog Karl von Württemberg.,0,Diese,PDAT,dieser,33224,,
tg,rfd2.0,164319,164381,Herzog Karl von Württemberg.,0,Hand,NN,hand,33224,,
tg,rfd2.0,164319,164381,Herzog Karl von Württemberg.,0,"!",$.,--,33224,,
tg,rfd2.0,164386,164900,SCHILLER,29,Damit,KOUS,damit,33224,,
tg,rfd2.0,164386,164900,SCHILLER,29,die,ART,der,33224,,
tg,rfd2.0,164386,164900,SCHILLER,29,Quäler,NN,quäler,33224,,
tg,rfd2.0,164386,164900,SCHILLER,29,nicht,PTKNEG,nicht,33224,,
tg,rfd2.0,164386,164900,SCHILLER,29,zu,PTKA,zu,33224,,
tg,rfd2.0,164386,164900,SCHILLER,29,früh,ADJD,früh,33224,,
tg,rfd2.0,164386,164900,SCHILLER,29,erwachen,VVINF,erwachen,33224,,
tg,rfd2.0,164386,164900,SCHILLER,29,",","$,",--,33224,,
tg,rfd2.0,164386,164900,SCHILLER,29,Seid,NE,sein,33224,,
tg,rfd2.0,164386,164900,SCHILLER,29,menschlicher,ADJA,menschlich,33224,,
tg,rfd2.0,164386,164900,SCHILLER,29,",","$,",--,33224,,
tg,rfd2.0,164386,164900,SCHILLER,29,erweckt,VVFIN,erwecken,33224,,
tg,rfd2.0,164386,164900,SCHILLER,29,sie,PPER,sie,33224,,
tg,rfd2.0,164386,164900,SCHILLER,29,nicht,PTKNEG,nicht,33224,,
tg,rfd2.0,164386,164900,SCHILLER,29,.,$.,--,33224,,
tg,rfd2.0,164386,164900,SCHILLER,29,Ha,NN,ha,33224,,
tg,rfd2.0,164386,164900,SCHILLER,29,",","$,",--,33224,,
tg,rfd2.0,164386,164900,SCHILLER,29,früh,ADJD,früh,33224,,
tg,rfd2.0,164386,164900,SCHILLER,29,genug,ADV,genug,33224,,
tg,rfd2.0,164386,164900,SCHILLER,29,wird,VAFIN,werden,33224,,
tg,rfd2.0,164386,164900,SCHILLER,29,über,APPR,über,33224,,
tg,rfd2.0,164386,164900,SCHILLER,29,ihnen,PPER,ihnen,33224,,
tg,rfd2.0,164386,164900,SCHILLER,29,krachen,VVFIN,krachen,33224,,
tg,rfd2.0,164386,164900,SCHILLER,29,Der,ART,der,33224,,
tg,rfd2.0,164386,164900,SCHILLER,29,Donner,NN,donner,33224,,
tg,rfd2.0,164386,164900,SCHILLER,29,am,APPRART,an,33224,,
tg,rfd2.0,164386,164900,SCHILLER,29,Gericht,NN,gericht,33224,,
tg,rfd2.0,164386,164900,SCHILLER,29,.,$.,--,33224,,
tg,rfd2.0,164386,164900,SCHILLER,29,Wo,PWAV,wo,33224,,
tg,rfd2.0,164386,164900,SCHILLER,29,Todesengel,NN,todesengel,33224,,
tg,rfd2.0,164386,164900,SCHILLER,29,nach,APPR,nach,33224,,
tg,rfd2.0,164386,164900,SCHILLER,29,Tyrannen,NN,tyranne,33224,,
tg,rfd2.0,164386,164900,SCHILLER,29,greifen,VVFIN,greifen,33224,,
tg,rfd2.0,164386,164900,SCHILLER,29,",","$,",--,33224,,
tg,rfd2.0,164386,164900,SCHILLER,29,Wenn,KOUS,wenn,33224,,
tg,rfd2.0,164386,164900,SCHILLER,29,sie,PPER,sie,33224,,
tg,rfd2.0,164386,164900,SCHILLER,29,im,APPRART,in,33224,,
tg,rfd2.0,164386,164900,SCHILLER,29,Grimm,NE,grimm,33224,,
tg,rfd2.0,164386,164900,SCHILLER,29,der,ART,der,33224,,
tg,rfd2.0,164386,164900,SCHILLER,29,Richter,NN,richter,33224,,
tg,rfd2.0,164386,164900,SCHILLER,29,weckt,VVFIN,wecken,33224,,
tg,rfd2.0,164386,164900,SCHILLER,29,",","$,",--,33224,,
tg,rfd2.0,164386,164900,SCHILLER,29,Und,KON,und,33224,,
tg,rfd2.0,164386,164900,SCHILLER,29,ihre,PPOSAT,ihr,33224,,
tg,rfd2.0,164386,164900,SCHILLER,29,Greul,NN,greul,33224,,
tg,rfd2.0,164386,164900,SCHILLER,29,zu,APPR,zu,33224,,
tg,rfd2.0,164386,164900,SCHILLER,29,einem,ART,ein,33224,,
tg,rfd2.0,164386,164900,SCHILLER,29,Berge,NN,berg,33224,,
tg,rfd2.0,164386,164900,SCHILLER,29,häufen,VVFIN,häufen,33224,,
tg,rfd2.0,164386,164900,SCHILLER,29,",","$,",--,33224,,
tg,rfd2.0,164386,164900,SCHILLER,29,Der,PRELS,der,33224,,
tg,rfd2.0,164386,164900,SCHILLER,29,flammend,ADJD,flammend,33224,,
tg,rfd2.0,164386,164900,SCHILLER,29,sie,PPER,sie,33224,,
tg,rfd2.0,164386,164900,SCHILLER,29,bedeckt,VVFIN,bedeckt,33224,,
tg,rfd2.0,164386,164900,SCHILLER,29,.,$.,--,33224,,
tg,rfd2.0,164386,164900,SCHILLER,29,Ihr,PPOSAT,ihr,33224,,
tg,rfd2.0,164386,164900,SCHILLER,29,aber,ADV,aber,33224,,
tg,rfd2.0,164386,164900,SCHILLER,29,",","$,",--,33224,,
tg,rfd2.0,164386,164900,SCHILLER,29,beßre,ADJA,beßr,33224,,
tg,rfd2.0,164386,164900,SCHILLER,29,Fürsten,NN,fürst,33224,,
tg,rfd2.0,164386,164900,SCHILLER,29,",","$,",--,33224,,
tg,rfd2.0,164386,164900,SCHILLER,29,schlummert,VVFIN,schlummern,33224,,
tg,rfd2.0,164386,164900,SCHILLER,29,süße,ADJA,süß,33224,,
tg,rfd2.0,164386,164900,SCHILLER,29,Im,APPRART,in,33224,,
tg,rfd2.0,164386,164900,SCHILLER,29,Nachtgewölbe,NN,nachtgewölbe,33224,,
tg,rfd2.0,164386,164900,SCHILLER,29,dieser,PDAT,dieser,33224,,
tg,rfd2.0,164386,164900,SCHILLER,29,Gruft,NN,gruft,33224,,
tg,rfd2.0,164386,164900,SCHILLER,29,",","$,",--,33224,,
tg,rfd2.0,164386,164900,SCHILLER,29,Schon,ADV,schon,33224,,
tg,rfd2.0,164386,164900,SCHILLER,29,wandelt,VVFIN,wandeln,33224,,
tg,rfd2.0,164386,164900,SCHILLER,29,euer,ADJA,euer,33224,,
tg,rfd2.0,164386,164900,SCHILLER,29,Geist,NN,geist,33224,,
tg,rfd2.0,164386,164900,SCHILLER,29,im,APPRART,in,33224,,
tg,rfd2.0,164386,164900,SCHILLER,29,Paradiese,NN,paradies,33224,,
tg,rfd2.0,164386,164900,SCHILLER,29,Gehüllt,VVPP,gehüllt,33224,,
tg,rfd2.0,164386,164900,SCHILLER,29,in,APPR,in,33224,,
tg,rfd2.0,164386,164900,SCHILLER,29,Blütenduft,NN,blütenduft,33224,,
tg,rfd2.0,164386,164900,SCHILLER,29,.,$.,--,33224,,
tg,rfd2.0,164906,164980,Herzog Karl von Württemberg.,0,Den,ART,der,33224,,
tg,rfd2.0,164906,164980,Herzog Karl von Württemberg.,0,letzten,ADJA,letzter,33224,,
tg,rfd2.0,164906,164980,Herzog Karl von Württemberg.,0,Vers,NN,ver,33224,,
tg,rfd2.0,164906,164980,Herzog Karl von Württemberg.,0,hat,VAFIN,haben,33224,,
tg,rfd2.0,164906,164980,Herzog Karl von Württemberg.,0,Er,PPER,er,33224,,
tg,rfd2.0,164906,164980,Herzog Karl von Württemberg.,0,wohl,ADV,wohl,33224,,
tg,rfd2.0,164906,164980,Herzog Karl von Württemberg.,0,in,APPR,in,33224,,
tg,rfd2.0,164906,164980,Herzog Karl von Württemberg.,0,der,ART,der,33224,,
tg,rfd2.0,164906,164980,Herzog Karl von Württemberg.,0,Geschwindigkeit,NN,geschwindigkeit,33224,,
tg,rfd2.0,164906,164980,Herzog Karl von Württemberg.,0,hinzugereimt,VVPP,hinzugereimen,33224,,
tg,rfd2.0,164906,164980,Herzog Karl von Württemberg.,0,?,$.,--,33224,,
tg,rfd2.0,165013,165072,KOCH,20,Schweig,ADJD,schweig,33224,,
tg,rfd2.0,165013,165072,KOCH,20,"!",$.,--,33224,,
tg,rfd2.0,165013,165072,KOCH,20,Das,PDS,der,33224,,
tg,rfd2.0,165013,165072,KOCH,20,kann,VMFIN,können,33224,,
tg,rfd2.0,165013,165072,KOCH,20,dich,PRF,dich,33224,,
tg,rfd2.0,165013,165072,KOCH,20,retten,VVINF,retten,33224,,
tg,rfd2.0,165013,165072,KOCH,20,"!",$.,--,33224,,
tg,rfd2.0,165013,165072,KOCH,20,Oder,KON,oder,33224,,
tg,rfd2.0,165013,165072,KOCH,20,sag,VVIMP,sag,33224,,
tg,rfd2.0,165013,165072,KOCH,20,',$[,--,33224,,
tg,rfd2.0,165013,165072,KOCH,20,ja,ADV,ja,33224,,
tg,rfd2.0,165013,165072,KOCH,20,"!",$.,--,33224,,
tg,rfd2.0,165077,165110,Herzog Karl von Württemberg.,0,Na,ITJ,na,33224,,
tg,rfd2.0,165077,165110,Herzog Karl von Württemberg.,0,",","$,",--,33224,,
tg,rfd2.0,165077,165110,Herzog Karl von Württemberg.,0,hat,VAFIN,haben,33224,,
tg,rfd2.0,165077,165110,Herzog Karl von Württemberg.,0,er,PPER,er,33224,,
tg,rfd2.0,165077,165110,Herzog Karl von Württemberg.,0,soviel,PIAT,soviel,33224,,
tg,rfd2.0,165077,165110,Herzog Karl von Württemberg.,0,Genie,NN,genie,33224,,
tg,rfd2.0,165077,165110,Herzog Karl von Württemberg.,0,"!",$.,--,33224,,
tg,rfd2.0,165115,165175,SCHILLER,29,Nein,PTKANT,nein,33224,,
tg,rfd2.0,165115,165175,SCHILLER,29,",","$,",--,33224,,
tg,rfd2.0,165115,165175,SCHILLER,29,auch,ADV,auch,33224,,
tg,rfd2.0,165115,165175,SCHILLER,29,dieser,PDAT,dieser,33224,,
tg,rfd2.0,165115,165175,SCHILLER,29,Vers,NN,vers,33224,,
tg,rfd2.0,165115,165175,SCHILLER,29,ist,VAFIN,sein,33224,,
tg,rfd2.0,165115,165175,SCHILLER,29,von,APPR,von,33224,,
tg,rfd2.0,165115,165175,SCHILLER,29,Schubart,NE,schubart,33224,,
tg,rfd2.0,165181,165263,Herzog Karl von Württemberg.,0,Der,ART,der,33224,,
tg,rfd2.0,165181,165263,Herzog Karl von Württemberg.,0,Mann,NN,mann,33224,,
tg,rfd2.0,165181,165263,Herzog Karl von Württemberg.,0,hat,VAFIN,haben,33224,,
tg,rfd2.0,165181,165263,Herzog Karl von Württemberg.,0,viel,PIDAT,viel,33224,,
tg,rfd2.0,165181,165263,Herzog Karl von Württemberg.,0,Talent,NN,talent,33224,,
tg,rfd2.0,165181,165263,Herzog Karl von Württemberg.,0,zum,APPRART,zu,33224,,
tg,rfd2.0,165181,165263,Herzog Karl von Württemberg.,0,Versemachen,NN,versemachen,33224,,
tg,rfd2.0,165181,165263,Herzog Karl von Württemberg.,0,",","$,",--,33224,,
tg,rfd2.0,165181,165263,Herzog Karl von Württemberg.,0,aber,KON,aber,33224,,
tg,rfd2.0,165181,165263,Herzog Karl von Württemberg.,0,wenig,ADV,wenig,33224,,
tg,rfd2.0,165181,165263,Herzog Karl von Württemberg.,0,Talent,NN,talent,33224,,
tg,rfd2.0,165181,165263,Herzog Karl von Württemberg.,0,zur,APPRART,zu,33224,,
tg,rfd2.0,165181,165263,Herzog Karl von Württemberg.,0,Freiheit,NN,freiheit,33224,,
tg,rfd2.0,165181,165263,Herzog Karl von Württemberg.,0,.,$.,--,33224,,
tg,rfd2.0,165268,165388,SCHILLER,29,Um,KOUI,um,33224,,
tg,rfd2.0,165268,165388,SCHILLER,29,so,ADV,so,33224,,
tg,rfd2.0,165268,165388,SCHILLER,29,mehr,PIAT,mehr,33224,,
tg,rfd2.0,165268,165388,SCHILLER,29,Gnade,NN,gnade,33224,,
tg,rfd2.0,165268,165388,SCHILLER,29,",","$,",--,33224,,
tg,rfd2.0,165268,165388,SCHILLER,29,daß,KOUS,daß,33224,,
tg,rfd2.0,165268,165388,SCHILLER,29,ihm,PPER,ihm,33224,,
tg,rfd2.0,165268,165388,SCHILLER,29,Durchlaucht,NN,durchlaucht,33224,,
tg,rfd2.0,165268,165388,SCHILLER,29,bei,APPR,bei,33224,,
tg,rfd2.0,165268,165388,SCHILLER,29,solcher,PIAT,solcher,33224,,
tg,rfd2.0,165268,165388,SCHILLER,29,Ansicht,NN,ansicht,33224,,
tg,rfd2.0,165268,165388,SCHILLER,29,doch,ADV,doch,33224,,
tg,rfd2.0,165268,165388,SCHILLER,29,vor,APPR,vor,33224,,
tg,rfd2.0,165268,165388,SCHILLER,29,kurzem,ADJA,kurz,33224,,
tg,rfd2.0,165268,165388,SCHILLER,29,die,ART,der,33224,,
tg,rfd2.0,165268,165388,SCHILLER,29,Freilassung,NN,freilassung,33224,,
tg,rfd2.0,165268,165388,SCHILLER,29,versprochen,VVPP,versprechen,33224,,
tg,rfd2.0,165268,165388,SCHILLER,29,haben,VAFIN,haben,33224,,
tg,rfd2.0,165268,165388,SCHILLER,29,–,PPER,–,33224,,
tg,rfd2.0,165393,165417,KOCH,20,Schiller,NE,schiller,33224,SCHILLER,29
tg,rfd2.0,165393,165417,KOCH,20,"!",$.,--,33224,,
tg,rfd2.0,165422,165472,"Laura, deren Pflegetochter.",3,O,NE,O,33224,,
tg,rfd2.0,165422,165472,"Laura, deren Pflegetochter.",3,",","$,",--,33224,,
tg,rfd2.0,165422,165472,"Laura, deren Pflegetochter.",3,Schiller,NE,schiller,33224,SCHILLER,29
tg,rfd2.0,165422,165472,"Laura, deren Pflegetochter.",3,"!",$.,--,33224,,
tg,rfd2.0,165478,165661,Herzog Karl von Württemberg.,0,Ich,PPER,ich,33224,,
tg,rfd2.0,165478,165661,Herzog Karl von Württemberg.,0,glaube,VVFIN,glauben,33224,,
tg,rfd2.0,165478,165661,Herzog Karl von Württemberg.,0,",","$,",--,33224,,
tg,rfd2.0,165478,165661,Herzog Karl von Württemberg.,0,Er,PPER,er,33224,,
tg,rfd2.0,165478,165661,Herzog Karl von Württemberg.,0,untersteht,VVFIN,unterstehen,33224,,
tg,rfd2.0,165478,165661,Herzog Karl von Württemberg.,0,sich,PRF,sich,33224,,
tg,rfd2.0,165478,165661,Herzog Karl von Württemberg.,0,",","$,",--,33224,,
tg,rfd2.0,165478,165661,Herzog Karl von Württemberg.,0,für,APPR,für,33224,,
tg,rfd2.0,165478,165661,Herzog Karl von Württemberg.,0,einen,ART,ein,33224,,
tg,rfd2.0,165478,165661,Herzog Karl von Württemberg.,0,Autor,NN,autor,33224,,
tg,rfd2.0,165478,165661,Herzog Karl von Württemberg.,0,zu,PTKZU,zu,33224,,
tg,rfd2.0,165478,165661,Herzog Karl von Württemberg.,0,petitionieren,VVINF,petitionieren,33224,,
tg,rfd2.0,165478,165661,Herzog Karl von Württemberg.,0,",","$,",--,33224,,
tg,rfd2.0,165478,165661,Herzog Karl von Württemberg.,0,während,KOUS,während,33224,,
tg,rfd2.0,165478,165661,Herzog Karl von Württemberg.,0,Er,PPER,er,33224,,
tg,rfd2.0,165478,165661,Herzog Karl von Württemberg.,0,selbst,ADV,selbst,33224,,
tg,rfd2.0,165478,165661,Herzog Karl von Württemberg.,0,–,XY,–,33224,,
tg,rfd2.0,165478,165661,Herzog Karl von Württemberg.,0,trag,FM,trag,33224,,
tg,rfd2.0,165478,165661,Herzog Karl von Württemberg.,0,',$[,--,33224,,
tg,rfd2.0,165478,165661,Herzog Karl von Württemberg.,0,Er,PPER,er,33224,,
tg,rfd2.0,165478,165661,Herzog Karl von Württemberg.,0,Sorge,NN,sorge,33224,,
tg,rfd2.0,165478,165661,Herzog Karl von Württemberg.,0,",","$,",--,33224,,
tg,rfd2.0,165478,165661,Herzog Karl von Württemberg.,0,Er,PPER,er,33224,,
tg,rfd2.0,165478,165661,Herzog Karl von Württemberg.,0,deklamierender,ADJA,deklamierend,33224,,
tg,rfd2.0,165478,165661,Herzog Karl von Württemberg.,0,Apostel,NN,apostel,33224,,
tg,rfd2.0,165478,165661,Herzog Karl von Württemberg.,0,Schubarts,NE,schubart,33224,,
tg,rfd2.0,165478,165661,Herzog Karl von Württemberg.,0,",","$,",--,33224,,
tg,rfd2.0,165478,165661,Herzog Karl von Württemberg.,0,für,APPR,für,33224,,
tg,rfd2.0,165478,165661,Herzog Karl von Württemberg.,0,seinen,PPOSAT,sein,33224,,
tg,rfd2.0,165478,165661,Herzog Karl von Württemberg.,0,eigenen,ADJA,eigen,33224,,
tg,rfd2.0,165478,165661,Herzog Karl von Württemberg.,0,Hals,NN,hals,33224,,
tg,rfd2.0,165478,165661,Herzog Karl von Württemberg.,0,und,KON,und,33224,,
tg,rfd2.0,165478,165661,Herzog Karl von Württemberg.,0,Kragen,NN,kragen,33224,,
tg,rfd2.0,165478,165661,Herzog Karl von Württemberg.,0,"!",$.,--,33224,,
tg,rfd2.0,165666,165749,"Laura, deren Pflegetochter.",3,Seien,VVIMP,seien,33224,,
tg,rfd2.0,165666,165749,"Laura, deren Pflegetochter.",3,Sie,PPER,sie,33224,,
tg,rfd2.0,165666,165749,"Laura, deren Pflegetochter.",3,gnädig,ADJD,gnädig,33224,,
tg,rfd2.0,165666,165749,"Laura, deren Pflegetochter.",3,",","$,",--,33224,,
tg,rfd2.0,165666,165749,"Laura, deren Pflegetochter.",3,Onkel,NN,onkel,33224,,
tg,rfd2.0,165666,165749,"Laura, deren Pflegetochter.",3,Durchlaucht,VVPP,durchlaucht,33224,,
tg,rfd2.0,165666,165749,"Laura, deren Pflegetochter.",3,.,$.,--,33224,,
tg,rfd2.0,165666,165749,"Laura, deren Pflegetochter.",3,Das,PDS,der,33224,,
tg,rfd2.0,165666,165749,"Laura, deren Pflegetochter.",3,ist,VAFIN,sein,33224,,
tg,rfd2.0,165666,165749,"Laura, deren Pflegetochter.",3,ein,ART,ein,33224,,
tg,rfd2.0,165666,165749,"Laura, deren Pflegetochter.",3,edler,ADJA,edl,33224,,
tg,rfd2.0,165666,165749,"Laura, deren Pflegetochter.",3,Mensch,NN,mensch,33224,,
tg,rfd2.0,165666,165749,"Laura, deren Pflegetochter.",3,"!",$.,--,33224,,
tg,rfd2.0,165754,165818,BLEISTIFT,31,Himmel,NN,himmel,33224,,
tg,rfd2.0,165754,165818,BLEISTIFT,31,Sakkerment,NN,sakkerment,33224,,
tg,rfd2.0,165754,165818,BLEISTIFT,31,"!",$.,--,33224,,
tg,rfd2.0,165754,165818,BLEISTIFT,31,Sie,PPER,sie,33224,,
tg,rfd2.0,165754,165818,BLEISTIFT,31,ruinieren,VVINF,ruinieren,33224,,
tg,rfd2.0,165754,165818,BLEISTIFT,31,mich,PPER,mich,33224,BLEISTIFT,31
tg,rfd2.0,165754,165818,BLEISTIFT,31,ja,ADV,ja,33224,,
tg,rfd2.0,165754,165818,BLEISTIFT,31,.,$.,--,33224,,
tg,rfd2.0,165823,165845,ALLE,30,Fräulein,NE,fräulein,33224,,
tg,rfd2.0,165823,165845,ALLE,30,Laura,NE,laura,33224,,
tg,rfd2.0,165823,165845,ALLE,30,"!",$.,--,33224,,
tg,rfd2.0,165850,165890,SCHILLER,29,Das,ART,der,33224,,
tg,rfd2.0,165850,165890,SCHILLER,29,Fräulein,NN,fräulein,33224,,
tg,rfd2.0,165850,165890,SCHILLER,29,",","$,",--,33224,,
tg,rfd2.0,165850,165890,SCHILLER,29,gütiger,ADJA,gütig,33224,,
tg,rfd2.0,165850,165890,SCHILLER,29,Himmel,NN,himmel,33224,,
tg,rfd2.0,165850,165890,SCHILLER,29,"!",$.,--,33224,,
tg,rfd2.0,165895,166061,Herzog Karl von Württemberg.,0,Was,PWS,was,33224,,
tg,rfd2.0,165895,166061,Herzog Karl von Württemberg.,0,ist,VAFIN,sein,33224,,
tg,rfd2.0,165895,166061,Herzog Karl von Württemberg.,0,das,PDS,der,33224,,
tg,rfd2.0,165895,166061,Herzog Karl von Württemberg.,0,",","$,",--,33224,,
tg,rfd2.0,165895,166061,Herzog Karl von Württemberg.,0,Mädchen,NN,mädchen,33224,,
tg,rfd2.0,165895,166061,Herzog Karl von Württemberg.,0,",","$,",--,33224,,
tg,rfd2.0,165895,166061,Herzog Karl von Württemberg.,0,in,APPR,in,33224,,
tg,rfd2.0,165895,166061,Herzog Karl von Württemberg.,0,dieser,PDAT,dieser,33224,,
tg,rfd2.0,165895,166061,Herzog Karl von Württemberg.,0,Maskerade,NN,maskerade,33224,,
tg,rfd2.0,165895,166061,Herzog Karl von Württemberg.,0,",","$,",--,33224,,
tg,rfd2.0,165895,166061,Herzog Karl von Württemberg.,0,was,PWS,was,33224,,
tg,rfd2.0,165895,166061,Herzog Karl von Württemberg.,0,unterstehst,VVFIN,unterstehen,33224,,
tg,rfd2.0,165895,166061,Herzog Karl von Württemberg.,0,du,PPER,du,33224,,
tg,rfd2.0,165895,166061,Herzog Karl von Württemberg.,0,dich,PRF,dich,33224,,
tg,rfd2.0,165895,166061,Herzog Karl von Württemberg.,0,?,$.,--,33224,,
tg,rfd2.0,165895,166061,Herzog Karl von Württemberg.,0,"!",$.,--,33224,,
tg,rfd2.0,165895,166061,Herzog Karl von Württemberg.,0,Weißt,VVFIN,weißen,33224,,
tg,rfd2.0,165895,166061,Herzog Karl von Württemberg.,0,du,PPER,du,33224,,
tg,rfd2.0,165895,166061,Herzog Karl von Württemberg.,0,denn,ADV,denn,33224,,
tg,rfd2.0,165895,166061,Herzog Karl von Württemberg.,0,nicht,PTKNEG,nicht,33224,,
tg,rfd2.0,165895,166061,Herzog Karl von Württemberg.,0,",","$,",--,33224,,
tg,rfd2.0,165895,166061,Herzog Karl von Württemberg.,0,daß,KOUS,daß,33224,,
tg,rfd2.0,165895,166061,Herzog Karl von Württemberg.,0,es,PPER,es,33224,,
tg,rfd2.0,165895,166061,Herzog Karl von Württemberg.,0,unanständig,ADJD,unanständig,33224,,
tg,rfd2.0,165895,166061,Herzog Karl von Württemberg.,0,ist,VAFIN,sein,33224,,
tg,rfd2.0,165895,166061,Herzog Karl von Württemberg.,0,",","$,",--,33224,,
tg,rfd2.0,165895,166061,Herzog Karl von Württemberg.,0,so,ADV,so,33224,,
tg,rfd2.0,165895,166061,Herzog Karl von Württemberg.,0,allein,ADV,allein,33224,,
tg,rfd2.0,165895,166061,Herzog Karl von Württemberg.,0,unter,APPR,unter,33224,,
tg,rfd2.0,165895,166061,Herzog Karl von Württemberg.,0,Mannsbildern,NN,mannsbild,33224,,
tg,rfd2.0,165895,166061,Herzog Karl von Württemberg.,0,umherzulaufen,VVINF,umherzulaufen,33224,,
tg,rfd2.0,165895,166061,Herzog Karl von Württemberg.,0,?,$.,--,33224,,
tg,rfd2.0,166066,166335,"Laura, deren Pflegetochter.",3,Ach,ITJ,ach,33224,,
tg,rfd2.0,166066,166335,"Laura, deren Pflegetochter.",3,",","$,",--,33224,,
tg,rfd2.0,166066,166335,"Laura, deren Pflegetochter.",3,Onkel,NN,onkel,33224,,
tg,rfd2.0,166066,166335,"Laura, deren Pflegetochter.",3,Durchlaucht,VVFIN,durchlaucht,33224,,
tg,rfd2.0,166066,166335,"Laura, deren Pflegetochter.",3,",","$,",--,33224,,
tg,rfd2.0,166066,166335,"Laura, deren Pflegetochter.",3,mir,PPER,sich,33224,"Laura, deren Pflegetochter.",3
tg,rfd2.0,166066,166335,"Laura, deren Pflegetochter.",3,ist,VAFIN,sein,33224,,
tg,rfd2.0,166066,166335,"Laura, deren Pflegetochter.",3,das,ART,der,33224,,
tg,rfd2.0,166066,166335,"Laura, deren Pflegetochter.",3,Herz,NN,herz,33224,,
tg,rfd2.0,166066,166335,"Laura, deren Pflegetochter.",3,so,ADV,so,33224,,
tg,rfd2.0,166066,166335,"Laura, deren Pflegetochter.",3,voll,ADJD,voll,33224,,
tg,rfd2.0,166066,166335,"Laura, deren Pflegetochter.",3,Mitleid,NN,mitleid,33224,,
tg,rfd2.0,166066,166335,"Laura, deren Pflegetochter.",3,und,KON,und,33224,,
tg,rfd2.0,166066,166335,"Laura, deren Pflegetochter.",3,guter,ADJA,gut,33224,,
tg,rfd2.0,166066,166335,"Laura, deren Pflegetochter.",3,Gedanken,NN,gedanke,33224,,
tg,rfd2.0,166066,166335,"Laura, deren Pflegetochter.",3,",","$,",--,33224,,
tg,rfd2.0,166066,166335,"Laura, deren Pflegetochter.",3,daß,KOUS,daß,33224,,
tg,rfd2.0,166066,166335,"Laura, deren Pflegetochter.",3,von,APPR,von,33224,,
tg,rfd2.0,166066,166335,"Laura, deren Pflegetochter.",3,so,ADV,so,33224,,
tg,rfd2.0,166066,166335,"Laura, deren Pflegetochter.",3,was,PWS,was,33224,,
tg,rfd2.0,166066,166335,"Laura, deren Pflegetochter.",3,gar,ADV,gar,33224,,
tg,rfd2.0,166066,166335,"Laura, deren Pflegetochter.",3,nicht,PTKNEG,nicht,33224,,
tg,rfd2.0,166066,166335,"Laura, deren Pflegetochter.",3,die,ART,der,33224,,
tg,rfd2.0,166066,166335,"Laura, deren Pflegetochter.",3,Rede,NN,rede,33224,,
tg,rfd2.0,166066,166335,"Laura, deren Pflegetochter.",3,sein,VAINF,sein,33224,,
tg,rfd2.0,166066,166335,"Laura, deren Pflegetochter.",3,kann,VMFIN,können,33224,,
tg,rfd2.0,166066,166335,"Laura, deren Pflegetochter.",3,.,$.,--,33224,,
tg,rfd2.0,166066,166335,"Laura, deren Pflegetochter.",3,Du,PPER,du,33224,,
tg,rfd2.0,166066,166335,"Laura, deren Pflegetochter.",3,aber,ADV,aber,33224,,
tg,rfd2.0,166066,166335,"Laura, deren Pflegetochter.",3,verkennst,VVPP,verkennen,33224,,
tg,rfd2.0,166066,166335,"Laura, deren Pflegetochter.",3,und,KON,und,33224,,
tg,rfd2.0,166066,166335,"Laura, deren Pflegetochter.",3,bedrohst,VVFIN,bedrohst,33224,,
tg,rfd2.0,166066,166335,"Laura, deren Pflegetochter.",3,da,ADV,da,33224,,
tg,rfd2.0,166066,166335,"Laura, deren Pflegetochter.",3,einen,ART,ein,33224,,
tg,rfd2.0,166066,166335,"Laura, deren Pflegetochter.",3,edlen,ADJA,edl,33224,,
tg,rfd2.0,166066,166335,"Laura, deren Pflegetochter.",3,Menschen,NN,mensch,33224,,
tg,rfd2.0,166066,166335,"Laura, deren Pflegetochter.",3,",","$,",--,33224,,
tg,rfd2.0,166066,166335,"Laura, deren Pflegetochter.",3,und,KON,und,33224,,
tg,rfd2.0,166066,166335,"Laura, deren Pflegetochter.",3,das,PDS,der,33224,,
tg,rfd2.0,166066,166335,"Laura, deren Pflegetochter.",3,schickt,VVFIN,schicken,33224,,
tg,rfd2.0,166066,166335,"Laura, deren Pflegetochter.",3,sich,PRF,sich,33224,,
tg,rfd2.0,166066,166335,"Laura, deren Pflegetochter.",3,nicht,PTKNEG,nicht,33224,,
tg,rfd2.0,166066,166335,"Laura, deren Pflegetochter.",3,für,APPR,für,33224,,
tg,rfd2.0,166066,166335,"Laura, deren Pflegetochter.",3,einen,ART,ein,33224,,
tg,rfd2.0,166066,166335,"Laura, deren Pflegetochter.",3,so,ADV,so,33224,,
tg,rfd2.0,166066,166335,"Laura, deren Pflegetochter.",3,guten,ADJA,gut,33224,,
tg,rfd2.0,166066,166335,"Laura, deren Pflegetochter.",3,Fürsten,NN,fürst,33224,,
tg,rfd2.0,166066,166335,"Laura, deren Pflegetochter.",3,",","$,",--,33224,,
tg,rfd2.0,166066,166335,"Laura, deren Pflegetochter.",3,wie,PWAV,wie,33224,,
tg,rfd2.0,166066,166335,"Laura, deren Pflegetochter.",3,du,PPER,du,33224,,
tg,rfd2.0,166066,166335,"Laura, deren Pflegetochter.",3,bist,VAFIN,sein,33224,,
tg,rfd2.0,166066,166335,"Laura, deren Pflegetochter.",3,und,KON,und,33224,,
tg,rfd2.0,166066,166335,"Laura, deren Pflegetochter.",3,sein,PPOSAT,sein,33224,,
tg,rfd2.0,166066,166335,"Laura, deren Pflegetochter.",3,sollst,ADJD,sollen,33224,,
tg,rfd2.0,166066,166335,"Laura, deren Pflegetochter.",3,"!",$.,--,33224,,
tg,rfd2.0,166340,166357,Herzog Karl von Württemberg.,0,Laura,NE,laura,33224,,
tg,rfd2.0,166340,166357,Herzog Karl von Württemberg.,0,–,ITJ,–,33224,,
tg,rfd2.0,166340,166357,Herzog Karl von Württemberg.,0,"!",$.,--,33224,,
tg,rfd2.0,166363,166410,SCHILLER,29,O,NE,O,33224,,
tg,rfd2.0,166363,166410,SCHILLER,29,welch,PWAT,welcher,33224,,
tg,rfd2.0,166363,166410,SCHILLER,29,ein,ART,ein,33224,,
tg,rfd2.0,166363,166410,SCHILLER,29,Engel,NN,engel,33224,,
tg,rfd2.0,166363,166410,SCHILLER,29,erscheint,VVFIN,erscheinen,33224,,
tg,rfd2.0,166363,166410,SCHILLER,29,für,APPR,für,33224,,
tg,rfd2.0,166363,166410,SCHILLER,29,uns,PPER,uns,33224,,
tg,rfd2.0,166363,166410,SCHILLER,29,"!",$.,--,33224,,
tg,rfd2.0,166415,166526,Herzog Karl von Württemberg.,0,Hauptmann,NE,hauptmann,33224,,
tg,rfd2.0,166415,166526,Herzog Karl von Württemberg.,0,",","$,",--,33224,,
tg,rfd2.0,166415,166526,Herzog Karl von Württemberg.,0,nehmt,VVFIN,nehmen,33224,,
tg,rfd2.0,166415,166526,Herzog Karl von Württemberg.,0,Ihr,PPOSAT,ihr,33224,,
tg,rfd2.0,166415,166526,Herzog Karl von Württemberg.,0,den,ART,der,33224,,
tg,rfd2.0,166415,166526,Herzog Karl von Württemberg.,0,groben,ADJA,grob,33224,,
tg,rfd2.0,166415,166526,Herzog Karl von Württemberg.,0,Mantel,NN,mantel,33224,,
tg,rfd2.0,166415,166526,Herzog Karl von Württemberg.,0,ab,PTKVZ,ab,33224,,
tg,rfd2.0,166415,166526,Herzog Karl von Württemberg.,0,"!",$.,--,33224,,
tg,rfd2.0,166415,166526,Herzog Karl von Württemberg.,0,Dieser,PDAT,dieser,33224,,
tg,rfd2.0,166415,166526,Herzog Karl von Württemberg.,0,tut's,FM,tut,33224,,
tg,rfd2.0,166415,166526,Herzog Karl von Württemberg.,0,",","$,",--,33224,,
tg,rfd2.0,166415,166526,Herzog Karl von Württemberg.,0,indem,KOUS,indem,33224,,
tg,rfd2.0,166415,166526,Herzog Karl von Württemberg.,0,er,PPER,er,33224,,
tg,rfd2.0,166415,166526,Herzog Karl von Württemberg.,0,rasch,ADJD,rasch,33224,,
tg,rfd2.0,166415,166526,Herzog Karl von Württemberg.,0,hinter,APPR,hinter,33224,,
tg,rfd2.0,166415,166526,Herzog Karl von Württemberg.,0,der,ART,der,33224,,
tg,rfd2.0,166415,166526,Herzog Karl von Württemberg.,0,Reihe,NN,reihe,33224,,
tg,rfd2.0,166415,166526,Herzog Karl von Württemberg.,0,zu,PTKZU,zu,33224,,
tg,rfd2.0,166415,166526,Herzog Karl von Württemberg.,0,ihr,PPER,ihr,33224,,
tg,rfd2.0,166415,166526,Herzog Karl von Württemberg.,0,kommt,VVFIN,kommen,33224,,
tg,rfd2.0,166415,166526,Herzog Karl von Württemberg.,0,.,$.,--,33224,,
tg,rfd2.0,166532,166691,"Laura, deren Pflegetochter.",3,Die,ART,der,33224,,
tg,rfd2.0,166532,166691,"Laura, deren Pflegetochter.",3,Tanten,NN,tante,33224,,
tg,rfd2.0,166532,166691,"Laura, deren Pflegetochter.",3,sagen's,VVFIN,sagen,33224,,
tg,rfd2.0,166532,166691,"Laura, deren Pflegetochter.",3,auch,ADV,auch,33224,,
tg,rfd2.0,166532,166691,"Laura, deren Pflegetochter.",3,beide,PIS,beide,33224,,
tg,rfd2.0,166532,166691,"Laura, deren Pflegetochter.",3,",","$,",--,33224,,
tg,rfd2.0,166532,166691,"Laura, deren Pflegetochter.",3,und,KON,und,33224,,
tg,rfd2.0,166532,166691,"Laura, deren Pflegetochter.",3,du,PPER,du,33224,,
tg,rfd2.0,166532,166691,"Laura, deren Pflegetochter.",3,wirst,VAFIN,werden,33224,,
tg,rfd2.0,166532,166691,"Laura, deren Pflegetochter.",3,schon,ADV,schon,33224,,
tg,rfd2.0,166532,166691,"Laura, deren Pflegetochter.",3,sehen,VVINF,sehen,33224,,
tg,rfd2.0,166532,166691,"Laura, deren Pflegetochter.",3,",","$,",--,33224,,
tg,rfd2.0,166532,166691,"Laura, deren Pflegetochter.",3,daß,KOUS,daß,33224,,
tg,rfd2.0,166532,166691,"Laura, deren Pflegetochter.",3,du,PPER,du,33224,,
tg,rfd2.0,166532,166691,"Laura, deren Pflegetochter.",3,Übles,ADJA,übles,33224,,
tg,rfd2.0,166532,166691,"Laura, deren Pflegetochter.",3,anrichtest,NN,anrichtest,33224,,
tg,rfd2.0,166532,166691,"Laura, deren Pflegetochter.",3,",","$,",--,33224,,
tg,rfd2.0,166532,166691,"Laura, deren Pflegetochter.",3,wenn,KOUS,wenn,33224,,
tg,rfd2.0,166532,166691,"Laura, deren Pflegetochter.",3,du,PPER,du,33224,,
tg,rfd2.0,166532,166691,"Laura, deren Pflegetochter.",3,auf,APPR,auf,33224,,
tg,rfd2.0,166532,166691,"Laura, deren Pflegetochter.",3,Tante,TRUNC,tante,33224,,
tg,rfd2.0,166532,166691,"Laura, deren Pflegetochter.",3,Franziska,NE,franziska,33224,,
tg,rfd2.0,166532,166691,"Laura, deren Pflegetochter.",3,nicht,PTKNEG,nicht,33224,,
tg,rfd2.0,166532,166691,"Laura, deren Pflegetochter.",3,hörst,VVFIN,hörst,33224,,
tg,rfd2.0,166532,166691,"Laura, deren Pflegetochter.",3,–,PPER,–,33224,,
tg,rfd2.0,166532,166691,"Laura, deren Pflegetochter.",3,sei,VAFIN,sein,33224,,
tg,rfd2.0,166532,166691,"Laura, deren Pflegetochter.",3,gut,ADJD,gut,33224,,
tg,rfd2.0,166532,166691,"Laura, deren Pflegetochter.",3,",","$,",--,33224,,
tg,rfd2.0,166532,166691,"Laura, deren Pflegetochter.",3,Onkel,NN,onkel,33224,,
tg,rfd2.0,166532,166691,"Laura, deren Pflegetochter.",3,Durchlaucht,VVPP,durchlaucht,33224,,
tg,rfd2.0,166532,166691,"Laura, deren Pflegetochter.",3,"!",$.,--,33224,,
tg,rfd2.0,166781,166921,Generalin Rieger.,2,Darf,VMFIN,dürfen,33224,,
tg,rfd2.0,166781,166921,Generalin Rieger.,2,man,PIS,man,33224,,
tg,rfd2.0,166781,166921,Generalin Rieger.,2,eintreten,VVINF,eintreten,33224,,
tg,rfd2.0,166781,166921,Generalin Rieger.,2,",","$,",--,33224,,
tg,rfd2.0,166781,166921,Generalin Rieger.,2,Durchlaucht,NN,durchlaucht,33224,,
tg,rfd2.0,166781,166921,Generalin Rieger.,2,",","$,",--,33224,,
tg,rfd2.0,166781,166921,Generalin Rieger.,2,ins,APPRART,in,33224,,
tg,rfd2.0,166781,166921,Generalin Rieger.,2,Kriminal,NN,kriminal,33224,,
tg,rfd2.0,166781,166921,Generalin Rieger.,2,?,$.,--,33224,,
tg,rfd2.0,166781,166921,Generalin Rieger.,2,Mein,PPOSAT,mein,33224,,
tg,rfd2.0,166781,166921,Generalin Rieger.,2,Auftrag,NN,auftrag,33224,,
tg,rfd2.0,166781,166921,Generalin Rieger.,2,leidet,VVFIN,leiden,33224,,
tg,rfd2.0,166781,166921,Generalin Rieger.,2,keinen,PIAT,kein,33224,,
tg,rfd2.0,166781,166921,Generalin Rieger.,2,Aufschub,NN,aufschub,33224,,
tg,rfd2.0,166781,166921,Generalin Rieger.,2,.,$.,--,33224,,
tg,rfd2.0,166926,167063,Herzog Karl von Württemberg.,0,Ei,NN,ei,33224,,
tg,rfd2.0,166926,167063,Herzog Karl von Württemberg.,0,Potztausend,NE,potztausend,33224,,
tg,rfd2.0,166926,167063,Herzog Karl von Württemberg.,0,",","$,",--,33224,,
tg,rfd2.0,166926,167063,Herzog Karl von Württemberg.,0,ihr,PPOSAT,ihr,33224,,
tg,rfd2.0,166926,167063,Herzog Karl von Württemberg.,0,Weiber,NN,weiber,33224,,
tg,rfd2.0,166926,167063,Herzog Karl von Württemberg.,0,überhebt,VVFIN,überheben,33224,,
tg,rfd2.0,166926,167063,Herzog Karl von Württemberg.,0,euch,PPER,euch,33224,,
tg,rfd2.0,166926,167063,Herzog Karl von Württemberg.,0,–,XY,–,33224,,
tg,rfd2.0,166926,167063,Herzog Karl von Württemberg.,0,das,PDS,der,33224,,
tg,rfd2.0,166926,167063,Herzog Karl von Württemberg.,0,ist,VAFIN,sein,33224,,
tg,rfd2.0,166926,167063,Herzog Karl von Württemberg.,0,nicht,PTKNEG,nicht,33224,,
tg,rfd2.0,166926,167063,Herzog Karl von Württemberg.,0,mein,PPOSAT,mein,33224,Herzog Karl von Württemberg.,0
tg,rfd2.0,166926,167063,Herzog Karl von Württemberg.,0,Geschmack,NN,geschmack,33224,,
tg,rfd2.0,166926,167063,Herzog Karl von Württemberg.,0,–,XY,–,33224,,
tg,rfd2.0,166926,167063,Herzog Karl von Württemberg.,0,wer,PWS,wer,33224,,
tg,rfd2.0,166926,167063,Herzog Karl von Württemberg.,0,erlaubt,VVPP,erlauben,33224,,
tg,rfd2.0,166926,167063,Herzog Karl von Württemberg.,0,Euch,PPER,euch,33224,,
tg,rfd2.0,166926,167063,Herzog Karl von Württemberg.,0,",","$,",--,33224,,
tg,rfd2.0,166926,167063,Herzog Karl von Württemberg.,0,Generalin,NE,generalin,33224,,
tg,rfd2.0,166926,167063,Herzog Karl von Württemberg.,0,Rieger,NE,rieger,33224,RIEGER,27
tg,rfd2.0,166926,167063,Herzog Karl von Württemberg.,0,",","$,",--,33224,,
tg,rfd2.0,166926,167063,Herzog Karl von Württemberg.,0,hierher,PROAV,hierher,33224,,
tg,rfd2.0,166926,167063,Herzog Karl von Württemberg.,0,zu,PTKZU,zu,33224,,
tg,rfd2.0,166926,167063,Herzog Karl von Württemberg.,0,kommen,VVINF,kommen,33224,,
tg,rfd2.0,166926,167063,Herzog Karl von Württemberg.,0,?,$.,--,33224,,
tg,rfd2.0,167068,167315,Generalin Rieger.,2,Na,ITJ,na,33224,,
tg,rfd2.0,167068,167315,Generalin Rieger.,2,",","$,",--,33224,,
tg,rfd2.0,167068,167315,Generalin Rieger.,2,na,ITJ,na,33224,,
tg,rfd2.0,167068,167315,Generalin Rieger.,2,"!",$.,--,33224,,
tg,rfd2.0,167068,167315,Generalin Rieger.,2,Das,PDS,der,33224,,
tg,rfd2.0,167068,167315,Generalin Rieger.,2,Allerdringendste,VVFIN,allerdringend,33224,,
tg,rfd2.0,167068,167315,Generalin Rieger.,2,"!",$.,--,33224,,
tg,rfd2.0,167068,167315,Generalin Rieger.,2,Eben,ADV,eben,33224,,
tg,rfd2.0,167068,167315,Generalin Rieger.,2,weil's,VVFIN,weil's,33224,,
tg,rfd2.0,167068,167315,Generalin Rieger.,2,hier,ADV,hier,33224,,
tg,rfd2.0,167068,167315,Generalin Rieger.,2,gefährlich,ADJD,gefährlich,33224,,
tg,rfd2.0,167068,167315,Generalin Rieger.,2,zugehen,VVINF,zugehen,33224,,
tg,rfd2.0,167068,167315,Generalin Rieger.,2,soll,VMFIN,sollen,33224,,
tg,rfd2.0,167068,167315,Generalin Rieger.,2,",","$,",--,33224,,
tg,rfd2.0,167068,167315,Generalin Rieger.,2,mochte,VVFIN,mögen,33224,,
tg,rfd2.0,167068,167315,Generalin Rieger.,2,die,ART,der,33224,,
tg,rfd2.0,167068,167315,Generalin Rieger.,2,Frau,NN,frau,33224,,
tg,rfd2.0,167068,167315,Generalin Rieger.,2,Gräfin,NE,gräfin,33224,,
tg,rfd2.0,167068,167315,Generalin Rieger.,2,keinen,PIAT,kein,33224,,
tg,rfd2.0,167068,167315,Generalin Rieger.,2,Beamten,NN,beamter,33224,,
tg,rfd2.0,167068,167315,Generalin Rieger.,2,schicken,VVINF,schicken,33224,,
tg,rfd2.0,167068,167315,Generalin Rieger.,2,",","$,",--,33224,,
tg,rfd2.0,167068,167315,Generalin Rieger.,2,damit,KOUS,damit,33224,,
tg,rfd2.0,167068,167315,Generalin Rieger.,2,er,PPER,er,33224,,
tg,rfd2.0,167068,167315,Generalin Rieger.,2,nicht,PTKNEG,nicht,33224,,
tg,rfd2.0,167068,167315,Generalin Rieger.,2,ungeschickt,ADJD,ungeschickt,33224,,
tg,rfd2.0,167068,167315,Generalin Rieger.,2,in,APPR,in,33224,,
tg,rfd2.0,167068,167315,Generalin Rieger.,2,ein,ART,ein,33224,,
tg,rfd2.0,167068,167315,Generalin Rieger.,2,falsches,ADJA,falsch,33224,,
tg,rfd2.0,167068,167315,Generalin Rieger.,2,Haus,NN,haus,33224,,
tg,rfd2.0,167068,167315,Generalin Rieger.,2,platze,VVFIN,platzen,33224,,
tg,rfd2.0,167068,167315,Generalin Rieger.,2,",","$,",--,33224,,
tg,rfd2.0,167068,167315,Generalin Rieger.,2,und,KON,und,33224,,
tg,rfd2.0,167068,167315,Generalin Rieger.,2,deshalb,PROAV,deshalb,33224,,
tg,rfd2.0,167068,167315,Generalin Rieger.,2,hab,VAFIN,hab,33224,,
tg,rfd2.0,167068,167315,Generalin Rieger.,2,ich's,PPER,ich's,33224,,
tg,rfd2.0,167068,167315,Generalin Rieger.,2,übernommen,VVPP,übernehmen,33224,,
tg,rfd2.0,167068,167315,Generalin Rieger.,2,.,$.,--,33224,,
tg,rfd2.0,167068,167315,Generalin Rieger.,2,Undank,NE,undank,33224,,
tg,rfd2.0,167068,167315,Generalin Rieger.,2,ist,VAFIN,sein,33224,,
tg,rfd2.0,167068,167315,Generalin Rieger.,2,der,ART,der,33224,,
tg,rfd2.0,167068,167315,Generalin Rieger.,2,Welt,NN,welt,33224,,
tg,rfd2.0,167068,167315,Generalin Rieger.,2,Lohn,NN,lohn,33224,,
tg,rfd2.0,167068,167315,Generalin Rieger.,2,.,$.,--,33224,,
tg,rfd2.0,167320,167334,Herzog Karl von Württemberg.,0,Kurz,ADJD,kurz,33224,,
tg,rfd2.0,167320,167334,Herzog Karl von Württemberg.,0,"!",$.,--,33224,,
tg,rfd2.0,167339,167458,Generalin Rieger.,2,Kurz,ADJD,kurz,33224,,
tg,rfd2.0,167339,167458,Generalin Rieger.,2,–,VVFIN,–,33224,,
tg,rfd2.0,167339,167458,Generalin Rieger.,2,es,PPER,es,33224,,
tg,rfd2.0,167339,167458,Generalin Rieger.,2,kommt,VVFIN,kommen,33224,,
tg,rfd2.0,167339,167458,Generalin Rieger.,2,Kurier,NN,kurier,33224,,
tg,rfd2.0,167339,167458,Generalin Rieger.,2,auf,APPR,auf,33224,,
tg,rfd2.0,167339,167458,Generalin Rieger.,2,Kurier,NN,kurier,33224,,
tg,rfd2.0,167339,167458,Generalin Rieger.,2,",","$,",--,33224,,
tg,rfd2.0,167339,167458,Generalin Rieger.,2,der,ART,der,33224,,
tg,rfd2.0,167339,167458,Generalin Rieger.,2,Großfürst,NN,großfürst,33224,,
tg,rfd2.0,167339,167458,Generalin Rieger.,2,von,APPR,von,33224,,
tg,rfd2.0,167339,167458,Generalin Rieger.,2,Rußland,NE,rußland,33224,,
tg,rfd2.0,167339,167458,Generalin Rieger.,2,können,VMFIN,können,33224,,
tg,rfd2.0,167339,167458,Generalin Rieger.,2,nächste,ADJA,nächster,33224,,
tg,rfd2.0,167339,167458,Generalin Rieger.,2,Minute,NN,minute,33224,,
tg,rfd2.0,167339,167458,Generalin Rieger.,2,im,APPRART,in,33224,,
tg,rfd2.0,167339,167458,Generalin Rieger.,2,Schloßhofe,NN,schloßhof,33224,,
tg,rfd2.0,167339,167458,Generalin Rieger.,2,vorfahren,VVINF,vorfahren,33224,,
tg,rfd2.0,167339,167458,Generalin Rieger.,2,"!",$.,--,33224,,
tg,rfd2.0,167463,167594,Herzog Karl von Württemberg.,0,Blitz,NE,blitz,33224,,
tg,rfd2.0,167463,167594,Herzog Karl von Württemberg.,0,",","$,",--,33224,,
tg,rfd2.0,167463,167594,Herzog Karl von Württemberg.,0,das,PDS,der,33224,,
tg,rfd2.0,167463,167594,Herzog Karl von Württemberg.,0,ist,VAFIN,sein,33224,,
tg,rfd2.0,167463,167594,Herzog Karl von Württemberg.,0,was,PWS,was,33224,,
tg,rfd2.0,167463,167594,Herzog Karl von Württemberg.,0,andres,ADJA,andres,33224,,
tg,rfd2.0,167463,167594,Herzog Karl von Württemberg.,0,"!",$.,--,33224,,
tg,rfd2.0,167463,167594,Herzog Karl von Württemberg.,0,–,XY,–,33224,,
tg,rfd2.0,167463,167594,Herzog Karl von Württemberg.,0,Hauptmann,NE,hauptmann,33224,,
tg,rfd2.0,167463,167594,Herzog Karl von Württemberg.,0,Silberkalb,NE,silberkalb,33224,,
tg,rfd2.0,167463,167594,Herzog Karl von Württemberg.,0,"!",$.,--,33224,,
tg,rfd2.0,167463,167594,Herzog Karl von Württemberg.,0,Zu,APPR,zu,33224,,
tg,rfd2.0,167463,167594,Herzog Karl von Württemberg.,0,den,ART,der,33224,,
tg,rfd2.0,167463,167594,Herzog Karl von Württemberg.,0,Anordnungen,NN,anordnung,33224,,
tg,rfd2.0,167463,167594,Herzog Karl von Württemberg.,0,hinüber,ADV,hinüber,33224,,
tg,rfd2.0,167463,167594,Herzog Karl von Württemberg.,0,–,XY,–,33224,,
tg,rfd2.0,167463,167594,Herzog Karl von Württemberg.,0,große,ADJA,groß,33224,,
tg,rfd2.0,167463,167594,Herzog Karl von Württemberg.,0,Tafel,NN,tafel,33224,,
tg,rfd2.0,167463,167594,Herzog Karl von Württemberg.,0,anrichten,VVINF,anrichten,33224,,
tg,rfd2.0,167463,167594,Herzog Karl von Württemberg.,0,"!",$.,--,33224,,
tg,rfd2.0,167463,167594,Herzog Karl von Württemberg.,0,–,XY,–,33224,,
tg,rfd2.0,167463,167594,Herzog Karl von Württemberg.,0,Alles,PIS,alle,33224,,
tg,rfd2.0,167463,167594,Herzog Karl von Württemberg.,0,beleuchten,VVINF,beleuchten,33224,,
tg,rfd2.0,167463,167594,Herzog Karl von Württemberg.,0,"!",$.,--,33224,,
tg,rfd2.0,167599,167627,"Hauptmann von Silberkalb, Kammerherr.",5,Zu,APPR,zu,33224,,
tg,rfd2.0,167599,167627,"Hauptmann von Silberkalb, Kammerherr.",5,Befehl,NN,befehl,33224,,
tg,rfd2.0,167599,167627,"Hauptmann von Silberkalb, Kammerherr.",5,.,$.,--,33224,,
tg,rfd2.0,167599,167627,"Hauptmann von Silberkalb, Kammerherr.",5,Geht,VVFIN,gehen,33224,,
tg,rfd2.0,167599,167627,"Hauptmann von Silberkalb, Kammerherr.",5,.,$.,--,33224,,
tg,rfd2.0,167633,167723,Herzog Karl von Württemberg.,0,Noch,ADV,noch,33224,,
tg,rfd2.0,167633,167723,Herzog Karl von Württemberg.,0,eins,CARD,einer,33224,,
tg,rfd2.0,167633,167723,Herzog Karl von Württemberg.,0,"!",$.,--,33224,,
tg,rfd2.0,167633,167723,Herzog Karl von Württemberg.,0,Er,PPER,er,33224,,
tg,rfd2.0,167633,167723,Herzog Karl von Württemberg.,0,betrachtet,VVFIN,betrachten,33224,,
tg,rfd2.0,167633,167723,Herzog Karl von Württemberg.,0,einen,ART,ein,33224,,
tg,rfd2.0,167633,167723,Herzog Karl von Württemberg.,0,Augenblick,NN,augenblick,33224,,
tg,rfd2.0,167633,167723,Herzog Karl von Württemberg.,0,Laura,NE,laura,33224,,
tg,rfd2.0,167633,167723,Herzog Karl von Württemberg.,0,und,KON,und,33224,,
tg,rfd2.0,167633,167723,Herzog Karl von Württemberg.,0,geht,VVFIN,gehen,33224,,
tg,rfd2.0,167633,167723,Herzog Karl von Württemberg.,0,dann,ADV,dann,33224,,
tg,rfd2.0,167633,167723,Herzog Karl von Württemberg.,0,zu,APPR,zu,33224,,
tg,rfd2.0,167633,167723,Herzog Karl von Württemberg.,0,ihm,PPER,ihm,33224,,
tg,rfd2.0,167633,167723,Herzog Karl von Württemberg.,0,nach,APPR,nach,33224,,
tg,rfd2.0,167633,167723,Herzog Karl von Württemberg.,0,hinten,ADV,hinten,33224,,
tg,rfd2.0,167633,167723,Herzog Karl von Württemberg.,0,.,$.,--,33224,,
tg,rfd2.0,167729,167795,Generalin Rieger.,2,Na,ITJ,na,33224,,
tg,rfd2.0,167729,167795,Generalin Rieger.,2,",","$,",--,33224,,
tg,rfd2.0,167729,167795,Generalin Rieger.,2,wie,PWAV,wie,33224,,
tg,rfd2.0,167729,167795,Generalin Rieger.,2,steht's,ADV,steht,33224,,
tg,rfd2.0,167729,167795,Generalin Rieger.,2,–,XY,–,33224,,
tg,rfd2.0,167729,167795,Generalin Rieger.,2,das,PDS,der,33224,,
tg,rfd2.0,167729,167795,Generalin Rieger.,2,scheint,VVFIN,scheinen,33224,,
tg,rfd2.0,167729,167795,Generalin Rieger.,2,ja,ADV,ja,33224,,
tg,rfd2.0,167729,167795,Generalin Rieger.,2,mißlungen,VVPP,ßlingen,33224,,
tg,rfd2.0,167729,167795,Generalin Rieger.,2,.,$.,--,33224,,
tg,rfd2.0,167800,167818,"Laura, deren Pflegetochter.",3,Mißlungen,NN,mißlung,33224,,
tg,rfd2.0,167800,167818,"Laura, deren Pflegetochter.",3,"!",$.,--,33224,,
tg,rfd2.0,167823,167841,Generalin Rieger.,2,O,NE,O,33224,,
tg,rfd2.0,167823,167841,Generalin Rieger.,2,weh,ADV,weh,33224,,
tg,rfd2.0,167823,167841,Generalin Rieger.,2,"!",$.,--,33224,,
tg,rfd2.0,167846,167921,"Laura, deren Pflegetochter.",3,Habt,NE,haben,33224,,
tg,rfd2.0,167846,167921,"Laura, deren Pflegetochter.",3,ihr,PPOSAT,ihr,33224,,
tg,rfd2.0,167846,167921,"Laura, deren Pflegetochter.",3,denn,KON,denn,33224,,
tg,rfd2.0,167846,167921,"Laura, deren Pflegetochter.",3,meinen,PPOSAT,mein,33224,"Laura, deren Pflegetochter.",3
tg,rfd2.0,167846,167921,"Laura, deren Pflegetochter.",3,Zettel,NN,zettel,33224,,
tg,rfd2.0,167846,167921,"Laura, deren Pflegetochter.",3,nicht,PTKNEG,nicht,33224,,
tg,rfd2.0,167846,167921,"Laura, deren Pflegetochter.",3,gelesen,VVPP,lesen,33224,,
tg,rfd2.0,167846,167921,"Laura, deren Pflegetochter.",3,",","$,",--,33224,,
tg,rfd2.0,167846,167921,"Laura, deren Pflegetochter.",3,mein,PPOSAT,mein,33224,"Laura, deren Pflegetochter.",3
tg,rfd2.0,167846,167921,"Laura, deren Pflegetochter.",3,Rufen,NN,rufen,33224,,
tg,rfd2.0,167846,167921,"Laura, deren Pflegetochter.",3,nicht,PTKNEG,nicht,33224,,
tg,rfd2.0,167846,167921,"Laura, deren Pflegetochter.",3,gehört,VVFIN,gehören,33224,,
tg,rfd2.0,167846,167921,"Laura, deren Pflegetochter.",3,?,$.,--,33224,,
tg,rfd2.0,167926,167972,KOCH,20,Sie,PPER,sie,33224,,
tg,rfd2.0,167926,167972,KOCH,20,haben,VAFIN,haben,33224,,
tg,rfd2.0,167926,167972,KOCH,20,gerufen,VVPP,rufen,33224,,
tg,rfd2.0,167926,167972,KOCH,20,–,VAFIN,–,33224,,
tg,rfd2.0,167926,167972,KOCH,20,die,ART,der,33224,,
tg,rfd2.0,167926,167972,KOCH,20,dünne,ADJA,dünn,33224,,
tg,rfd2.0,167926,167972,KOCH,20,Stimme,NN,stimme,33224,,
tg,rfd2.0,167926,167972,KOCH,20,–,XY,–,33224,,
tg,rfd2.0,167926,167972,KOCH,20,?,$.,--,33224,,
tg,rfd2.0,167977,168013,SCHILLER,29,Sie,PPER,sie,33224,,
tg,rfd2.0,167977,168013,SCHILLER,29,",","$,",--,33224,,
tg,rfd2.0,167977,168013,SCHILLER,29,gnädiges,ADJA,gnädig,33224,,
tg,rfd2.0,167977,168013,SCHILLER,29,Fräulein,NN,fräulein,33224,,
tg,rfd2.0,167977,168013,SCHILLER,29,–,XY,–,33224,,
tg,rfd2.0,167977,168013,SCHILLER,29,?,$.,--,33224,,
tg,rfd2.0,168019,168091,KOCH,20,Waren,VAFIN,sein,33224,,
tg,rfd2.0,168019,168091,KOCH,20,Sie,PPER,sie,33224,,
tg,rfd2.0,168019,168091,KOCH,20,?,$.,--,33224,,
tg,rfd2.0,168019,168091,KOCH,20,Dann,ADV,dann,33224,,
tg,rfd2.0,168019,168091,KOCH,20,haben,VAFIN,haben,33224,,
tg,rfd2.0,168019,168091,KOCH,20,Sie,PPER,sie,33224,,
tg,rfd2.0,168019,168091,KOCH,20,auch,ADV,auch,33224,,
tg,rfd2.0,168019,168091,KOCH,20,die,ART,der,33224,,
tg,rfd2.0,168019,168091,KOCH,20,Bücher,NN,buch,33224,,
tg,rfd2.0,168019,168091,KOCH,20,auf,APPR,auf,33224,,
tg,rfd2.0,168019,168091,KOCH,20,die,ART,der,33224,,
tg,rfd2.0,168019,168091,KOCH,20,Seite,NN,seite,33224,,
tg,rfd2.0,168019,168091,KOCH,20,gebracht,VVPP,bringen,33224,,
tg,rfd2.0,168019,168091,KOCH,20,"!",$.,--,33224,,
tg,rfd2.0,168096,168107,"Laura, deren Pflegetochter.",3,Ja,NN,ja,33224,,
tg,rfd2.0,168096,168107,"Laura, deren Pflegetochter.",3,.,$.,--,33224,,
tg,rfd2.0,168112,168144,Generalin Rieger.,2,Wo,PWAV,wo,33224,,
tg,rfd2.0,168112,168144,Generalin Rieger.,2,hast,VAFIN,haben,33224,,
tg,rfd2.0,168112,168144,Generalin Rieger.,2,du,PPER,du,33224,,
tg,rfd2.0,168112,168144,Generalin Rieger.,2,sie,PPER,sie,33224,,
tg,rfd2.0,168112,168144,Generalin Rieger.,2,denn,ADV,denn,33224,,
tg,rfd2.0,168112,168144,Generalin Rieger.,2,?,$.,--,33224,,
tg,rfd2.0,168149,168238,"Laura, deren Pflegetochter.",3,Ach,ITJ,ach,33224,,
tg,rfd2.0,168149,168238,"Laura, deren Pflegetochter.",3,du,PPER,du,33224,,
tg,rfd2.0,168149,168238,"Laura, deren Pflegetochter.",3,mein,PPOSAT,mein,33224,"Laura, deren Pflegetochter.",3
tg,rfd2.0,168149,168238,"Laura, deren Pflegetochter.",3,Himmel,NN,himmel,33224,,
tg,rfd2.0,168149,168238,"Laura, deren Pflegetochter.",3,",","$,",--,33224,,
tg,rfd2.0,168149,168238,"Laura, deren Pflegetochter.",3,sie,PPER,sie,33224,,
tg,rfd2.0,168149,168238,"Laura, deren Pflegetochter.",3,stecken,VVFIN,stecken,33224,,
tg,rfd2.0,168149,168238,"Laura, deren Pflegetochter.",3,in,APPR,in,33224,,
tg,rfd2.0,168149,168238,"Laura, deren Pflegetochter.",3,dem,ART,der,33224,,
tg,rfd2.0,168149,168238,"Laura, deren Pflegetochter.",3,Mantel,NN,mantel,33224,,
tg,rfd2.0,168149,168238,"Laura, deren Pflegetochter.",3,",","$,",--,33224,,
tg,rfd2.0,168149,168238,"Laura, deren Pflegetochter.",3,den,PRELS,der,33224,,
tg,rfd2.0,168149,168238,"Laura, deren Pflegetochter.",3,der,ART,der,33224,,
tg,rfd2.0,168149,168238,"Laura, deren Pflegetochter.",3,Hauptmann,NN,hauptmann,33224,,
tg,rfd2.0,168149,168238,"Laura, deren Pflegetochter.",3,–,XY,–,33224,,
tg,rfd2.0,168243,168293,KOCH,20,Um,KOUI,um,33224,,
tg,rfd2.0,168243,168293,KOCH,20,Gottes,NN,gott,33224,,
tg,rfd2.0,168243,168293,KOCH,20,willen,APZR,willen,33224,,
tg,rfd2.0,168243,168293,KOCH,20,",","$,",--,33224,,
tg,rfd2.0,168243,168293,KOCH,20,es,PPER,es,33224,,
tg,rfd2.0,168243,168293,KOCH,20,sind,VAFIN,sein,33224,,
tg,rfd2.0,168243,168293,KOCH,20,die,ART,der,33224,,
tg,rfd2.0,168243,168293,KOCH,20,Räuber,NN,räuber,33224,,
tg,rfd2.0,168243,168293,KOCH,20,darin,PROAV,darin,33224,,
tg,rfd2.0,168243,168293,KOCH,20,.,$.,--,33224,,
tg,rfd2.0,168298,168322,Generalin Rieger.,2,Was,PWS,was,33224,,
tg,rfd2.0,168298,168322,Generalin Rieger.,2,",","$,",--,33224,,
tg,rfd2.0,168298,168322,Generalin Rieger.,2,Räuber,NN,räuber,33224,,
tg,rfd2.0,168298,168322,Generalin Rieger.,2,?,$.,--,33224,,
tg,rfd2.0,168327,168414,SCHILLER,29,Verehrungswürdige,NN,verehrungswürdig,33224,,
tg,rfd2.0,168327,168414,SCHILLER,29,",","$,",--,33224,,
tg,rfd2.0,168327,168414,SCHILLER,29,ein,ART,ein,33224,,
tg,rfd2.0,168327,168414,SCHILLER,29,Buch,NN,buch,33224,,
tg,rfd2.0,168327,168414,SCHILLER,29,",","$,",--,33224,,
tg,rfd2.0,168327,168414,SCHILLER,29,das,PRELS,der,33224,,
tg,rfd2.0,168327,168414,SCHILLER,29,dem,ART,der,33224,,
tg,rfd2.0,168327,168414,SCHILLER,29,Herzoge,NN,herzoge,33224,,
tg,rfd2.0,168327,168414,SCHILLER,29,nicht,PTKNEG,nicht,33224,,
tg,rfd2.0,168327,168414,SCHILLER,29,in,APPR,in,33224,,
tg,rfd2.0,168327,168414,SCHILLER,29,die,ART,der,33224,,
tg,rfd2.0,168327,168414,SCHILLER,29,Hände,NN,hand,33224,,
tg,rfd2.0,168327,168414,SCHILLER,29,fallen,VVINF,fallen,33224,,
tg,rfd2.0,168327,168414,SCHILLER,29,darf,VMFIN,dürfen,33224,,
tg,rfd2.0,168327,168414,SCHILLER,29,"!",$.,--,33224,,
tg,rfd2.0,168419,168437,KOCH,20,Den,ART,der,33224,,
tg,rfd2.0,168419,168437,KOCH,20,Mantel,NN,mantel,33224,,
tg,rfd2.0,168419,168437,KOCH,20,"!",$.,--,33224,,
tg,rfd2.0,168442,168461,"Laura, deren Pflegetochter.",3,Den,ART,der,33224,,
tg,rfd2.0,168442,168461,"Laura, deren Pflegetochter.",3,Mantel,NN,mantel,33224,,
tg,rfd2.0,168442,168461,"Laura, deren Pflegetochter.",3,.,$.,--,33224,,
tg,rfd2.0,168466,168697,Generalin Rieger.,2,Also,ADV,also,33224,,
tg,rfd2.0,168466,168697,Generalin Rieger.,2,den,ART,der,33224,,
tg,rfd2.0,168466,168697,Generalin Rieger.,2,Mantel,NN,mantel,33224,,
tg,rfd2.0,168466,168697,Generalin Rieger.,2,müssen,VMFIN,müssen,33224,,
tg,rfd2.0,168466,168697,Generalin Rieger.,2,wir,PPER,wir,33224,,
tg,rfd2.0,168466,168697,Generalin Rieger.,2,erobern,VVINF,erobern,33224,,
tg,rfd2.0,168466,168697,Generalin Rieger.,2,",","$,",--,33224,,
tg,rfd2.0,168466,168697,Generalin Rieger.,2,der,ART,der,33224,,
tg,rfd2.0,168466,168697,Generalin Rieger.,2,Hauptmann,NN,hauptmann,33224,,
tg,rfd2.0,168466,168697,Generalin Rieger.,2,wird,VAFIN,werden,33224,,
tg,rfd2.0,168466,168697,Generalin Rieger.,2,jetzt,ADV,jetzt,33224,,
tg,rfd2.0,168466,168697,Generalin Rieger.,2,nicht,PTKNEG,nicht,33224,,
tg,rfd2.0,168466,168697,Generalin Rieger.,2,zum,APPRART,zu,33224,,
tg,rfd2.0,168466,168697,Generalin Rieger.,2,Visitieren,NN,visitieren,33224,,
tg,rfd2.0,168466,168697,Generalin Rieger.,2,der,ART,der,33224,,
tg,rfd2.0,168466,168697,Generalin Rieger.,2,Taschen,NN,tasche,33224,,
tg,rfd2.0,168466,168697,Generalin Rieger.,2,kommen,VVINF,kommen,33224,,
tg,rfd2.0,168466,168697,Generalin Rieger.,2,"!",$.,--,33224,,
tg,rfd2.0,168466,168697,Generalin Rieger.,2,–,XY,–,33224,,
tg,rfd2.0,168466,168697,Generalin Rieger.,2,Still,NE,still,33224,,
tg,rfd2.0,168466,168697,Generalin Rieger.,2,",","$,",--,33224,,
tg,rfd2.0,168466,168697,Generalin Rieger.,2,der,PRELS,der,33224,,
tg,rfd2.0,168466,168697,Generalin Rieger.,2,Herzog,NE,herzog,33224,,
tg,rfd2.0,168466,168697,Generalin Rieger.,2,"!",$.,--,33224,,
tg,rfd2.0,168466,168697,Generalin Rieger.,2,Wenn,KOUS,wenn,33224,,
tg,rfd2.0,168466,168697,Generalin Rieger.,2,sein,PPOSAT,sein,33224,,
tg,rfd2.0,168466,168697,Generalin Rieger.,2,Gesicht,NN,gesicht,33224,,
tg,rfd2.0,168466,168697,Generalin Rieger.,2,so,ADV,so,33224,,
tg,rfd2.0,168466,168697,Generalin Rieger.,2,aussieht,VVFIN,aussehen,33224,,
tg,rfd2.0,168466,168697,Generalin Rieger.,2,",","$,",--,33224,,
tg,rfd2.0,168466,168697,Generalin Rieger.,2,dann,ADV,dann,33224,,
tg,rfd2.0,168466,168697,Generalin Rieger.,2,ist,VAFIN,sein,33224,,
tg,rfd2.0,168466,168697,Generalin Rieger.,2,nichts,PIS,nichts,33224,,
tg,rfd2.0,168466,168697,Generalin Rieger.,2,Gutes,NN,gute,33224,,
tg,rfd2.0,168466,168697,Generalin Rieger.,2,zu,PTKZU,zu,33224,,
tg,rfd2.0,168466,168697,Generalin Rieger.,2,erwarten,VVINF,erwarten,33224,,
tg,rfd2.0,168466,168697,Generalin Rieger.,2,.,$.,--,33224,,
tg,rfd2.0,168466,168697,Generalin Rieger.,2,Hauptmann,NE,hauptmann,33224,,
tg,rfd2.0,168466,168697,Generalin Rieger.,2,links,ADV,links,33224,,
tg,rfd2.0,168466,168697,Generalin Rieger.,2,ab,PTKVZ,ab,33224,,
tg,rfd2.0,168466,168697,Generalin Rieger.,2,.,$.,--,33224,,
tg,rfd2.0,168703,168739,Herzog Karl von Württemberg.,0,Sergeant,ADJD,sergeant,33224,,
tg,rfd2.0,168703,168739,Herzog Karl von Württemberg.,0,"!",$.,--,33224,,
tg,rfd2.0,168744,168842,BLEISTIFT,31,Sire,NE,sire,33224,,
tg,rfd2.0,168744,168842,BLEISTIFT,31,.,$.,--,33224,,
tg,rfd2.0,168744,168842,BLEISTIFT,31,Halb,ADJD,halb,33224,,
tg,rfd2.0,168744,168842,BLEISTIFT,31,auf,APPR,auf,33224,,
tg,rfd2.0,168744,168842,BLEISTIFT,31,den,ART,der,33224,,
tg,rfd2.0,168744,168842,BLEISTIFT,31,Kamin,NN,kamin,33224,,
tg,rfd2.0,168744,168842,BLEISTIFT,31,blickend,ADJD,blickend,33224,,
tg,rfd2.0,168744,168842,BLEISTIFT,31,",","$,",--,33224,,
tg,rfd2.0,168744,168842,BLEISTIFT,31,wo,PWAV,wo,33224,,
tg,rfd2.0,168744,168842,BLEISTIFT,31,er,PPER,er,33224,,
tg,rfd2.0,168744,168842,BLEISTIFT,31,fortwährend,ADJD,fortwährend,33224,,
tg,rfd2.0,168744,168842,BLEISTIFT,31,seinen,PPOSAT,sein,33224,,
tg,rfd2.0,168744,168842,BLEISTIFT,31,Sohn,NN,sohn,33224,,
tg,rfd2.0,168744,168842,BLEISTIFT,31,zu,PTKZU,zu,33224,,
tg,rfd2.0,168744,168842,BLEISTIFT,31,decken,VVINF,decken,33224,,
tg,rfd2.0,168744,168842,BLEISTIFT,31,getrachtet,VVPP,trachten,33224,,
tg,rfd2.0,168744,168842,BLEISTIFT,31,.,$.,--,33224,,
tg,rfd2.0,168848,168936,Herzog Karl von Württemberg.,0,Zähl,NE,zähl,33224,,
tg,rfd2.0,168848,168936,Herzog Karl von Württemberg.,0,',$[,--,33224,,
tg,rfd2.0,168848,168936,Herzog Karl von Württemberg.,0,Er,PPER,er,33224,,
tg,rfd2.0,168848,168936,Herzog Karl von Württemberg.,0,sich,PRF,sich,33224,,
tg,rfd2.0,168848,168936,Herzog Karl von Württemberg.,0,die,ART,der,33224,,
tg,rfd2.0,168848,168936,Herzog Karl von Württemberg.,0,Leute,NN,leute,33224,,
tg,rfd2.0,168848,168936,Herzog Karl von Württemberg.,0,",","$,",--,33224,,
tg,rfd2.0,168848,168936,Herzog Karl von Württemberg.,0,Er,PPER,er,33224,,
tg,rfd2.0,168848,168936,Herzog Karl von Württemberg.,0,wird,VAFIN,werden,33224,,
tg,rfd2.0,168848,168936,Herzog Karl von Württemberg.,0,Sie,PPER,sie,33224,,
tg,rfd2.0,168848,168936,Herzog Karl von Württemberg.,0,hinüber,ADV,hinüber,33224,,
tg,rfd2.0,168848,168936,Herzog Karl von Württemberg.,0,in,APPR,in,33224,,
tg,rfd2.0,168848,168936,Herzog Karl von Württemberg.,0,den,ART,der,33224,,
tg,rfd2.0,168848,168936,Herzog Karl von Württemberg.,0,gelben,ADJA,gelb,33224,,
tg,rfd2.0,168848,168936,Herzog Karl von Württemberg.,0,Saal,NN,saal,33224,,
tg,rfd2.0,168848,168936,Herzog Karl von Württemberg.,0,transportieren,VVINF,transportieren,33224,,
tg,rfd2.0,168848,168936,Herzog Karl von Württemberg.,0,.,$.,--,33224,,
tg,rfd2.0,168941,169040,BLEISTIFT,31,Eins,CARD,eins,33224,,
tg,rfd2.0,168941,169040,BLEISTIFT,31,",","$,",--,33224,,
tg,rfd2.0,168941,169040,BLEISTIFT,31,zwei,CARD,zwei,33224,,
tg,rfd2.0,168941,169040,BLEISTIFT,31,",","$,",--,33224,,
tg,rfd2.0,168941,169040,BLEISTIFT,31,drei,CARD,drei,33224,,
tg,rfd2.0,168941,169040,BLEISTIFT,31,–,XY,–,33224,,
tg,rfd2.0,168941,169040,BLEISTIFT,31,sechs,CARD,sechs,33224,,
tg,rfd2.0,168941,169040,BLEISTIFT,31,",","$,",--,33224,,
tg,rfd2.0,168941,169040,BLEISTIFT,31,sechs,CARD,sechs,33224,,
tg,rfd2.0,168941,169040,BLEISTIFT,31,.,$.,--,33224,,
tg,rfd2.0,168941,169040,BLEISTIFT,31,Seitwärts,ADV,seitwärts,33224,,
tg,rfd2.0,168941,169040,BLEISTIFT,31,nach,APPR,nach,33224,,
tg,rfd2.0,168941,169040,BLEISTIFT,31,Nette,NE,nette,33224,NETTE,15
tg,rfd2.0,168941,169040,BLEISTIFT,31,blickend,ADJD,blickend,33224,,
tg,rfd2.0,168941,169040,BLEISTIFT,31,.,$.,--,33224,,
tg,rfd2.0,168941,169040,BLEISTIFT,31,Sire,NN,sire,33224,,
tg,rfd2.0,168941,169040,BLEISTIFT,31,",","$,",--,33224,,
tg,rfd2.0,168941,169040,BLEISTIFT,31,wohl,ADV,wohl,33224,,
tg,rfd2.0,168941,169040,BLEISTIFT,31,nur,ADV,nur,33224,,
tg,rfd2.0,168941,169040,BLEISTIFT,31,sechs,CARD,sechs,33224,,
tg,rfd2.0,168941,169040,BLEISTIFT,31,–,XY,–,33224,,
tg,rfd2.0,168941,169040,BLEISTIFT,31,?,$.,--,33224,,
tg,rfd2.0,169045,169079,Herzog Karl von Württemberg.,0,Na,ITJ,na,33224,,
tg,rfd2.0,169045,169079,Herzog Karl von Württemberg.,0,",","$,",--,33224,,
tg,rfd2.0,169045,169079,Herzog Karl von Württemberg.,0,kann,VMFIN,können,33224,,
tg,rfd2.0,169045,169079,Herzog Karl von Württemberg.,0,Er,PPER,er,33224,,
tg,rfd2.0,169045,169079,Herzog Karl von Württemberg.,0,nicht,PTKNEG,nicht,33224,,
tg,rfd2.0,169045,169079,Herzog Karl von Württemberg.,0,zählen,VVINF,zählen,33224,,
tg,rfd2.0,169045,169079,Herzog Karl von Württemberg.,0,?,$.,--,33224,,
tg,rfd2.0,169084,169136,BLEISTIFT,31,Ja,PTKANT,ja,33224,,
tg,rfd2.0,169084,169136,BLEISTIFT,31,so,ADV,so,33224,,
tg,rfd2.0,169084,169136,BLEISTIFT,31,–,XY,–,33224,,
tg,rfd2.0,169084,169136,BLEISTIFT,31,wahrhaftig,ADJD,wahrhaftig,33224,,
tg,rfd2.0,169084,169136,BLEISTIFT,31,nur,ADV,nur,33224,,
tg,rfd2.0,169084,169136,BLEISTIFT,31,sechs,CARD,sechs,33224,,
tg,rfd2.0,169084,169136,BLEISTIFT,31,Erwachsene,NN,erwachsene,33224,,
tg,rfd2.0,169084,169136,BLEISTIFT,31,"!",$.,--,33224,,
tg,rfd2.0,169141,169476,Herzog Karl von Württemberg.,0,Im,APPRART,in,33224,,
tg,rfd2.0,169141,169476,Herzog Karl von Württemberg.,0,gelben,ADJA,gelb,33224,,
tg,rfd2.0,169141,169476,Herzog Karl von Württemberg.,0,Saale,NN,saale,33224,,
tg,rfd2.0,169141,169476,Herzog Karl von Württemberg.,0,werdet,VVFIN,werden,33224,,
tg,rfd2.0,169141,169476,Herzog Karl von Württemberg.,0,ihr,PPOSAT,ihr,33224,,
tg,rfd2.0,169141,169476,Herzog Karl von Württemberg.,0,das,ART,der,33224,,
tg,rfd2.0,169141,169476,Herzog Karl von Württemberg.,0,Weitere,ADJA,weitere,33224,,
tg,rfd2.0,169141,169476,Herzog Karl von Württemberg.,0,erwarten,VVFIN,erwarten,33224,,
tg,rfd2.0,169141,169476,Herzog Karl von Württemberg.,0,und,KON,und,33224,,
tg,rfd2.0,169141,169476,Herzog Karl von Württemberg.,0,euch,PRF,euch,33224,,
tg,rfd2.0,169141,169476,Herzog Karl von Württemberg.,0,unterdes,ADJA,unterd,33224,,
tg,rfd2.0,169141,169476,Herzog Karl von Württemberg.,0,ankleiden,NN,ankleiden,33224,,
tg,rfd2.0,169141,169476,Herzog Karl von Württemberg.,0,für,APPR,für,33224,,
tg,rfd2.0,169141,169476,Herzog Karl von Württemberg.,0,eure,ADJA,euer,33224,,
tg,rfd2.0,169141,169476,Herzog Karl von Württemberg.,0,Rollen,NN,rolle,33224,,
tg,rfd2.0,169141,169476,Herzog Karl von Württemberg.,0,in,APPR,in,33224,,
tg,rfd2.0,169141,169476,Herzog Karl von Württemberg.,0,der,ART,der,33224,,
tg,rfd2.0,169141,169476,Herzog Karl von Württemberg.,0,einprobierten,ADJA,einprobiert,33224,,
tg,rfd2.0,169141,169476,Herzog Karl von Württemberg.,0,deutschen,ADJA,deutsch,33224,,
tg,rfd2.0,169141,169476,Herzog Karl von Württemberg.,0,Komödie,NN,komödie,33224,,
tg,rfd2.0,169141,169476,Herzog Karl von Württemberg.,0,",","$,",--,33224,,
tg,rfd2.0,169141,169476,Herzog Karl von Württemberg.,0,jeden,PIDAT,jeder,33224,,
tg,rfd2.0,169141,169476,Herzog Karl von Württemberg.,0,Augenblick,NN,augenblick,33224,,
tg,rfd2.0,169141,169476,Herzog Karl von Württemberg.,0,gewärtig,ADJD,gewärtig,33224,,
tg,rfd2.0,169141,169476,Herzog Karl von Württemberg.,0,",","$,",--,33224,,
tg,rfd2.0,169141,169476,Herzog Karl von Württemberg.,0,daß,KOUS,daß,33224,,
tg,rfd2.0,169141,169476,Herzog Karl von Württemberg.,0,ihr,PPOSAT,ihr,33224,,
tg,rfd2.0,169141,169476,Herzog Karl von Württemberg.,0,das,ART,der,33224,,
tg,rfd2.0,169141,169476,Herzog Karl von Württemberg.,0,Stück,NN,stück,33224,,
tg,rfd2.0,169141,169476,Herzog Karl von Württemberg.,0,vor,APPR,vor,33224,,
tg,rfd2.0,169141,169476,Herzog Karl von Württemberg.,0,meinen,PPOSAT,mein,33224,Herzog Karl von Württemberg.,0
tg,rfd2.0,169141,169476,Herzog Karl von Württemberg.,0,Gästen,NN,gast,33224,,
tg,rfd2.0,169141,169476,Herzog Karl von Württemberg.,0,aufzuführen,VVIZU,aufführen,33224,,
tg,rfd2.0,169141,169476,Herzog Karl von Württemberg.,0,habt,VAFIN,haben,33224,,
tg,rfd2.0,169141,169476,Herzog Karl von Württemberg.,0,.,$.,--,33224,,
tg,rfd2.0,169141,169476,Herzog Karl von Württemberg.,0,Das,PDS,der,33224,,
tg,rfd2.0,169141,169476,Herzog Karl von Württemberg.,0,kann,VMFIN,können,33224,,
tg,rfd2.0,169141,169476,Herzog Karl von Württemberg.,0,nach,APPR,nach,33224,,
tg,rfd2.0,169141,169476,Herzog Karl von Württemberg.,0,der,ART,der,33224,,
tg,rfd2.0,169141,169476,Herzog Karl von Württemberg.,0,Tafel,NN,tafel,33224,,
tg,rfd2.0,169141,169476,Herzog Karl von Württemberg.,0,",","$,",--,33224,,
tg,rfd2.0,169141,169476,Herzog Karl von Württemberg.,0,vielleicht,ADV,vielleicht,33224,,
tg,rfd2.0,169141,169476,Herzog Karl von Württemberg.,0,also,ADV,also,33224,,
tg,rfd2.0,169141,169476,Herzog Karl von Württemberg.,0,erst,ADV,erst,33224,,
tg,rfd2.0,169141,169476,Herzog Karl von Württemberg.,0,gegen,APPR,gegen,33224,,
tg,rfd2.0,169141,169476,Herzog Karl von Württemberg.,0,Morgen,NN,morgen,33224,,
tg,rfd2.0,169141,169476,Herzog Karl von Württemberg.,0,geschehen,VVINF,geschehen,33224,,
tg,rfd2.0,169141,169476,Herzog Karl von Württemberg.,0,",","$,",--,33224,,
tg,rfd2.0,169141,169476,Herzog Karl von Württemberg.,0,wenn,KOUS,wenn,33224,,
tg,rfd2.0,169141,169476,Herzog Karl von Württemberg.,0,meine,PPOSAT,mein,33224,Herzog Karl von Württemberg.,0
tg,rfd2.0,169141,169476,Herzog Karl von Württemberg.,0,Gäste,NN,gast,33224,,
tg,rfd2.0,169141,169476,Herzog Karl von Württemberg.,0,noch,ADV,noch,33224,,
tg,rfd2.0,169141,169476,Herzog Karl von Württemberg.,0,Lust,NN,lust,33224,,
tg,rfd2.0,169141,169476,Herzog Karl von Württemberg.,0,haben,VAFIN,haben,33224,,
tg,rfd2.0,169141,169476,Herzog Karl von Württemberg.,0,.,$.,--,33224,,
tg,rfd2.0,169141,169476,Herzog Karl von Württemberg.,0,Sergeant,ADJD,sergeant,33224,,
tg,rfd2.0,169141,169476,Herzog Karl von Württemberg.,0,"!",$.,--,33224,,
tg,rfd2.0,169481,169498,BLEISTIFT,31,Sire,NE,sire,33224,,
tg,rfd2.0,169481,169498,BLEISTIFT,31,.,$.,--,33224,,
tg,rfd2.0,169503,169541,Herzog Karl von Württemberg.,0,Seine,PPOSAT,sein,33224,,
tg,rfd2.0,169503,169541,Herzog Karl von Württemberg.,0,Leute,NN,leute,33224,,
tg,rfd2.0,169503,169541,Herzog Karl von Württemberg.,0,eintreten,VVINF,eintreten,33224,,
tg,rfd2.0,169503,169541,Herzog Karl von Württemberg.,0,lassen,VVINF,lassen,33224,,
tg,rfd2.0,169503,169541,Herzog Karl von Württemberg.,0,"!",$.,--,33224,,
tg,rfd2.0,169546,169618,BLEISTIFT,31,Marsch,NE,marsch,33224,,
tg,rfd2.0,169546,169618,BLEISTIFT,31,"!",$.,--,33224,,
tg,rfd2.0,169546,169618,BLEISTIFT,31,Die,ART,der,33224,,
tg,rfd2.0,169546,169618,BLEISTIFT,31,Soldaten,NN,soldat,33224,,
tg,rfd2.0,169546,169618,BLEISTIFT,31,treten,VVFIN,treten,33224,,
tg,rfd2.0,169546,169618,BLEISTIFT,31,ein,PTKVZ,ein,33224,,
tg,rfd2.0,169546,169618,BLEISTIFT,31,.,$.,--,33224,,
tg,rfd2.0,169546,169618,BLEISTIFT,31,Halt,NN,halten,33224,,
tg,rfd2.0,169546,169618,BLEISTIFT,31,"!",$.,--,33224,,
tg,rfd2.0,169623,169757,Herzog Karl von Württemberg.,0,Hierher,ADV,hierher,33224,,
tg,rfd2.0,169623,169757,Herzog Karl von Württemberg.,0,"!",$.,--,33224,,
tg,rfd2.0,169623,169757,Herzog Karl von Württemberg.,0,Bleistift,NN,bleistift,33224,BLEISTIFT,31
tg,rfd2.0,169623,169757,Herzog Karl von Württemberg.,0,kommt,VVFIN,kommen,33224,,
tg,rfd2.0,169623,169757,Herzog Karl von Württemberg.,0,.,$.,--,33224,,
tg,rfd2.0,169623,169757,Herzog Karl von Württemberg.,0,Regimentsmedikus,NE,regimentsmedikus,33224,,
tg,rfd2.0,169623,169757,Herzog Karl von Württemberg.,0,Schiller,NE,schiller,33224,SCHILLER,29
tg,rfd2.0,169623,169757,Herzog Karl von Württemberg.,0,–,XY,–,33224,,
tg,rfd2.0,169623,169757,Herzog Karl von Württemberg.,0,geb,XY,geb,33224,,
tg,rfd2.0,169623,169757,Herzog Karl von Württemberg.,0,',$[,--,33224,,
tg,rfd2.0,169623,169757,Herzog Karl von Württemberg.,0,Er,PPER,er,33224,,
tg,rfd2.0,169623,169757,Herzog Karl von Württemberg.,0,Seinen,PPOSAT,sein,33224,,
tg,rfd2.0,169623,169757,Herzog Karl von Württemberg.,0,Degen,NN,degen,33224,,
tg,rfd2.0,169623,169757,Herzog Karl von Württemberg.,0,ab,PTKVZ,ab,33224,,
tg,rfd2.0,169623,169757,Herzog Karl von Württemberg.,0,.,$.,--,33224,,
tg,rfd2.0,169762,169785,SCHILLER,29,Durchlaucht,NN,durchlaucht,33224,,
tg,rfd2.0,169762,169785,SCHILLER,29,"!",$.,--,33224,,
tg,rfd2.0,169790,169806,"Laura, deren Pflegetochter.",3,Onkel,NN,onkel,33224,,
tg,rfd2.0,169790,169806,"Laura, deren Pflegetochter.",3,–,XY,–,33224,,
tg,rfd2.0,169790,169806,"Laura, deren Pflegetochter.",3,"!",$.,--,33224,,
tg,rfd2.0,169811,169837,Generalin Rieger.,2,Durchlaucht,NN,durchlaucht,33224,,
tg,rfd2.0,169811,169837,Generalin Rieger.,2,–,XY,–,33224,,
tg,rfd2.0,169811,169837,Generalin Rieger.,2,"!",$.,--,33224,,
tg,rfd2.0,169842,169872,ALLE,30,O,NE,O,33224,,
tg,rfd2.0,169842,169872,ALLE,30,Gott,NN,gott,33224,,
tg,rfd2.0,169842,169872,ALLE,30,"!",$.,--,33224,,
tg,rfd2.0,169878,169958,Herzog Karl von Württemberg.,0,Hat,VAFIN,haben,33224,,
tg,rfd2.0,169878,169958,Herzog Karl von Württemberg.,0,Er,PPER,er,33224,,
tg,rfd2.0,169878,169958,Herzog Karl von Württemberg.,0,verstanden,VVPP,verstehen,33224,,
tg,rfd2.0,169878,169958,Herzog Karl von Württemberg.,0,–,XY,–,33224,,
tg,rfd2.0,169878,169958,Herzog Karl von Württemberg.,0,geb,XY,geb,33224,,
tg,rfd2.0,169878,169958,Herzog Karl von Württemberg.,0,',$[,--,33224,,
tg,rfd2.0,169878,169958,Herzog Karl von Württemberg.,0,Er,PPER,er,33224,,
tg,rfd2.0,169878,169958,Herzog Karl von Württemberg.,0,seinen,PPOSAT,sein,33224,,
tg,rfd2.0,169878,169958,Herzog Karl von Württemberg.,0,Degen,NN,degen,33224,,
tg,rfd2.0,169878,169958,Herzog Karl von Württemberg.,0,ab,PTKVZ,ab,33224,,
tg,rfd2.0,169878,169958,Herzog Karl von Württemberg.,0,;,$.,--,33224,,
tg,rfd2.0,169878,169958,Herzog Karl von Württemberg.,0,er,PPER,er,33224,,
tg,rfd2.0,169878,169958,Herzog Karl von Württemberg.,0,gebührt,VVFIN,gebühren,33224,,
tg,rfd2.0,169878,169958,Herzog Karl von Württemberg.,0,Ihm,PPER,ihm,33224,,
tg,rfd2.0,169878,169958,Herzog Karl von Württemberg.,0,nicht,PTKNEG,nicht,33224,,
tg,rfd2.0,169878,169958,Herzog Karl von Württemberg.,0,mehr,ADV,mehr,33224,,
tg,rfd2.0,169878,169958,Herzog Karl von Württemberg.,0,"!",$.,--,33224,,
tg,rfd2.0,169963,170061,SCHILLER,29,Er,PPER,er,33224,,
tg,rfd2.0,169963,170061,SCHILLER,29,hat,VAFIN,haben,33224,,
tg,rfd2.0,169963,170061,SCHILLER,29,an,APPR,an,33224,,
tg,rfd2.0,169963,170061,SCHILLER,29,meiner,PPOSAT,mein,33224,SCHILLER,29
tg,rfd2.0,169963,170061,SCHILLER,29,Seite,NN,seite,33224,,
tg,rfd2.0,169963,170061,SCHILLER,29,",","$,",--,33224,,
tg,rfd2.0,169963,170061,SCHILLER,29,Durchlaucht,NN,durchlaucht,33224,,
tg,rfd2.0,169963,170061,SCHILLER,29,",","$,",--,33224,,
tg,rfd2.0,169963,170061,SCHILLER,29,nichts,PIS,nichts,33224,,
tg,rfd2.0,169963,170061,SCHILLER,29,Unehrenhaftes,NN,unehrenhafte,33224,,
tg,rfd2.0,169963,170061,SCHILLER,29,erfahren,VVPP,erfahren,33224,,
tg,rfd2.0,169963,170061,SCHILLER,29,–,XY,–,33224,,
tg,rfd2.0,170066,170149,"Laura, deren Pflegetochter.",3,Onkel,NN,onkel,33224,,
tg,rfd2.0,170066,170149,"Laura, deren Pflegetochter.",3,Durchlaucht,VVPP,durchlaucht,33224,,
tg,rfd2.0,170066,170149,"Laura, deren Pflegetochter.",3,",","$,",--,33224,,
tg,rfd2.0,170066,170149,"Laura, deren Pflegetochter.",3,das,PDS,der,33224,,
tg,rfd2.0,170066,170149,"Laura, deren Pflegetochter.",3,wird,VAFIN,werden,33224,,
tg,rfd2.0,170066,170149,"Laura, deren Pflegetochter.",3,der,ART,der,33224,,
tg,rfd2.0,170066,170149,"Laura, deren Pflegetochter.",3,Tante,TRUNC,tante,33224,,
tg,rfd2.0,170066,170149,"Laura, deren Pflegetochter.",3,Franziska,NE,franziska,33224,,
tg,rfd2.0,170066,170149,"Laura, deren Pflegetochter.",3,einen,ART,ein,33224,,
tg,rfd2.0,170066,170149,"Laura, deren Pflegetochter.",3,Stich,NN,stich,33224,,
tg,rfd2.0,170066,170149,"Laura, deren Pflegetochter.",3,ins,APPRART,in,33224,,
tg,rfd2.0,170066,170149,"Laura, deren Pflegetochter.",3,Herz,NN,herz,33224,,
tg,rfd2.0,170066,170149,"Laura, deren Pflegetochter.",3,geben,VVINF,geben,33224,,
tg,rfd2.0,170066,170149,"Laura, deren Pflegetochter.",3,"!",$.,--,33224,,
tg,rfd2.0,170154,170262,Generalin Rieger.,2,Durchlaucht,NN,durchlaucht,33224,,
tg,rfd2.0,170154,170262,Generalin Rieger.,2,",","$,",--,33224,,
tg,rfd2.0,170154,170262,Generalin Rieger.,2,dieser,PDAT,dieser,33224,,
tg,rfd2.0,170154,170262,Generalin Rieger.,2,junge,ADJA,jung,33224,,
tg,rfd2.0,170154,170262,Generalin Rieger.,2,Mann,NN,mann,33224,,
tg,rfd2.0,170154,170262,Generalin Rieger.,2,steht,VVFIN,stehen,33224,,
tg,rfd2.0,170154,170262,Generalin Rieger.,2,unserm,APPRART,unser,33224,,
tg,rfd2.0,170154,170262,Generalin Rieger.,2,Herrgott,NN,herrgott,33224,,
tg,rfd2.0,170154,170262,Generalin Rieger.,2,näher,PTKVZ,nah,33224,,
tg,rfd2.0,170154,170262,Generalin Rieger.,2,",","$,",--,33224,,
tg,rfd2.0,170154,170262,Generalin Rieger.,2,als,KOUS,als,33224,,
tg,rfd2.0,170154,170262,Generalin Rieger.,2,irgend,ADV,irgend,33224,,
tg,rfd2.0,170154,170262,Generalin Rieger.,2,ein,ART,ein,33224,,
tg,rfd2.0,170154,170262,Generalin Rieger.,2,Betbruder,NN,betbruder,33224,,
tg,rfd2.0,170154,170262,Generalin Rieger.,2,unter,APPR,unter,33224,,
tg,rfd2.0,170154,170262,Generalin Rieger.,2,uns,PPER,uns,33224,,
tg,rfd2.0,170154,170262,Generalin Rieger.,2,–,XY,–,33224,,
tg,rfd2.0,170267,170330,Herzog Karl von Württemberg.,0,Wir,PPER,wir,33224,,
tg,rfd2.0,170267,170330,Herzog Karl von Württemberg.,0,wollen,VMFIN,wollen,33224,,
tg,rfd2.0,170267,170330,Herzog Karl von Württemberg.,0,sehen,VVINF,sehen,33224,,
tg,rfd2.0,170267,170330,Herzog Karl von Württemberg.,0,",","$,",--,33224,,
tg,rfd2.0,170267,170330,Herzog Karl von Württemberg.,0,ob,KOUS,ob,33224,,
tg,rfd2.0,170267,170330,Herzog Karl von Württemberg.,0,ihn,PPER,ihn,33224,,
tg,rfd2.0,170267,170330,Herzog Karl von Württemberg.,0,der,ART,der,33224,,
tg,rfd2.0,170267,170330,Herzog Karl von Württemberg.,0,Herrgott,NN,herrgott,33224,,
tg,rfd2.0,170267,170330,Herzog Karl von Württemberg.,0,jetzt,ADV,jetzt,33224,,
tg,rfd2.0,170267,170330,Herzog Karl von Württemberg.,0,beschützt,VVFIN,beschützen,33224,,
tg,rfd2.0,170267,170330,Herzog Karl von Württemberg.,0,"!",$.,--,33224,,
tg,rfd2.0,170335,170394,"Laura, deren Pflegetochter.",3,Onkel,NN,onkel,33224,,
tg,rfd2.0,170335,170394,"Laura, deren Pflegetochter.",3,Durchlaucht,VVFIN,durchlaucht,33224,,
tg,rfd2.0,170335,170394,"Laura, deren Pflegetochter.",3,",","$,",--,33224,,
tg,rfd2.0,170335,170394,"Laura, deren Pflegetochter.",3,du,PPER,du,33224,,
tg,rfd2.0,170335,170394,"Laura, deren Pflegetochter.",3,kannst,VMFIN,können,33224,,
tg,rfd2.0,170335,170394,"Laura, deren Pflegetochter.",3,nicht,PTKNEG,nicht,33224,,
tg,rfd2.0,170335,170394,"Laura, deren Pflegetochter.",3,so,ADV,so,33224,,
tg,rfd2.0,170335,170394,"Laura, deren Pflegetochter.",3,böse,ADJD,böse,33224,,
tg,rfd2.0,170335,170394,"Laura, deren Pflegetochter.",3,handeln,VVINF,handeln,33224,,
tg,rfd2.0,170335,170394,"Laura, deren Pflegetochter.",3,"!",$.,--,33224,,
tg,rfd2.0,170399,170517,Generalin Rieger.,2,O,NE,O,33224,,
tg,rfd2.0,170399,170517,Generalin Rieger.,2,",","$,",--,33224,,
tg,rfd2.0,170399,170517,Generalin Rieger.,2,Durchlaucht,NN,durchlaucht,33224,,
tg,rfd2.0,170399,170517,Generalin Rieger.,2,macht,VVFIN,machen,33224,,
tg,rfd2.0,170399,170517,Generalin Rieger.,2,keinen,PIAT,kein,33224,,
tg,rfd2.0,170399,170517,Generalin Rieger.,2,Unterschied,NN,unterschied,33224,,
tg,rfd2.0,170399,170517,Generalin Rieger.,2,der,ART,der,33224,,
tg,rfd2.0,170399,170517,Generalin Rieger.,2,Person,NN,person,33224,,
tg,rfd2.0,170399,170517,Generalin Rieger.,2,",","$,",--,33224,,
tg,rfd2.0,170399,170517,Generalin Rieger.,2,er,PPER,er,33224,,
tg,rfd2.0,170399,170517,Generalin Rieger.,2,straft,VVFIN,strafen,33224,,
tg,rfd2.0,170399,170517,Generalin Rieger.,2,auch,ADV,auch,33224,,
tg,rfd2.0,170399,170517,Generalin Rieger.,2,die,ART,der,33224,,
tg,rfd2.0,170399,170517,Generalin Rieger.,2,Guten,NN,gute,33224,,
tg,rfd2.0,170399,170517,Generalin Rieger.,2,",","$,",--,33224,,
tg,rfd2.0,170399,170517,Generalin Rieger.,2,wenn,KOUS,wenn,33224,,
tg,rfd2.0,170399,170517,Generalin Rieger.,2,sie,PPER,sie,33224,,
tg,rfd2.0,170399,170517,Generalin Rieger.,2,ihm,PPER,ihm,33224,,
tg,rfd2.0,170399,170517,Generalin Rieger.,2,nicht,PTKNEG,nicht,33224,,
tg,rfd2.0,170399,170517,Generalin Rieger.,2,gefallen,VVPP,fallen,33224,,
tg,rfd2.0,170399,170517,Generalin Rieger.,2,.,$.,--,33224,,
tg,rfd2.0,170522,170544,Herzog Karl von Württemberg.,0,Frauenzimmer,NN,frauenzimmer,33224,,
tg,rfd2.0,170522,170544,Herzog Karl von Württemberg.,0,"!",$.,--,33224,,
tg,rfd2.0,170549,170802,Generalin Rieger.,2,Er,PPER,er,33224,,
tg,rfd2.0,170549,170802,Generalin Rieger.,2,beschimpft,VVFIN,beschimpfen,33224,,
tg,rfd2.0,170549,170802,Generalin Rieger.,2,sie,PPER,sie,33224,,
tg,rfd2.0,170549,170802,Generalin Rieger.,2,",","$,",--,33224,,
tg,rfd2.0,170549,170802,Generalin Rieger.,2,wenn,KOUS,wenn,33224,,
tg,rfd2.0,170549,170802,Generalin Rieger.,2,es,PPER,es,33224,,
tg,rfd2.0,170549,170802,Generalin Rieger.,2,seine,PPOSAT,sein,33224,,
tg,rfd2.0,170549,170802,Generalin Rieger.,2,Laune,NN,laune,33224,,
tg,rfd2.0,170549,170802,Generalin Rieger.,2,gebietet,VVFIN,gebieten,33224,,
tg,rfd2.0,170549,170802,Generalin Rieger.,2,.,$.,--,33224,,
tg,rfd2.0,170549,170802,Generalin Rieger.,2,Soll,VMFIN,sollen,33224,,
tg,rfd2.0,170549,170802,Generalin Rieger.,2,dieser,PDAT,dieser,33224,,
tg,rfd2.0,170549,170802,Generalin Rieger.,2,von,APPR,von,33224,,
tg,rfd2.0,170549,170802,Generalin Rieger.,2,Gott,NN,gott,33224,,
tg,rfd2.0,170549,170802,Generalin Rieger.,2,begabte,VVFIN,begabt,33224,,
tg,rfd2.0,170549,170802,Generalin Rieger.,2,junge,ADJA,jung,33224,,
tg,rfd2.0,170549,170802,Generalin Rieger.,2,Mann,NN,mann,33224,,
tg,rfd2.0,170549,170802,Generalin Rieger.,2,beschimpft,VVPP,beschimpfen,33224,,
tg,rfd2.0,170549,170802,Generalin Rieger.,2,werden,VAINF,werden,33224,,
tg,rfd2.0,170549,170802,Generalin Rieger.,2,",","$,",--,33224,,
tg,rfd2.0,170549,170802,Generalin Rieger.,2,dann,ADV,dann,33224,,
tg,rfd2.0,170549,170802,Generalin Rieger.,2,lege,VVFIN,legen,33224,,
tg,rfd2.0,170549,170802,Generalin Rieger.,2,ich,PPER,ich,33224,Generalin Rieger.,2
tg,rfd2.0,170549,170802,Generalin Rieger.,2,mein,PPOSAT,mein,33224,Generalin Rieger.,2
tg,rfd2.0,170549,170802,Generalin Rieger.,2,Amt,NN,amt,33224,,
tg,rfd2.0,170549,170802,Generalin Rieger.,2,als,APPR,als,33224,,
tg,rfd2.0,170549,170802,Generalin Rieger.,2,Erzieherin,NN,erzieherin,33224,,
tg,rfd2.0,170549,170802,Generalin Rieger.,2,in,APPR,in,33224,,
tg,rfd2.0,170549,170802,Generalin Rieger.,2,Dero,NE,dero,33224,,
tg,rfd2.0,170549,170802,Generalin Rieger.,2,Fräuleinschule,NE,fräuleinschule,33224,,
tg,rfd2.0,170549,170802,Generalin Rieger.,2,nieder,PTKVZ,nieder,33224,,
tg,rfd2.0,170549,170802,Generalin Rieger.,2,;,$.,--,33224,,
tg,rfd2.0,170549,170802,Generalin Rieger.,2,denn,KON,denn,33224,,
tg,rfd2.0,170549,170802,Generalin Rieger.,2,ich,PPER,ich,33224,Generalin Rieger.,2
tg,rfd2.0,170549,170802,Generalin Rieger.,2,weiß,VVFIN,weiß,33224,,
tg,rfd2.0,170549,170802,Generalin Rieger.,2,dann,ADV,dann,33224,,
tg,rfd2.0,170549,170802,Generalin Rieger.,2,nicht,PTKNEG,nicht,33224,,
tg,rfd2.0,170549,170802,Generalin Rieger.,2,mehr,ADV,mehr,33224,,
tg,rfd2.0,170549,170802,Generalin Rieger.,2,",","$,",--,33224,,
tg,rfd2.0,170549,170802,Generalin Rieger.,2,was,PWS,was,33224,,
tg,rfd2.0,170549,170802,Generalin Rieger.,2,Tugend,NN,tugend,33224,,
tg,rfd2.0,170549,170802,Generalin Rieger.,2,und,KON,und,33224,,
tg,rfd2.0,170549,170802,Generalin Rieger.,2,Gerechtigkeit,NN,gerechtigkeit,33224,,
tg,rfd2.0,170549,170802,Generalin Rieger.,2,ist,VAFIN,sein,33224,,
tg,rfd2.0,170549,170802,Generalin Rieger.,2,.,$.,--,33224,,
tg,rfd2.0,170807,170846,Herzog Karl von Württemberg.,0,Reize,NN,reiz,33224,,
tg,rfd2.0,170807,170846,Herzog Karl von Württemberg.,0,meinen,VVFIN,meinen,33224,,
tg,rfd2.0,170807,170846,Herzog Karl von Württemberg.,0,Zorn,NE,zorn,33224,,
tg,rfd2.0,170807,170846,Herzog Karl von Württemberg.,0,nicht,PTKNEG,nicht,33224,,
tg,rfd2.0,170807,170846,Herzog Karl von Württemberg.,0,",","$,",--,33224,,
tg,rfd2.0,170807,170846,Herzog Karl von Württemberg.,0,Weib,NE,weib,33224,,
tg,rfd2.0,170807,170846,Herzog Karl von Württemberg.,0,.,$.,--,33224,,
tg,rfd2.0,170851,170977,Generalin Rieger.,2,Ich,PPER,ich,33224,,
tg,rfd2.0,170851,170977,Generalin Rieger.,2,fürchte,VVFIN,fürchten,33224,,
tg,rfd2.0,170851,170977,Generalin Rieger.,2,keines,ADJA,keiner,33224,,
tg,rfd2.0,170851,170977,Generalin Rieger.,2,Menschen,NN,mensch,33224,,
tg,rfd2.0,170851,170977,Generalin Rieger.,2,Zorn,NE,zorn,33224,,
tg,rfd2.0,170851,170977,Generalin Rieger.,2,",","$,",--,33224,,
tg,rfd2.0,170851,170977,Generalin Rieger.,2,und,KON,und,33224,,
tg,rfd2.0,170851,170977,Generalin Rieger.,2,ich,PPER,ich,33224,Generalin Rieger.,2
tg,rfd2.0,170851,170977,Generalin Rieger.,2,kann,VMFIN,können,33224,,
tg,rfd2.0,170851,170977,Generalin Rieger.,2,allein,ADV,allein,33224,,
tg,rfd2.0,170851,170977,Generalin Rieger.,2,auf,APPR,auf,33224,,
tg,rfd2.0,170851,170977,Generalin Rieger.,2,den,ART,der,33224,,
tg,rfd2.0,170851,170977,Generalin Rieger.,2,Asperg,NE,asperg,33224,,
tg,rfd2.0,170851,170977,Generalin Rieger.,2,hinaufgehen,VVIZU,hinaufgehen,33224,,
tg,rfd2.0,170851,170977,Generalin Rieger.,2,",","$,",--,33224,,
tg,rfd2.0,170851,170977,Generalin Rieger.,2,wohin,PWAV,wohin,33224,,
tg,rfd2.0,170851,170977,Generalin Rieger.,2,Ihr,PPOSAT,ihr,33224,,
tg,rfd2.0,170851,170977,Generalin Rieger.,2,mich,PPER,mich,33224,Generalin Rieger.,2
tg,rfd2.0,170851,170977,Generalin Rieger.,2,schicken,VVFIN,schicken,33224,,
tg,rfd2.0,170851,170977,Generalin Rieger.,2,möchtet,ADJD,möchten,33224,,
tg,rfd2.0,170851,170977,Generalin Rieger.,2,"!",$.,--,33224,,
tg,rfd2.0,170982,171097,"Laura, deren Pflegetochter.",3,Nein,PTKANT,nein,33224,,
tg,rfd2.0,170982,171097,"Laura, deren Pflegetochter.",3,",","$,",--,33224,,
tg,rfd2.0,170982,171097,"Laura, deren Pflegetochter.",3,ich,PPER,ich,33224,"Laura, deren Pflegetochter.",3
tg,rfd2.0,170982,171097,"Laura, deren Pflegetochter.",3,gehe,VVFIN,gehen,33224,,
tg,rfd2.0,170982,171097,"Laura, deren Pflegetochter.",3,mit,APPR,mit,33224,,
tg,rfd2.0,170982,171097,"Laura, deren Pflegetochter.",3,dir,PPER,dir,33224,,
tg,rfd2.0,170982,171097,"Laura, deren Pflegetochter.",3,",","$,",--,33224,,
tg,rfd2.0,170982,171097,"Laura, deren Pflegetochter.",3,Mama,NN,--,33224,,
tg,rfd2.0,170982,171097,"Laura, deren Pflegetochter.",3,",","$,",--,33224,,
tg,rfd2.0,170982,171097,"Laura, deren Pflegetochter.",3,ins,APPRART,in,33224,,
tg,rfd2.0,170982,171097,"Laura, deren Pflegetochter.",3,ärgste,ADJA,ärg,33224,,
tg,rfd2.0,170982,171097,"Laura, deren Pflegetochter.",3,Gefängnis,NN,gefängnis,33224,,
tg,rfd2.0,170982,171097,"Laura, deren Pflegetochter.",3,",","$,",--,33224,,
tg,rfd2.0,170982,171097,"Laura, deren Pflegetochter.",3,wenn,KOUS,wenn,33224,,
tg,rfd2.0,170982,171097,"Laura, deren Pflegetochter.",3,man,PIS,man,33224,,
tg,rfd2.0,170982,171097,"Laura, deren Pflegetochter.",3,nicht,PTKNEG,nicht,33224,,
tg,rfd2.0,170982,171097,"Laura, deren Pflegetochter.",3,mehr,ADV,mehr,33224,,
tg,rfd2.0,170982,171097,"Laura, deren Pflegetochter.",3,die,ART,der,33224,,
tg,rfd2.0,170982,171097,"Laura, deren Pflegetochter.",3,guten,ADJA,gut,33224,,
tg,rfd2.0,170982,171097,"Laura, deren Pflegetochter.",3,Menschen,NN,mensch,33224,,
tg,rfd2.0,170982,171097,"Laura, deren Pflegetochter.",3,beschützen,VVINF,beschützen,33224,,
tg,rfd2.0,170982,171097,"Laura, deren Pflegetochter.",3,darf,VMFIN,dürfen,33224,,
tg,rfd2.0,170982,171097,"Laura, deren Pflegetochter.",3,"!",$.,--,33224,,
tg,rfd2.0,171102,171699,SCHILLER,29,Vergeben,NN,vergeben,33224,,
tg,rfd2.0,171102,171699,SCHILLER,29,Durchlaucht,VVFIN,durchlaucht,33224,,
tg,rfd2.0,171102,171699,SCHILLER,29,ein,ART,ein,33224,,
tg,rfd2.0,171102,171699,SCHILLER,29,Wohlwollen,NN,wohlwollen,33224,,
tg,rfd2.0,171102,171699,SCHILLER,29,weiblicher,ADJA,weiblich,33224,,
tg,rfd2.0,171102,171699,SCHILLER,29,Herzen,NN,herz,33224,,
tg,rfd2.0,171102,171699,SCHILLER,29,",","$,",--,33224,,
tg,rfd2.0,171102,171699,SCHILLER,29,welches,PRELS,welcher,33224,,
tg,rfd2.0,171102,171699,SCHILLER,29,ich,PPER,ich,33224,SCHILLER,29
tg,rfd2.0,171102,171699,SCHILLER,29,vielleicht,ADV,vielleicht,33224,,
tg,rfd2.0,171102,171699,SCHILLER,29,nicht,PTKNEG,nicht,33224,,
tg,rfd2.0,171102,171699,SCHILLER,29,verdiene,VVFIN,verdienen,33224,,
tg,rfd2.0,171102,171699,SCHILLER,29,.,$.,--,33224,,
tg,rfd2.0,171102,171699,SCHILLER,29,Mitleid,NE,mitleid,33224,,
tg,rfd2.0,171102,171699,SCHILLER,29,zu,PTKZU,zu,33224,,
tg,rfd2.0,171102,171699,SCHILLER,29,üben,VVINF,üben,33224,,
tg,rfd2.0,171102,171699,SCHILLER,29,",","$,",--,33224,,
tg,rfd2.0,171102,171699,SCHILLER,29,ist,VAFIN,sein,33224,,
tg,rfd2.0,171102,171699,SCHILLER,29,ja,ADV,ja,33224,,
tg,rfd2.0,171102,171699,SCHILLER,29,das,ART,der,33224,,
tg,rfd2.0,171102,171699,SCHILLER,29,Amt,NN,amt,33224,,
tg,rfd2.0,171102,171699,SCHILLER,29,der,ART,der,33224,,
tg,rfd2.0,171102,171699,SCHILLER,29,Frauen,NN,frau,33224,,
tg,rfd2.0,171102,171699,SCHILLER,29,.,$.,--,33224,,
tg,rfd2.0,171102,171699,SCHILLER,29,Hier,ADV,hier,33224,,
tg,rfd2.0,171102,171699,SCHILLER,29,ist,VAFIN,sein,33224,,
tg,rfd2.0,171102,171699,SCHILLER,29,mein,PPOSAT,mein,33224,SCHILLER,29
tg,rfd2.0,171102,171699,SCHILLER,29,Degen,NN,degen,33224,,
tg,rfd2.0,171102,171699,SCHILLER,29,",","$,",--,33224,,
tg,rfd2.0,171102,171699,SCHILLER,29,das,ART,der,33224,,
tg,rfd2.0,171102,171699,SCHILLER,29,Symbol,NN,symbol,33224,,
tg,rfd2.0,171102,171699,SCHILLER,29,meiner,PPOSAT,mein,33224,SCHILLER,29
tg,rfd2.0,171102,171699,SCHILLER,29,Freiheit,NN,freiheit,33224,,
tg,rfd2.0,171102,171699,SCHILLER,29,.,$.,--,33224,,
tg,rfd2.0,171102,171699,SCHILLER,29,Wenn,KOUS,wenn,33224,,
tg,rfd2.0,171102,171699,SCHILLER,29,ich,PPER,ich,33224,SCHILLER,29
tg,rfd2.0,171102,171699,SCHILLER,29,meine,PPOSAT,mein,33224,SCHILLER,29
tg,rfd2.0,171102,171699,SCHILLER,29,Freiheit,NN,freiheit,33224,,
tg,rfd2.0,171102,171699,SCHILLER,29,gemißbraucht,VVPP,gembrauchen,33224,,
tg,rfd2.0,171102,171699,SCHILLER,29,habe,VAFIN,haben,33224,,
tg,rfd2.0,171102,171699,SCHILLER,29,",","$,",--,33224,,
tg,rfd2.0,171102,171699,SCHILLER,29,so,ADV,so,33224,,
tg,rfd2.0,171102,171699,SCHILLER,29,geschah,VVFIN,geschehen,33224,,
tg,rfd2.0,171102,171699,SCHILLER,29,es,PPER,es,33224,,
tg,rfd2.0,171102,171699,SCHILLER,29,wahrlich,ADV,wahrlich,33224,,
tg,rfd2.0,171102,171699,SCHILLER,29,nicht,PTKNEG,nicht,33224,,
tg,rfd2.0,171102,171699,SCHILLER,29,aus,APPR,aus,33224,,
tg,rfd2.0,171102,171699,SCHILLER,29,Leichtsinn,NN,leichtsinn,33224,,
tg,rfd2.0,171102,171699,SCHILLER,29,oder,KON,oder,33224,,
tg,rfd2.0,171102,171699,SCHILLER,29,Übermut,ADV,übermut,33224,,
tg,rfd2.0,171102,171699,SCHILLER,29,",","$,",--,33224,,
tg,rfd2.0,171102,171699,SCHILLER,29,sondern,KON,sondern,33224,,
tg,rfd2.0,171102,171699,SCHILLER,29,weil,KOUS,weil,33224,,
tg,rfd2.0,171102,171699,SCHILLER,29,ich,PPER,ich,33224,SCHILLER,29
tg,rfd2.0,171102,171699,SCHILLER,29,einem,ART,ein,33224,,
tg,rfd2.0,171102,171699,SCHILLER,29,innern,NN,innern,33224,,
tg,rfd2.0,171102,171699,SCHILLER,29,und,KON,und,33224,,
tg,rfd2.0,171102,171699,SCHILLER,29,",","$,",--,33224,,
tg,rfd2.0,171102,171699,SCHILLER,29,ich,PPER,ich,33224,SCHILLER,29
tg,rfd2.0,171102,171699,SCHILLER,29,weiß,VVFIN,weißn,33224,,
tg,rfd2.0,171102,171699,SCHILLER,29,es,PPER,es,33224,,
tg,rfd2.0,171102,171699,SCHILLER,29,",","$,",--,33224,,
tg,rfd2.0,171102,171699,SCHILLER,29,einem,PIS,ein,33224,,
tg,rfd2.0,171102,171699,SCHILLER,29,nicht,PTKNEG,nicht,33224,,
tg,rfd2.0,171102,171699,SCHILLER,29,unedlen,ADJA,unedlen,33224,,
tg,rfd2.0,171102,171699,SCHILLER,29,Drange,NN,drange,33224,,
tg,rfd2.0,171102,171699,SCHILLER,29,gefolgt,VVPP,folgen,33224,,
tg,rfd2.0,171102,171699,SCHILLER,29,bin,VAFIN,sein,33224,,
tg,rfd2.0,171102,171699,SCHILLER,29,",","$,",--,33224,,
tg,rfd2.0,171102,171699,SCHILLER,29,einem,ART,ein,33224,,
tg,rfd2.0,171102,171699,SCHILLER,29,Drange,NN,drange,33224,,
tg,rfd2.0,171102,171699,SCHILLER,29,",","$,",--,33224,,
tg,rfd2.0,171102,171699,SCHILLER,29,welchem,PWAT,welcher,33224,,
tg,rfd2.0,171102,171699,SCHILLER,29,eben,ADV,eben,33224,,
tg,rfd2.0,171102,171699,SCHILLER,29,nur,ADV,nur,33224,,
tg,rfd2.0,171102,171699,SCHILLER,29,der,ART,der,33224,,
tg,rfd2.0,171102,171699,SCHILLER,29,Leichtsinn,NN,leichtsinn,33224,,
tg,rfd2.0,171102,171699,SCHILLER,29,widerstrebt,VVPP,widerstreben,33224,,
tg,rfd2.0,171102,171699,SCHILLER,29,.,$.,--,33224,,
tg,rfd2.0,171102,171699,SCHILLER,29,Ich,PPER,ich,33224,,
tg,rfd2.0,171102,171699,SCHILLER,29,weiß,VVFIN,weiß,33224,,
tg,rfd2.0,171102,171699,SCHILLER,29,",","$,",--,33224,,
tg,rfd2.0,171102,171699,SCHILLER,29,daß,KOUS,daß,33224,,
tg,rfd2.0,171102,171699,SCHILLER,29,ich,PPER,ich,33224,SCHILLER,29
tg,rfd2.0,171102,171699,SCHILLER,29,dabei,PROAV,dabei,33224,,
tg,rfd2.0,171102,171699,SCHILLER,29,äußerlich,ADJD,äußerlich,33224,,
tg,rfd2.0,171102,171699,SCHILLER,29,gefehlt,VVPP,fehlen,33224,,
tg,rfd2.0,171102,171699,SCHILLER,29,habe,VAFIN,haben,33224,,
tg,rfd2.0,171102,171699,SCHILLER,29,",","$,",--,33224,,
tg,rfd2.0,171102,171699,SCHILLER,29,und,KON,und,33224,,
tg,rfd2.0,171102,171699,SCHILLER,29,ich,PPER,ich,33224,SCHILLER,29
tg,rfd2.0,171102,171699,SCHILLER,29,unterwerfe,VVFIN,unterwerfen,33224,,
tg,rfd2.0,171102,171699,SCHILLER,29,mich,PRF,mich,33224,SCHILLER,29
tg,rfd2.0,171102,171699,SCHILLER,29,schweigend,ADJD,schweigend,33224,,
tg,rfd2.0,171102,171699,SCHILLER,29,der,ART,der,33224,,
tg,rfd2.0,171102,171699,SCHILLER,29,gebietenden,ADJA,gebietend,33224,,
tg,rfd2.0,171102,171699,SCHILLER,29,Macht,NN,macht,33224,,
tg,rfd2.0,171102,171699,SCHILLER,29,–,XY,–,33224,,
tg,rfd2.0,171705,171726,Herzog Karl von Württemberg.,0,Weil,KOUS,weil,33224,,
tg,rfd2.0,171705,171726,Herzog Karl von Württemberg.,0,Er,PPER,er,33224,,
tg,rfd2.0,171705,171726,Herzog Karl von Württemberg.,0,muß,VMFIN,müssen,33224,,
tg,rfd2.0,171705,171726,Herzog Karl von Württemberg.,0,"!",$.,--,33224,,
tg,rfd2.0,171731,171918,SCHILLER,29,Ob,KOUS,ob,33224,,
tg,rfd2.0,171731,171918,SCHILLER,29,ich,PPER,ich,33224,SCHILLER,29
tg,rfd2.0,171731,171918,SCHILLER,29,in,APPR,in,33224,,
tg,rfd2.0,171731,171918,SCHILLER,29,höherm,APPRART,höher,33224,,
tg,rfd2.0,171731,171918,SCHILLER,29,Sinne,NN,sinn,33224,,
tg,rfd2.0,171731,171918,SCHILLER,29,gefehlt,VVPP,fehlen,33224,,
tg,rfd2.0,171731,171918,SCHILLER,29,",","$,",--,33224,,
tg,rfd2.0,171731,171918,SCHILLER,29,wage,VVFIN,wagen,33224,,
tg,rfd2.0,171731,171918,SCHILLER,29,ich,PPER,ich,33224,SCHILLER,29
tg,rfd2.0,171731,171918,SCHILLER,29,nicht,PTKNEG,nicht,33224,,
tg,rfd2.0,171731,171918,SCHILLER,29,zu,PTKZU,zu,33224,,
tg,rfd2.0,171731,171918,SCHILLER,29,bestimmen,VVINF,bestimmen,33224,,
tg,rfd2.0,171731,171918,SCHILLER,29,",","$,",--,33224,,
tg,rfd2.0,171731,171918,SCHILLER,29,aber,KON,aber,33224,,
tg,rfd2.0,171731,171918,SCHILLER,29,ich,PPER,ich,33224,SCHILLER,29
tg,rfd2.0,171731,171918,SCHILLER,29,weiß,VVFIN,weiß,33224,,
tg,rfd2.0,171731,171918,SCHILLER,29,",","$,",--,33224,,
tg,rfd2.0,171731,171918,SCHILLER,29,daß,KOUS,daß,33224,,
tg,rfd2.0,171731,171918,SCHILLER,29,ich,PPER,ich,33224,SCHILLER,29
tg,rfd2.0,171731,171918,SCHILLER,29,dafür,PROAV,dafür,33224,,
tg,rfd2.0,171731,171918,SCHILLER,29,nur,ADV,nur,33224,,
tg,rfd2.0,171731,171918,SCHILLER,29,Gott,NN,gott,33224,,
tg,rfd2.0,171731,171918,SCHILLER,29,verantwortlich,ADJD,verantwortlich,33224,,
tg,rfd2.0,171731,171918,SCHILLER,29,bin,VAFIN,sein,33224,,
tg,rfd2.0,171731,171918,SCHILLER,29,–,PPER,–,33224,,
tg,rfd2.0,171731,171918,SCHILLER,29,Klingel,NN,klingel,33224,,
tg,rfd2.0,171731,171918,SCHILLER,29,.,$.,--,33224,,
tg,rfd2.0,171731,171918,SCHILLER,29,Hier,ADV,hier,33224,,
tg,rfd2.0,171731,171918,SCHILLER,29,ist,VAFIN,sein,33224,,
tg,rfd2.0,171731,171918,SCHILLER,29,mein,PPOSAT,mein,33224,SCHILLER,29
tg,rfd2.0,171731,171918,SCHILLER,29,Degen,NN,degen,33224,,
tg,rfd2.0,171731,171918,SCHILLER,29,"!",$.,--,33224,,
tg,rfd2.0,171731,171918,SCHILLER,29,Übergibt,VVFIN,übergiben,33224,,
tg,rfd2.0,171731,171918,SCHILLER,29,ihn,PPER,ihn,33224,,
tg,rfd2.0,171731,171918,SCHILLER,29,an,APPR,an,33224,,
tg,rfd2.0,171731,171918,SCHILLER,29,Bleistift,NN,bleistift,33224,BLEISTIFT,31
tg,rfd2.0,171731,171918,SCHILLER,29,.,$.,--,33224,,
tg,rfd2.0,171924,171970,Herzog Karl von Württemberg.,0,Vorwärts,ADV,vorwärts,33224,,
tg,rfd2.0,171924,171970,Herzog Karl von Württemberg.,0,"!",$.,--,33224,,
tg,rfd2.0,172274,172448,PFEIFFER U,26,PETERS,NE,peters,33224,,
tg,rfd2.0,172274,172448,PFEIFFER U,26,oben,ADV,oben,33224,,
tg,rfd2.0,172274,172448,PFEIFFER U,26,links,ADV,links,33224,,
tg,rfd2.0,172274,172448,PFEIFFER U,26,schlafend,ADJD,schlafend,33224,,
tg,rfd2.0,172274,172448,PFEIFFER U,26,.,$.,--,33224,,
tg,rfd2.0,172454,172699,Generalin Rieger.,2,Die,ART,der,33224,,
tg,rfd2.0,172454,172699,Generalin Rieger.,2,armen,ADJA,arm,33224,,
tg,rfd2.0,172454,172699,Generalin Rieger.,2,Jungen,NN,junge,33224,,
tg,rfd2.0,172454,172699,Generalin Rieger.,2,"!",$.,--,33224,,
tg,rfd2.0,172454,172699,Generalin Rieger.,2,Trotz,APPR,trotz,33224,,
tg,rfd2.0,172454,172699,Generalin Rieger.,2,ihrer,PPOSAT,ihr,33224,,
tg,rfd2.0,172454,172699,Generalin Rieger.,2,Not,NN,not,33224,,
tg,rfd2.0,172454,172699,Generalin Rieger.,2,sämtlich,ADJD,sämtlich,33224,,
tg,rfd2.0,172454,172699,Generalin Rieger.,2,eingeschlafen,VVPP,eingeschleffen,33224,,
tg,rfd2.0,172454,172699,Generalin Rieger.,2,",","$,",--,33224,,
tg,rfd2.0,172454,172699,Generalin Rieger.,2,weil,KOUS,weil,33224,,
tg,rfd2.0,172454,172699,Generalin Rieger.,2,sie,PPER,sie,33224,,
tg,rfd2.0,172454,172699,Generalin Rieger.,2,eben,ADV,eben,33224,,
tg,rfd2.0,172454,172699,Generalin Rieger.,2,doch,ADV,doch,33224,,
tg,rfd2.0,172454,172699,Generalin Rieger.,2,ein,ART,ein,33224,,
tg,rfd2.0,172454,172699,Generalin Rieger.,2,gut,ADJD,gut,33224,,
tg,rfd2.0,172454,172699,Generalin Rieger.,2,Gewissen,NN,gewissen,33224,,
tg,rfd2.0,172454,172699,Generalin Rieger.,2,haben,VAFIN,haben,33224,,
tg,rfd2.0,172454,172699,Generalin Rieger.,2,.,$.,--,33224,,
tg,rfd2.0,172454,172699,Generalin Rieger.,2,Zu,APPR,zu,33224,,
tg,rfd2.0,172454,172699,Generalin Rieger.,2,Koch,NN,koch,33224,KOCH,20
tg,rfd2.0,172454,172699,Generalin Rieger.,2,tretend,ADJD,tretend,33224,,
tg,rfd2.0,172454,172699,Generalin Rieger.,2,und,KON,und,33224,,
tg,rfd2.0,172454,172699,Generalin Rieger.,2,ihn,PPER,ihn,33224,,
tg,rfd2.0,172454,172699,Generalin Rieger.,2,schüttelnd,ADJD,schüttelnd,33224,,
tg,rfd2.0,172454,172699,Generalin Rieger.,2,.,$.,--,33224,,
tg,rfd2.0,172454,172699,Generalin Rieger.,2,Tiroler,NE,tiroler,33224,,
tg,rfd2.0,172454,172699,Generalin Rieger.,2,"!",$.,--,33224,,
tg,rfd2.0,172454,172699,Generalin Rieger.,2,Köchle,NN,köchle,33224,,
tg,rfd2.0,172454,172699,Generalin Rieger.,2,"!",$.,--,33224,,
tg,rfd2.0,172454,172699,Generalin Rieger.,2,Koch,NE,koch,33224,KOCH,20
tg,rfd2.0,172454,172699,Generalin Rieger.,2,"!",$.,--,33224,,
tg,rfd2.0,172704,172734,KOCH,20,Ah,ITJ,ah,33224,,
tg,rfd2.0,172704,172734,KOCH,20,"!",$.,--,33224,,
tg,rfd2.0,172704,172734,KOCH,20,–,XY,–,33224,,
tg,rfd2.0,172704,172734,KOCH,20,Ja,PTKANT,ja,33224,,
tg,rfd2.0,172704,172734,KOCH,20,"!",$.,--,33224,,
tg,rfd2.0,172704,172734,KOCH,20,–,XY,–,33224,,
tg,rfd2.0,172704,172734,KOCH,20,Wo,PWAV,wo,33224,,
tg,rfd2.0,172704,172734,KOCH,20,bin,VAFIN,sein,33224,,
tg,rfd2.0,172704,172734,KOCH,20,ich,PPER,ich,33224,KOCH,20
tg,rfd2.0,172704,172734,KOCH,20,?,$.,--,33224,,
tg,rfd2.0,172739,172807,Generalin Rieger.,2,Im,APPRART,in,33224,,
tg,rfd2.0,172739,172807,Generalin Rieger.,2,gelben,ADJA,gelb,33224,,
tg,rfd2.0,172739,172807,Generalin Rieger.,2,Saale,NN,saale,33224,,
tg,rfd2.0,172739,172807,Generalin Rieger.,2,",","$,",--,33224,,
tg,rfd2.0,172739,172807,Generalin Rieger.,2,und,KON,und,33224,,
tg,rfd2.0,172739,172807,Generalin Rieger.,2,auf,APPR,auf,33224,,
tg,rfd2.0,172739,172807,Generalin Rieger.,2,dem,ART,der,33224,,
tg,rfd2.0,172739,172807,Generalin Rieger.,2,Punkte,NN,punkt,33224,,
tg,rfd2.0,172739,172807,Generalin Rieger.,2,",","$,",--,33224,,
tg,rfd2.0,172739,172807,Generalin Rieger.,2,Komödie,NN,komödie,33224,,
tg,rfd2.0,172739,172807,Generalin Rieger.,2,zu,PTKZU,zu,33224,,
tg,rfd2.0,172739,172807,Generalin Rieger.,2,spielen,VVINF,spielen,33224,,
tg,rfd2.0,172739,172807,Generalin Rieger.,2,"!",$.,--,33224,,
tg,rfd2.0,172813,172931,KOCH,20,Weiß,NE,weiß,33224,,
tg,rfd2.0,172813,172931,KOCH,20,Gott,NN,gott,33224,,
tg,rfd2.0,172813,172931,KOCH,20,",","$,",--,33224,,
tg,rfd2.0,172813,172931,KOCH,20,',$[,--,33224,,
tg,rfd2.0,172813,172931,KOCH,20,s,PPER,--,33224,,
tg,rfd2.0,172813,172931,KOCH,20,ist,VAFIN,sein,33224,,
tg,rfd2.0,172813,172931,KOCH,20,alles,PIS,alle,33224,,
tg,rfd2.0,172813,172931,KOCH,20,wahr,ADJD,wahr,33224,,
tg,rfd2.0,172813,172931,KOCH,20,–,XY,–,33224,,
tg,rfd2.0,172813,172931,KOCH,20,brr,ITJ,brr,33224,,
tg,rfd2.0,172813,172931,KOCH,20,"!",$.,--,33224,,
tg,rfd2.0,172813,172931,KOCH,20,Ich,PPER,ich,33224,,
tg,rfd2.0,172813,172931,KOCH,20,friere,VVFIN,frieren,33224,,
tg,rfd2.0,172813,172931,KOCH,20,"!",$.,--,33224,,
tg,rfd2.0,172813,172931,KOCH,20,Wie,PWAV,wie,33224,,
tg,rfd2.0,172813,172931,KOCH,20,weit,ADJD,weit,33224,,
tg,rfd2.0,172813,172931,KOCH,20,ist's,ADJD,ist's,33224,,
tg,rfd2.0,172813,172931,KOCH,20,in,APPR,in,33224,,
tg,rfd2.0,172813,172931,KOCH,20,der,ART,der,33224,,
tg,rfd2.0,172813,172931,KOCH,20,Nacht,NN,nacht,33224,,
tg,rfd2.0,172813,172931,KOCH,20,?,$.,--,33224,,
tg,rfd2.0,172936,173167,Generalin Rieger.,2,',$[,--,33224,,
tg,rfd2.0,172936,173167,Generalin Rieger.,2,s,PPER,--,33224,,
tg,rfd2.0,172936,173167,Generalin Rieger.,2,ist,VAFIN,sein,33224,,
tg,rfd2.0,172936,173167,Generalin Rieger.,2,gegen,APPR,gegen,33224,,
tg,rfd2.0,172936,173167,Generalin Rieger.,2,Morgen,NN,morgen,33224,,
tg,rfd2.0,172936,173167,Generalin Rieger.,2,.,$.,--,33224,,
tg,rfd2.0,172936,173167,Generalin Rieger.,2,Die,ART,der,33224,,
tg,rfd2.0,172936,173167,Generalin Rieger.,2,herzogliche,ADJA,herzoglich,33224,,
tg,rfd2.0,172936,173167,Generalin Rieger.,2,Tafel,NN,tafel,33224,,
tg,rfd2.0,172936,173167,Generalin Rieger.,2,ist,VAFIN,sein,33224,,
tg,rfd2.0,172936,173167,Generalin Rieger.,2,beim,APPRART,bei,33224,,
tg,rfd2.0,172936,173167,Generalin Rieger.,2,Dessert,NN,dessert,33224,,
tg,rfd2.0,172936,173167,Generalin Rieger.,2,und,KON,und,33224,,
tg,rfd2.0,172936,173167,Generalin Rieger.,2,wird,VAFIN,werden,33224,,
tg,rfd2.0,172936,173167,Generalin Rieger.,2,sogleich,ADV,sogleich,33224,,
tg,rfd2.0,172936,173167,Generalin Rieger.,2,aufgehoben,VVPP,aufheben,33224,,
tg,rfd2.0,172936,173167,Generalin Rieger.,2,werden,VAINF,werden,33224,,
tg,rfd2.0,172936,173167,Generalin Rieger.,2,.,$.,--,33224,,
tg,rfd2.0,172936,173167,Generalin Rieger.,2,Dann,ADV,dann,33224,,
tg,rfd2.0,172936,173167,Generalin Rieger.,2,kommen,VVFIN,kommen,33224,,
tg,rfd2.0,172936,173167,Generalin Rieger.,2,die,ART,der,33224,,
tg,rfd2.0,172936,173167,Generalin Rieger.,2,Herrschaften,NN,herrschaft,33224,,
tg,rfd2.0,172936,173167,Generalin Rieger.,2,in,APPR,in,33224,,
tg,rfd2.0,172936,173167,Generalin Rieger.,2,den,ART,der,33224,,
tg,rfd2.0,172936,173167,Generalin Rieger.,2,Theatersaal,NN,theatersaal,33224,,
tg,rfd2.0,172936,173167,Generalin Rieger.,2,und,KON,und,33224,,
tg,rfd2.0,172936,173167,Generalin Rieger.,2,nehmen,VVFIN,nehmen,33224,,
tg,rfd2.0,172936,173167,Generalin Rieger.,2,den,ART,der,33224,,
tg,rfd2.0,172936,173167,Generalin Rieger.,2,Kaffe,NN,kaffe,33224,,
tg,rfd2.0,172936,173167,Generalin Rieger.,2,und,KON,und,33224,,
tg,rfd2.0,172936,173167,Generalin Rieger.,2,sehen,VVFIN,sehen,33224,,
tg,rfd2.0,172936,173167,Generalin Rieger.,2,eure,ADJA,euer,33224,,
tg,rfd2.0,172936,173167,Generalin Rieger.,2,Komödie,NN,komödie,33224,,
tg,rfd2.0,172936,173167,Generalin Rieger.,2,an,PTKVZ,an,33224,,
tg,rfd2.0,172936,173167,Generalin Rieger.,2,",","$,",--,33224,,
tg,rfd2.0,172936,173167,Generalin Rieger.,2,so,ADV,so,33224,,
tg,rfd2.0,172936,173167,Generalin Rieger.,2,lang,ADJD,lang,33224,,
tg,rfd2.0,172936,173167,Generalin Rieger.,2,',$[,--,33224,,
tg,rfd2.0,172936,173167,Generalin Rieger.,2,es,PPER,es,33224,,
tg,rfd2.0,172936,173167,Generalin Rieger.,2,ihnen,PPER,ihnen,33224,,
tg,rfd2.0,172936,173167,Generalin Rieger.,2,gefällt,VVFIN,fällen,33224,,
tg,rfd2.0,172936,173167,Generalin Rieger.,2,.,$.,--,33224,,
tg,rfd2.0,173172,173251,KOCH,20,Ach,ITJ,ach,33224,,
tg,rfd2.0,173172,173251,KOCH,20,",","$,",--,33224,,
tg,rfd2.0,173172,173251,KOCH,20,Sie,PPER,sie,33224,,
tg,rfd2.0,173172,173251,KOCH,20,sind,VAFIN,sein,33224,,
tg,rfd2.0,173172,173251,KOCH,20,es,PPER,es,33224,,
tg,rfd2.0,173172,173251,KOCH,20,",","$,",--,33224,,
tg,rfd2.0,173172,173251,KOCH,20,Frau,NN,frau,33224,,
tg,rfd2.0,173172,173251,KOCH,20,Generalin,NE,generalin,33224,,
tg,rfd2.0,173172,173251,KOCH,20,"!",$.,--,33224,,
tg,rfd2.0,173172,173251,KOCH,20,Sie,PPER,sie,33224,,
tg,rfd2.0,173172,173251,KOCH,20,meinen's,VVFIN,meinen's,33224,,
tg,rfd2.0,173172,173251,KOCH,20,gut,ADJD,gut,33224,,
tg,rfd2.0,173172,173251,KOCH,20,mit,APPR,mit,33224,,
tg,rfd2.0,173172,173251,KOCH,20,uns,PPER,uns,33224,,
tg,rfd2.0,173172,173251,KOCH,20,"!",$.,--,33224,,
tg,rfd2.0,173256,173297,Generalin Rieger.,2,Das,ART,der,33224,,
tg,rfd2.0,173256,173297,Generalin Rieger.,2,glaub,NN,glaub,33224,,
tg,rfd2.0,173256,173297,Generalin Rieger.,2,',$[,--,33224,,
tg,rfd2.0,173256,173297,Generalin Rieger.,2,ich,PPER,ich,33224,Generalin Rieger.,2
tg,rfd2.0,173256,173297,Generalin Rieger.,2,",","$,",--,33224,,
tg,rfd2.0,173256,173297,Generalin Rieger.,2,und,KON,und,33224,,
tg,rfd2.0,173256,173297,Generalin Rieger.,2,deshalb,PROAV,deshalb,33224,,
tg,rfd2.0,173256,173297,Generalin Rieger.,2,–,XY,–,33224,,
tg,rfd2.0,173302,173374,KOCH,20,Uns,PPER,uns,33224,,
tg,rfd2.0,173302,173374,KOCH,20,hier,ADV,hier,33224,,
tg,rfd2.0,173302,173374,KOCH,20,so,ADV,so,33224,,
tg,rfd2.0,173302,173374,KOCH,20,im,APPRART,in,33224,,
tg,rfd2.0,173302,173374,KOCH,20,Kostüm,NN,kostüm,33224,,
tg,rfd2.0,173302,173374,KOCH,20,biwakieren,VVINF,biwakieren,33224,,
tg,rfd2.0,173302,173374,KOCH,20,zu,PTKZU,zu,33224,,
tg,rfd2.0,173302,173374,KOCH,20,lassen,VVINF,lassen,33224,,
tg,rfd2.0,173302,173374,KOCH,20,",","$,",--,33224,,
tg,rfd2.0,173302,173374,KOCH,20,wie,PWAV,wie,33224,,
tg,rfd2.0,173302,173374,KOCH,20,Kunstreitertiere,NN,kunstreitertier,33224,,
tg,rfd2.0,173302,173374,KOCH,20,"!",$.,--,33224,,
tg,rfd2.0,173379,173611,Generalin Rieger.,2,Deshalb,PROAV,deshalb,33224,,
tg,rfd2.0,173379,173611,Generalin Rieger.,2,hab,VAFIN,hab,33224,,
tg,rfd2.0,173379,173611,Generalin Rieger.,2,',$[,--,33224,,
tg,rfd2.0,173379,173611,Generalin Rieger.,2,ich,PPER,ich,33224,Generalin Rieger.,2
tg,rfd2.0,173379,173611,Generalin Rieger.,2,mich,PRF,mich,33224,Generalin Rieger.,2
tg,rfd2.0,173379,173611,Generalin Rieger.,2,fortgeschlichen,ADJA,fortgeschlich,33224,,
tg,rfd2.0,173379,173611,Generalin Rieger.,2,und,KON,und,33224,,
tg,rfd2.0,173379,173611,Generalin Rieger.,2,euch,PPER,euch,33224,,
tg,rfd2.0,173379,173611,Generalin Rieger.,2,ein,ART,ein,33224,,
tg,rfd2.0,173379,173611,Generalin Rieger.,2,paar,PIDAT,paar,33224,,
tg,rfd2.0,173379,173611,Generalin Rieger.,2,große,ADJA,groß,33224,,
tg,rfd2.0,173379,173611,Generalin Rieger.,2,Kannen,NN,kanne,33224,,
tg,rfd2.0,173379,173611,Generalin Rieger.,2,Kaffee,NN,kaffee,33224,,
tg,rfd2.0,173379,173611,Generalin Rieger.,2,aus,APPR,aus,33224,,
tg,rfd2.0,173379,173611,Generalin Rieger.,2,der,ART,der,33224,,
tg,rfd2.0,173379,173611,Generalin Rieger.,2,Kuchel,NN,kuchel,33224,,
tg,rfd2.0,173379,173611,Generalin Rieger.,2,holen,VVINF,holen,33224,,
tg,rfd2.0,173379,173611,Generalin Rieger.,2,lassen,VVFIN,lassen,33224,,
tg,rfd2.0,173379,173611,Generalin Rieger.,2,–,PPER,–,33224,,
tg,rfd2.0,173379,173611,Generalin Rieger.,2,sie,PPER,sie,33224,,
tg,rfd2.0,173379,173611,Generalin Rieger.,2,werden,VAFIN,werden,33224,,
tg,rfd2.0,173379,173611,Generalin Rieger.,2,gleich,ADV,gleich,33224,,
tg,rfd2.0,173379,173611,Generalin Rieger.,2,kommen,VVINF,kommen,33224,,
tg,rfd2.0,173379,173611,Generalin Rieger.,2,",","$,",--,33224,,
tg,rfd2.0,173379,173611,Generalin Rieger.,2,und,KON,und,33224,,
tg,rfd2.0,173379,173611,Generalin Rieger.,2,da,ADV,da,33224,,
tg,rfd2.0,173379,173611,Generalin Rieger.,2,oben,ADV,oben,33224,,
tg,rfd2.0,173379,173611,Generalin Rieger.,2,in,APPR,in,33224,,
tg,rfd2.0,173379,173611,Generalin Rieger.,2,eurer,ADJA,eurer,33224,,
tg,rfd2.0,173379,173611,Generalin Rieger.,2,Garderobe,NN,garderobe,33224,,
tg,rfd2.0,173379,173611,Generalin Rieger.,2,könnt,VVFIN,können,33224,,
tg,rfd2.0,173379,173611,Generalin Rieger.,2,ihr,PPOSAT,ihr,33224,,
tg,rfd2.0,173379,173611,Generalin Rieger.,2,sie,PPER,sie,33224,,
tg,rfd2.0,173379,173611,Generalin Rieger.,2,zu,APPR,zu,33224,,
tg,rfd2.0,173379,173611,Generalin Rieger.,2,eurer,ADJA,eurer,33224,,
tg,rfd2.0,173379,173611,Generalin Rieger.,2,Stärkung,NN,stärkung,33224,,
tg,rfd2.0,173379,173611,Generalin Rieger.,2,und,KON,und,33224,,
tg,rfd2.0,173379,173611,Generalin Rieger.,2,Ermunterung,NN,ermunterung,33224,,
tg,rfd2.0,173379,173611,Generalin Rieger.,2,genießen,VVINF,genießen,33224,,
tg,rfd2.0,173379,173611,Generalin Rieger.,2,.,$.,--,33224,,
tg,rfd2.0,173616,173670,KOCH,20,Gott,NN,gott,33224,,
tg,rfd2.0,173616,173670,KOCH,20,lohn's,VVFIN,lohn,33224,,
tg,rfd2.0,173616,173670,KOCH,20,Ihnen,PPER,ihnen,33224,,
tg,rfd2.0,173616,173670,KOCH,20,an,APPR,an,33224,,
tg,rfd2.0,173616,173670,KOCH,20,Ihren,PPOSAT,ihr,33224,,
tg,rfd2.0,173616,173670,KOCH,20,zukünftigen,ADJA,zukünftig,33224,,
tg,rfd2.0,173616,173670,KOCH,20,Kindern,NN,kind,33224,,
tg,rfd2.0,173616,173670,KOCH,20,.,$.,--,33224,,
tg,rfd2.0,173675,173800,Generalin Rieger.,2,Will,VMFIN,wollen,33224,,
tg,rfd2.0,173675,173800,Generalin Rieger.,2,Er,PPER,er,33224,,
tg,rfd2.0,173675,173800,Generalin Rieger.,2,wohl,ADV,wohl,33224,,
tg,rfd2.0,173675,173800,Generalin Rieger.,2,"!",$.,--,33224,,
tg,rfd2.0,173675,173800,Generalin Rieger.,2,Das,ART,der,33224,,
tg,rfd2.0,173675,173800,Generalin Rieger.,2,Spaßen,NN,spaßen,33224,,
tg,rfd2.0,173675,173800,Generalin Rieger.,2,wird,VAFIN,werden,33224,,
tg,rfd2.0,173675,173800,Generalin Rieger.,2,euch,PPER,euch,33224,,
tg,rfd2.0,173675,173800,Generalin Rieger.,2,bald,ADV,bald,33224,,
tg,rfd2.0,173675,173800,Generalin Rieger.,2,vergehen,VVINF,vergehen,33224,,
tg,rfd2.0,173675,173800,Generalin Rieger.,2,.,$.,--,33224,,
tg,rfd2.0,173675,173800,Generalin Rieger.,2,Die,ART,der,33224,,
tg,rfd2.0,173675,173800,Generalin Rieger.,2,Sache,NN,sache,33224,,
tg,rfd2.0,173675,173800,Generalin Rieger.,2,nimmt,VVFIN,nehmen,33224,,
tg,rfd2.0,173675,173800,Generalin Rieger.,2,eine,ART,ein,33224,,
tg,rfd2.0,173675,173800,Generalin Rieger.,2,Wendung,NN,wendung,33224,,
tg,rfd2.0,173675,173800,Generalin Rieger.,2,",","$,",--,33224,,
tg,rfd2.0,173675,173800,Generalin Rieger.,2,der,PRELS,der,33224,,
tg,rfd2.0,173675,173800,Generalin Rieger.,2,ich,PPER,ich,33224,Generalin Rieger.,2
tg,rfd2.0,173675,173800,Generalin Rieger.,2,nicht,PTKNEG,nicht,33224,,
tg,rfd2.0,173675,173800,Generalin Rieger.,2,über,APPR,über,33224,,
tg,rfd2.0,173675,173800,Generalin Rieger.,2,den,ART,der,33224,,
tg,rfd2.0,173675,173800,Generalin Rieger.,2,Weg,NN,weg,33224,,
tg,rfd2.0,173675,173800,Generalin Rieger.,2,traue,VVFIN,trauen,33224,,
tg,rfd2.0,173675,173800,Generalin Rieger.,2,.,$.,--,33224,,
tg,rfd2.0,173805,173857,KOCH,20,An,APPR,an,33224,,
tg,rfd2.0,173805,173857,KOCH,20,den,ART,der,33224,,
tg,rfd2.0,173805,173857,KOCH,20,Galgen,NN,galgen,33224,,
tg,rfd2.0,173805,173857,KOCH,20,kann,VMFIN,können,33224,,
tg,rfd2.0,173805,173857,KOCH,20,er,PPER,er,33224,,
tg,rfd2.0,173805,173857,KOCH,20,uns,PRF,uns,33224,,
tg,rfd2.0,173805,173857,KOCH,20,doch,ADV,doch,33224,,
tg,rfd2.0,173805,173857,KOCH,20,nicht,PTKNEG,nicht,33224,,
tg,rfd2.0,173805,173857,KOCH,20,bringen,VVINF,bringen,33224,,
tg,rfd2.0,173805,173857,KOCH,20,"!",$.,--,33224,,
tg,rfd2.0,173862,173967,Generalin Rieger.,2,Aber,KON,aber,33224,,
tg,rfd2.0,173862,173967,Generalin Rieger.,2,ins,APPRART,in,33224,,
tg,rfd2.0,173862,173967,Generalin Rieger.,2,Loch,NN,loch,33224,,
tg,rfd2.0,173862,173967,Generalin Rieger.,2,–,APPR,–,33224,,
tg,rfd2.0,173862,173967,Generalin Rieger.,2,den,ART,der,33224,,
tg,rfd2.0,173862,173967,Generalin Rieger.,2,wenigstens,ADV,wenigstens,33224,,
tg,rfd2.0,173862,173967,Generalin Rieger.,2,da,ADV,da,33224,,
tg,rfd2.0,173862,173967,Generalin Rieger.,2,",","$,",--,33224,,
tg,rfd2.0,173862,173967,Generalin Rieger.,2,welcher,ADJA,welcher,33224,,
tg,rfd2.0,173862,173967,Generalin Rieger.,2,mehr,ADV,mehr,33224,,
tg,rfd2.0,173862,173967,Generalin Rieger.,2,wert,ADJD,wert,33224,,
tg,rfd2.0,173862,173967,Generalin Rieger.,2,ist,VAFIN,sein,33224,,
tg,rfd2.0,173862,173967,Generalin Rieger.,2,",","$,",--,33224,,
tg,rfd2.0,173862,173967,Generalin Rieger.,2,als,KOUS,als,33224,,
tg,rfd2.0,173862,173967,Generalin Rieger.,2,ihr,PPER,ihr,33224,,
tg,rfd2.0,173862,173967,Generalin Rieger.,2,alle,PIS,alle,33224,ALLE,30
tg,rfd2.0,173862,173967,Generalin Rieger.,2,.,$.,--,33224,,
tg,rfd2.0,173862,173967,Generalin Rieger.,2,Auf,APPR,auf,33224,,
tg,rfd2.0,173862,173967,Generalin Rieger.,2,Schiller,NE,schiller,33224,SCHILLER,29
tg,rfd2.0,173862,173967,Generalin Rieger.,2,zeigend,ADJD,zeigend,33224,,
tg,rfd2.0,173862,173967,Generalin Rieger.,2,.,$.,--,33224,,
tg,rfd2.0,173973,174030,KOCH,20,Das,ART,der,33224,,
tg,rfd2.0,173973,174030,KOCH,20,glaub,NN,glaub,33224,,
tg,rfd2.0,173973,174030,KOCH,20,',$[,--,33224,,
tg,rfd2.0,173973,174030,KOCH,20,ich,PPER,ich,33224,KOCH,20
tg,rfd2.0,173973,174030,KOCH,20,auch,ADV,auch,33224,,
tg,rfd2.0,173973,174030,KOCH,20,–,XY,–,33224,,
tg,rfd2.0,173973,174030,KOCH,20,hat,VAFIN,haben,33224,,
tg,rfd2.0,173973,174030,KOCH,20,der,ART,der,33224,,
tg,rfd2.0,173973,174030,KOCH,20,Herzog,NE,herzog,33224,,
tg,rfd2.0,173973,174030,KOCH,20,was,PWS,was,33224,,
tg,rfd2.0,173973,174030,KOCH,20,geäußert,VVPP,äußern,33224,,
tg,rfd2.0,173973,174030,KOCH,20,?,$.,--,33224,,
tg,rfd2.0,174035,174150,Generalin Rieger.,2,Ach,ITJ,ach,33224,,
tg,rfd2.0,174035,174150,Generalin Rieger.,2,",","$,",--,33224,,
tg,rfd2.0,174035,174150,Generalin Rieger.,2,es,PPER,es,33224,,
tg,rfd2.0,174035,174150,Generalin Rieger.,2,sieht,VVFIN,sehen,33224,,
tg,rfd2.0,174035,174150,Generalin Rieger.,2,sehr,ADV,sehr,33224,,
tg,rfd2.0,174035,174150,Generalin Rieger.,2,garstig,ADJD,garstig,33224,,
tg,rfd2.0,174035,174150,Generalin Rieger.,2,aus,PTKVZ,aus,33224,,
tg,rfd2.0,174035,174150,Generalin Rieger.,2,.,$.,--,33224,,
tg,rfd2.0,174035,174150,Generalin Rieger.,2,Wir,PPER,wir,33224,,
tg,rfd2.0,174035,174150,Generalin Rieger.,2,haben,VAFIN,haben,33224,,
tg,rfd2.0,174035,174150,Generalin Rieger.,2,zwei,CARD,zwei,33224,,
tg,rfd2.0,174035,174150,Generalin Rieger.,2,Verbündete,NN,verbündeter,33224,,
tg,rfd2.0,174035,174150,Generalin Rieger.,2,eingebüßt,VVFIN,einbüßen,33224,,
tg,rfd2.0,174035,174150,Generalin Rieger.,2,–,PPER,–,33224,,
tg,rfd2.0,174035,174150,Generalin Rieger.,2,die,ART,der,33224,,
tg,rfd2.0,174035,174150,Generalin Rieger.,2,Gräfin,NN,gräfin,33224,,
tg,rfd2.0,174035,174150,Generalin Rieger.,2,Franzel,NE,franzel,33224,,
tg,rfd2.0,174035,174150,Generalin Rieger.,2,und,KON,und,33224,,
tg,rfd2.0,174035,174150,Generalin Rieger.,2,die,ART,der,33224,,
tg,rfd2.0,174035,174150,Generalin Rieger.,2,Laura,NN,laura,33224,,
tg,rfd2.0,174035,174150,Generalin Rieger.,2,"!",$.,--,33224,,
tg,rfd2.0,174155,174175,KOCH,20,Donnerwetter,NN,donnerwetter,33224,,
tg,rfd2.0,174155,174175,KOCH,20,"!",$.,--,33224,,
tg,rfd2.0,174180,174591,Generalin Rieger.,2,Er,PPER,er,33224,,
tg,rfd2.0,174180,174591,Generalin Rieger.,2,hat,VAFIN,haben,33224,,
tg,rfd2.0,174180,174591,Generalin Rieger.,2,Sein,PPOSAT,sein,33224,,
tg,rfd2.0,174180,174591,Generalin Rieger.,2,gutes,ADJA,gut,33224,,
tg,rfd2.0,174180,174591,Generalin Rieger.,2,Teil,NN,teil,33224,,
tg,rfd2.0,174180,174591,Generalin Rieger.,2,Schuld,NN,schuld,33224,,
tg,rfd2.0,174180,174591,Generalin Rieger.,2,dabei,PROAV,dabei,33224,,
tg,rfd2.0,174180,174591,Generalin Rieger.,2,"!",$.,--,33224,,
tg,rfd2.0,174180,174591,Generalin Rieger.,2,Denn,KON,denn,33224,,
tg,rfd2.0,174180,174591,Generalin Rieger.,2,die,ART,der,33224,,
tg,rfd2.0,174180,174591,Generalin Rieger.,2,Blätter,NN,blatt,33224,,
tg,rfd2.0,174180,174591,Generalin Rieger.,2,des,ART,der,33224,,
tg,rfd2.0,174180,174591,Generalin Rieger.,2,schwäbischen,ADJA,schwäbisch,33224,,
tg,rfd2.0,174180,174591,Generalin Rieger.,2,Magazins,NN,magazin,33224,,
tg,rfd2.0,174180,174591,Generalin Rieger.,2,mit,APPR,mit,33224,,
tg,rfd2.0,174180,174591,Generalin Rieger.,2,Seinen,PPOSAT,sein,33224,,
tg,rfd2.0,174180,174591,Generalin Rieger.,2,Liebesgedichten,NN,liebesgedicht,33224,,
tg,rfd2.0,174180,174591,Generalin Rieger.,2,hat,VAFIN,haben,33224,,
tg,rfd2.0,174180,174591,Generalin Rieger.,2,doch,ADV,doch,33224,,
tg,rfd2.0,174180,174591,Generalin Rieger.,2,gewiß,ADV,gewiß,33224,,
tg,rfd2.0,174180,174591,Generalin Rieger.,2,Er,PPER,er,33224,,
tg,rfd2.0,174180,174591,Generalin Rieger.,2,an,APPR,an,33224,,
tg,rfd2.0,174180,174591,Generalin Rieger.,2,die,ART,der,33224,,
tg,rfd2.0,174180,174591,Generalin Rieger.,2,Gräfin,NN,gräfin,33224,,
tg,rfd2.0,174180,174591,Generalin Rieger.,2,spediert,VVFIN,spedieren,33224,,
tg,rfd2.0,174180,174591,Generalin Rieger.,2,.,$.,--,33224,,
tg,rfd2.0,174180,174591,Generalin Rieger.,2,Sie,PPER,sie,33224,,
tg,rfd2.0,174180,174591,Generalin Rieger.,2,hat,VAFIN,haben,33224,,
tg,rfd2.0,174180,174591,Generalin Rieger.,2,sich,PRF,sich,33224,,
tg,rfd2.0,174180,174591,Generalin Rieger.,2,nun,ADV,nun,33224,,
tg,rfd2.0,174180,174591,Generalin Rieger.,2,offenbar,ADJD,offenbar,33224,,
tg,rfd2.0,174180,174591,Generalin Rieger.,2,eingebildet,VVPP,einbilden,33224,,
tg,rfd2.0,174180,174591,Generalin Rieger.,2,",","$,",--,33224,,
tg,rfd2.0,174180,174591,Generalin Rieger.,2,die,ART,der,33224,,
tg,rfd2.0,174180,174591,Generalin Rieger.,2,Schwärmerei,NN,schwärmerei,33224,,
tg,rfd2.0,174180,174591,Generalin Rieger.,2,gelte,VVFIN,gelten,33224,,
tg,rfd2.0,174180,174591,Generalin Rieger.,2,ihr,PPER,ihr,33224,,
tg,rfd2.0,174180,174591,Generalin Rieger.,2,",","$,",--,33224,,
tg,rfd2.0,174180,174591,Generalin Rieger.,2,und,KON,und,33224,,
tg,rfd2.0,174180,174591,Generalin Rieger.,2,Frau,NN,frau,33224,,
tg,rfd2.0,174180,174591,Generalin Rieger.,2,ist,VAFIN,sein,33224,,
tg,rfd2.0,174180,174591,Generalin Rieger.,2,Frau,NN,frau,33224,,
tg,rfd2.0,174180,174591,Generalin Rieger.,2,",","$,",--,33224,,
tg,rfd2.0,174180,174591,Generalin Rieger.,2,wir,PPER,wir,33224,,
tg,rfd2.0,174180,174591,Generalin Rieger.,2,haben,VAFIN,haben,33224,,
tg,rfd2.0,174180,174591,Generalin Rieger.,2,all,PIDAT,all,33224,,
tg,rfd2.0,174180,174591,Generalin Rieger.,2,',$[,--,33224,,
tg,rfd2.0,174180,174591,Generalin Rieger.,2,unser,PPOSAT,unser,33224,,
tg,rfd2.0,174180,174591,Generalin Rieger.,2,Herzpünktchen,NN,herzpünktch,33224,,
tg,rfd2.0,174180,174591,Generalin Rieger.,2,Eitelkeit,NN,eitelkeit,33224,,
tg,rfd2.0,174180,174591,Generalin Rieger.,2,–,XY,–,33224,,
tg,rfd2.0,174180,174591,Generalin Rieger.,2,wie,KOKOM,wie,33224,,
tg,rfd2.0,174180,174591,Generalin Rieger.,2,brav,ADJD,brav,33224,,
tg,rfd2.0,174180,174591,Generalin Rieger.,2,sie,PPER,sie,33224,,
tg,rfd2.0,174180,174591,Generalin Rieger.,2,auch,ADV,auch,33224,,
tg,rfd2.0,174180,174591,Generalin Rieger.,2,ist,VAFIN,sein,33224,,
tg,rfd2.0,174180,174591,Generalin Rieger.,2,und,KON,und,33224,,
tg,rfd2.0,174180,174591,Generalin Rieger.,2,ohne,APPR,ohne,33224,,
tg,rfd2.0,174180,174591,Generalin Rieger.,2,arge,ADJA,argen,33224,,
tg,rfd2.0,174180,174591,Generalin Rieger.,2,Nebengedanken,NN,nebengedanke,33224,,
tg,rfd2.0,174180,174591,Generalin Rieger.,2,",","$,",--,33224,,
tg,rfd2.0,174180,174591,Generalin Rieger.,2,',$[,--,33224,,
tg,rfd2.0,174180,174591,Generalin Rieger.,2,s,PPER,--,33224,,
tg,rfd2.0,174180,174591,Generalin Rieger.,2,hat,VAFIN,haben,33224,,
tg,rfd2.0,174180,174591,Generalin Rieger.,2,ihr,PPER,ihr,33224,,
tg,rfd2.0,174180,174591,Generalin Rieger.,2,doch,ADV,doch,33224,,
tg,rfd2.0,174180,174591,Generalin Rieger.,2,geschmeichelt,VVPP,gesmeicheln,33224,,
tg,rfd2.0,174180,174591,Generalin Rieger.,2,",","$,",--,33224,,
tg,rfd2.0,174180,174591,Generalin Rieger.,2,und,KON,und,33224,,
tg,rfd2.0,174180,174591,Generalin Rieger.,2,jetzt,ADV,jetzt,33224,,
tg,rfd2.0,174180,174591,Generalin Rieger.,2,ist,VAFIN,sein,33224,,
tg,rfd2.0,174180,174591,Generalin Rieger.,2,die,ART,der,33224,,
tg,rfd2.0,174180,174591,Generalin Rieger.,2,Bescherung,NN,bescherung,33224,,
tg,rfd2.0,174180,174591,Generalin Rieger.,2,fertig,ADJD,fertig,33224,,
tg,rfd2.0,174180,174591,Generalin Rieger.,2,.,$.,--,33224,,
tg,rfd2.0,174596,174609,KOCH,20,Wieso,NE,wieso,33224,,
tg,rfd2.0,174596,174609,KOCH,20,?,$.,--,33224,,
tg,rfd2.0,174614,174939,Generalin Rieger.,2,Nachdem,KOUS,nachdem,33224,,
tg,rfd2.0,174614,174939,Generalin Rieger.,2,der,ART,der,33224,,
tg,rfd2.0,174614,174939,Generalin Rieger.,2,Herzog,NE,herzog,33224,,
tg,rfd2.0,174614,174939,Generalin Rieger.,2,die,ART,der,33224,,
tg,rfd2.0,174614,174939,Generalin Rieger.,2,Laura,NN,laura,33224,,
tg,rfd2.0,174614,174939,Generalin Rieger.,2,ins,APPRART,in,33224,,
tg,rfd2.0,174614,174939,Generalin Rieger.,2,Gebet,NN,gebet,33224,,
tg,rfd2.0,174614,174939,Generalin Rieger.,2,genommen,VVPP,nehmen,33224,,
tg,rfd2.0,174614,174939,Generalin Rieger.,2,",","$,",--,33224,,
tg,rfd2.0,174614,174939,Generalin Rieger.,2,hat,VAFIN,haben,33224,,
tg,rfd2.0,174614,174939,Generalin Rieger.,2,das,ART,der,33224,,
tg,rfd2.0,174614,174939,Generalin Rieger.,2,dumme,ADJA,dumm,33224,,
tg,rfd2.0,174614,174939,Generalin Rieger.,2,Kind,NN,kind,33224,,
tg,rfd2.0,174614,174939,Generalin Rieger.,2,der,ART,der,33224,,
tg,rfd2.0,174614,174939,Generalin Rieger.,2,Franzel,NN,franzel,33224,,
tg,rfd2.0,174614,174939,Generalin Rieger.,2,alles,PIS,alle,33224,,
tg,rfd2.0,174614,174939,Generalin Rieger.,2,gebeichtet,VVPP,beichten,33224,,
tg,rfd2.0,174614,174939,Generalin Rieger.,2,und,KON,und,33224,,
tg,rfd2.0,174614,174939,Generalin Rieger.,2,von,APPR,von,33224,,
tg,rfd2.0,174614,174939,Generalin Rieger.,2,einem,ART,ein,33224,,
tg,rfd2.0,174614,174939,Generalin Rieger.,2,ganzen,ADJA,ganz,33224,,
tg,rfd2.0,174614,174939,Generalin Rieger.,2,Buche,NN,buch,33224,,
tg,rfd2.0,174614,174939,Generalin Rieger.,2,solcher,PIAT,solcher,33224,,
tg,rfd2.0,174614,174939,Generalin Rieger.,2,Lauragedichte,NN,lauragedichte,33224,,
tg,rfd2.0,174614,174939,Generalin Rieger.,2,erzählt,VVFIN,erzählen,33224,,
tg,rfd2.0,174614,174939,Generalin Rieger.,2,",","$,",--,33224,,
tg,rfd2.0,174614,174939,Generalin Rieger.,2,und,KON,und,33224,,
tg,rfd2.0,174614,174939,Generalin Rieger.,2,daß,KOUS,daß,33224,,
tg,rfd2.0,174614,174939,Generalin Rieger.,2,Spiegelberg,NE,spiegelberg,33224,,
tg,rfd2.0,174614,174939,Generalin Rieger.,2,eine,ART,ein,33224,,
tg,rfd2.0,174614,174939,Generalin Rieger.,2,Dummheit,NN,dummheit,33224,,
tg,rfd2.0,174614,174939,Generalin Rieger.,2,gewesen,VAPP,sein,33224,,
tg,rfd2.0,174614,174939,Generalin Rieger.,2,",","$,",--,33224,,
tg,rfd2.0,174614,174939,Generalin Rieger.,2,und,KON,und,33224,,
tg,rfd2.0,174614,174939,Generalin Rieger.,2,daß,KOUS,daß,33224,,
tg,rfd2.0,174614,174939,Generalin Rieger.,2,der,ART,der,33224,,
tg,rfd2.0,174614,174939,Generalin Rieger.,2,Schiller,NE,schiller,33224,SCHILLER,29
tg,rfd2.0,174614,174939,Generalin Rieger.,2,von,APPR,von,33224,,
tg,rfd2.0,174614,174939,Generalin Rieger.,2,all,PIDAT,all,33224,,
tg,rfd2.0,174614,174939,Generalin Rieger.,2,den,ART,der,33224,,
tg,rfd2.0,174614,174939,Generalin Rieger.,2,Schwärmereien,NN,schwärmerei,33224,,
tg,rfd2.0,174614,174939,Generalin Rieger.,2,der,ART,der,33224,,
tg,rfd2.0,174614,174939,Generalin Rieger.,2,Verfasser,NN,verfasser,33224,,
tg,rfd2.0,174614,174939,Generalin Rieger.,2,sei,VAFIN,sein,33224,,
tg,rfd2.0,174614,174939,Generalin Rieger.,2,",","$,",--,33224,,
tg,rfd2.0,174614,174939,Generalin Rieger.,2,und,KON,und,33224,,
tg,rfd2.0,174614,174939,Generalin Rieger.,2,nun,ADV,nun,33224,,
tg,rfd2.0,174614,174939,Generalin Rieger.,2,ist's,ADV,ist's,33224,,
tg,rfd2.0,174614,174939,Generalin Rieger.,2,vorbei,ADV,vorbei,33224,,
tg,rfd2.0,174614,174939,Generalin Rieger.,2,mit,APPR,mit,33224,,
tg,rfd2.0,174614,174939,Generalin Rieger.,2,dem,ART,der,33224,,
tg,rfd2.0,174614,174939,Generalin Rieger.,2,Schutze,NN,schutz,33224,,
tg,rfd2.0,174614,174939,Generalin Rieger.,2,der,ART,der,33224,,
tg,rfd2.0,174614,174939,Generalin Rieger.,2,Franzel,NN,franzel,33224,,
tg,rfd2.0,174614,174939,Generalin Rieger.,2,.,$.,--,33224,,
tg,rfd2.0,174944,174981,KOCH,20,Ach,ITJ,ach,33224,,
tg,rfd2.0,174944,174981,KOCH,20,",","$,",--,33224,,
tg,rfd2.0,174944,174981,KOCH,20,',$[,--,33224,,
tg,rfd2.0,174944,174981,KOCH,20,s,PPER,--,33224,,
tg,rfd2.0,174944,174981,KOCH,20,ist,VAFIN,sein,33224,,
tg,rfd2.0,174944,174981,KOCH,20,ja,ADV,ja,33224,,
tg,rfd2.0,174944,174981,KOCH,20,eine,ART,ein,33224,,
tg,rfd2.0,174944,174981,KOCH,20,edle,ADJA,edel,33224,,
tg,rfd2.0,174944,174981,KOCH,20,Dame,NN,--,33224,,
tg,rfd2.0,174944,174981,KOCH,20,"!",$.,--,33224,,
tg,rfd2.0,174986,175226,Generalin Rieger.,2,Edle,ADJA,edel,33224,,
tg,rfd2.0,174986,175226,Generalin Rieger.,2,Dame,NN,--,33224,,
tg,rfd2.0,174986,175226,Generalin Rieger.,2,",","$,",--,33224,,
tg,rfd2.0,174986,175226,Generalin Rieger.,2,freilich,ADV,freilich,33224,,
tg,rfd2.0,174986,175226,Generalin Rieger.,2,"!",$.,--,33224,,
tg,rfd2.0,174986,175226,Generalin Rieger.,2,Wenn,KOUS,wenn,33224,,
tg,rfd2.0,174986,175226,Generalin Rieger.,2,sie,PPER,sie,33224,,
tg,rfd2.0,174986,175226,Generalin Rieger.,2,nicht,PTKNEG,nicht,33224,,
tg,rfd2.0,174986,175226,Generalin Rieger.,2,getäuscht,VVPP,täuschen,33224,,
tg,rfd2.0,174986,175226,Generalin Rieger.,2,worden,VAPP,werden,33224,,
tg,rfd2.0,174986,175226,Generalin Rieger.,2,wäre,VAFIN,sein,33224,,
tg,rfd2.0,174986,175226,Generalin Rieger.,2,"!",$.,--,33224,,
tg,rfd2.0,174986,175226,Generalin Rieger.,2,Jetzt,ADV,jetzt,33224,,
tg,rfd2.0,174986,175226,Generalin Rieger.,2,kommt,VVFIN,kommen,33224,,
tg,rfd2.0,174986,175226,Generalin Rieger.,2,sie,PPER,sie,33224,,
tg,rfd2.0,174986,175226,Generalin Rieger.,2,sich,PRF,sich,33224,,
tg,rfd2.0,174986,175226,Generalin Rieger.,2,lächerlich,ADJD,lächerlich,33224,,
tg,rfd2.0,174986,175226,Generalin Rieger.,2,vor,PTKVZ,vor,33224,,
tg,rfd2.0,174986,175226,Generalin Rieger.,2,",","$,",--,33224,,
tg,rfd2.0,174986,175226,Generalin Rieger.,2,und,KON,und,33224,,
tg,rfd2.0,174986,175226,Generalin Rieger.,2,über,APPR,über,33224,,
tg,rfd2.0,174986,175226,Generalin Rieger.,2,diesen,PDAT,dieser,33224,,
tg,rfd2.0,174986,175226,Generalin Rieger.,2,Stein,NN,stein,33224,,
tg,rfd2.0,174986,175226,Generalin Rieger.,2,stolpert,VVFIN,stolpern,33224,,
tg,rfd2.0,174986,175226,Generalin Rieger.,2,auch,ADV,auch,33224,,
tg,rfd2.0,174986,175226,Generalin Rieger.,2,der,ART,der,33224,,
tg,rfd2.0,174986,175226,Generalin Rieger.,2,Edelmut,NN,edelmut,33224,,
tg,rfd2.0,174986,175226,Generalin Rieger.,2,–,XY,–,33224,,
tg,rfd2.0,174986,175226,Generalin Rieger.,2,wo,PWAV,wo,33224,,
tg,rfd2.0,174986,175226,Generalin Rieger.,2,nur,ADV,nur,33224,,
tg,rfd2.0,174986,175226,Generalin Rieger.,2,der,ART,der,33224,,
tg,rfd2.0,174986,175226,Generalin Rieger.,2,Junge,NN,junge,33224,,
tg,rfd2.0,174986,175226,Generalin Rieger.,2,bleibt,VVFIN,bleiben,33224,,
tg,rfd2.0,174986,175226,Generalin Rieger.,2,mit,APPR,mit,33224,,
tg,rfd2.0,174986,175226,Generalin Rieger.,2,dem,ART,der,33224,,
tg,rfd2.0,174986,175226,Generalin Rieger.,2,Kaffee,NN,kaffee,33224,,
tg,rfd2.0,174986,175226,Generalin Rieger.,2,–,CARD,–,33224,,
tg,rfd2.0,174986,175226,Generalin Rieger.,2,Zurückgehend,NN,zurückgehend,33224,,
tg,rfd2.0,174986,175226,Generalin Rieger.,2,.,$.,--,33224,,
tg,rfd2.0,174986,175226,Generalin Rieger.,2,es,PPER,es,33224,,
tg,rfd2.0,174986,175226,Generalin Rieger.,2,kann,VMFIN,können,33224,,
tg,rfd2.0,174986,175226,Generalin Rieger.,2,uns,PPER,uns,33224,,
tg,rfd2.0,174986,175226,Generalin Rieger.,2,zu,PTKA,zu,33224,,
tg,rfd2.0,174986,175226,Generalin Rieger.,2,spät,ADJD,spät,33224,,
tg,rfd2.0,174986,175226,Generalin Rieger.,2,werden,VAINF,werden,33224,,
tg,rfd2.0,174986,175226,Generalin Rieger.,2,.,$.,--,33224,,
tg,rfd2.0,175231,175325,KOCH,20,Und,KON,und,33224,,
tg,rfd2.0,175231,175325,KOCH,20,Fräulein,NE,fräulein,33224,,
tg,rfd2.0,175231,175325,KOCH,20,Laura,NE,laura,33224,,
tg,rfd2.0,175231,175325,KOCH,20,hat,VAFIN,haben,33224,,
tg,rfd2.0,175231,175325,KOCH,20,auch,ADV,auch,33224,,
tg,rfd2.0,175231,175325,KOCH,20,dem,ART,der,33224,,
tg,rfd2.0,175231,175325,KOCH,20,Herzoge,NN,herzoge,33224,,
tg,rfd2.0,175231,175325,KOCH,20,alles,PIS,alle,33224,,
tg,rfd2.0,175231,175325,KOCH,20,gesagt,VVPP,sagen,33224,,
tg,rfd2.0,175231,175325,KOCH,20,",","$,",--,33224,,
tg,rfd2.0,175231,175325,KOCH,20,was,PWS,was,33224,,
tg,rfd2.0,175231,175325,KOCH,20,sie,PPER,sie,33224,,
tg,rfd2.0,175231,175325,KOCH,20,weiß,VVFIN,weiß,33224,,
tg,rfd2.0,175231,175325,KOCH,20,von,APPR,von,33224,,
tg,rfd2.0,175231,175325,KOCH,20,der,ART,der,33224,,
tg,rfd2.0,175231,175325,KOCH,20,Schwärmerei,NN,schwärmerei,33224,,
tg,rfd2.0,175231,175325,KOCH,20,?,$.,--,33224,,
tg,rfd2.0,175330,175501,Generalin Rieger.,2,Das,ART,der,33224,,
tg,rfd2.0,175330,175501,Generalin Rieger.,2,glaub,NN,glaub,33224,,
tg,rfd2.0,175330,175501,Generalin Rieger.,2,',$[,--,33224,,
tg,rfd2.0,175330,175501,Generalin Rieger.,2,ich,PPER,ich,33224,Generalin Rieger.,2
tg,rfd2.0,175330,175501,Generalin Rieger.,2,nicht,PTKNEG,nicht,33224,,
tg,rfd2.0,175330,175501,Generalin Rieger.,2,.,$.,--,33224,,
tg,rfd2.0,175330,175501,Generalin Rieger.,2,Von,APPR,von,33224,,
tg,rfd2.0,175330,175501,Generalin Rieger.,2,dieser,PDAT,dieser,33224,,
tg,rfd2.0,175330,175501,Generalin Rieger.,2,Geschichte,NN,geschichte,33224,,
tg,rfd2.0,175330,175501,Generalin Rieger.,2,weiß,VVFIN,weiß,33224,,
tg,rfd2.0,175330,175501,Generalin Rieger.,2,er,PPER,er,33224,,
tg,rfd2.0,175330,175501,Generalin Rieger.,2,wohl,ADV,wohl,33224,,
tg,rfd2.0,175330,175501,Generalin Rieger.,2,noch,ADV,noch,33224,,
tg,rfd2.0,175330,175501,Generalin Rieger.,2,nichts,PIS,nichts,33224,,
tg,rfd2.0,175330,175501,Generalin Rieger.,2,",","$,",--,33224,,
tg,rfd2.0,175330,175501,Generalin Rieger.,2,das,PRELS,der,33224,,
tg,rfd2.0,175330,175501,Generalin Rieger.,2,fehlte,VVFIN,fehlt,33224,,
tg,rfd2.0,175330,175501,Generalin Rieger.,2,auch,ADV,auch,33224,,
tg,rfd2.0,175330,175501,Generalin Rieger.,2,gerade,ADV,gerade,33224,,
tg,rfd2.0,175330,175501,Generalin Rieger.,2,noch,ADV,noch,33224,,
tg,rfd2.0,175330,175501,Generalin Rieger.,2,"!",$.,--,33224,,
tg,rfd2.0,175330,175501,Generalin Rieger.,2,Wenn,KOUS,wenn,33224,,
tg,rfd2.0,175330,175501,Generalin Rieger.,2,er,PPER,er,33224,,
tg,rfd2.0,175330,175501,Generalin Rieger.,2,die,ART,der,33224,,
tg,rfd2.0,175330,175501,Generalin Rieger.,2,Bücher,NN,buch,33224,,
tg,rfd2.0,175330,175501,Generalin Rieger.,2,kriegt,VVFIN,kriegen,33224,,
tg,rfd2.0,175330,175501,Generalin Rieger.,2,",","$,",--,33224,,
tg,rfd2.0,175330,175501,Generalin Rieger.,2,dann,ADV,dann,33224,,
tg,rfd2.0,175330,175501,Generalin Rieger.,2,wär,VAFIN,sein,33224,,
tg,rfd2.0,175330,175501,Generalin Rieger.,2,',$[,--,33224,,
tg,rfd2.0,175330,175501,Generalin Rieger.,2,es,PPER,es,33224,,
tg,rfd2.0,175330,175501,Generalin Rieger.,2,Matthäi,NE,matthäi,33224,,
tg,rfd2.0,175330,175501,Generalin Rieger.,2,am,APPRART,an,33224,,
tg,rfd2.0,175330,175501,Generalin Rieger.,2,Letzten,NN,letzter,33224,,
tg,rfd2.0,175330,175501,Generalin Rieger.,2,–,XY,–,33224,,
tg,rfd2.0,175506,175539,KOCH,20,Hat,VAFIN,haben,33224,,
tg,rfd2.0,175506,175539,KOCH,20,sie,PPER,sie,33224,,
tg,rfd2.0,175506,175539,KOCH,20,den,ART,der,33224,,
tg,rfd2.0,175506,175539,KOCH,20,Mantel,NN,mantel,33224,,
tg,rfd2.0,175506,175539,KOCH,20,wieder,ADV,wieder,33224,,
tg,rfd2.0,175506,175539,KOCH,20,?,$.,--,33224,,
tg,rfd2.0,175544,175706,Generalin Rieger.,2,Das,ART,der,33224,,
tg,rfd2.0,175544,175706,Generalin Rieger.,2,glaub,NN,glaub,33224,,
tg,rfd2.0,175544,175706,Generalin Rieger.,2,',$[,--,33224,,
tg,rfd2.0,175544,175706,Generalin Rieger.,2,ich,PPER,ich,33224,Generalin Rieger.,2
tg,rfd2.0,175544,175706,Generalin Rieger.,2,auch,ADV,auch,33224,,
tg,rfd2.0,175544,175706,Generalin Rieger.,2,nicht,PTKNEG,nicht,33224,,
tg,rfd2.0,175544,175706,Generalin Rieger.,2,.,$.,--,33224,,
tg,rfd2.0,175544,175706,Generalin Rieger.,2,Ich,PPER,ich,33224,,
tg,rfd2.0,175544,175706,Generalin Rieger.,2,werde,VAFIN,werden,33224,,
tg,rfd2.0,175544,175706,Generalin Rieger.,2,nicht,PTKNEG,nicht,33224,,
tg,rfd2.0,175544,175706,Generalin Rieger.,2,klug,ADJD,klug,33224,,
tg,rfd2.0,175544,175706,Generalin Rieger.,2,aus,APPR,aus,33224,,
tg,rfd2.0,175544,175706,Generalin Rieger.,2,dem,ART,der,33224,,
tg,rfd2.0,175544,175706,Generalin Rieger.,2,Mädchen,NN,mädchen,33224,,
tg,rfd2.0,175544,175706,Generalin Rieger.,2,",","$,",--,33224,,
tg,rfd2.0,175544,175706,Generalin Rieger.,2,sie,PPER,sie,33224,,
tg,rfd2.0,175544,175706,Generalin Rieger.,2,ist,VAFIN,sein,33224,,
tg,rfd2.0,175544,175706,Generalin Rieger.,2,wie,PWAV,wie,33224,,
tg,rfd2.0,175544,175706,Generalin Rieger.,2,ausgetauscht,VVPP,austauschen,33224,,
tg,rfd2.0,175544,175706,Generalin Rieger.,2,seit,APPR,seit,33224,,
tg,rfd2.0,175544,175706,Generalin Rieger.,2,gestern,ADV,gestern,33224,,
tg,rfd2.0,175544,175706,Generalin Rieger.,2,abend,ADV,abend,33224,,
tg,rfd2.0,175544,175706,Generalin Rieger.,2,.,$.,--,33224,,
tg,rfd2.0,175544,175706,Generalin Rieger.,2,Ihr,PPOSAT,ihr,33224,,
tg,rfd2.0,175544,175706,Generalin Rieger.,2,wißt,VVFIN,wissen,33224,,
tg,rfd2.0,175544,175706,Generalin Rieger.,2,",","$,",--,33224,,
tg,rfd2.0,175544,175706,Generalin Rieger.,2,wie,PWAV,wie,33224,,
tg,rfd2.0,175544,175706,Generalin Rieger.,2,sehr,ADV,sehr,33224,,
tg,rfd2.0,175544,175706,Generalin Rieger.,2,der,ART,der,33224,,
tg,rfd2.0,175544,175706,Generalin Rieger.,2,Herzog,NE,herzog,33224,,
tg,rfd2.0,175544,175706,Generalin Rieger.,2,sie,PPER,sie,33224,,
tg,rfd2.0,175544,175706,Generalin Rieger.,2,liebt,VVFIN,lieben,33224,,
tg,rfd2.0,175544,175706,Generalin Rieger.,2,.,$.,--,33224,,
tg,rfd2.0,175711,175760,KOCH,20,Nun,ADV,nun,33224,,
tg,rfd2.0,175711,175760,KOCH,20,",","$,",--,33224,,
tg,rfd2.0,175711,175760,KOCH,20,sie,PPER,sie,33224,,
tg,rfd2.0,175711,175760,KOCH,20,geht,VVFIN,gehen,33224,,
tg,rfd2.0,175711,175760,KOCH,20,ihn,PPER,ihn,33224,,
tg,rfd2.0,175711,175760,KOCH,20,wohl,ADV,wohl,33224,,
tg,rfd2.0,175711,175760,KOCH,20,auch,ADV,auch,33224,,
tg,rfd2.0,175711,175760,KOCH,20,nahe,APPR,nahe,33224,,
tg,rfd2.0,175711,175760,KOCH,20,genug,ADV,genug,33224,,
tg,rfd2.0,175711,175760,KOCH,20,an,PTKVZ,an,33224,,
tg,rfd2.0,175711,175760,KOCH,20,.,$.,--,33224,,
tg,rfd2.0,175765,175973,Generalin Rieger.,2,Das,PDS,der,33224,,
tg,rfd2.0,175765,175973,Generalin Rieger.,2,geht,VVFIN,gehen,33224,,
tg,rfd2.0,175765,175973,Generalin Rieger.,2,Ihn,CARD,ihn,33224,,
tg,rfd2.0,175765,175973,Generalin Rieger.,2,nichts,PIS,nichts,33224,,
tg,rfd2.0,175765,175973,Generalin Rieger.,2,an,PTKVZ,an,33224,,
tg,rfd2.0,175765,175973,Generalin Rieger.,2,"!",$.,--,33224,,
tg,rfd2.0,175765,175973,Generalin Rieger.,2,Merk,NE,merk,33224,,
tg,rfd2.0,175765,175973,Generalin Rieger.,2,',$[,--,33224,,
tg,rfd2.0,175765,175973,Generalin Rieger.,2,Er,PPER,er,33224,,
tg,rfd2.0,175765,175973,Generalin Rieger.,2,sich,PRF,sich,33224,,
tg,rfd2.0,175765,175973,Generalin Rieger.,2,das,ART,der,33224,,
tg,rfd2.0,175765,175973,Generalin Rieger.,2,"!",$.,--,33224,,
tg,rfd2.0,175765,175973,Generalin Rieger.,2,In,APPR,in,33224,,
tg,rfd2.0,175765,175973,Generalin Rieger.,2,diesem,PDAT,dieser,33224,,
tg,rfd2.0,175765,175973,Generalin Rieger.,2,Punkte,NN,punkt,33224,,
tg,rfd2.0,175765,175973,Generalin Rieger.,2,bin,VAFIN,sein,33224,,
tg,rfd2.0,175765,175973,Generalin Rieger.,2,ich,PPER,ich,33224,Generalin Rieger.,2
tg,rfd2.0,175765,175973,Generalin Rieger.,2,als,APPR,als,33224,,
tg,rfd2.0,175765,175973,Generalin Rieger.,2,Pflegemutter,NN,pflegemutter,33224,,
tg,rfd2.0,175765,175973,Generalin Rieger.,2,des,ART,der,33224,,
tg,rfd2.0,175765,175973,Generalin Rieger.,2,unschuldigen,ADJA,unschuldig,33224,,
tg,rfd2.0,175765,175973,Generalin Rieger.,2,Mädchens,NN,mädchen,33224,,
tg,rfd2.0,175765,175973,Generalin Rieger.,2,wie,KOKOM,wie,33224,,
tg,rfd2.0,175765,175973,Generalin Rieger.,2,der,ART,der,33224,,
tg,rfd2.0,175765,175973,Generalin Rieger.,2,Herzog,NE,herzog,33224,,
tg,rfd2.0,175765,175973,Generalin Rieger.,2,",","$,",--,33224,,
tg,rfd2.0,175765,175973,Generalin Rieger.,2,ich,PPER,ich,33224,Generalin Rieger.,2
tg,rfd2.0,175765,175973,Generalin Rieger.,2,laß,VVFIN,lassen,33224,,
tg,rfd2.0,175765,175973,Generalin Rieger.,2,mir,PPER,sich,33224,Generalin Rieger.,2
tg,rfd2.0,175765,175973,Generalin Rieger.,2,nicht,PTKNEG,nicht,33224,,
tg,rfd2.0,175765,175973,Generalin Rieger.,2,einen,ART,ein,33224,,
tg,rfd2.0,175765,175973,Generalin Rieger.,2,Muck,NN,muck,33224,,
tg,rfd2.0,175765,175973,Generalin Rieger.,2,gefallen,VVPP,fallen,33224,,
tg,rfd2.0,175765,175973,Generalin Rieger.,2,–,XY,–,33224,,
tg,rfd2.0,175765,175973,Generalin Rieger.,2,wollt,VVFIN,wollen,33224,,
tg,rfd2.0,175765,175973,Generalin Rieger.,2,Ihr,PPOSAT,ihr,33224,,
tg,rfd2.0,175765,175973,Generalin Rieger.,2,mich,PRF,mich,33224,Generalin Rieger.,2
tg,rfd2.0,175765,175973,Generalin Rieger.,2,auch,ADV,auch,33224,,
tg,rfd2.0,175765,175973,Generalin Rieger.,2,los,PTKVZ,los,33224,,
tg,rfd2.0,175765,175973,Generalin Rieger.,2,sein,VAINF,sein,33224,,
tg,rfd2.0,175765,175973,Generalin Rieger.,2,?,$.,--,33224,,
tg,rfd2.0,175978,175996,KOCH,20,Nicht,PTKNEG,nicht,33224,,
tg,rfd2.0,175978,175996,KOCH,20,doch,ADV,doch,33224,,
tg,rfd2.0,175978,175996,KOCH,20,"!",$.,--,33224,,
tg,rfd2.0,176001,176811,Generalin Rieger.,2,Ich,PPER,ich,33224,,
tg,rfd2.0,176001,176811,Generalin Rieger.,2,fürchte,VVFIN,fürchen,33224,,
tg,rfd2.0,176001,176811,Generalin Rieger.,2,",","$,",--,33224,,
tg,rfd2.0,176001,176811,Generalin Rieger.,2,das,ART,der,33224,,
tg,rfd2.0,176001,176811,Generalin Rieger.,2,Mädchen,NN,mädchen,33224,,
tg,rfd2.0,176001,176811,Generalin Rieger.,2,seid,ADJD,sein,33224,,
tg,rfd2.0,176001,176811,Generalin Rieger.,2,ihr,PPOSAT,ihr,33224,,
tg,rfd2.0,176001,176811,Generalin Rieger.,2,los,PTKVZ,los,33224,,
tg,rfd2.0,176001,176811,Generalin Rieger.,2,.,$.,--,33224,,
tg,rfd2.0,176001,176811,Generalin Rieger.,2,Wie's,NN,wie's,33224,,
tg,rfd2.0,176001,176811,Generalin Rieger.,2,der,ART,der,33224,,
tg,rfd2.0,176001,176811,Generalin Rieger.,2,Herzog,NE,herzog,33224,,
tg,rfd2.0,176001,176811,Generalin Rieger.,2,in,APPR,in,33224,,
tg,rfd2.0,176001,176811,Generalin Rieger.,2,einer,ART,ein,33224,,
tg,rfd2.0,176001,176811,Generalin Rieger.,2,fünf,CARD,fünf,33224,,
tg,rfd2.0,176001,176811,Generalin Rieger.,2,Minuten,NN,minute,33224,,
tg,rfd2.0,176001,176811,Generalin Rieger.,2,langen,ADJA,lang,33224,,
tg,rfd2.0,176001,176811,Generalin Rieger.,2,Kanzelpredigt,NN,kanzelpredigt,33224,,
tg,rfd2.0,176001,176811,Generalin Rieger.,2,vor,APPR,vor,33224,,
tg,rfd2.0,176001,176811,Generalin Rieger.,2,Beginn,NN,beginn,33224,,
tg,rfd2.0,176001,176811,Generalin Rieger.,2,der,ART,der,33224,,
tg,rfd2.0,176001,176811,Generalin Rieger.,2,Tafel,NN,tafel,33224,,
tg,rfd2.0,176001,176811,Generalin Rieger.,2,mit,APPR,mit,33224,,
tg,rfd2.0,176001,176811,Generalin Rieger.,2,ihr,PPOSAT,ihr,33224,,
tg,rfd2.0,176001,176811,Generalin Rieger.,2,angefangen,VVPP,anfangen,33224,,
tg,rfd2.0,176001,176811,Generalin Rieger.,2,hat,VAFIN,haben,33224,,
tg,rfd2.0,176001,176811,Generalin Rieger.,2,",","$,",--,33224,,
tg,rfd2.0,176001,176811,Generalin Rieger.,2,das,PRELS,der,33224,,
tg,rfd2.0,176001,176811,Generalin Rieger.,2,weiß,VVFIN,weiß,33224,,
tg,rfd2.0,176001,176811,Generalin Rieger.,2,nur,ADV,nur,33224,,
tg,rfd2.0,176001,176811,Generalin Rieger.,2,er,PPER,er,33224,,
tg,rfd2.0,176001,176811,Generalin Rieger.,2,",","$,",--,33224,,
tg,rfd2.0,176001,176811,Generalin Rieger.,2,der,PRELS,der,33224,,
tg,rfd2.0,176001,176811,Generalin Rieger.,2,sich,PRF,sich,33224,,
tg,rfd2.0,176001,176811,Generalin Rieger.,2,darauf,PROAV,darauf,33224,,
tg,rfd2.0,176001,176811,Generalin Rieger.,2,versteht,VVFIN,verstehen,33224,,
tg,rfd2.0,176001,176811,Generalin Rieger.,2,",","$,",--,33224,,
tg,rfd2.0,176001,176811,Generalin Rieger.,2,jemand,PIS,jemand,33224,,
tg,rfd2.0,176001,176811,Generalin Rieger.,2,den,ART,der,33224,,
tg,rfd2.0,176001,176811,Generalin Rieger.,2,Kopf,NN,kopf,33224,,
tg,rfd2.0,176001,176811,Generalin Rieger.,2,zurechtzusetzen,VVIZU,zurechtsetzen,33224,,
tg,rfd2.0,176001,176811,Generalin Rieger.,2,.,$.,--,33224,,
tg,rfd2.0,176001,176811,Generalin Rieger.,2,Kurz,ADJD,kurz,33224,,
tg,rfd2.0,176001,176811,Generalin Rieger.,2,",","$,",--,33224,,
tg,rfd2.0,176001,176811,Generalin Rieger.,2,ich,PPER,ich,33224,Generalin Rieger.,2
tg,rfd2.0,176001,176811,Generalin Rieger.,2,erkenne,VVFIN,erkennen,33224,,
tg,rfd2.0,176001,176811,Generalin Rieger.,2,das,ART,der,33224,,
tg,rfd2.0,176001,176811,Generalin Rieger.,2,Mädchen,NN,mädchen,33224,,
tg,rfd2.0,176001,176811,Generalin Rieger.,2,nicht,PTKNEG,nicht,33224,,
tg,rfd2.0,176001,176811,Generalin Rieger.,2,mehr,ADV,mehr,33224,,
tg,rfd2.0,176001,176811,Generalin Rieger.,2,.,$.,--,33224,,
tg,rfd2.0,176001,176811,Generalin Rieger.,2,Sie,PPER,sie,33224,,
tg,rfd2.0,176001,176811,Generalin Rieger.,2,ist,VAFIN,sein,33224,,
tg,rfd2.0,176001,176811,Generalin Rieger.,2,still,ADJD,still,33224,,
tg,rfd2.0,176001,176811,Generalin Rieger.,2,",","$,",--,33224,,
tg,rfd2.0,176001,176811,Generalin Rieger.,2,sie,PPER,sie,33224,,
tg,rfd2.0,176001,176811,Generalin Rieger.,2,ist,VAFIN,sein,33224,,
tg,rfd2.0,176001,176811,Generalin Rieger.,2,zerstreut,VVPP,zerstreuen,33224,,
tg,rfd2.0,176001,176811,Generalin Rieger.,2,",","$,",--,33224,,
tg,rfd2.0,176001,176811,Generalin Rieger.,2,sie,PPER,sie,33224,,
tg,rfd2.0,176001,176811,Generalin Rieger.,2,ist,VAFIN,sein,33224,,
tg,rfd2.0,176001,176811,Generalin Rieger.,2,bald,ADV,bald,33224,,
tg,rfd2.0,176001,176811,Generalin Rieger.,2,rot,ADJD,rot,33224,,
tg,rfd2.0,176001,176811,Generalin Rieger.,2,",","$,",--,33224,,
tg,rfd2.0,176001,176811,Generalin Rieger.,2,bald,ADV,bald,33224,,
tg,rfd2.0,176001,176811,Generalin Rieger.,2,blaß,ADJD,blaß,33224,,
tg,rfd2.0,176001,176811,Generalin Rieger.,2,",","$,",--,33224,,
tg,rfd2.0,176001,176811,Generalin Rieger.,2,bald,ADV,bald,33224,,
tg,rfd2.0,176001,176811,Generalin Rieger.,2,lächelt,VVFIN,lächeln,33224,,
tg,rfd2.0,176001,176811,Generalin Rieger.,2,sie,PPER,sie,33224,,
tg,rfd2.0,176001,176811,Generalin Rieger.,2,vor,APPR,vor,33224,,
tg,rfd2.0,176001,176811,Generalin Rieger.,2,sich,PRF,sich,33224,,
tg,rfd2.0,176001,176811,Generalin Rieger.,2,hin,PTKVZ,hin,33224,,
tg,rfd2.0,176001,176811,Generalin Rieger.,2,",","$,",--,33224,,
tg,rfd2.0,176001,176811,Generalin Rieger.,2,bald,ADV,bald,33224,,
tg,rfd2.0,176001,176811,Generalin Rieger.,2,treten,VVFIN,treten,33224,,
tg,rfd2.0,176001,176811,Generalin Rieger.,2,ihr,PPOSAT,ihr,33224,,
tg,rfd2.0,176001,176811,Generalin Rieger.,2,die,ART,der,33224,,
tg,rfd2.0,176001,176811,Generalin Rieger.,2,Tränen,NN,träne,33224,,
tg,rfd2.0,176001,176811,Generalin Rieger.,2,in,APPR,in,33224,,
tg,rfd2.0,176001,176811,Generalin Rieger.,2,die,ART,der,33224,,
tg,rfd2.0,176001,176811,Generalin Rieger.,2,Augen,NN,auge,33224,,
tg,rfd2.0,176001,176811,Generalin Rieger.,2,–,XY,–,33224,,
tg,rfd2.0,176001,176811,Generalin Rieger.,2,habt,VAFIN,haben,33224,,
tg,rfd2.0,176001,176811,Generalin Rieger.,2,Ihr,PPOSAT,ihr,33224,,
tg,rfd2.0,176001,176811,Generalin Rieger.,2,gesehen,VVPP,sehen,33224,,
tg,rfd2.0,176001,176811,Generalin Rieger.,2,",","$,",--,33224,,
tg,rfd2.0,176001,176811,Generalin Rieger.,2,daß,KOUS,daß,33224,,
tg,rfd2.0,176001,176811,Generalin Rieger.,2,der,ART,der,33224,,
tg,rfd2.0,176001,176811,Generalin Rieger.,2,Herzog,NE,herzog,33224,,
tg,rfd2.0,176001,176811,Generalin Rieger.,2,im,APPRART,in,33224,,
tg,rfd2.0,176001,176811,Generalin Rieger.,2,Examiniersaale,NN,examiniersaal,33224,,
tg,rfd2.0,176001,176811,Generalin Rieger.,2,einen,ART,ein,33224,,
tg,rfd2.0,176001,176811,Generalin Rieger.,2,Augenblick,NN,augenblick,33224,,
tg,rfd2.0,176001,176811,Generalin Rieger.,2,zurücktrat,ADJD,zurücktreten,33224,,
tg,rfd2.0,176001,176811,Generalin Rieger.,2,und,KON,und,33224,,
tg,rfd2.0,176001,176811,Generalin Rieger.,2,mit,APPR,mit,33224,,
tg,rfd2.0,176001,176811,Generalin Rieger.,2,dem,ART,der,33224,,
tg,rfd2.0,176001,176811,Generalin Rieger.,2,Hauptmann,NN,hauptmann,33224,,
tg,rfd2.0,176001,176811,Generalin Rieger.,2,Silberkalb,NE,silberkalb,33224,,
tg,rfd2.0,176001,176811,Generalin Rieger.,2,sprach,VVFIN,sprechen,33224,,
tg,rfd2.0,176001,176811,Generalin Rieger.,2,?,$.,--,33224,,
tg,rfd2.0,176001,176811,Generalin Rieger.,2,Ich,PPER,ich,33224,,
tg,rfd2.0,176001,176811,Generalin Rieger.,2,fürchte,VVFIN,fürchen,33224,,
tg,rfd2.0,176001,176811,Generalin Rieger.,2,",","$,",--,33224,,
tg,rfd2.0,176001,176811,Generalin Rieger.,2,er,PPER,er,33224,,
tg,rfd2.0,176001,176811,Generalin Rieger.,2,hat,VAFIN,haben,33224,,
tg,rfd2.0,176001,176811,Generalin Rieger.,2,einen,ART,ein,33224,,
tg,rfd2.0,176001,176811,Generalin Rieger.,2,raschen,ADJA,rasch,33224,,
tg,rfd2.0,176001,176811,Generalin Rieger.,2,Beschluß,NN,beschluß,33224,,
tg,rfd2.0,176001,176811,Generalin Rieger.,2,gefaßt,VVPP,fassen,33224,,
tg,rfd2.0,176001,176811,Generalin Rieger.,2,",","$,",--,33224,,
tg,rfd2.0,176001,176811,Generalin Rieger.,2,weil,KOUS,weil,33224,,
tg,rfd2.0,176001,176811,Generalin Rieger.,2,er,PPER,er,33224,,
tg,rfd2.0,176001,176811,Generalin Rieger.,2,des,ART,der,33224,,
tg,rfd2.0,176001,176811,Generalin Rieger.,2,Mädchens,NN,mädchen,33224,,
tg,rfd2.0,176001,176811,Generalin Rieger.,2,Lebhaftigkeit,NN,lebhaftigkeit,33224,,
tg,rfd2.0,176001,176811,Generalin Rieger.,2,gesehen,VVPP,sehen,33224,,
tg,rfd2.0,176001,176811,Generalin Rieger.,2,",","$,",--,33224,,
tg,rfd2.0,176001,176811,Generalin Rieger.,2,mit,APPR,mit,33224,,
tg,rfd2.0,176001,176811,Generalin Rieger.,2,der,PRELS,der,33224,,
tg,rfd2.0,176001,176811,Generalin Rieger.,2,sie,PPER,sie,33224,,
tg,rfd2.0,176001,176811,Generalin Rieger.,2,den,ART,der,33224,,
tg,rfd2.0,176001,176811,Generalin Rieger.,2,Schiller,NE,schiller,33224,SCHILLER,29
tg,rfd2.0,176001,176811,Generalin Rieger.,2,verteidigte,VVFIN,verteidigen,33224,,
tg,rfd2.0,176001,176811,Generalin Rieger.,2,",","$,",--,33224,,
tg,rfd2.0,176001,176811,Generalin Rieger.,2,o,ADV,O,33224,,
tg,rfd2.0,176001,176811,Generalin Rieger.,2,",","$,",--,33224,,
tg,rfd2.0,176001,176811,Generalin Rieger.,2,der,ART,der,33224,,
tg,rfd2.0,176001,176811,Generalin Rieger.,2,hat,VAFIN,haben,33224,,
tg,rfd2.0,176001,176811,Generalin Rieger.,2,Augen,NN,auge,33224,,
tg,rfd2.0,176001,176811,Generalin Rieger.,2,",","$,",--,33224,,
tg,rfd2.0,176001,176811,Generalin Rieger.,2,und,KON,und,33224,,
tg,rfd2.0,176001,176811,Generalin Rieger.,2,ich,PPER,ich,33224,Generalin Rieger.,2
tg,rfd2.0,176001,176811,Generalin Rieger.,2,fürchte,VVFIN,fürchen,33224,,
tg,rfd2.0,176001,176811,Generalin Rieger.,2,",","$,",--,33224,,
tg,rfd2.0,176001,176811,Generalin Rieger.,2,nun,ADV,nun,33224,,
tg,rfd2.0,176001,176811,Generalin Rieger.,2,läßt,VVFIN,lassen,33224,,
tg,rfd2.0,176001,176811,Generalin Rieger.,2,er,PPER,er,33224,,
tg,rfd2.0,176001,176811,Generalin Rieger.,2,diesen,PDAT,dieser,33224,,
tg,rfd2.0,176001,176811,Generalin Rieger.,2,schönen,ADJA,schön,33224,,
tg,rfd2.0,176001,176811,Generalin Rieger.,2,Hauptmann,NN,hauptmann,33224,,
tg,rfd2.0,176001,176811,Generalin Rieger.,2,und,KON,und,33224,,
tg,rfd2.0,176001,176811,Generalin Rieger.,2,Kammerherrn,NN,kammerherr,33224,,
tg,rfd2.0,176001,176811,Generalin Rieger.,2,eine,ART,ein,33224,,
tg,rfd2.0,176001,176811,Generalin Rieger.,2,große,ADJA,groß,33224,,
tg,rfd2.0,176001,176811,Generalin Rieger.,2,Karriere,NN,karriere,33224,,
tg,rfd2.0,176001,176811,Generalin Rieger.,2,machen,VVINF,machen,33224,,
tg,rfd2.0,176001,176811,Generalin Rieger.,2,und,KON,und,33224,,
tg,rfd2.0,176001,176811,Generalin Rieger.,2,gibt,VVFIN,geben,33224,,
tg,rfd2.0,176001,176811,Generalin Rieger.,2,ihm,PPER,ihm,33224,,
tg,rfd2.0,176001,176811,Generalin Rieger.,2,die,ART,der,33224,,
tg,rfd2.0,176001,176811,Generalin Rieger.,2,Laura,NN,laura,33224,,
tg,rfd2.0,176001,176811,Generalin Rieger.,2,zur,APPRART,zu,33224,,
tg,rfd2.0,176001,176811,Generalin Rieger.,2,Frau,NN,frau,33224,,
tg,rfd2.0,176001,176811,Generalin Rieger.,2,"!",$.,--,33224,,
tg,rfd2.0,176938,176964,KOCH,20,Und,KON,und,33224,,
tg,rfd2.0,176938,176964,KOCH,20,Fräulein,NN,fräulein,33224,,
tg,rfd2.0,176938,176964,KOCH,20,Laura,NE,laura,33224,,
tg,rfd2.0,176938,176964,KOCH,20,?,$.,--,33224,,
tg,rfd2.0,176969,177088,Generalin Rieger.,2,Muß,VMFIN,müssen,33224,,
tg,rfd2.0,176969,177088,Generalin Rieger.,2,gehorchen,VVINF,gehorchen,33224,,
tg,rfd2.0,176969,177088,Generalin Rieger.,2,"!",$.,--,33224,,
tg,rfd2.0,176969,177088,Generalin Rieger.,2,Ist,VAFIN,sein,33224,,
tg,rfd2.0,176969,177088,Generalin Rieger.,2,nichts,PIS,nichts,33224,,
tg,rfd2.0,176969,177088,Generalin Rieger.,2,und,KON,und,33224,,
tg,rfd2.0,176969,177088,Generalin Rieger.,2,hat,VAFIN,haben,33224,,
tg,rfd2.0,176969,177088,Generalin Rieger.,2,nichts,PIS,nichts,33224,,
tg,rfd2.0,176969,177088,Generalin Rieger.,2,",","$,",--,33224,,
tg,rfd2.0,176969,177088,Generalin Rieger.,2,wenn,KOUS,wenn,33224,,
tg,rfd2.0,176969,177088,Generalin Rieger.,2,der,ART,der,33224,,
tg,rfd2.0,176969,177088,Generalin Rieger.,2,Herzog,NE,herzog,33224,,
tg,rfd2.0,176969,177088,Generalin Rieger.,2,seine,PPOSAT,sein,33224,,
tg,rfd2.0,176969,177088,Generalin Rieger.,2,Hand,NN,hand,33224,,
tg,rfd2.0,176969,177088,Generalin Rieger.,2,von,APPR,von,33224,,
tg,rfd2.0,176969,177088,Generalin Rieger.,2,ihr,PPOSAT,ihr,33224,,
tg,rfd2.0,176969,177088,Generalin Rieger.,2,abzieht,VVFIN,abziehen,33224,,
tg,rfd2.0,176969,177088,Generalin Rieger.,2,und,KON,und,33224,,
tg,rfd2.0,176969,177088,Generalin Rieger.,2,–,NN,–,33224,,
tg,rfd2.0,176969,177088,Generalin Rieger.,2,ist,VAFIN,sein,33224,,
tg,rfd2.0,176969,177088,Generalin Rieger.,2,ein,ART,ein,33224,,
tg,rfd2.0,176969,177088,Generalin Rieger.,2,Mädchen,NN,mädchen,33224,,
tg,rfd2.0,176969,177088,Generalin Rieger.,2,.,$.,--,33224,,
tg,rfd2.0,177093,177110,KOCH,20,Das,PDS,der,33224,,
tg,rfd2.0,177093,177110,KOCH,20,heißt,VVFIN,heißen,33224,,
tg,rfd2.0,177093,177110,KOCH,20,?,$.,--,33224,,
tg,rfd2.0,177115,177578,Generalin Rieger.,2,Auf,APPR,auf,33224,,
tg,rfd2.0,177115,177578,Generalin Rieger.,2,der,ART,der,33224,,
tg,rfd2.0,177115,177578,Generalin Rieger.,2,einen,ADJA,ein,33224,,
tg,rfd2.0,177115,177578,Generalin Rieger.,2,Seite,NN,seite,33224,,
tg,rfd2.0,177115,177578,Generalin Rieger.,2,ein,ART,ein,33224,,
tg,rfd2.0,177115,177578,Generalin Rieger.,2,schöner,ADJA,schön,33224,,
tg,rfd2.0,177115,177578,Generalin Rieger.,2,Mann,NN,mann,33224,,
tg,rfd2.0,177115,177578,Generalin Rieger.,2,",","$,",--,33224,,
tg,rfd2.0,177115,177578,Generalin Rieger.,2,ein,ART,ein,33224,,
tg,rfd2.0,177115,177578,Generalin Rieger.,2,vornehmer,ADJA,vornehm,33224,,
tg,rfd2.0,177115,177578,Generalin Rieger.,2,Herr,NN,herr,33224,,
tg,rfd2.0,177115,177578,Generalin Rieger.,2,",","$,",--,33224,,
tg,rfd2.0,177115,177578,Generalin Rieger.,2,ein,ART,ein,33224,,
tg,rfd2.0,177115,177578,Generalin Rieger.,2,duftender,ADJA,duftend,33224,,
tg,rfd2.0,177115,177578,Generalin Rieger.,2,Herr,NN,herr,33224,,
tg,rfd2.0,177115,177578,Generalin Rieger.,2,",","$,",--,33224,,
tg,rfd2.0,177115,177578,Generalin Rieger.,2,der,PRELS,der,33224,,
tg,rfd2.0,177115,177578,Generalin Rieger.,2,schön,ADJD,schön,33224,,
tg,rfd2.0,177115,177578,Generalin Rieger.,2,französisch,ADJD,französisch,33224,,
tg,rfd2.0,177115,177578,Generalin Rieger.,2,spricht,VVFIN,sprechen,33224,,
tg,rfd2.0,177115,177578,Generalin Rieger.,2,–,PPER,–,33224,,
tg,rfd2.0,177115,177578,Generalin Rieger.,2,auf,APPR,auf,33224,,
tg,rfd2.0,177115,177578,Generalin Rieger.,2,der,ART,der,33224,,
tg,rfd2.0,177115,177578,Generalin Rieger.,2,andern,ADJA,anderer,33224,,
tg,rfd2.0,177115,177578,Generalin Rieger.,2,Seite,NN,seite,33224,,
tg,rfd2.0,177115,177578,Generalin Rieger.,2,nichts,PIS,nichts,33224,,
tg,rfd2.0,177115,177578,Generalin Rieger.,2,",","$,",--,33224,,
tg,rfd2.0,177115,177578,Generalin Rieger.,2,nichts,PIS,nichts,33224,,
tg,rfd2.0,177115,177578,Generalin Rieger.,2,",","$,",--,33224,,
tg,rfd2.0,177115,177578,Generalin Rieger.,2,kein,PIAT,kein,33224,,
tg,rfd2.0,177115,177578,Generalin Rieger.,2,Schimmer,NN,schimmer,33224,,
tg,rfd2.0,177115,177578,Generalin Rieger.,2,von,APPR,von,33224,,
tg,rfd2.0,177115,177578,Generalin Rieger.,2,Aussicht,NN,aussicht,33224,,
tg,rfd2.0,177115,177578,Generalin Rieger.,2,",","$,",--,33224,,
tg,rfd2.0,177115,177578,Generalin Rieger.,2,nur,ADV,nur,33224,,
tg,rfd2.0,177115,177578,Generalin Rieger.,2,Aussicht,NN,aussicht,33224,,
tg,rfd2.0,177115,177578,Generalin Rieger.,2,auf,APPR,auf,33224,,
tg,rfd2.0,177115,177578,Generalin Rieger.,2,Schimpf,NN,schimpf,33224,,
tg,rfd2.0,177115,177578,Generalin Rieger.,2,und,KON,und,33224,,
tg,rfd2.0,177115,177578,Generalin Rieger.,2,Schande,NN,schande,33224,,
tg,rfd2.0,177115,177578,Generalin Rieger.,2,",","$,",--,33224,,
tg,rfd2.0,177115,177578,Generalin Rieger.,2,kurz,ADJD,kurz,33224,,
tg,rfd2.0,177115,177578,Generalin Rieger.,2,",","$,",--,33224,,
tg,rfd2.0,177115,177578,Generalin Rieger.,2,wenn,KOUS,wenn,33224,,
tg,rfd2.0,177115,177578,Generalin Rieger.,2,mich,PPER,mich,33224,Generalin Rieger.,2
tg,rfd2.0,177115,177578,Generalin Rieger.,2,die,ART,der,33224,,
tg,rfd2.0,177115,177578,Generalin Rieger.,2,Wetterzeichen,NN,wetterzeichen,33224,,
tg,rfd2.0,177115,177578,Generalin Rieger.,2,nicht,PTKNEG,nicht,33224,,
tg,rfd2.0,177115,177578,Generalin Rieger.,2,trügen,VVINF,trügen,33224,,
tg,rfd2.0,177115,177578,Generalin Rieger.,2,",","$,",--,33224,,
tg,rfd2.0,177115,177578,Generalin Rieger.,2,so,ADV,so,33224,,
tg,rfd2.0,177115,177578,Generalin Rieger.,2,ist,VAFIN,sein,33224,,
tg,rfd2.0,177115,177578,Generalin Rieger.,2,sie,PPER,sie,33224,,
tg,rfd2.0,177115,177578,Generalin Rieger.,2,auf,APPR,auf,33224,,
tg,rfd2.0,177115,177578,Generalin Rieger.,2,dem,ART,der,33224,,
tg,rfd2.0,177115,177578,Generalin Rieger.,2,besten,ADJA,gut,33224,,
tg,rfd2.0,177115,177578,Generalin Rieger.,2,Wege,NN,weg,33224,,
tg,rfd2.0,177115,177578,Generalin Rieger.,2,das,ART,der,33224,,
tg,rfd2.0,177115,177578,Generalin Rieger.,2,einzusehen,ADJA,einsehen,33224,,
tg,rfd2.0,177115,177578,Generalin Rieger.,2,und,KON,und,33224,,
tg,rfd2.0,177115,177578,Generalin Rieger.,2,mit,APPR,mit,33224,,
tg,rfd2.0,177115,177578,Generalin Rieger.,2,zierlicher,ADJA,zierlich,33224,,
tg,rfd2.0,177115,177578,Generalin Rieger.,2,Verschämtheit,NN,verschämtheit,33224,,
tg,rfd2.0,177115,177578,Generalin Rieger.,2,Frau,NN,frau,33224,,
tg,rfd2.0,177115,177578,Generalin Rieger.,2,von,APPR,von,33224,,
tg,rfd2.0,177115,177578,Generalin Rieger.,2,Silberkalb,NN,silberkalb,33224,,
tg,rfd2.0,177115,177578,Generalin Rieger.,2,zu,APPR,zu,33224,,
tg,rfd2.0,177115,177578,Generalin Rieger.,2,werden,VAINF,werden,33224,,
tg,rfd2.0,177115,177578,Generalin Rieger.,2,–,XY,–,33224,,
tg,rfd2.0,177115,177578,Generalin Rieger.,2,ach,ITJ,ach,33224,,
tg,rfd2.0,177115,177578,Generalin Rieger.,2,",","$,",--,33224,,
tg,rfd2.0,177115,177578,Generalin Rieger.,2,wir,PPER,wir,33224,,
tg,rfd2.0,177115,177578,Generalin Rieger.,2,taugen,VVFIN,taugen,33224,,
tg,rfd2.0,177115,177578,Generalin Rieger.,2,alle,PIDAT,alle,33224,ALLE,30
tg,rfd2.0,177115,177578,Generalin Rieger.,2,nichts,PIS,nichts,33224,,
tg,rfd2.0,177115,177578,Generalin Rieger.,2,",","$,",--,33224,,
tg,rfd2.0,177115,177578,Generalin Rieger.,2,Mannsvolk,NN,mannsvolk,33224,,
tg,rfd2.0,177115,177578,Generalin Rieger.,2,wie,KOKOM,wie,33224,,
tg,rfd2.0,177115,177578,Generalin Rieger.,2,Weibervolk,NN,weibervolk,33224,,
tg,rfd2.0,177115,177578,Generalin Rieger.,2,"!",$.,--,33224,,
tg,rfd2.0,177115,177578,Generalin Rieger.,2,Trocknet,VVFIN,trocknet,33224,,
tg,rfd2.0,177115,177578,Generalin Rieger.,2,sich,PRF,sich,33224,,
tg,rfd2.0,177115,177578,Generalin Rieger.,2,die,ART,der,33224,,
tg,rfd2.0,177115,177578,Generalin Rieger.,2,Augen,NN,auge,33224,,
tg,rfd2.0,177115,177578,Generalin Rieger.,2,.,$.,--,33224,,
tg,rfd2.0,177584,177726,KOCH,20,Das,PDS,der,33224,,
tg,rfd2.0,177584,177726,KOCH,20,ist,VAFIN,sein,33224,,
tg,rfd2.0,177584,177726,KOCH,20,nicht,PTKNEG,nicht,33224,,
tg,rfd2.0,177584,177726,KOCH,20,möglich,ADJD,möglich,33224,,
tg,rfd2.0,177584,177726,KOCH,20,"!",$.,--,33224,,
tg,rfd2.0,177584,177726,KOCH,20,Dieser,PDAT,dieser,33224,,
tg,rfd2.0,177584,177726,KOCH,20,Engel,NN,engel,33224,,
tg,rfd2.0,177584,177726,KOCH,20,an,APPR,an,33224,,
tg,rfd2.0,177584,177726,KOCH,20,solch,PIDAT,solch,33224,,
tg,rfd2.0,177584,177726,KOCH,20,einen,ART,ein,33224,,
tg,rfd2.0,177584,177726,KOCH,20,Hofschranzen,NN,hofschranz,33224,,
tg,rfd2.0,177584,177726,KOCH,20,"!",$.,--,33224,,
tg,rfd2.0,177584,177726,KOCH,20,Was,PWS,was,33224,,
tg,rfd2.0,177584,177726,KOCH,20,ist,VAFIN,sein,33224,,
tg,rfd2.0,177584,177726,KOCH,20,er,PPER,er,33224,,
tg,rfd2.0,177584,177726,KOCH,20,",","$,",--,33224,,
tg,rfd2.0,177584,177726,KOCH,20,was,PWS,was,33224,,
tg,rfd2.0,177584,177726,KOCH,20,hat,VAFIN,haben,33224,,
tg,rfd2.0,177584,177726,KOCH,20,er,PPER,er,33224,,
tg,rfd2.0,177584,177726,KOCH,20,für,APPR,für,33224,,
tg,rfd2.0,177584,177726,KOCH,20,ein,ART,ein,33224,,
tg,rfd2.0,177584,177726,KOCH,20,Verdienst,NN,verdienst,33224,,
tg,rfd2.0,177584,177726,KOCH,20,",","$,",--,33224,,
tg,rfd2.0,177584,177726,KOCH,20,solches,PIDAT,solcher,33224,,
tg,rfd2.0,177584,177726,KOCH,20,Glück,NN,glück,33224,,
tg,rfd2.0,177584,177726,KOCH,20,anzusprechen,VVIZU,ansprechen,33224,,
tg,rfd2.0,177584,177726,KOCH,20,?,$.,--,33224,,
tg,rfd2.0,177584,177726,KOCH,20,"!",$.,--,33224,,
tg,rfd2.0,177731,177829,SCHILLER,29,Er,PPER,er,33224,,
tg,rfd2.0,177731,177829,SCHILLER,29,hat,VAFIN,haben,33224,,
tg,rfd2.0,177731,177829,SCHILLER,29,sich,PRF,sich,33224,,
tg,rfd2.0,177731,177829,SCHILLER,29,die,ART,der,33224,,
tg,rfd2.0,177731,177829,SCHILLER,29,Mühe,NN,mühe,33224,,
tg,rfd2.0,177731,177829,SCHILLER,29,gegeben,VVPP,geben,33224,,
tg,rfd2.0,177731,177829,SCHILLER,29,",","$,",--,33224,,
tg,rfd2.0,177731,177829,SCHILLER,29,geboren,VVPP,gebären,33224,,
tg,rfd2.0,177731,177829,SCHILLER,29,zu,PTKZU,zu,33224,,
tg,rfd2.0,177731,177829,SCHILLER,29,werden,VAINF,werden,33224,,
tg,rfd2.0,177731,177829,SCHILLER,29,und,KON,und,33224,,
tg,rfd2.0,177731,177829,SCHILLER,29,das,ART,der,33224,,
tg,rfd2.0,177731,177829,SCHILLER,29,keinen,PIAT,kein,33224,,
tg,rfd2.0,177731,177829,SCHILLER,29,Augenblick,NN,augenblick,33224,,
tg,rfd2.0,177731,177829,SCHILLER,29,zu,PTKZU,zu,33224,,
tg,rfd2.0,177731,177829,SCHILLER,29,vergessen,VVINF,vergessen,33224,,
tg,rfd2.0,177731,177829,SCHILLER,29,.,$.,--,33224,,
tg,rfd2.0,177834,177852,KOCH,20,Armer,NE,armer,33224,,
tg,rfd2.0,177834,177852,KOCH,20,Moor,NE,moor,33224,,
tg,rfd2.0,177834,177852,KOCH,20,"!",$.,--,33224,,
tg,rfd2.0,177857,177961,Generalin Rieger.,2,Ach,ITJ,ach,33224,,
tg,rfd2.0,177857,177961,Generalin Rieger.,2,Gott,NN,gott,33224,,
tg,rfd2.0,177857,177961,Generalin Rieger.,2,",","$,",--,33224,,
tg,rfd2.0,177857,177961,Generalin Rieger.,2,der,ART,der,33224,,
tg,rfd2.0,177857,177961,Generalin Rieger.,2,Unglückliche,NN,unglücklich,33224,,
tg,rfd2.0,177857,177961,Generalin Rieger.,2,brauchte,VVFIN,brauchen,33224,,
tg,rfd2.0,177857,177961,Generalin Rieger.,2,das,PDS,der,33224,,
tg,rfd2.0,177857,177961,Generalin Rieger.,2,nicht,PTKNEG,nicht,33224,,
tg,rfd2.0,177857,177961,Generalin Rieger.,2,zu,PTKZU,zu,33224,,
tg,rfd2.0,177857,177961,Generalin Rieger.,2,hören,VVINF,hören,33224,,
tg,rfd2.0,177857,177961,Generalin Rieger.,2,",","$,",--,33224,,
tg,rfd2.0,177857,177961,Generalin Rieger.,2,der,ART,der,33224,,
tg,rfd2.0,177857,177961,Generalin Rieger.,2,wird,VAFIN,werden,33224,,
tg,rfd2.0,177857,177961,Generalin Rieger.,2,ohnedies,ADV,ohnedies,33224,,
tg,rfd2.0,177857,177961,Generalin Rieger.,2,Leid,NN,leid,33224,,
tg,rfd2.0,177857,177961,Generalin Rieger.,2,genug,ADV,genug,33224,,
tg,rfd2.0,177857,177961,Generalin Rieger.,2,finden,VVINF,finden,33224,,
tg,rfd2.0,177857,177961,Generalin Rieger.,2,.,$.,--,33224,,
tg,rfd2.0,177966,179284,SCHILLER,29,Jawohl,NE,jawohl,33224,,
tg,rfd2.0,177966,179284,SCHILLER,29,",","$,",--,33224,,
tg,rfd2.0,177966,179284,SCHILLER,29,ich,PPER,ich,33224,SCHILLER,29
tg,rfd2.0,177966,179284,SCHILLER,29,werde,VAFIN,werden,33224,,
tg,rfd2.0,177966,179284,SCHILLER,29,Leid,NN,leid,33224,,
tg,rfd2.0,177966,179284,SCHILLER,29,genug,ADV,genug,33224,,
tg,rfd2.0,177966,179284,SCHILLER,29,finden,VVINF,finden,33224,,
tg,rfd2.0,177966,179284,SCHILLER,29,.,$.,--,33224,,
tg,rfd2.0,177966,179284,SCHILLER,29,Wie,PWAV,wie,33224,,
tg,rfd2.0,177966,179284,SCHILLER,29,jener,PDAT,jener,33224,,
tg,rfd2.0,177966,179284,SCHILLER,29,Wicht,NN,wicht,33224,,
tg,rfd2.0,177966,179284,SCHILLER,29,zum,APPRART,zu,33224,,
tg,rfd2.0,177966,179284,SCHILLER,29,Glück,NN,glück,33224,,
tg,rfd2.0,177966,179284,SCHILLER,29,",","$,",--,33224,,
tg,rfd2.0,177966,179284,SCHILLER,29,bin,VAFIN,sein,33224,,
tg,rfd2.0,177966,179284,SCHILLER,29,ich,PPER,ich,33224,SCHILLER,29
tg,rfd2.0,177966,179284,SCHILLER,29,zum,APPRART,zu,33224,,
tg,rfd2.0,177966,179284,SCHILLER,29,Unglück,NN,unglück,33224,,
tg,rfd2.0,177966,179284,SCHILLER,29,geboren,VVPP,gebären,33224,,
tg,rfd2.0,177966,179284,SCHILLER,29,.,$.,--,33224,,
tg,rfd2.0,177966,179284,SCHILLER,29,Narr,ITJ,narr,33224,,
tg,rfd2.0,177966,179284,SCHILLER,29,",","$,",--,33224,,
tg,rfd2.0,177966,179284,SCHILLER,29,der,PRELS,der,33224,,
tg,rfd2.0,177966,179284,SCHILLER,29,ich,PPER,ich,33224,SCHILLER,29
tg,rfd2.0,177966,179284,SCHILLER,29,war,VAFIN,sein,33224,,
tg,rfd2.0,177966,179284,SCHILLER,29,",","$,",--,33224,,
tg,rfd2.0,177966,179284,SCHILLER,29,mich,PRF,mich,33224,SCHILLER,29
tg,rfd2.0,177966,179284,SCHILLER,29,einen,ART,ein,33224,,
tg,rfd2.0,177966,179284,SCHILLER,29,Augenblick,NN,augenblick,33224,,
tg,rfd2.0,177966,179284,SCHILLER,29,einwiegen,VVINF,einwiegen,33224,,
tg,rfd2.0,177966,179284,SCHILLER,29,zu,PTKZU,zu,33224,,
tg,rfd2.0,177966,179284,SCHILLER,29,lassen,VVINF,lassen,33224,,
tg,rfd2.0,177966,179284,SCHILLER,29,vom,APPRART,von,33224,,
tg,rfd2.0,177966,179284,SCHILLER,29,Sirenengesange,NN,sirenengesange,33224,,
tg,rfd2.0,177966,179284,SCHILLER,29,–,NN,–,33224,,
tg,rfd2.0,177966,179284,SCHILLER,29,und,KON,und,33224,,
tg,rfd2.0,177966,179284,SCHILLER,29,doch,ADV,doch,33224,,
tg,rfd2.0,177966,179284,SCHILLER,29,",","$,",--,33224,,
tg,rfd2.0,177966,179284,SCHILLER,29,und,KON,und,33224,,
tg,rfd2.0,177966,179284,SCHILLER,29,doch,ADV,doch,33224,,
tg,rfd2.0,177966,179284,SCHILLER,29,war,VAFIN,sein,33224,,
tg,rfd2.0,177966,179284,SCHILLER,29,dies,PDS,dieser,33224,,
tg,rfd2.0,177966,179284,SCHILLER,29,die,ART,der,33224,,
tg,rfd2.0,177966,179284,SCHILLER,29,süßeste,ADJA,süßest,33224,,
tg,rfd2.0,177966,179284,SCHILLER,29,Speise,NN,speise,33224,,
tg,rfd2.0,177966,179284,SCHILLER,29,",","$,",--,33224,,
tg,rfd2.0,177966,179284,SCHILLER,29,welche,PWAT,welcher,33224,,
tg,rfd2.0,177966,179284,SCHILLER,29,meine,PPOSAT,mein,33224,SCHILLER,29
tg,rfd2.0,177966,179284,SCHILLER,29,Seele,NN,seele,33224,,
tg,rfd2.0,177966,179284,SCHILLER,29,noch,ADV,noch,33224,,
tg,rfd2.0,177966,179284,SCHILLER,29,genossen,VVFIN,genießen,33224,,
tg,rfd2.0,177966,179284,SCHILLER,29,hat,VAFIN,haben,33224,,
tg,rfd2.0,177966,179284,SCHILLER,29,",","$,",--,33224,,
tg,rfd2.0,177966,179284,SCHILLER,29,als,KOUS,als,33224,,
tg,rfd2.0,177966,179284,SCHILLER,29,dies,PDS,dieser,33224,,
tg,rfd2.0,177966,179284,SCHILLER,29,Mädchen,NN,mädchen,33224,,
tg,rfd2.0,177966,179284,SCHILLER,29,gestern,ADV,gestern,33224,,
tg,rfd2.0,177966,179284,SCHILLER,29,abend,ADV,abend,33224,,
tg,rfd2.0,177966,179284,SCHILLER,29,für,APPR,für,33224,,
tg,rfd2.0,177966,179284,SCHILLER,29,mich,PPER,mich,33224,SCHILLER,29
tg,rfd2.0,177966,179284,SCHILLER,29,sprach,VVFIN,sprechen,33224,,
tg,rfd2.0,177966,179284,SCHILLER,29,wie,KOKOM,wie,33224,,
tg,rfd2.0,177966,179284,SCHILLER,29,ein,ART,ein,33224,,
tg,rfd2.0,177966,179284,SCHILLER,29,erzürnter,ADJA,erzürnt,33224,,
tg,rfd2.0,177966,179284,SCHILLER,29,Engel,NN,engel,33224,,
tg,rfd2.0,177966,179284,SCHILLER,29,",","$,",--,33224,,
tg,rfd2.0,177966,179284,SCHILLER,29,für,APPR,für,33224,,
tg,rfd2.0,177966,179284,SCHILLER,29,mich,PPER,mich,33224,SCHILLER,29
tg,rfd2.0,177966,179284,SCHILLER,29,",","$,",--,33224,,
tg,rfd2.0,177966,179284,SCHILLER,29,den,ART,der,33224,,
tg,rfd2.0,177966,179284,SCHILLER,29,Verstoßenen,NN,verstoßener,33224,,
tg,rfd2.0,177966,179284,SCHILLER,29,"!",$.,--,33224,,
tg,rfd2.0,177966,179284,SCHILLER,29,O,NE,O,33224,,
tg,rfd2.0,177966,179284,SCHILLER,29,himmlische,ADJA,himmlisch,33224,,
tg,rfd2.0,177966,179284,SCHILLER,29,Täuschung,NN,täuschung,33224,,
tg,rfd2.0,177966,179284,SCHILLER,29,",","$,",--,33224,,
tg,rfd2.0,177966,179284,SCHILLER,29,du,PPER,du,33224,,
tg,rfd2.0,177966,179284,SCHILLER,29,wiegtest,VVFIN,wiegtest,33224,,
tg,rfd2.0,177966,179284,SCHILLER,29,mich,PPER,mich,33224,SCHILLER,29
tg,rfd2.0,177966,179284,SCHILLER,29,in,APPR,in,33224,,
tg,rfd2.0,177966,179284,SCHILLER,29,Schlummer,NN,schlummer,33224,,
tg,rfd2.0,177966,179284,SCHILLER,29,",","$,",--,33224,,
tg,rfd2.0,177966,179284,SCHILLER,29,und,KON,und,33224,,
tg,rfd2.0,177966,179284,SCHILLER,29,im,APPRART,in,33224,,
tg,rfd2.0,177966,179284,SCHILLER,29,Traum,NN,traum,33224,,
tg,rfd2.0,177966,179284,SCHILLER,29,lispeltest,VVFIN,lispelteen,33224,,
tg,rfd2.0,177966,179284,SCHILLER,29,du,PPER,du,33224,,
tg,rfd2.0,177966,179284,SCHILLER,29,unaufhörlich,ADJD,unaufhörlich,33224,,
tg,rfd2.0,177966,179284,SCHILLER,29,in,APPR,in,33224,,
tg,rfd2.0,177966,179284,SCHILLER,29,meine,PPOSAT,mein,33224,SCHILLER,29
tg,rfd2.0,177966,179284,SCHILLER,29,Seele,NN,seele,33224,,
tg,rfd2.0,177966,179284,SCHILLER,29,",","$,",--,33224,,
tg,rfd2.0,177966,179284,SCHILLER,29,tief,ADJD,tief,33224,,
tg,rfd2.0,177966,179284,SCHILLER,29,in,APPR,in,33224,,
tg,rfd2.0,177966,179284,SCHILLER,29,meine,PPOSAT,mein,33224,SCHILLER,29
tg,rfd2.0,177966,179284,SCHILLER,29,Seele,NN,seele,33224,,
tg,rfd2.0,177966,179284,SCHILLER,29,hinein,PTKVZ,hinein,33224,,
tg,rfd2.0,177966,179284,SCHILLER,29,:,$.,--,33224,,
tg,rfd2.0,177966,179284,SCHILLER,29,Sie,PPER,sie,33224,,
tg,rfd2.0,177966,179284,SCHILLER,29,empfindet,VVFIN,empfinden,33224,,
tg,rfd2.0,177966,179284,SCHILLER,29,für,APPR,für,33224,,
tg,rfd2.0,177966,179284,SCHILLER,29,dich,PPER,dich,33224,,
tg,rfd2.0,177966,179284,SCHILLER,29,",","$,",--,33224,,
tg,rfd2.0,177966,179284,SCHILLER,29,sie,PPER,sie,33224,,
tg,rfd2.0,177966,179284,SCHILLER,29,wagt,VVFIN,wagen,33224,,
tg,rfd2.0,177966,179284,SCHILLER,29,für,APPR,für,33224,,
tg,rfd2.0,177966,179284,SCHILLER,29,dich,PPER,dich,33224,,
tg,rfd2.0,177966,179284,SCHILLER,29,",","$,",--,33224,,
tg,rfd2.0,177966,179284,SCHILLER,29,sie,PPER,sie,33224,,
tg,rfd2.0,177966,179284,SCHILLER,29,wird,VAFIN,werden,33224,,
tg,rfd2.0,177966,179284,SCHILLER,29,",","$,",--,33224,,
tg,rfd2.0,177966,179284,SCHILLER,29,ja,PTKANT,ja,33224,,
tg,rfd2.0,177966,179284,SCHILLER,29,sie,PPER,sie,33224,,
tg,rfd2.0,177966,179284,SCHILLER,29,wird,VAFIN,werden,33224,,
tg,rfd2.0,177966,179284,SCHILLER,29,dich,PPER,dich,33224,,
tg,rfd2.0,177966,179284,SCHILLER,29,einst,ADV,einst,33224,,
tg,rfd2.0,177966,179284,SCHILLER,29,lieb,ADJD,leiben,33224,,
tg,rfd2.0,177966,179284,SCHILLER,29,haben,VAFIN,haben,33224,,
tg,rfd2.0,177966,179284,SCHILLER,29,",","$,",--,33224,,
tg,rfd2.0,177966,179284,SCHILLER,29,sie,PPER,sie,33224,,
tg,rfd2.0,177966,179284,SCHILLER,29,wird,VAFIN,werden,33224,,
tg,rfd2.0,177966,179284,SCHILLER,29,dich,PPER,dich,33224,,
tg,rfd2.0,177966,179284,SCHILLER,29,lieben,ADJA,lieben,33224,,
tg,rfd2.0,177966,179284,SCHILLER,29,",","$,",--,33224,,
tg,rfd2.0,177966,179284,SCHILLER,29,wenn,KOUS,wenn,33224,,
tg,rfd2.0,177966,179284,SCHILLER,29,sie,PPER,sie,33224,,
tg,rfd2.0,177966,179284,SCHILLER,29,dich,PRF,dich,33224,,
tg,rfd2.0,177966,179284,SCHILLER,29,erst,ADV,erst,33224,,
tg,rfd2.0,177966,179284,SCHILLER,29,ganz,ADV,ganz,33224,,
tg,rfd2.0,177966,179284,SCHILLER,29,kennt,VVFIN,kennen,33224,,
tg,rfd2.0,177966,179284,SCHILLER,29,und,KON,und,33224,,
tg,rfd2.0,177966,179284,SCHILLER,29,versteht,VVFIN,verstehen,33224,,
tg,rfd2.0,177966,179284,SCHILLER,29,–,PPER,–,33224,,
tg,rfd2.0,177966,179284,SCHILLER,29,lächerliches,ADJA,lächerlich,33224,,
tg,rfd2.0,177966,179284,SCHILLER,29,Puppenspiel,NN,puppenspiel,33224,,
tg,rfd2.0,177966,179284,SCHILLER,29,",","$,",--,33224,,
tg,rfd2.0,177966,179284,SCHILLER,29,das,PRELS,der,33224,,
tg,rfd2.0,177966,179284,SCHILLER,29,ich,PPER,ich,33224,SCHILLER,29
tg,rfd2.0,177966,179284,SCHILLER,29,selbst,ADV,selbst,33224,,
tg,rfd2.0,177966,179284,SCHILLER,29,mit,APPR,mit,33224,,
tg,rfd2.0,177966,179284,SCHILLER,29,meinem,PPOSAT,mein,33224,SCHILLER,29
tg,rfd2.0,177966,179284,SCHILLER,29,armen,ADJA,arm,33224,,
tg,rfd2.0,177966,179284,SCHILLER,29,Herzen,NN,herz,33224,,
tg,rfd2.0,177966,179284,SCHILLER,29,treibe,VVFIN,treiben,33224,,
tg,rfd2.0,177966,179284,SCHILLER,29,"!",$.,--,33224,,
tg,rfd2.0,177966,179284,SCHILLER,29,Unterdes,NE,unterdes,33224,,
tg,rfd2.0,177966,179284,SCHILLER,29,läßt,VVFIN,lassen,33224,,
tg,rfd2.0,177966,179284,SCHILLER,29,sich,PRF,sich,33224,,
tg,rfd2.0,177966,179284,SCHILLER,29,jenes,PDAT,jener,33224,,
tg,rfd2.0,177966,179284,SCHILLER,29,Mädchen,NN,mädchen,33224,,
tg,rfd2.0,177966,179284,SCHILLER,29,verschachern,VVFIN,verschachern,33224,,
tg,rfd2.0,177966,179284,SCHILLER,29,an,APPR,an,33224,,
tg,rfd2.0,177966,179284,SCHILLER,29,einen,ART,ein,33224,,
tg,rfd2.0,177966,179284,SCHILLER,29,Zuckermann,NN,zuckermann,33224,,
tg,rfd2.0,177966,179284,SCHILLER,29,",","$,",--,33224,,
tg,rfd2.0,177966,179284,SCHILLER,29,dessen,PRELAT,der,33224,,
tg,rfd2.0,177966,179284,SCHILLER,29,Ehrerbietung,NN,ehrerbietung,33224,,
tg,rfd2.0,177966,179284,SCHILLER,29,gegen,APPR,gegen,33224,,
tg,rfd2.0,177966,179284,SCHILLER,29,die,ART,der,33224,,
tg,rfd2.0,177966,179284,SCHILLER,29,Vorgesetzten,NN,vorgesetzter,33224,,
tg,rfd2.0,177966,179284,SCHILLER,29,an,APPR,an,33224,,
tg,rfd2.0,177966,179284,SCHILLER,29,Niederträchtigkeit,NN,niederträchtigkeit,33224,,
tg,rfd2.0,177966,179284,SCHILLER,29,grenzt,VVFIN,grenzen,33224,,
tg,rfd2.0,177966,179284,SCHILLER,29,",","$,",--,33224,,
tg,rfd2.0,177966,179284,SCHILLER,29,unterdes,ADV,unterd,33224,,
tg,rfd2.0,177966,179284,SCHILLER,29,läßt,VVFIN,lassen,33224,,
tg,rfd2.0,177966,179284,SCHILLER,29,sie,PPER,sie,33224,,
tg,rfd2.0,177966,179284,SCHILLER,29,ihr,PPOSAT,ihr,33224,,
tg,rfd2.0,177966,179284,SCHILLER,29,Herzlein,NN,herzlein,33224,,
tg,rfd2.0,177966,179284,SCHILLER,29,auf,APPR,auf,33224,,
tg,rfd2.0,177966,179284,SCHILLER,29,einen,ART,ein,33224,,
tg,rfd2.0,177966,179284,SCHILLER,29,andern,ADJA,anderer,33224,,
tg,rfd2.0,177966,179284,SCHILLER,29,Ton,NN,ton,33224,,
tg,rfd2.0,177966,179284,SCHILLER,29,stimmen,VVFIN,stimmen,33224,,
tg,rfd2.0,177966,179284,SCHILLER,29,",","$,",--,33224,,
tg,rfd2.0,177966,179284,SCHILLER,29,wie,PWAV,wie,33224,,
tg,rfd2.0,177966,179284,SCHILLER,29,ein,ART,ein,33224,,
tg,rfd2.0,177966,179284,SCHILLER,29,Instrument,NN,instrument,33224,,
tg,rfd2.0,177966,179284,SCHILLER,29,stimmt,VVFIN,stimmen,33224,,
tg,rfd2.0,177966,179284,SCHILLER,29,",","$,",--,33224,,
tg,rfd2.0,177966,179284,SCHILLER,29,unterdes,PIS,unterd,33224,,
tg,rfd2.0,177966,179284,SCHILLER,29,wird,VAFIN,werden,33224,,
tg,rfd2.0,177966,179284,SCHILLER,29,wieder,ADV,wieder,33224,,
tg,rfd2.0,177966,179284,SCHILLER,29,alles,PIS,alle,33224,,
tg,rfd2.0,177966,179284,SCHILLER,29,",","$,",--,33224,,
tg,rfd2.0,177966,179284,SCHILLER,29,wie,PWAV,wie,33224,,
tg,rfd2.0,177966,179284,SCHILLER,29,es,PPER,es,33224,,
tg,rfd2.0,177966,179284,SCHILLER,29,von,APPR,von,33224,,
tg,rfd2.0,177966,179284,SCHILLER,29,jeher,ADV,jeher,33224,,
tg,rfd2.0,177966,179284,SCHILLER,29,war,VAFIN,sein,33224,,
tg,rfd2.0,177966,179284,SCHILLER,29,um,APPR,um,33224,,
tg,rfd2.0,177966,179284,SCHILLER,29,den,ART,der,33224,,
tg,rfd2.0,177966,179284,SCHILLER,29,Fritz,NE,fritz,33224,,
tg,rfd2.0,177966,179284,SCHILLER,29,Schiller,NE,schiller,33224,SCHILLER,29
tg,rfd2.0,177966,179284,SCHILLER,29,",","$,",--,33224,,
tg,rfd2.0,177966,179284,SCHILLER,29,und,KON,und,33224,,
tg,rfd2.0,177966,179284,SCHILLER,29,es,PPER,es,33224,,
tg,rfd2.0,177966,179284,SCHILLER,29,bleibt,VVFIN,bleiben,33224,,
tg,rfd2.0,177966,179284,SCHILLER,29,ihm,PPER,ihm,33224,,
tg,rfd2.0,177966,179284,SCHILLER,29,wie,KOKOM,wie,33224,,
tg,rfd2.0,177966,179284,SCHILLER,29,immerdar,ADJD,immerdar,33224,,
tg,rfd2.0,177966,179284,SCHILLER,29,nichts,PIS,nichts,33224,,
tg,rfd2.0,177966,179284,SCHILLER,29,übrig,ADJD,übrig,33224,,
tg,rfd2.0,177966,179284,SCHILLER,29,",","$,",--,33224,,
tg,rfd2.0,177966,179284,SCHILLER,29,als,KOUS,als,33224,,
tg,rfd2.0,177966,179284,SCHILLER,29,die,ART,der,33224,,
tg,rfd2.0,177966,179284,SCHILLER,29,Klage,NN,klage,33224,,
tg,rfd2.0,177966,179284,SCHILLER,29,der,ART,der,33224,,
tg,rfd2.0,177966,179284,SCHILLER,29,Verzweiflung,NN,verzweiflung,33224,,
tg,rfd2.0,177966,179284,SCHILLER,29,und,KON,und,33224,,
tg,rfd2.0,177966,179284,SCHILLER,29,die,ART,der,33224,,
tg,rfd2.0,177966,179284,SCHILLER,29,Frage,NN,frage,33224,,
tg,rfd2.0,177966,179284,SCHILLER,29,an,APPR,an,33224,,
tg,rfd2.0,177966,179284,SCHILLER,29,den,ART,der,33224,,
tg,rfd2.0,177966,179284,SCHILLER,29,Himmel,NN,himmel,33224,,
tg,rfd2.0,177966,179284,SCHILLER,29,:,$.,--,33224,,
tg,rfd2.0,177966,179284,SCHILLER,29,warum,PWAV,warum,33224,,
tg,rfd2.0,177966,179284,SCHILLER,29,immer,ADV,immer,33224,,
tg,rfd2.0,177966,179284,SCHILLER,29,diesen,PDAT,dieser,33224,,
tg,rfd2.0,177966,179284,SCHILLER,29,Menschen,NN,mensch,33224,,
tg,rfd2.0,177966,179284,SCHILLER,29,das,ART,der,33224,,
tg,rfd2.0,177966,179284,SCHILLER,29,Glück,NN,glück,33224,,
tg,rfd2.0,177966,179284,SCHILLER,29,und,KON,und,33224,,
tg,rfd2.0,177966,179284,SCHILLER,29,mir,PPER,sich,33224,SCHILLER,29
tg,rfd2.0,177966,179284,SCHILLER,29,und,KON,und,33224,,
tg,rfd2.0,177966,179284,SCHILLER,29,meinesgleichen,PIS,meinesgleich,33224,,
tg,rfd2.0,177966,179284,SCHILLER,29,der,ART,der,33224,,
tg,rfd2.0,177966,179284,SCHILLER,29,bittre,ADJA,bittre,33224,,
tg,rfd2.0,177966,179284,SCHILLER,29,Kampf,NN,kampf,33224,,
tg,rfd2.0,177966,179284,SCHILLER,29,und,KON,und,33224,,
tg,rfd2.0,177966,179284,SCHILLER,29,immer,ADV,immer,33224,,
tg,rfd2.0,177966,179284,SCHILLER,29,wieder,ADV,wieder,33224,,
tg,rfd2.0,177966,179284,SCHILLER,29,die,ART,der,33224,,
tg,rfd2.0,177966,179284,SCHILLER,29,bittre,ADJA,bittr,33224,,
tg,rfd2.0,177966,179284,SCHILLER,29,Niederlage,NN,niederlage,33224,,
tg,rfd2.0,177966,179284,SCHILLER,29,",","$,",--,33224,,
tg,rfd2.0,177966,179284,SCHILLER,29,warum,PWAV,warum,33224,,
tg,rfd2.0,177966,179284,SCHILLER,29,",","$,",--,33224,,
tg,rfd2.0,177966,179284,SCHILLER,29,o,ADV,O,33224,,
tg,rfd2.0,177966,179284,SCHILLER,29,Himmel,NN,himmel,33224,,
tg,rfd2.0,177966,179284,SCHILLER,29,?,$.,--,33224,,
tg,rfd2.0,177966,179284,SCHILLER,29,"!",$.,--,33224,,
tg,rfd2.0,177966,179284,SCHILLER,29,Er,PPER,er,33224,,
tg,rfd2.0,177966,179284,SCHILLER,29,sinkt,VVFIN,sinken,33224,,
tg,rfd2.0,177966,179284,SCHILLER,29,auf,APPR,auf,33224,,
tg,rfd2.0,177966,179284,SCHILLER,29,den,ART,der,33224,,
tg,rfd2.0,177966,179284,SCHILLER,29,Sessel,NN,sessel,33224,,
tg,rfd2.0,177966,179284,SCHILLER,29,.,$.,--,33224,,
tg,rfd2.0,179290,179379,Generalin Rieger.,2,Das,PDS,der,33224,,
tg,rfd2.0,179290,179379,Generalin Rieger.,2,heißt,VVFIN,heißen,33224,,
tg,rfd2.0,179290,179379,Generalin Rieger.,2,lästern,VVINF,lästern,33224,,
tg,rfd2.0,179290,179379,Generalin Rieger.,2,.,$.,--,33224,,
tg,rfd2.0,179290,179379,Generalin Rieger.,2,Gott,NN,gott,33224,,
tg,rfd2.0,179290,179379,Generalin Rieger.,2,hat,VAFIN,haben,33224,,
tg,rfd2.0,179290,179379,Generalin Rieger.,2,Euch,PPER,euch,33224,,
tg,rfd2.0,179290,179379,Generalin Rieger.,2,mehr,PIAT,mehr,33224,,
tg,rfd2.0,179290,179379,Generalin Rieger.,2,gegeben,VVPP,geben,33224,,
tg,rfd2.0,179290,179379,Generalin Rieger.,2,",","$,",--,33224,,
tg,rfd2.0,179290,179379,Generalin Rieger.,2,als,APPR,als,33224,,
tg,rfd2.0,179290,179379,Generalin Rieger.,2,den,ART,der,33224,,
tg,rfd2.0,179290,179379,Generalin Rieger.,2,auswendig,ADJD,auswendig,33224,,
tg,rfd2.0,179290,179379,Generalin Rieger.,2,Glücklichen,NN,glückliche,33224,,
tg,rfd2.0,179290,179379,Generalin Rieger.,2,.,$.,--,33224,,
tg,rfd2.0,179384,179452,KOCH,20,Und,KON,und,33224,,
tg,rfd2.0,179384,179452,KOCH,20,es,PPER,es,33224,,
tg,rfd2.0,179384,179452,KOCH,20,bleibt,VVFIN,bleiben,33224,,
tg,rfd2.0,179384,179452,KOCH,20,uns,PPER,uns,33224,,
tg,rfd2.0,179384,179452,KOCH,20,mehr,PIAT,mehr,33224,,
tg,rfd2.0,179384,179452,KOCH,20,übrig,ADJD,übrig,33224,,
tg,rfd2.0,179384,179452,KOCH,20,",","$,",--,33224,,
tg,rfd2.0,179384,179452,KOCH,20,als,KOUS,als,33224,,
tg,rfd2.0,179384,179452,KOCH,20,die,ART,der,33224,,
tg,rfd2.0,179384,179452,KOCH,20,Klage,NN,klage,33224,,
tg,rfd2.0,179384,179452,KOCH,20,der,ART,der,33224,,
tg,rfd2.0,179384,179452,KOCH,20,Verzweiflung,NN,verzweiflung,33224,,
tg,rfd2.0,179384,179452,KOCH,20,.,$.,--,33224,,
tg,rfd2.0,179457,179988,SCHILLER,29,Jawohl,NE,jawohl,33224,,
tg,rfd2.0,179457,179988,SCHILLER,29,",","$,",--,33224,,
tg,rfd2.0,179457,179988,SCHILLER,29,Anton,NE,anton,33224,,
tg,rfd2.0,179457,179988,SCHILLER,29,",","$,",--,33224,,
tg,rfd2.0,179457,179988,SCHILLER,29,die,ART,der,33224,,
tg,rfd2.0,179457,179988,SCHILLER,29,Tat,NN,tat,33224,,
tg,rfd2.0,179457,179988,SCHILLER,29,der,ART,der,33224,,
tg,rfd2.0,179457,179988,SCHILLER,29,Verzweiflung,NN,verzweiflung,33224,,
tg,rfd2.0,179457,179988,SCHILLER,29,bleibt,VVFIN,bleiben,33224,,
tg,rfd2.0,179457,179988,SCHILLER,29,uns,PPER,uns,33224,,
tg,rfd2.0,179457,179988,SCHILLER,29,übrig,ADJD,übrig,33224,,
tg,rfd2.0,179457,179988,SCHILLER,29,"!",$.,--,33224,,
tg,rfd2.0,179457,179988,SCHILLER,29,Sie,PPER,sie,33224,,
tg,rfd2.0,179457,179988,SCHILLER,29,geschehe,VVFIN,geschehen,33224,,
tg,rfd2.0,179457,179988,SCHILLER,29,nun,ADV,nun,33224,,
tg,rfd2.0,179457,179988,SCHILLER,29,.,$.,--,33224,,
tg,rfd2.0,179457,179988,SCHILLER,29,Tiefe,NN,tief,33224,,
tg,rfd2.0,179457,179988,SCHILLER,29,Seelenschmerzen,NN,seelenschmerz,33224,,
tg,rfd2.0,179457,179988,SCHILLER,29,und,KON,und,33224,,
tg,rfd2.0,179457,179988,SCHILLER,29,vor,APPR,vor,33224,,
tg,rfd2.0,179457,179988,SCHILLER,29,allem,PIS,alle,33224,,
tg,rfd2.0,179457,179988,SCHILLER,29,dieser,PDAT,dieser,33224,,
tg,rfd2.0,179457,179988,SCHILLER,29,schleichende,ADJA,schleichend,33224,,
tg,rfd2.0,179457,179988,SCHILLER,29,Zorn,NN,zorn,33224,,
tg,rfd2.0,179457,179988,SCHILLER,29,der,ART,der,33224,,
tg,rfd2.0,179457,179988,SCHILLER,29,innersten,ADJA,inner,33224,,
tg,rfd2.0,179457,179988,SCHILLER,29,Entrüstung,NN,entrüstung,33224,,
tg,rfd2.0,179457,179988,SCHILLER,29,zerstören,VVFIN,zerstören,33224,,
tg,rfd2.0,179457,179988,SCHILLER,29,den,ART,der,33224,,
tg,rfd2.0,179457,179988,SCHILLER,29,Körper,NN,körper,33224,,
tg,rfd2.0,179457,179988,SCHILLER,29,und,KON,und,33224,,
tg,rfd2.0,179457,179988,SCHILLER,29,trocknen,VVINF,trocknen,33224,,
tg,rfd2.0,179457,179988,SCHILLER,29,die,ART,der,33224,,
tg,rfd2.0,179457,179988,SCHILLER,29,Säfte,NN,saft,33224,,
tg,rfd2.0,179457,179988,SCHILLER,29,des,ART,der,33224,,
tg,rfd2.0,179457,179988,SCHILLER,29,Lebens,NN,leben,33224,,
tg,rfd2.0,179457,179988,SCHILLER,29,aus,APPR,aus,33224,,
tg,rfd2.0,179457,179988,SCHILLER,29,–,CARD,–,33224,,
tg,rfd2.0,179457,179988,SCHILLER,29,deshalb,PROAV,deshalb,33224,,
tg,rfd2.0,179457,179988,SCHILLER,29,muß,VMFIN,müssen,33224,,
tg,rfd2.0,179457,179988,SCHILLER,29,ich,PPER,ich,33224,SCHILLER,29
tg,rfd2.0,179457,179988,SCHILLER,29,zugrunde,ADV,zugrunde,33224,,
tg,rfd2.0,179457,179988,SCHILLER,29,gehen,VVINF,gehen,33224,,
tg,rfd2.0,179457,179988,SCHILLER,29,",","$,",--,33224,,
tg,rfd2.0,179457,179988,SCHILLER,29,oder,KON,oder,33224,,
tg,rfd2.0,179457,179988,SCHILLER,29,ich,PPER,ich,33224,SCHILLER,29
tg,rfd2.0,179457,179988,SCHILLER,29,muß,VMFIN,müssen,33224,,
tg,rfd2.0,179457,179988,SCHILLER,29,fort,PTKVZ,fort,33224,,
tg,rfd2.0,179457,179988,SCHILLER,29,von,APPR,von,33224,,
tg,rfd2.0,179457,179988,SCHILLER,29,hier,ADV,hier,33224,,
tg,rfd2.0,179457,179988,SCHILLER,29,",","$,",--,33224,,
tg,rfd2.0,179457,179988,SCHILLER,29,fort,PTKVZ,fort,33224,,
tg,rfd2.0,179457,179988,SCHILLER,29,auf,APPR,auf,33224,,
tg,rfd2.0,179457,179988,SCHILLER,29,Nimmerwiederkehr,NN,nimmerwiederkehr,33224,,
tg,rfd2.0,179457,179988,SCHILLER,29,"!",$.,--,33224,,
tg,rfd2.0,179457,179988,SCHILLER,29,So,ADV,so,33224,,
tg,rfd2.0,179457,179988,SCHILLER,29,sei,VAFIN,sein,33224,,
tg,rfd2.0,179457,179988,SCHILLER,29,es,PPER,es,33224,,
tg,rfd2.0,179457,179988,SCHILLER,29,.,$.,--,33224,,
tg,rfd2.0,179457,179988,SCHILLER,29,Gute,ADJA,gut,33224,,
tg,rfd2.0,179457,179988,SCHILLER,29,Frau,NN,frau,33224,,
tg,rfd2.0,179457,179988,SCHILLER,29,Generalin,NE,generalin,33224,,
tg,rfd2.0,179457,179988,SCHILLER,29,",","$,",--,33224,,
tg,rfd2.0,179457,179988,SCHILLER,29,Sie,PPER,sie,33224,,
tg,rfd2.0,179457,179988,SCHILLER,29,sind,VAFIN,sein,33224,,
tg,rfd2.0,179457,179988,SCHILLER,29,eine,ART,ein,33224,,
tg,rfd2.0,179457,179988,SCHILLER,29,Freundin,NN,freundin,33224,,
tg,rfd2.0,179457,179988,SCHILLER,29,meiner,PPOSAT,mein,33224,SCHILLER,29
tg,rfd2.0,179457,179988,SCHILLER,29,Mutter,NN,mutter,33224,,
tg,rfd2.0,179457,179988,SCHILLER,29,.,$.,--,33224,,
tg,rfd2.0,179457,179988,SCHILLER,29,Übernehmen,ADJA,übernehmen,33224,,
tg,rfd2.0,179457,179988,SCHILLER,29,Sie,PPER,sie,33224,,
tg,rfd2.0,179457,179988,SCHILLER,29,Trost,NN,trost,33224,,
tg,rfd2.0,179457,179988,SCHILLER,29,und,KON,und,33224,,
tg,rfd2.0,179457,179988,SCHILLER,29,Entschuldigung,NN,entschuldigung,33224,,
tg,rfd2.0,179457,179988,SCHILLER,29,für,APPR,für,33224,,
tg,rfd2.0,179457,179988,SCHILLER,29,meine,PPOSAT,mein,33224,SCHILLER,29
tg,rfd2.0,179457,179988,SCHILLER,29,gute,ADJA,gut,33224,,
tg,rfd2.0,179457,179988,SCHILLER,29,Mutter,NN,mutter,33224,,
tg,rfd2.0,179457,179988,SCHILLER,29,",","$,",--,33224,,
tg,rfd2.0,179457,179988,SCHILLER,29,sobald,KOUS,sobald,33224,,
tg,rfd2.0,179457,179988,SCHILLER,29,Sie,PPER,sie,33224,,
tg,rfd2.0,179457,179988,SCHILLER,29,das,ART,der,33224,,
tg,rfd2.0,179457,179988,SCHILLER,29,nächstemal,ADV,nächstemal,33224,,
tg,rfd2.0,179457,179988,SCHILLER,29,nach,APPR,nach,33224,,
tg,rfd2.0,179457,179988,SCHILLER,29,Ludwigsburg,NE,ludwigsburg,33224,,
tg,rfd2.0,179457,179988,SCHILLER,29,kommen,VVFIN,kommen,33224,,
tg,rfd2.0,179457,179988,SCHILLER,29,.,$.,--,33224,,
tg,rfd2.0,179457,179988,SCHILLER,29,Wollen,VMFIN,wollen,33224,,
tg,rfd2.0,179457,179988,SCHILLER,29,Sie,PPER,sie,33224,,
tg,rfd2.0,179457,179988,SCHILLER,29,?,$.,--,33224,,
tg,rfd2.0,179993,180013,Generalin Rieger.,2,Ja,PTKANT,ja,33224,,
tg,rfd2.0,179993,180013,Generalin Rieger.,2,doch,ADV,doch,33224,,
tg,rfd2.0,179993,180013,Generalin Rieger.,2,.,$.,--,33224,,
tg,rfd2.0,180018,180375,SCHILLER,29,Sagen,NN,sagen,33224,,
tg,rfd2.0,180018,180375,SCHILLER,29,Sie,PPER,sie,33224,,
tg,rfd2.0,180018,180375,SCHILLER,29,ihr,PPOSAT,ihr,33224,,
tg,rfd2.0,180018,180375,SCHILLER,29,",","$,",--,33224,,
tg,rfd2.0,180018,180375,SCHILLER,29,ich,PPER,ich,33224,SCHILLER,29
tg,rfd2.0,180018,180375,SCHILLER,29,hätte,VAFIN,haben,33224,,
tg,rfd2.0,180018,180375,SCHILLER,29,lange,ADV,lange,33224,,
tg,rfd2.0,180018,180375,SCHILLER,29,geglaubt,VVPP,glauben,33224,,
tg,rfd2.0,180018,180375,SCHILLER,29,",","$,",--,33224,,
tg,rfd2.0,180018,180375,SCHILLER,29,nur,ADV,nur,33224,,
tg,rfd2.0,180018,180375,SCHILLER,29,ihretwegen,NN,ihretwegen,33224,,
tg,rfd2.0,180018,180375,SCHILLER,29,nicht,PTKNEG,nicht,33224,,
tg,rfd2.0,180018,180375,SCHILLER,29,hinweg,APZR,hinweg,33224,,
tg,rfd2.0,180018,180375,SCHILLER,29,zu,PTKZU,zu,33224,,
tg,rfd2.0,180018,180375,SCHILLER,29,können,VMINF,können,33224,,
tg,rfd2.0,180018,180375,SCHILLER,29,aus,APPR,aus,33224,,
tg,rfd2.0,180018,180375,SCHILLER,29,der,ART,der,33224,,
tg,rfd2.0,180018,180375,SCHILLER,29,Heimat,NN,heimat,33224,,
tg,rfd2.0,180018,180375,SCHILLER,29,–,XY,–,33224,,
tg,rfd2.0,180018,180375,SCHILLER,29,auch,ADV,auch,33224,,
tg,rfd2.0,180018,180375,SCHILLER,29,das,PDS,der,33224,,
tg,rfd2.0,180018,180375,SCHILLER,29,war,VAFIN,sein,33224,,
tg,rfd2.0,180018,180375,SCHILLER,29,eine,ART,ein,33224,,
tg,rfd2.0,180018,180375,SCHILLER,29,Betrügerei,NN,betrügerei,33224,,
tg,rfd2.0,180018,180375,SCHILLER,29,meines,PPOSAT,mein,33224,SCHILLER,29
tg,rfd2.0,180018,180375,SCHILLER,29,Herzens,NN,Herz,33224,,
tg,rfd2.0,180018,180375,SCHILLER,29,",","$,",--,33224,,
tg,rfd2.0,180018,180375,SCHILLER,29,welches,PRELS,welcher,33224,,
tg,rfd2.0,180018,180375,SCHILLER,29,die,ART,der,33224,,
tg,rfd2.0,180018,180375,SCHILLER,29,Kindesliebe,NN,kindesliebe,33224,,
tg,rfd2.0,180018,180375,SCHILLER,29,vorschob,VVFIN,vorschieben,33224,,
tg,rfd2.0,180018,180375,SCHILLER,29,",","$,",--,33224,,
tg,rfd2.0,180018,180375,SCHILLER,29,um,KOUI,um,33224,,
tg,rfd2.0,180018,180375,SCHILLER,29,die,ART,der,33224,,
tg,rfd2.0,180018,180375,SCHILLER,29,–,NN,–,33224,,
tg,rfd2.0,180018,180375,SCHILLER,29,andere,PIS,anderer,33224,,
tg,rfd2.0,180018,180375,SCHILLER,29,nicht,PTKNEG,nicht,33224,,
tg,rfd2.0,180018,180375,SCHILLER,29,sehen,VVINF,sehen,33224,,
tg,rfd2.0,180018,180375,SCHILLER,29,zu,PTKZU,zu,33224,,
tg,rfd2.0,180018,180375,SCHILLER,29,lassen,VVINF,lassen,33224,,
tg,rfd2.0,180018,180375,SCHILLER,29,"!",$.,--,33224,,
tg,rfd2.0,180018,180375,SCHILLER,29,Jetzt,ADV,jetzt,33224,,
tg,rfd2.0,180018,180375,SCHILLER,29,weiß,VVFIN,weiß,33224,,
tg,rfd2.0,180018,180375,SCHILLER,29,ich's,PPER,ich's,33224,,
tg,rfd2.0,180018,180375,SCHILLER,29,freilich,ADV,freilich,33224,,
tg,rfd2.0,180018,180375,SCHILLER,29,besser,ADJD,gut,33224,,
tg,rfd2.0,180018,180375,SCHILLER,29,und,KON,und,33224,,
tg,rfd2.0,180018,180375,SCHILLER,29,bin,VAFIN,sein,33224,,
tg,rfd2.0,180018,180375,SCHILLER,29,nur,ADV,nur,33224,,
tg,rfd2.0,180018,180375,SCHILLER,29,noch,ADV,noch,33224,,
tg,rfd2.0,180018,180375,SCHILLER,29,schlimmer,ADJD,schlimm,33224,,
tg,rfd2.0,180018,180375,SCHILLER,29,daran,PROAV,daran,33224,,
tg,rfd2.0,180018,180375,SCHILLER,29,",","$,",--,33224,,
tg,rfd2.0,180018,180375,SCHILLER,29,indem,KOUS,indem,33224,,
tg,rfd2.0,180018,180375,SCHILLER,29,ich,PPER,ich,33224,SCHILLER,29
tg,rfd2.0,180018,180375,SCHILLER,29,einen,ART,ein,33224,,
tg,rfd2.0,180018,180375,SCHILLER,29,Vorwand,NN,vorwand,33224,,
tg,rfd2.0,180018,180375,SCHILLER,29,und,KON,und,33224,,
tg,rfd2.0,180018,180375,SCHILLER,29,eine,ART,ein,33224,,
tg,rfd2.0,180018,180375,SCHILLER,29,Illusion,NN,illusion,33224,,
tg,rfd2.0,180018,180375,SCHILLER,29,in,APPR,in,33224,,
tg,rfd2.0,180018,180375,SCHILLER,29,einem,ART,ein,33224,,
tg,rfd2.0,180018,180375,SCHILLER,29,Atem,NN,atem,33224,,
tg,rfd2.0,180018,180375,SCHILLER,29,verliere,VVFIN,verlieren,33224,,
tg,rfd2.0,180018,180375,SCHILLER,29,.,$.,--,33224,,
tg,rfd2.0,180380,180485,Generalin Rieger.,2,Arme,NN,arm,33224,,
tg,rfd2.0,180380,180485,Generalin Rieger.,2,Frau,NN,frau,33224,,
tg,rfd2.0,180380,180485,Generalin Rieger.,2,"!",$.,--,33224,,
tg,rfd2.0,180380,180485,Generalin Rieger.,2,Sie,PPER,sie,33224,,
tg,rfd2.0,180380,180485,Generalin Rieger.,2,ist,VAFIN,sein,33224,,
tg,rfd2.0,180380,180485,Generalin Rieger.,2,so,ADV,so,33224,,
tg,rfd2.0,180380,180485,Generalin Rieger.,2,brav,ADJD,brav,33224,,
tg,rfd2.0,180380,180485,Generalin Rieger.,2,und,KON,und,33224,,
tg,rfd2.0,180380,180485,Generalin Rieger.,2,hängt,VVFIN,hängen,33224,,
tg,rfd2.0,180380,180485,Generalin Rieger.,2,so,ADV,so,33224,,
tg,rfd2.0,180380,180485,Generalin Rieger.,2,an,APPR,an,33224,,
tg,rfd2.0,180380,180485,Generalin Rieger.,2,ihrem,PPOSAT,ihr,33224,,
tg,rfd2.0,180380,180485,Generalin Rieger.,2,Fritz,NE,fritz,33224,,
tg,rfd2.0,180380,180485,Generalin Rieger.,2,–,XY,–,33224,,
tg,rfd2.0,180380,180485,Generalin Rieger.,2,das,ART,der,33224,,
tg,rfd2.0,180380,180485,Generalin Rieger.,2,Herz,NN,herz,33224,,
tg,rfd2.0,180380,180485,Generalin Rieger.,2,wird,VAFIN,werden,33224,,
tg,rfd2.0,180380,180485,Generalin Rieger.,2,ihr,PPER,ihr,33224,,
tg,rfd2.0,180380,180485,Generalin Rieger.,2,brechen,VVINF,brechen,33224,,
tg,rfd2.0,180380,180485,Generalin Rieger.,2,"!",$.,--,33224,,
tg,rfd2.0,180490,180978,SCHILLER,29,Sagt,ADJD,sagen,33224,,
tg,rfd2.0,180490,180978,SCHILLER,29,ihr,PPOSAT,ihr,33224,,
tg,rfd2.0,180490,180978,SCHILLER,29,–,NN,–,33224,,
tg,rfd2.0,180490,180978,SCHILLER,29,auch,ADV,auch,33224,,
tg,rfd2.0,180490,180978,SCHILLER,29,–,XY,–,33224,,
tg,rfd2.0,180490,180978,SCHILLER,29,meines,PPOSAT,mein,33224,SCHILLER,29
tg,rfd2.0,180490,180978,SCHILLER,29,–,NN,–,33224,,
tg,rfd2.0,180490,180978,SCHILLER,29,sei,VAFIN,sein,33224,,
tg,rfd2.0,180490,180978,SCHILLER,29,gebrochen,VVPP,brechen,33224,,
tg,rfd2.0,180490,180978,SCHILLER,29,.,$.,--,33224,,
tg,rfd2.0,180490,180978,SCHILLER,29,Aber,KON,aber,33224,,
tg,rfd2.0,180490,180978,SCHILLER,29,ich,PPER,ich,33224,SCHILLER,29
tg,rfd2.0,180490,180978,SCHILLER,29,könnte,VMFIN,können,33224,,
tg,rfd2.0,180490,180978,SCHILLER,29,hier,ADV,hier,33224,,
tg,rfd2.0,180490,180978,SCHILLER,29,nicht,PTKNEG,nicht,33224,,
tg,rfd2.0,180490,180978,SCHILLER,29,mehr,ADV,mehr,33224,,
tg,rfd2.0,180490,180978,SCHILLER,29,bleiben,VVINF,bleiben,33224,,
tg,rfd2.0,180490,180978,SCHILLER,29,.,$.,--,33224,,
tg,rfd2.0,180490,180978,SCHILLER,29,Sagt,ADJD,sagen,33224,,
tg,rfd2.0,180490,180978,SCHILLER,29,ihr,PPER,ihr,33224,,
tg,rfd2.0,180490,180978,SCHILLER,29,",","$,",--,33224,,
tg,rfd2.0,180490,180978,SCHILLER,29,der,ART,der,33224,,
tg,rfd2.0,180490,180978,SCHILLER,29,Fritz,NE,fritz,33224,,
tg,rfd2.0,180490,180978,SCHILLER,29,wäre,VAFIN,sein,33224,,
tg,rfd2.0,180490,180978,SCHILLER,29,vielleicht,ADV,vielleicht,33224,,
tg,rfd2.0,180490,180978,SCHILLER,29,–,XY,–,33224,,
tg,rfd2.0,180490,180978,SCHILLER,29,geliebt,VVPP,lieben,33224,,
tg,rfd2.0,180490,180978,SCHILLER,29,worden,VAPP,werden,33224,,
tg,rfd2.0,180490,180978,SCHILLER,29,",","$,",--,33224,,
tg,rfd2.0,180490,180978,SCHILLER,29,aber,KON,aber,33224,,
tg,rfd2.0,180490,180978,SCHILLER,29,die,ART,der,33224,,
tg,rfd2.0,180490,180978,SCHILLER,29,tyrannische,ADJA,tyrannisch,33224,,
tg,rfd2.0,180490,180978,SCHILLER,29,Macht,NN,macht,33224,,
tg,rfd2.0,180490,180978,SCHILLER,29,",","$,",--,33224,,
tg,rfd2.0,180490,180978,SCHILLER,29,welche,PWAT,welcher,33224,,
tg,rfd2.0,180490,180978,SCHILLER,29,auch,ADV,auch,33224,,
tg,rfd2.0,180490,180978,SCHILLER,29,die,ART,der,33224,,
tg,rfd2.0,180490,180978,SCHILLER,29,Herzen,NN,herz,33224,,
tg,rfd2.0,180490,180978,SCHILLER,29,kommandiert,VVPP,kommandieren,33224,,
tg,rfd2.0,180490,180978,SCHILLER,29,",","$,",--,33224,,
tg,rfd2.0,180490,180978,SCHILLER,29,hätte,VAFIN,haben,33224,,
tg,rfd2.0,180490,180978,SCHILLER,29,ihm,PPER,ihm,33224,,
tg,rfd2.0,180490,180978,SCHILLER,29,diese,PDAT,dieser,33224,,
tg,rfd2.0,180490,180978,SCHILLER,29,Seligkeit,NN,seligkeit,33224,,
tg,rfd2.0,180490,180978,SCHILLER,29,vernichtet,VVPP,vernichten,33224,,
tg,rfd2.0,180490,180978,SCHILLER,29,.,$.,--,33224,,
tg,rfd2.0,180490,180978,SCHILLER,29,Anton,NE,anton,33224,,
tg,rfd2.0,180490,180978,SCHILLER,29,",","$,",--,33224,,
tg,rfd2.0,180490,180978,SCHILLER,29,jetzt,ADV,jetzt,33224,,
tg,rfd2.0,180490,180978,SCHILLER,29,ist,VAFIN,sein,33224,,
tg,rfd2.0,180490,180978,SCHILLER,29,nicht,PTKNEG,nicht,33224,,
tg,rfd2.0,180490,180978,SCHILLER,29,mehr,ADV,mehr,33224,,
tg,rfd2.0,180490,180978,SCHILLER,29,die,ART,der,33224,,
tg,rfd2.0,180490,180978,SCHILLER,29,Frage,NN,frage,33224,,
tg,rfd2.0,180490,180978,SCHILLER,29,",","$,",--,33224,,
tg,rfd2.0,180490,180978,SCHILLER,29,ob,KOUS,ob,33224,,
tg,rfd2.0,180490,180978,SCHILLER,29,ich,PPER,ich,33224,SCHILLER,29
tg,rfd2.0,180490,180978,SCHILLER,29,draußen,ADV,draußen,33224,,
tg,rfd2.0,180490,180978,SCHILLER,29,verkümmere,ADJA,verkümmern,33224,,
tg,rfd2.0,180490,180978,SCHILLER,29,oder,KON,oder,33224,,
tg,rfd2.0,180490,180978,SCHILLER,29,verderbe,ADJA,verderben,33224,,
tg,rfd2.0,180490,180978,SCHILLER,29,;,$.,--,33224,,
tg,rfd2.0,180490,180978,SCHILLER,29,jetzt,ADV,jetzt,33224,,
tg,rfd2.0,180490,180978,SCHILLER,29,weiß,VVFIN,weiß,33224,,
tg,rfd2.0,180490,180978,SCHILLER,29,ich,PPER,ich,33224,SCHILLER,29
tg,rfd2.0,180490,180978,SCHILLER,29,",","$,",--,33224,,
tg,rfd2.0,180490,180978,SCHILLER,29,daß,KOUS,daß,33224,,
tg,rfd2.0,180490,180978,SCHILLER,29,ich,PPER,ich,33224,SCHILLER,29
tg,rfd2.0,180490,180978,SCHILLER,29,hier,ADV,hier,33224,,
tg,rfd2.0,180490,180978,SCHILLER,29,zugrunde,ADV,zugrunde,33224,,
tg,rfd2.0,180490,180978,SCHILLER,29,geh,VVIMP,geh,33224,,
tg,rfd2.0,180490,180978,SCHILLER,29,',$[,--,33224,,
tg,rfd2.0,180490,180978,SCHILLER,29,",","$,",--,33224,,
tg,rfd2.0,180490,180978,SCHILLER,29,jetzt,ADV,jetzt,33224,,
tg,rfd2.0,180490,180978,SCHILLER,29,hilf,VVFIN,hilf,33224,,
tg,rfd2.0,180490,180978,SCHILLER,29,mir,PPER,sich,33224,SCHILLER,29
tg,rfd2.0,180490,180978,SCHILLER,29,hinweg,APZR,hinweg,33224,,
tg,rfd2.0,180490,180978,SCHILLER,29,.,$.,--,33224,,
tg,rfd2.0,180490,180978,SCHILLER,29,Verschaff,NN,verschaff,33224,,
tg,rfd2.0,180490,180978,SCHILLER,29,',$[,--,33224,,
tg,rfd2.0,180490,180978,SCHILLER,29,mir,PPER,sich,33224,SCHILLER,29
tg,rfd2.0,180490,180978,SCHILLER,29,den,ART,der,33224,,
tg,rfd2.0,180490,180978,SCHILLER,29,Jungen,NN,junge,33224,,
tg,rfd2.0,180490,180978,SCHILLER,29,",","$,",--,33224,,
tg,rfd2.0,180490,180978,SCHILLER,29,unsern,ADJD,unsern,33224,,
tg,rfd2.0,180490,180978,SCHILLER,29,Botenlaufer,NN,botenlaufer,33224,,
tg,rfd2.0,180490,180978,SCHILLER,29,",","$,",--,33224,,
tg,rfd2.0,180490,180978,SCHILLER,29,damit,KOUS,damit,33224,,
tg,rfd2.0,180490,180978,SCHILLER,29,er,PPER,er,33224,,
tg,rfd2.0,180490,180978,SCHILLER,29,einen,ART,ein,33224,,
tg,rfd2.0,180490,180978,SCHILLER,29,Auftrag,NN,auftrag,33224,,
tg,rfd2.0,180490,180978,SCHILLER,29,an,APPR,an,33224,,
tg,rfd2.0,180490,180978,SCHILLER,29,Streicher,NN,streicher,33224,,
tg,rfd2.0,180490,180978,SCHILLER,29,besorge,VVFIN,besorge,33224,,
tg,rfd2.0,180490,180978,SCHILLER,29,"!",$.,--,33224,,
tg,rfd2.0,180984,181104,KOCH,20,Potztausend,ADJD,potztausend,33224,,
tg,rfd2.0,180984,181104,KOCH,20,",","$,",--,33224,,
tg,rfd2.0,180984,181104,KOCH,20,der,ART,der,33224,,
tg,rfd2.0,180984,181104,KOCH,20,Junge,NN,junge,33224,,
tg,rfd2.0,180984,181104,KOCH,20,ist,VAFIN,sein,33224,,
tg,rfd2.0,180984,181104,KOCH,20,am,APPRART,an,33224,,
tg,rfd2.0,180984,181104,KOCH,20,Ende,NN,ende,33224,,
tg,rfd2.0,180984,181104,KOCH,20,gestern,ADV,gestern,33224,,
tg,rfd2.0,180984,181104,KOCH,20,abend,ADV,abend,33224,,
tg,rfd2.0,180984,181104,KOCH,20,im,APPRART,in,33224,,
tg,rfd2.0,180984,181104,KOCH,20,Kamin,NN,kamin,33224,,
tg,rfd2.0,180984,181104,KOCH,20,des,ART,der,33224,,
tg,rfd2.0,180984,181104,KOCH,20,Examiniersaals,NN,examiniersaal,33224,,
tg,rfd2.0,180984,181104,KOCH,20,vergessen,VVINF,vergessen,33224,,
tg,rfd2.0,180984,181104,KOCH,20,und,KON,und,33224,,
tg,rfd2.0,180984,181104,KOCH,20,eingeschlossen,VVPP,einschließen,33224,,
tg,rfd2.0,180984,181104,KOCH,20,worden,VAPP,werden,33224,,
tg,rfd2.0,180984,181104,KOCH,20,"!",$.,--,33224,,
tg,rfd2.0,181109,181252,Generalin Rieger.,2,Nein,PTKANT,nein,33224,,
tg,rfd2.0,181109,181252,Generalin Rieger.,2,",","$,",--,33224,,
tg,rfd2.0,181109,181252,Generalin Rieger.,2,ich,PPER,ich,33224,Generalin Rieger.,2
tg,rfd2.0,181109,181252,Generalin Rieger.,2,hab,VAFIN,hab,33224,,
tg,rfd2.0,181109,181252,Generalin Rieger.,2,',$[,--,33224,,
tg,rfd2.0,181109,181252,Generalin Rieger.,2,ihn,PPER,ihn,33224,,
tg,rfd2.0,181109,181252,Generalin Rieger.,2,mitgenommen,VVPP,mitnehmen,33224,,
tg,rfd2.0,181109,181252,Generalin Rieger.,2,",","$,",--,33224,,
tg,rfd2.0,181109,181252,Generalin Rieger.,2,und,KON,und,33224,,
tg,rfd2.0,181109,181252,Generalin Rieger.,2,er,PPER,er,33224,,
tg,rfd2.0,181109,181252,Generalin Rieger.,2,sollte,VMFIN,sollen,33224,,
tg,rfd2.0,181109,181252,Generalin Rieger.,2,eben,ADV,eben,33224,,
tg,rfd2.0,181109,181252,Generalin Rieger.,2,den,ART,der,33224,,
tg,rfd2.0,181109,181252,Generalin Rieger.,2,Kaffee,NN,kaffee,33224,,
tg,rfd2.0,181109,181252,Generalin Rieger.,2,bringen,VVFIN,bringen,33224,,
tg,rfd2.0,181109,181252,Generalin Rieger.,2,–,PPER,–,33224,,
tg,rfd2.0,181109,181252,Generalin Rieger.,2,aber,ADV,aber,33224,,
tg,rfd2.0,181109,181252,Generalin Rieger.,2,ehe,KOUS,ehe,33224,,
tg,rfd2.0,181109,181252,Generalin Rieger.,2,ihr,PPOSAT,ihr,33224,,
tg,rfd2.0,181109,181252,Generalin Rieger.,2,so,ADV,so,33224,,
tg,rfd2.0,181109,181252,Generalin Rieger.,2,etwas,PIS,etwas,33224,,
tg,rfd2.0,181109,181252,Generalin Rieger.,2,Gewaltsames,NN,gewaltsame,33224,,
tg,rfd2.0,181109,181252,Generalin Rieger.,2,tut,VVFIN,tun,33224,,
tg,rfd2.0,181109,181252,Generalin Rieger.,2,",","$,",--,33224,,
tg,rfd2.0,181109,181252,Generalin Rieger.,2,überlegt,VVFIN,überlegen,33224,,
tg,rfd2.0,181109,181252,Generalin Rieger.,2,doch,ADV,doch,33224,,
tg,rfd2.0,181109,181252,Generalin Rieger.,2,erst,ADV,erst,33224,,
tg,rfd2.0,181109,181252,Generalin Rieger.,2,–,XY,–,33224,,
tg,rfd2.0,181257,181285,SCHILLER,29,Das,PDS,der,33224,,
tg,rfd2.0,181257,181285,SCHILLER,29,ist,VAFIN,sein,33224,,
tg,rfd2.0,181257,181285,SCHILLER,29,überlegt,VVPP,überlegen,33224,,
tg,rfd2.0,181257,181285,SCHILLER,29,.,$.,--,33224,,
tg,rfd2.0,181290,181533,KOCH,20,Schiller,NE,schiller,33224,SCHILLER,29
tg,rfd2.0,181290,181533,KOCH,20,hat,VAFIN,haben,33224,,
tg,rfd2.0,181290,181533,KOCH,20,recht,ADJD,recht,33224,,
tg,rfd2.0,181290,181533,KOCH,20,.,$.,--,33224,,
tg,rfd2.0,181290,181533,KOCH,20,Seine,PPOSAT,sein,33224,,
tg,rfd2.0,181290,181533,KOCH,20,Lage,NN,lage,33224,,
tg,rfd2.0,181290,181533,KOCH,20,kann,VMFIN,können,33224,,
tg,rfd2.0,181290,181533,KOCH,20,nur,ADV,nur,33224,,
tg,rfd2.0,181290,181533,KOCH,20,schlimmer,ADJD,schlimm,33224,,
tg,rfd2.0,181290,181533,KOCH,20,",","$,",--,33224,,
tg,rfd2.0,181290,181533,KOCH,20,nicht,PTKNEG,nicht,33224,,
tg,rfd2.0,181290,181533,KOCH,20,aber,ADV,aber,33224,,
tg,rfd2.0,181290,181533,KOCH,20,besser,ADJD,gut,33224,,
tg,rfd2.0,181290,181533,KOCH,20,werden,VAINF,werden,33224,,
tg,rfd2.0,181290,181533,KOCH,20,.,$.,--,33224,,
tg,rfd2.0,181290,181533,KOCH,20,Wenn,KOUS,wenn,33224,,
tg,rfd2.0,181290,181533,KOCH,20,der,ART,der,33224,,
tg,rfd2.0,181290,181533,KOCH,20,Herzog,NE,herzog,33224,,
tg,rfd2.0,181290,181533,KOCH,20,von,APPR,von,33224,,
tg,rfd2.0,181290,181533,KOCH,20,den,ART,der,33224,,
tg,rfd2.0,181290,181533,KOCH,20,Räubern,NN,räuber,33224,,
tg,rfd2.0,181290,181533,KOCH,20,erfährt,VVFIN,erfahren,33224,,
tg,rfd2.0,181290,181533,KOCH,20,–,XY,–,33224,,
tg,rfd2.0,181290,181533,KOCH,20,Ihnen,PPER,ihnen,33224,,
tg,rfd2.0,181290,181533,KOCH,20,",","$,",--,33224,,
tg,rfd2.0,181290,181533,KOCH,20,edle,ADJA,edel,33224,,
tg,rfd2.0,181290,181533,KOCH,20,Freundin,NN,freundin,33224,,
tg,rfd2.0,181290,181533,KOCH,20,",","$,",--,33224,,
tg,rfd2.0,181290,181533,KOCH,20,brauchen,VVFIN,brauchen,33224,,
tg,rfd2.0,181290,181533,KOCH,20,wir's,ADV,wir,33224,,
tg,rfd2.0,181290,181533,KOCH,20,nicht,PTKNEG,nicht,33224,,
tg,rfd2.0,181290,181533,KOCH,20,länger,ADJD,lang,33224,,
tg,rfd2.0,181290,181533,KOCH,20,zu,APPR,zu,33224,,
tg,rfd2.0,181290,181533,KOCH,20,verschweigen,ADJA,verschweigen,33224,,
tg,rfd2.0,181290,181533,KOCH,20,–,NN,–,33224,,
tg,rfd2.0,181290,181533,KOCH,20,dann,ADV,dann,33224,,
tg,rfd2.0,181290,181533,KOCH,20,ist,VAFIN,sein,33224,,
tg,rfd2.0,181290,181533,KOCH,20,der,ART,der,33224,,
tg,rfd2.0,181290,181533,KOCH,20,Hohenasperg,NE,hohenasperg,33224,,
tg,rfd2.0,181290,181533,KOCH,20,ihm,PPER,ihm,33224,,
tg,rfd2.0,181290,181533,KOCH,20,unfehlbar,ADJD,unfehlbar,33224,,
tg,rfd2.0,181290,181533,KOCH,20,und,KON,und,33224,,
tg,rfd2.0,181290,181533,KOCH,20,gewiß,ADV,gewiß,33224,,
tg,rfd2.0,181290,181533,KOCH,20,"!",$.,--,33224,,
tg,rfd2.0,181538,181603,Generalin Rieger.,2,',$[,--,33224,,
tg,rfd2.0,181538,181603,Generalin Rieger.,2,s,PPER,--,33224,,
tg,rfd2.0,181538,181603,Generalin Rieger.,2,ist,VAFIN,sein,33224,,
tg,rfd2.0,181538,181603,Generalin Rieger.,2,also,ADV,also,33224,,
tg,rfd2.0,181538,181603,Generalin Rieger.,2,wirklich,ADJD,wirklich,33224,,
tg,rfd2.0,181538,181603,Generalin Rieger.,2,wahr,ADJD,wahr,33224,,
tg,rfd2.0,181538,181603,Generalin Rieger.,2,mit,APPR,mit,33224,,
tg,rfd2.0,181538,181603,Generalin Rieger.,2,dem,ART,der,33224,,
tg,rfd2.0,181538,181603,Generalin Rieger.,2,Spitzbubenstücke,NN,spitzbubenstück,33224,,
tg,rfd2.0,181538,181603,Generalin Rieger.,2,–,XY,–,33224,,
tg,rfd2.0,181538,181603,Generalin Rieger.,2,?,$.,--,33224,,
tg,rfd2.0,181608,181629,KOCH,20,Wirklich,ADJD,wirklich,33224,,
tg,rfd2.0,181608,181629,KOCH,20,wahr,ADJD,wahr,33224,,
tg,rfd2.0,181608,181629,KOCH,20,.,$.,--,33224,,
tg,rfd2.0,181634,181815,Generalin Rieger.,2,Aber,KON,aber,33224,,
tg,rfd2.0,181634,181815,Generalin Rieger.,2,",","$,",--,33224,,
tg,rfd2.0,181634,181815,Generalin Rieger.,2,Kinder,NN,kind,33224,,
tg,rfd2.0,181634,181815,Generalin Rieger.,2,",","$,",--,33224,,
tg,rfd2.0,181634,181815,Generalin Rieger.,2,was,PWS,was,33224,,
tg,rfd2.0,181634,181815,Generalin Rieger.,2,macht,VVFIN,machen,33224,,
tg,rfd2.0,181634,181815,Generalin Rieger.,2,ihr,PPOSAT,ihr,33224,,
tg,rfd2.0,181634,181815,Generalin Rieger.,2,auch,ADV,auch,33224,,
tg,rfd2.0,181634,181815,Generalin Rieger.,2,für,APPR,für,33224,,
tg,rfd2.0,181634,181815,Generalin Rieger.,2,heillose,ADJA,heillos,33224,,
tg,rfd2.0,181634,181815,Generalin Rieger.,2,Streiche,NN,streich,33224,,
tg,rfd2.0,181634,181815,Generalin Rieger.,2,–,XY,–,33224,,
tg,rfd2.0,181634,181815,Generalin Rieger.,2,ach,ITJ,ach,33224,,
tg,rfd2.0,181634,181815,Generalin Rieger.,2,",","$,",--,33224,,
tg,rfd2.0,181634,181815,Generalin Rieger.,2,mein,PPOSAT,mein,33224,Generalin Rieger.,2
tg,rfd2.0,181634,181815,Generalin Rieger.,2,Gott,NN,gott,33224,,
tg,rfd2.0,181634,181815,Generalin Rieger.,2,",","$,",--,33224,,
tg,rfd2.0,181634,181815,Generalin Rieger.,2,da,ADV,da,33224,,
tg,rfd2.0,181634,181815,Generalin Rieger.,2,fällt,VVFIN,fallen,33224,,
tg,rfd2.0,181634,181815,Generalin Rieger.,2,mir,PPER,sich,33224,Generalin Rieger.,2
tg,rfd2.0,181634,181815,Generalin Rieger.,2,erst,ADV,erst,33224,,
tg,rfd2.0,181634,181815,Generalin Rieger.,2,der,ART,der,33224,,
tg,rfd2.0,181634,181815,Generalin Rieger.,2,Rieger,NN,rieger,33224,RIEGER,27
tg,rfd2.0,181634,181815,Generalin Rieger.,2,ein,ART,ein,33224,,
tg,rfd2.0,181634,181815,Generalin Rieger.,2,"!",$.,--,33224,,
tg,rfd2.0,181634,181815,Generalin Rieger.,2,Ihr,PPOSAT,ihr,33224,,
tg,rfd2.0,181634,181815,Generalin Rieger.,2,habt,VAFIN,haben,33224,,
tg,rfd2.0,181634,181815,Generalin Rieger.,2,doch,ADV,doch,33224,,
tg,rfd2.0,181634,181815,Generalin Rieger.,2,nicht,PTKNEG,nicht,33224,,
tg,rfd2.0,181634,181815,Generalin Rieger.,2,in,APPR,in,33224,,
tg,rfd2.0,181634,181815,Generalin Rieger.,2,eurer,ADJA,eurer,33224,,
tg,rfd2.0,181634,181815,Generalin Rieger.,2,Wohnung,NN,wohnung,33224,,
tg,rfd2.0,181634,181815,Generalin Rieger.,2,Exemplare,NN,exemplar,33224,,
tg,rfd2.0,181634,181815,Generalin Rieger.,2,von,APPR,von,33224,,
tg,rfd2.0,181634,181815,Generalin Rieger.,2,dem,ART,der,33224,,
tg,rfd2.0,181634,181815,Generalin Rieger.,2,Stücke,NN,stück,33224,,
tg,rfd2.0,181634,181815,Generalin Rieger.,2,?,$.,--,33224,,
tg,rfd2.0,181820,181922,SCHILLER,29,In,APPR,in,33224,,
tg,rfd2.0,181820,181922,SCHILLER,29,meiner,PPOSAT,mein,33224,SCHILLER,29
tg,rfd2.0,181820,181922,SCHILLER,29,Wohnung,NN,wohnung,33224,,
tg,rfd2.0,181820,181922,SCHILLER,29,?,$.,--,33224,,
tg,rfd2.0,181820,181922,SCHILLER,29,Allerdings,ADV,allerdings,33224,,
tg,rfd2.0,181820,181922,SCHILLER,29,.,$.,--,33224,,
tg,rfd2.0,181820,181922,SCHILLER,29,Hinter,APPR,hinter,33224,,
tg,rfd2.0,181820,181922,SCHILLER,29,dem,ART,der,33224,,
tg,rfd2.0,181820,181922,SCHILLER,29,Ofen,NN,ofen,33224,,
tg,rfd2.0,181820,181922,SCHILLER,29,stehen,VVFIN,stehen,33224,,
tg,rfd2.0,181820,181922,SCHILLER,29,zwei,CARD,zwei,33224,,
tg,rfd2.0,181820,181922,SCHILLER,29,mannshohe,ADJA,mannshoch,33224,,
tg,rfd2.0,181820,181922,SCHILLER,29,Stöße,NN,stoß,33224,,
tg,rfd2.0,181820,181922,SCHILLER,29,von,APPR,von,33224,,
tg,rfd2.0,181820,181922,SCHILLER,29,Exemplaren,NN,exemplar,33224,,
tg,rfd2.0,181820,181922,SCHILLER,29,–,CARD,–,33224,,
tg,rfd2.0,181927,181949,KOCH,20,Eignen,NN,eigne,33224,,
tg,rfd2.0,181927,181949,KOCH,20,Verlags,ADV,verlag,33224,,
tg,rfd2.0,181927,181949,KOCH,20,"!",$.,--,33224,,
tg,rfd2.0,181954,182294,Generalin Rieger.,2,Barmherziger,ADJA,barmherziger,33224,,
tg,rfd2.0,181954,182294,Generalin Rieger.,2,Himmel,NN,himmel,33224,,
tg,rfd2.0,181954,182294,Generalin Rieger.,2,",","$,",--,33224,,
tg,rfd2.0,181954,182294,Generalin Rieger.,2,dann,ADV,dann,33224,,
tg,rfd2.0,181954,182294,Generalin Rieger.,2,sind,VAFIN,sein,33224,,
tg,rfd2.0,181954,182294,Generalin Rieger.,2,wir,PPER,wir,33224,,
tg,rfd2.0,181954,182294,Generalin Rieger.,2,verloren,PTKVZ,verlieren,33224,,
tg,rfd2.0,181954,182294,Generalin Rieger.,2,"!",$.,--,33224,,
tg,rfd2.0,181954,182294,Generalin Rieger.,2,Rieger,NN,rieger,33224,RIEGER,27
tg,rfd2.0,181954,182294,Generalin Rieger.,2,ist,VAFIN,sein,33224,,
tg,rfd2.0,181954,182294,Generalin Rieger.,2,mir,PPER,sich,33224,Generalin Rieger.,2
tg,rfd2.0,181954,182294,Generalin Rieger.,2,während,APPR,während,33224,,
tg,rfd2.0,181954,182294,Generalin Rieger.,2,der,ART,der,33224,,
tg,rfd2.0,181954,182294,Generalin Rieger.,2,ganzen,ADJA,ganz,33224,,
tg,rfd2.0,181954,182294,Generalin Rieger.,2,Tafelzeit,NN,tafelzeit,33224,,
tg,rfd2.0,181954,182294,Generalin Rieger.,2,sorgfältig,ADJD,sorgfältig,33224,,
tg,rfd2.0,181954,182294,Generalin Rieger.,2,ausgewichen,VVPP,ausgewich,33224,,
tg,rfd2.0,181954,182294,Generalin Rieger.,2,und,KON,und,33224,,
tg,rfd2.0,181954,182294,Generalin Rieger.,2,ist,VAFIN,sein,33224,,
tg,rfd2.0,181954,182294,Generalin Rieger.,2,–,PPER,–,33224,,
tg,rfd2.0,181954,182294,Generalin Rieger.,2,richtig,ADJD,richtig,33224,,
tg,rfd2.0,181954,182294,Generalin Rieger.,2,",","$,",--,33224,,
tg,rfd2.0,181954,182294,Generalin Rieger.,2,ich,PPER,ich,33224,Generalin Rieger.,2
tg,rfd2.0,181954,182294,Generalin Rieger.,2,hab's,VVFIN,hab,33224,,
tg,rfd2.0,181954,182294,Generalin Rieger.,2,mit,APPR,mit,33224,,
tg,rfd2.0,181954,182294,Generalin Rieger.,2,halbem,ADJA,halb,33224,,
tg,rfd2.0,181954,182294,Generalin Rieger.,2,Ohr,NN,ohr,33224,,
tg,rfd2.0,181954,182294,Generalin Rieger.,2,gehört,VVFIN,gehören,33224,,
tg,rfd2.0,181954,182294,Generalin Rieger.,2,–,ADJD,–,33224,,
tg,rfd2.0,181954,182294,Generalin Rieger.,2,hierher,PROAV,hierher,33224,,
tg,rfd2.0,181954,182294,Generalin Rieger.,2,nach,APPR,nach,33224,,
tg,rfd2.0,181954,182294,Generalin Rieger.,2,dem,ART,der,33224,,
tg,rfd2.0,181954,182294,Generalin Rieger.,2,gelben,ADJA,gelb,33224,,
tg,rfd2.0,181954,182294,Generalin Rieger.,2,Saale,NN,saale,33224,,
tg,rfd2.0,181954,182294,Generalin Rieger.,2,beordert,VVFIN,beordern,33224,,
tg,rfd2.0,181954,182294,Generalin Rieger.,2,–,NN,–,33224,,
tg,rfd2.0,181954,182294,Generalin Rieger.,2,und,KON,und,33224,,
tg,rfd2.0,181954,182294,Generalin Rieger.,2,Rieger,NN,rieger,33224,RIEGER,27
tg,rfd2.0,181954,182294,Generalin Rieger.,2,war,VAFIN,sein,33224,,
tg,rfd2.0,181954,182294,Generalin Rieger.,2,gestern,ADV,gestern,33224,,
tg,rfd2.0,181954,182294,Generalin Rieger.,2,abend,ADV,abend,33224,,
tg,rfd2.0,181954,182294,Generalin Rieger.,2,in,APPR,in,33224,,
tg,rfd2.0,181954,182294,Generalin Rieger.,2,Schillers,NE,schiller,33224,,
tg,rfd2.0,181954,182294,Generalin Rieger.,2,Quartier,NN,quartier,33224,,
tg,rfd2.0,181954,182294,Generalin Rieger.,2,kommandiert,VVPP,kommandieren,33224,,
tg,rfd2.0,181954,182294,Generalin Rieger.,2,",","$,",--,33224,,
tg,rfd2.0,181954,182294,Generalin Rieger.,2,um,KOUI,um,33224,,
tg,rfd2.0,181954,182294,Generalin Rieger.,2,alle,PIDAT,alle,33224,ALLE,30
tg,rfd2.0,181954,182294,Generalin Rieger.,2,dort,ADV,dort,33224,,
tg,rfd2.0,181954,182294,Generalin Rieger.,2,befindlichen,ADJA,befindlich,33224,,
tg,rfd2.0,181954,182294,Generalin Rieger.,2,Schriften,NN,schrift,33224,,
tg,rfd2.0,181954,182294,Generalin Rieger.,2,in,APPR,in,33224,,
tg,rfd2.0,181954,182294,Generalin Rieger.,2,Beschlag,NN,beschlag,33224,,
tg,rfd2.0,181954,182294,Generalin Rieger.,2,zu,PTKZU,zu,33224,,
tg,rfd2.0,181954,182294,Generalin Rieger.,2,nehmen,VVINF,nehmen,33224,,
tg,rfd2.0,181954,182294,Generalin Rieger.,2,.,$.,--,33224,,
tg,rfd2.0,182300,182320,KOCH,20,Kreuzelement,NN,kreuzelement,33224,,
tg,rfd2.0,182300,182320,KOCH,20,"!",$.,--,33224,,
tg,rfd2.0,182325,183357,SCHILLER,29,In,APPR,in,33224,,
tg,rfd2.0,182325,183357,SCHILLER,29,mein,PPOSAT,mein,33224,SCHILLER,29
tg,rfd2.0,182325,183357,SCHILLER,29,Quartier,NN,quartier,33224,,
tg,rfd2.0,182325,183357,SCHILLER,29,"!",$.,--,33224,,
tg,rfd2.0,182325,183357,SCHILLER,29,?,$.,--,33224,,
tg,rfd2.0,182325,183357,SCHILLER,29,So,ADV,so,33224,,
tg,rfd2.0,182325,183357,SCHILLER,29,ist,VAFIN,sein,33224,,
tg,rfd2.0,182325,183357,SCHILLER,29,denn,ADV,denn,33224,,
tg,rfd2.0,182325,183357,SCHILLER,29,die,ART,der,33224,,
tg,rfd2.0,182325,183357,SCHILLER,29,Tyrannei,NN,tyrannei,33224,,
tg,rfd2.0,182325,183357,SCHILLER,29,erfüllt,VVFIN,erfüllen,33224,,
tg,rfd2.0,182325,183357,SCHILLER,29,bis,APPR,bis,33224,,
tg,rfd2.0,182325,183357,SCHILLER,29,auf,APPR,auf,33224,,
tg,rfd2.0,182325,183357,SCHILLER,29,den,ART,der,33224,,
tg,rfd2.0,182325,183357,SCHILLER,29,letzten,ADJA,letzter,33224,,
tg,rfd2.0,182325,183357,SCHILLER,29,Buchstaben,NN,buchstabe,33224,,
tg,rfd2.0,182325,183357,SCHILLER,29,.,$.,--,33224,,
tg,rfd2.0,182325,183357,SCHILLER,29,Bis,APPR,bis,33224,,
tg,rfd2.0,182325,183357,SCHILLER,29,in,APPR,in,33224,,
tg,rfd2.0,182325,183357,SCHILLER,29,die,ART,der,33224,,
tg,rfd2.0,182325,183357,SCHILLER,29,Privatwohnung,NN,privatwohnung,33224,,
tg,rfd2.0,182325,183357,SCHILLER,29,dringt,VVFIN,dringen,33224,,
tg,rfd2.0,182325,183357,SCHILLER,29,die,ART,der,33224,,
tg,rfd2.0,182325,183357,SCHILLER,29,Zudringlichkeit,NN,zudringlichkeit,33224,,
tg,rfd2.0,182325,183357,SCHILLER,29,der,ART,der,33224,,
tg,rfd2.0,182325,183357,SCHILLER,29,Spionerie,NN,spionerie,33224,,
tg,rfd2.0,182325,183357,SCHILLER,29,",","$,",--,33224,,
tg,rfd2.0,182325,183357,SCHILLER,29,und,KON,und,33224,,
tg,rfd2.0,182325,183357,SCHILLER,29,sie,PPER,sie,33224,,
tg,rfd2.0,182325,183357,SCHILLER,29,wartet,VVFIN,warten,33224,,
tg,rfd2.0,182325,183357,SCHILLER,29,nicht,PTKNEG,nicht,33224,,
tg,rfd2.0,182325,183357,SCHILLER,29,mehr,ADV,mehr,33224,,
tg,rfd2.0,182325,183357,SCHILLER,29,ab,PTKVZ,ab,33224,,
tg,rfd2.0,182325,183357,SCHILLER,29,",","$,",--,33224,,
tg,rfd2.0,182325,183357,SCHILLER,29,daß,KOUS,daß,33224,,
tg,rfd2.0,182325,183357,SCHILLER,29,das,ART,der,33224,,
tg,rfd2.0,182325,183357,SCHILLER,29,Mißfällige,NN,mißfällige,33224,,
tg,rfd2.0,182325,183357,SCHILLER,29,auf,APPR,auf,33224,,
tg,rfd2.0,182325,183357,SCHILLER,29,dem,ART,der,33224,,
tg,rfd2.0,182325,183357,SCHILLER,29,Markte,NN,markt,33224,,
tg,rfd2.0,182325,183357,SCHILLER,29,erscheine,VVFIN,erscheinen,33224,,
tg,rfd2.0,182325,183357,SCHILLER,29,",","$,",--,33224,,
tg,rfd2.0,182325,183357,SCHILLER,29,sie,PPER,sie,33224,,
tg,rfd2.0,182325,183357,SCHILLER,29,schleppt,VVFIN,schleppen,33224,,
tg,rfd2.0,182325,183357,SCHILLER,29,es,PPER,es,33224,,
tg,rfd2.0,182325,183357,SCHILLER,29,selbst,ADV,selbst,33224,,
tg,rfd2.0,182325,183357,SCHILLER,29,aus,APPR,aus,33224,,
tg,rfd2.0,182325,183357,SCHILLER,29,den,ART,der,33224,,
tg,rfd2.0,182325,183357,SCHILLER,29,Markt,NN,markt,33224,,
tg,rfd2.0,182325,183357,SCHILLER,29,",","$,",--,33224,,
tg,rfd2.0,182325,183357,SCHILLER,29,um,KOUI,um,33224,,
tg,rfd2.0,182325,183357,SCHILLER,29,es,PPER,es,33224,,
tg,rfd2.0,182325,183357,SCHILLER,29,strafen,VVINF,strafen,33224,,
tg,rfd2.0,182325,183357,SCHILLER,29,zu,PTKZU,zu,33224,,
tg,rfd2.0,182325,183357,SCHILLER,29,können,VMINF,können,33224,,
tg,rfd2.0,182325,183357,SCHILLER,29,.,$.,--,33224,,
tg,rfd2.0,182325,183357,SCHILLER,29,Himmel,NN,himmel,33224,,
tg,rfd2.0,182325,183357,SCHILLER,29,und,KON,und,33224,,
tg,rfd2.0,182325,183357,SCHILLER,29,Erde,NN,erde,33224,,
tg,rfd2.0,182325,183357,SCHILLER,29,",","$,",--,33224,,
tg,rfd2.0,182325,183357,SCHILLER,29,das,ART,der,33224,,
tg,rfd2.0,182325,183357,SCHILLER,29,Tier,NN,tier,33224,,
tg,rfd2.0,182325,183357,SCHILLER,29,des,ART,der,33224,,
tg,rfd2.0,182325,183357,SCHILLER,29,Waldes,NN,wald,33224,,
tg,rfd2.0,182325,183357,SCHILLER,29,hat,VAFIN,haben,33224,,
tg,rfd2.0,182325,183357,SCHILLER,29,seine,PPOSAT,sein,33224,,
tg,rfd2.0,182325,183357,SCHILLER,29,Höhle,NN,höhle,33224,,
tg,rfd2.0,182325,183357,SCHILLER,29,",","$,",--,33224,,
tg,rfd2.0,182325,183357,SCHILLER,29,wohin,PWAV,wohin,33224,,
tg,rfd2.0,182325,183357,SCHILLER,29,ihm,PPER,ihm,33224,,
tg,rfd2.0,182325,183357,SCHILLER,29,die,ART,der,33224,,
tg,rfd2.0,182325,183357,SCHILLER,29,Zudringlichkeit,NN,zudringlichkeit,33224,,
tg,rfd2.0,182325,183357,SCHILLER,29,seiner,PPOSAT,sein,33224,,
tg,rfd2.0,182325,183357,SCHILLER,29,Feinde,NN,feind,33224,,
tg,rfd2.0,182325,183357,SCHILLER,29,nicht,PTKNEG,nicht,33224,,
tg,rfd2.0,182325,183357,SCHILLER,29,folgen,VVINF,folgen,33224,,
tg,rfd2.0,182325,183357,SCHILLER,29,kann,VMFIN,können,33224,,
tg,rfd2.0,182325,183357,SCHILLER,29,",","$,",--,33224,,
tg,rfd2.0,182325,183357,SCHILLER,29,nur,ADV,nur,33224,,
tg,rfd2.0,182325,183357,SCHILLER,29,der,ART,der,33224,,
tg,rfd2.0,182325,183357,SCHILLER,29,Mensch,NN,mensch,33224,,
tg,rfd2.0,182325,183357,SCHILLER,29,hat,VAFIN,haben,33224,,
tg,rfd2.0,182325,183357,SCHILLER,29,keinen,PIAT,kein,33224,,
tg,rfd2.0,182325,183357,SCHILLER,29,Schlupfwinkel,NN,schlupfwinkel,33224,,
tg,rfd2.0,182325,183357,SCHILLER,29,mehr,ADV,mehr,33224,,
tg,rfd2.0,182325,183357,SCHILLER,29,vor,APPR,vor,33224,,
tg,rfd2.0,182325,183357,SCHILLER,29,den,ART,der,33224,,
tg,rfd2.0,182325,183357,SCHILLER,29,schmutzigen,ADJA,schmutzig,33224,,
tg,rfd2.0,182325,183357,SCHILLER,29,Tatzen,NN,tatze,33224,,
tg,rfd2.0,182325,183357,SCHILLER,29,der,ART,der,33224,,
tg,rfd2.0,182325,183357,SCHILLER,29,menschlichen,ADJA,menschlich,33224,,
tg,rfd2.0,182325,183357,SCHILLER,29,Jagdherren,NN,jagdherr,33224,,
tg,rfd2.0,182325,183357,SCHILLER,29,.,$.,--,33224,,
tg,rfd2.0,182325,183357,SCHILLER,29,Holla,NE,holla,33224,,
tg,rfd2.0,182325,183357,SCHILLER,29,auf,APPR,auf,33224,,
tg,rfd2.0,182325,183357,SCHILLER,29,Nach,APPR,nach,33224,,
tg,rfd2.0,182325,183357,SCHILLER,29,hin,ADV,hin,33224,,
tg,rfd2.0,182325,183357,SCHILLER,29,ten,VVFIN,--,33224,,
tg,rfd2.0,182325,183357,SCHILLER,29,.,$.,--,33224,,
tg,rfd2.0,182325,183357,SCHILLER,29,ihr,PPOSAT,ihr,33224,,
tg,rfd2.0,182325,183357,SCHILLER,29,trägen,ADJA,trägen,33224,,
tg,rfd2.0,182325,183357,SCHILLER,29,Schläfer,NN,schläfer,33224,,
tg,rfd2.0,182325,183357,SCHILLER,29,–,XY,–,33224,,
tg,rfd2.0,182325,183357,SCHILLER,29,wer,PWS,wer,33224,,
tg,rfd2.0,182325,183357,SCHILLER,29,hat,VAFIN,haben,33224,,
tg,rfd2.0,182325,183357,SCHILLER,29,euch,PRF,euch,33224,,
tg,rfd2.0,182325,183357,SCHILLER,29,zu,PTKZU,zu,33224,,
tg,rfd2.0,182325,183357,SCHILLER,29,schlafen,VVINF,schlafen,33224,,
tg,rfd2.0,182325,183357,SCHILLER,29,erlaubt,VVFIN,erlauben,33224,,
tg,rfd2.0,182325,183357,SCHILLER,29,?,$.,--,33224,,
tg,rfd2.0,182325,183357,SCHILLER,29,Die,ART,der,33224,,
tg,rfd2.0,182325,183357,SCHILLER,29,Natur,NN,natur,33224,,
tg,rfd2.0,182325,183357,SCHILLER,29,?,$.,--,33224,,
tg,rfd2.0,182325,183357,SCHILLER,29,Diese,PDAT,dieser,33224,,
tg,rfd2.0,182325,183357,SCHILLER,29,lumpige,ADJA,lumpig,33224,,
tg,rfd2.0,182325,183357,SCHILLER,29,Natur,NN,natur,33224,,
tg,rfd2.0,182325,183357,SCHILLER,29,ist,VAFIN,sein,33224,,
tg,rfd2.0,182325,183357,SCHILLER,29,ein,ART,ein,33224,,
tg,rfd2.0,182325,183357,SCHILLER,29,Kinderspiel,NN,kinderspiel,33224,,
tg,rfd2.0,182325,183357,SCHILLER,29,.,$.,--,33224,,
tg,rfd2.0,182325,183357,SCHILLER,29,Euer,NE,euer,33224,,
tg,rfd2.0,182325,183357,SCHILLER,29,wirklicher,ADJA,wirklich,33224,,
tg,rfd2.0,182325,183357,SCHILLER,29,Herr,NN,herr,33224,,
tg,rfd2.0,182325,183357,SCHILLER,29,befiehlt,VVFIN,befehlen,33224,,
tg,rfd2.0,182325,183357,SCHILLER,29,euch,PPER,euch,33224,,
tg,rfd2.0,182325,183357,SCHILLER,29,",","$,",--,33224,,
tg,rfd2.0,182325,183357,SCHILLER,29,Komödie,NN,komödie,33224,,
tg,rfd2.0,182325,183357,SCHILLER,29,zu,PTKZU,zu,33224,,
tg,rfd2.0,182325,183357,SCHILLER,29,spielen,VVINF,spielen,33224,,
tg,rfd2.0,182325,183357,SCHILLER,29,"!",$.,--,33224,,
tg,rfd2.0,182325,183357,SCHILLER,29,Er,PPER,er,33224,,
tg,rfd2.0,182325,183357,SCHILLER,29,hat,VAFIN,haben,33224,,
tg,rfd2.0,182325,183357,SCHILLER,29,fünf,CARD,fünf,33224,,
tg,rfd2.0,182325,183357,SCHILLER,29,Stunden,NN,stunde,33224,,
tg,rfd2.0,182325,183357,SCHILLER,29,gespeist,VVPP,speisen,33224,,
tg,rfd2.0,182325,183357,SCHILLER,29,und,KON,und,33224,,
tg,rfd2.0,182325,183357,SCHILLER,29,getrunken,ADJA,trinken,33224,,
tg,rfd2.0,182325,183357,SCHILLER,29,und,KON,und,33224,,
tg,rfd2.0,182325,183357,SCHILLER,29,geschwatzt,VVPP,schwatzen,33224,,
tg,rfd2.0,182325,183357,SCHILLER,29,",","$,",--,33224,,
tg,rfd2.0,182325,183357,SCHILLER,29,jetzt,ADV,jetzt,33224,,
tg,rfd2.0,182325,183357,SCHILLER,29,will,VMFIN,wollen,33224,,
tg,rfd2.0,182325,183357,SCHILLER,29,er,PPER,er,33224,,
tg,rfd2.0,182325,183357,SCHILLER,29,verdauen,VVINF,verdauen,33224,,
tg,rfd2.0,182325,183357,SCHILLER,29,und,KON,und,33224,,
tg,rfd2.0,182325,183357,SCHILLER,29,den,ART,der,33224,,
tg,rfd2.0,182325,183357,SCHILLER,29,Schlaf,NN,schlaf,33224,,
tg,rfd2.0,182325,183357,SCHILLER,29,herbeilocken,VVFIN,herbeilocken,33224,,
tg,rfd2.0,182325,183357,SCHILLER,29,",","$,",--,33224,,
tg,rfd2.0,182325,183357,SCHILLER,29,und,KON,und,33224,,
tg,rfd2.0,182325,183357,SCHILLER,29,dafür,PROAV,dafür,33224,,
tg,rfd2.0,182325,183357,SCHILLER,29,ist,VAFIN,sein,33224,,
tg,rfd2.0,182325,183357,SCHILLER,29,die,ART,der,33224,,
tg,rfd2.0,182325,183357,SCHILLER,29,Dichtung,NN,dichtung,33224,,
tg,rfd2.0,182325,183357,SCHILLER,29,brauchbar,ADJD,brauchbar,33224,,
tg,rfd2.0,182325,183357,SCHILLER,29,",","$,",--,33224,,
tg,rfd2.0,182325,183357,SCHILLER,29,wenn,KOUS,wenn,33224,,
tg,rfd2.0,182325,183357,SCHILLER,29,sie,PPER,sie,33224,,
tg,rfd2.0,182325,183357,SCHILLER,29,einmal,ADV,einmal,33224,,
tg,rfd2.0,182325,183357,SCHILLER,29,vorhanden,ADJD,vorhanden,33224,,
tg,rfd2.0,182325,183357,SCHILLER,29,ist,VAFIN,sein,33224,,
tg,rfd2.0,182325,183357,SCHILLER,29,",","$,",--,33224,,
tg,rfd2.0,182325,183357,SCHILLER,29,und,KON,und,33224,,
tg,rfd2.0,182325,183357,SCHILLER,29,ihr,PPOSAT,ihr,33224,,
tg,rfd2.0,182325,183357,SCHILLER,29,",","$,",--,33224,,
tg,rfd2.0,182325,183357,SCHILLER,29,junge,ADJA,jung,33224,,
tg,rfd2.0,182325,183357,SCHILLER,29,Brut,NN,--,33224,,
tg,rfd2.0,182325,183357,SCHILLER,29,",","$,",--,33224,,
tg,rfd2.0,182325,183357,SCHILLER,29,sollt,VVFIN,sollen,33224,,
tg,rfd2.0,182325,183357,SCHILLER,29,sie,PPER,sie,33224,,
tg,rfd2.0,182325,183357,SCHILLER,29,vor,APPR,vor,33224,,
tg,rfd2.0,182325,183357,SCHILLER,29,ihm,PPER,ihm,33224,,
tg,rfd2.0,182325,183357,SCHILLER,29,herunterleiern,VVFIN,herunterleiern,33224,,
tg,rfd2.0,182325,183357,SCHILLER,29,zwischen,APPR,zwischen,33224,,
tg,rfd2.0,182325,183357,SCHILLER,29,Schlafen,NN,schlafe,33224,,
tg,rfd2.0,182325,183357,SCHILLER,29,und,KON,und,33224,,
tg,rfd2.0,182325,183357,SCHILLER,29,Wachen,NN,wache,33224,,
tg,rfd2.0,182325,183357,SCHILLER,29,–,XY,–,33224,,
tg,rfd2.0,182325,183357,SCHILLER,29,So,ADV,so,33224,,
tg,rfd2.0,182325,183357,SCHILLER,29,wird,VAFIN,werden,33224,,
tg,rfd2.0,182325,183357,SCHILLER,29,der,ART,der,33224,,
tg,rfd2.0,182325,183357,SCHILLER,29,Dichter,NN,dichter,33224,,
tg,rfd2.0,182325,183357,SCHILLER,29,belohnt,VVFIN,belohnen,33224,,
tg,rfd2.0,182325,183357,SCHILLER,29,",","$,",--,33224,,
tg,rfd2.0,182325,183357,SCHILLER,29,wenn,KOUS,wenn,33224,,
tg,rfd2.0,182325,183357,SCHILLER,29,er,PPER,er,33224,,
tg,rfd2.0,182325,183357,SCHILLER,29,nicht,PTKNEG,nicht,33224,,
tg,rfd2.0,182325,183357,SCHILLER,29,gestraft,VVPP,strafen,33224,,
tg,rfd2.0,182325,183357,SCHILLER,29,wird,VAFIN,werden,33224,,
tg,rfd2.0,182325,183357,SCHILLER,29,"!",$.,--,33224,,
tg,rfd2.0,182325,183357,SCHILLER,29,"!",$.,--,33224,,
tg,rfd2.0,183364,183419,Generalin Rieger.,2,Schiller,NE,schiller,33224,SCHILLER,29
tg,rfd2.0,183364,183419,Generalin Rieger.,2,",","$,",--,33224,,
tg,rfd2.0,183364,183419,Generalin Rieger.,2,Schiller,NE,schiller,33224,SCHILLER,29
tg,rfd2.0,183364,183419,Generalin Rieger.,2,",","$,",--,33224,,
tg,rfd2.0,183364,183419,Generalin Rieger.,2,sei,VAFIN,sein,33224,,
tg,rfd2.0,183364,183419,Generalin Rieger.,2,Er,PPER,er,33224,,
tg,rfd2.0,183364,183419,Generalin Rieger.,2,doch,ADV,doch,33224,,
tg,rfd2.0,183364,183419,Generalin Rieger.,2,vernünftig,ADJD,vernünftig,33224,,
tg,rfd2.0,183364,183419,Generalin Rieger.,2,"!",$.,--,33224,,
tg,rfd2.0,183424,183498,KOCH,20,Schrei,NN,schrei,33224,,
tg,rfd2.0,183424,183498,KOCH,20,wenigstens,ADV,wenigstens,33224,,
tg,rfd2.0,183424,183498,KOCH,20,nicht,PTKNEG,nicht,33224,,
tg,rfd2.0,183424,183498,KOCH,20,so,ADV,so,33224,,
tg,rfd2.0,183424,183498,KOCH,20,",","$,",--,33224,,
tg,rfd2.0,183424,183498,KOCH,20,wenn,KOUS,wenn,33224,,
tg,rfd2.0,183424,183498,KOCH,20,du,PPER,du,33224,,
tg,rfd2.0,183424,183498,KOCH,20,noch,ADV,noch,33224,,
tg,rfd2.0,183424,183498,KOCH,20,auf,APPR,auf,33224,,
tg,rfd2.0,183424,183498,KOCH,20,Rettung,NN,rettung,33224,,
tg,rfd2.0,183424,183498,KOCH,20,hoffen,VVFIN,hoffen,33224,,
tg,rfd2.0,183424,183498,KOCH,20,willst,VMFIN,wollen,33224,,
tg,rfd2.0,183424,183498,KOCH,20,.,$.,--,33224,,
tg,rfd2.0,183503,183576,Generalin Rieger.,2,Der,ART,der,33224,,
tg,rfd2.0,183503,183576,Generalin Rieger.,2,Hof,NN,hof,33224,,
tg,rfd2.0,183503,183576,Generalin Rieger.,2,kann,VMFIN,können,33224,,
tg,rfd2.0,183503,183576,Generalin Rieger.,2,jeden,PIDAT,jeder,33224,,
tg,rfd2.0,183503,183576,Generalin Rieger.,2,Augenblick,NN,augenblick,33224,,
tg,rfd2.0,183503,183576,Generalin Rieger.,2,eintreffen,VVINF,eintreffen,33224,,
tg,rfd2.0,183503,183576,Generalin Rieger.,2,–,XY,–,33224,,
tg,rfd2.0,183503,183576,Generalin Rieger.,2,da,ADV,da,33224,,
tg,rfd2.0,183503,183576,Generalin Rieger.,2,kommt,VVFIN,kommen,33224,,
tg,rfd2.0,183503,183576,Generalin Rieger.,2,der,ART,der,33224,,
tg,rfd2.0,183503,183576,Generalin Rieger.,2,Bube,NN,bube,33224,,
tg,rfd2.0,183503,183576,Generalin Rieger.,2,.,$.,--,33224,,
tg,rfd2.0,183684,183704,SCHARPSTEIN,16,Nette,NE,nette,33224,NETTE,15
tg,rfd2.0,183684,183704,SCHARPSTEIN,16,"!",$.,--,33224,,
tg,rfd2.0,183709,183737,"Peters, genannt Schufterle, , Karlsschüler.",12,Nette,NE,nette,33224,NETTE,15
tg,rfd2.0,183709,183737,"Peters, genannt Schufterle, , Karlsschüler.",12,mit,APPR,mit,33224,,
tg,rfd2.0,183709,183737,"Peters, genannt Schufterle, , Karlsschüler.",12,Proviant,NN,proviant,33224,,
tg,rfd2.0,183709,183737,"Peters, genannt Schufterle, , Karlsschüler.",12,"!",$.,--,33224,,
tg,rfd2.0,183742,183770,"Pfeiffer, genannt Roller,",11,Englischer,ADJA,englisch,33224,,
tg,rfd2.0,183742,183770,"Pfeiffer, genannt Roller,",11,Stift,NN,stift,33224,,
tg,rfd2.0,183742,183770,"Pfeiffer, genannt Roller,",11,"!",$.,--,33224,,
tg,rfd2.0,183775,183799,HOVER,17,Nette,NE,nette,33224,NETTE,15
tg,rfd2.0,183775,183799,HOVER,17,",","$,",--,33224,,
tg,rfd2.0,183775,183799,HOVER,17,du,PPER,du,33224,,
tg,rfd2.0,183775,183799,HOVER,17,Engel,NN,engel,33224,,
tg,rfd2.0,183775,183799,HOVER,17,"!",$.,--,33224,,
tg,rfd2.0,183804,184128,Generalin Rieger.,2,Hier,ADV,hier,33224,,
tg,rfd2.0,183804,184128,Generalin Rieger.,2,nicht,PTKNEG,nicht,33224,,
tg,rfd2.0,183804,184128,Generalin Rieger.,2,"!",$.,--,33224,,
tg,rfd2.0,183804,184128,Generalin Rieger.,2,Hier,ADV,hier,33224,,
tg,rfd2.0,183804,184128,Generalin Rieger.,2,nicht,PTKNEG,nicht,33224,,
tg,rfd2.0,183804,184128,Generalin Rieger.,2,"!",$.,--,33224,,
tg,rfd2.0,183804,184128,Generalin Rieger.,2,Tragt's,NE,tragt's,33224,,
tg,rfd2.0,183804,184128,Generalin Rieger.,2,euch,PRF,euch,33224,,
tg,rfd2.0,183804,184128,Generalin Rieger.,2,in,APPR,in,33224,,
tg,rfd2.0,183804,184128,Generalin Rieger.,2,die,ART,der,33224,,
tg,rfd2.0,183804,184128,Generalin Rieger.,2,Garderobe,NN,garderobe,33224,,
tg,rfd2.0,183804,184128,Generalin Rieger.,2,hinauf,ADV,hinauf,33224,,
tg,rfd2.0,183804,184128,Generalin Rieger.,2,"!",$.,--,33224,,
tg,rfd2.0,183804,184128,Generalin Rieger.,2,Ist,VAFIN,sein,33224,,
tg,rfd2.0,183804,184128,Generalin Rieger.,2,ihnen,PPER,ihnen,33224,,
tg,rfd2.0,183804,184128,Generalin Rieger.,2,behilflich,ADJD,behilflich,33224,,
tg,rfd2.0,183804,184128,Generalin Rieger.,2,",","$,",--,33224,,
tg,rfd2.0,183804,184128,Generalin Rieger.,2,es,PPER,es,33224,,
tg,rfd2.0,183804,184128,Generalin Rieger.,2,rasch,ADJD,rasch,33224,,
tg,rfd2.0,183804,184128,Generalin Rieger.,2,Nette,ADJA,nette,33224,NETTE,15
tg,rfd2.0,183804,184128,Generalin Rieger.,2,abzunehmen,VVIZU,abnehmen,33224,,
tg,rfd2.0,183804,184128,Generalin Rieger.,2,und,KON,und,33224,,
tg,rfd2.0,183804,184128,Generalin Rieger.,2,begleitet,VVFIN,begleiten,33224,,
tg,rfd2.0,183804,184128,Generalin Rieger.,2,die,ART,der,33224,,
tg,rfd2.0,183804,184128,Generalin Rieger.,2,Prozession,NN,prozession,33224,,
tg,rfd2.0,183804,184128,Generalin Rieger.,2,bis,APPR,bis,33224,,
tg,rfd2.0,183804,184128,Generalin Rieger.,2,an,APPR,an,33224,,
tg,rfd2.0,183804,184128,Generalin Rieger.,2,die,ART,der,33224,,
tg,rfd2.0,183804,184128,Generalin Rieger.,2,Treppe,NN,treppe,33224,,
tg,rfd2.0,183804,184128,Generalin Rieger.,2,.,$.,--,33224,,
tg,rfd2.0,183804,184128,Generalin Rieger.,2,Oben,NN,oben,33224,,
tg,rfd2.0,183804,184128,Generalin Rieger.,2,rechts,ADV,rechts,33224,,
tg,rfd2.0,183804,184128,Generalin Rieger.,2,in,APPR,in,33224,,
tg,rfd2.0,183804,184128,Generalin Rieger.,2,der,ART,der,33224,,
tg,rfd2.0,183804,184128,Generalin Rieger.,2,Tür,NN,tür,33224,,
tg,rfd2.0,183804,184128,Generalin Rieger.,2,verschwinden,VVFIN,verschwinden,33224,,
tg,rfd2.0,183804,184128,Generalin Rieger.,2,die,ART,der,33224,,
tg,rfd2.0,183804,184128,Generalin Rieger.,2,Schüler,NN,schüler,33224,,
tg,rfd2.0,183804,184128,Generalin Rieger.,2,damit,PROAV,damit,33224,,
tg,rfd2.0,183804,184128,Generalin Rieger.,2,.,$.,--,33224,,
tg,rfd2.0,183804,184128,Generalin Rieger.,2,Unterdes,NE,unterdes,33224,,
tg,rfd2.0,183804,184128,Generalin Rieger.,2,nimmt,VVFIN,nehmen,33224,,
tg,rfd2.0,183804,184128,Generalin Rieger.,2,Koch,NE,koch,33224,KOCH,20
tg,rfd2.0,183804,184128,Generalin Rieger.,2,den,ART,der,33224,,
tg,rfd2.0,183804,184128,Generalin Rieger.,2,Nette,NN,nette,33224,NETTE,15
tg,rfd2.0,183804,184128,Generalin Rieger.,2,und,KON,und,33224,,
tg,rfd2.0,183804,184128,Generalin Rieger.,2,führt,VVFIN,führen,33224,,
tg,rfd2.0,183804,184128,Generalin Rieger.,2,ihn,PPER,ihn,33224,,
tg,rfd2.0,183804,184128,Generalin Rieger.,2,zu,PTKZU,zu,33224,,
tg,rfd2.0,183804,184128,Generalin Rieger.,2,Schiller,NE,schiller,33224,SCHILLER,29
tg,rfd2.0,183804,184128,Generalin Rieger.,2,",","$,",--,33224,,
tg,rfd2.0,183804,184128,Generalin Rieger.,2,der,PRELS,der,33224,,
tg,rfd2.0,183804,184128,Generalin Rieger.,2,sich,PRF,sich,33224,,
tg,rfd2.0,183804,184128,Generalin Rieger.,2,rechts,ADV,rechts,33224,,
tg,rfd2.0,183804,184128,Generalin Rieger.,2,auf,APPR,auf,33224,,
tg,rfd2.0,183804,184128,Generalin Rieger.,2,die,ART,der,33224,,
tg,rfd2.0,183804,184128,Generalin Rieger.,2,Stuhllehne,NN,stuhllehne,33224,,
tg,rfd2.0,183804,184128,Generalin Rieger.,2,stützt,VVFIN,stützen,33224,,
tg,rfd2.0,183804,184128,Generalin Rieger.,2,.,$.,--,33224,,
tg,rfd2.0,184134,184260,KOCH,20,Hier,ADV,hier,33224,,
tg,rfd2.0,184134,184260,KOCH,20,ist,VAFIN,sein,33224,,
tg,rfd2.0,184134,184260,KOCH,20,der,ART,der,33224,,
tg,rfd2.0,184134,184260,KOCH,20,Stift,NN,stift,33224,,
tg,rfd2.0,184134,184260,KOCH,20,"!",$.,--,33224,,
tg,rfd2.0,184134,184260,KOCH,20,Was,PWS,was,33224,,
tg,rfd2.0,184134,184260,KOCH,20,beschließest,VVFIN,beschließest,33224,,
tg,rfd2.0,184134,184260,KOCH,20,du,PPER,du,33224,,
tg,rfd2.0,184134,184260,KOCH,20,für,APPR,für,33224,,
tg,rfd2.0,184134,184260,KOCH,20,Streicher,NN,streicher,33224,,
tg,rfd2.0,184134,184260,KOCH,20,?,$.,--,33224,,
tg,rfd2.0,184265,184289,SCHILLER,29,Ich,PPER,ich,33224,,
tg,rfd2.0,184265,184289,SCHILLER,29,muß,VMFIN,müssen,33224,,
tg,rfd2.0,184265,184289,SCHILLER,29,fort,PTKVZ,fort,33224,,
tg,rfd2.0,184265,184289,SCHILLER,29,.,$.,--,33224,,
tg,rfd2.0,184294,184556,KOCH,20,Sobald,KOUS,sobald,33224,,
tg,rfd2.0,184294,184556,KOCH,20,als,APPR,als,33224,,
tg,rfd2.0,184294,184556,KOCH,20,möglich,ADJD,möglich,33224,,
tg,rfd2.0,184294,184556,KOCH,20,",","$,",--,33224,,
tg,rfd2.0,184294,184556,KOCH,20,und,KON,und,33224,,
tg,rfd2.0,184294,184556,KOCH,20,solange,ADV,solange,33224,,
tg,rfd2.0,184294,184556,KOCH,20,du,PPER,du,33224,,
tg,rfd2.0,184294,184556,KOCH,20,noch,ADV,noch,33224,,
tg,rfd2.0,184294,184556,KOCH,20,innerhalb,APPR,innerhalb,33224,,
tg,rfd2.0,184294,184556,KOCH,20,des,ART,der,33224,,
tg,rfd2.0,184294,184556,KOCH,20,Schlosses,NN,schloß,33224,,
tg,rfd2.0,184294,184556,KOCH,20,",","$,",--,33224,,
tg,rfd2.0,184294,184556,KOCH,20,wenn,KOUS,wenn,33224,,
tg,rfd2.0,184294,184556,KOCH,20,auch,ADV,auch,33224,,
tg,rfd2.0,184294,184556,KOCH,20,ohne,APPR,ohne,33224,,
tg,rfd2.0,184294,184556,KOCH,20,Degen,NN,degen,33224,,
tg,rfd2.0,184294,184556,KOCH,20,–,XY,–,33224,,
tg,rfd2.0,184294,184556,KOCH,20,frei,ADJD,frei,33224,,
tg,rfd2.0,184294,184556,KOCH,20,herumgehen,VVIZU,herumgehen,33224,,
tg,rfd2.0,184294,184556,KOCH,20,darfst,VVFIN,darfst,33224,,
tg,rfd2.0,184294,184556,KOCH,20,;,$.,--,33224,,
tg,rfd2.0,184294,184556,KOCH,20,–,XY,–,33224,,
tg,rfd2.0,184294,184556,KOCH,20,hat,VAFIN,haben,33224,,
tg,rfd2.0,184294,184556,KOCH,20,der,ART,der,33224,,
tg,rfd2.0,184294,184556,KOCH,20,Herzog,NE,herzog,33224,,
tg,rfd2.0,184294,184556,KOCH,20,einmal,ADV,einmal,33224,,
tg,rfd2.0,184294,184556,KOCH,20,die,ART,der,33224,,
tg,rfd2.0,184294,184556,KOCH,20,Räuber,NN,räuber,33224,,
tg,rfd2.0,184294,184556,KOCH,20,in,APPR,in,33224,,
tg,rfd2.0,184294,184556,KOCH,20,Händen,NN,hand,33224,,
tg,rfd2.0,184294,184556,KOCH,20,",","$,",--,33224,,
tg,rfd2.0,184294,184556,KOCH,20,dann,ADV,dann,33224,,
tg,rfd2.0,184294,184556,KOCH,20,ist's,ADV,ist's,33224,,
tg,rfd2.0,184294,184556,KOCH,20,vorbei,ADV,vorbei,33224,,
tg,rfd2.0,184294,184556,KOCH,20,mit,APPR,mit,33224,,
tg,rfd2.0,184294,184556,KOCH,20,halber,ADJA,halb,33224,,
tg,rfd2.0,184294,184556,KOCH,20,Gefangenschaft,NN,gefangenschaft,33224,,
tg,rfd2.0,184294,184556,KOCH,20,",","$,",--,33224,,
tg,rfd2.0,184294,184556,KOCH,20,es,PPER,es,33224,,
tg,rfd2.0,184294,184556,KOCH,20,wird,VAFIN,werden,33224,,
tg,rfd2.0,184294,184556,KOCH,20,eine,ART,ein,33224,,
tg,rfd2.0,184294,184556,KOCH,20,ganze,ADJA,ganz,33224,,
tg,rfd2.0,184294,184556,KOCH,20,und,KON,und,33224,,
tg,rfd2.0,184294,184556,KOCH,20,die,ART,der,33224,,
tg,rfd2.0,184294,184556,KOCH,20,Flucht,NN,flucht,33224,,
tg,rfd2.0,184294,184556,KOCH,20,doppelt,ADJD,doppelt,33224,,
tg,rfd2.0,184294,184556,KOCH,20,erschwert,VVFIN,erschweren,33224,,
tg,rfd2.0,184294,184556,KOCH,20,.,$.,--,33224,,
tg,rfd2.0,184561,184606,SCHILLER,29,So,ADV,so,33224,,
tg,rfd2.0,184561,184606,SCHILLER,29,ist's,ADJD,ist's,33224,,
tg,rfd2.0,184561,184606,SCHILLER,29,.,$.,--,33224,,
tg,rfd2.0,184561,184606,SCHILLER,29,Also,ADV,also,33224,,
tg,rfd2.0,184561,184606,SCHILLER,29,heute,ADV,heute,33224,,
tg,rfd2.0,184561,184606,SCHILLER,29,noch,ADV,noch,33224,,
tg,rfd2.0,184561,184606,SCHILLER,29,hinweg,APZR,hinweg,33224,,
tg,rfd2.0,184561,184606,SCHILLER,29,–,XY,–,33224,,
tg,rfd2.0,184611,184632,KOCH,20,Nach,APPR,nach,33224,,
tg,rfd2.0,184611,184632,KOCH,20,Mannheim,NE,mannheim,33224,,
tg,rfd2.0,184611,184632,KOCH,20,?,$.,--,33224,,
tg,rfd2.0,184637,184660,SCHILLER,29,Wohin,PWAV,wohin,33224,,
tg,rfd2.0,184637,184660,SCHILLER,29,sonst,ADV,sonst,33224,,
tg,rfd2.0,184637,184660,SCHILLER,29,?,$.,--,33224,,
tg,rfd2.0,184665,184721,KOCH,20,Streicher,NN,streicher,33224,,
tg,rfd2.0,184665,184721,KOCH,20,soll,VMFIN,sollen,33224,,
tg,rfd2.0,184665,184721,KOCH,20,einen,ART,ein,33224,,
tg,rfd2.0,184665,184721,KOCH,20,Wagen,NN,wagen,33224,,
tg,rfd2.0,184665,184721,KOCH,20,mieten,VVINF,mieten,33224,,
tg,rfd2.0,184665,184721,KOCH,20,–,ITJ,–,33224,,
tg,rfd2.0,184665,184721,KOCH,20,hast,VAFIN,haben,33224,,
tg,rfd2.0,184665,184721,KOCH,20,du,PPER,du,33224,,
tg,rfd2.0,184665,184721,KOCH,20,Geld,NN,geld,33224,,
tg,rfd2.0,184665,184721,KOCH,20,?,$.,--,33224,,
tg,rfd2.0,184726,184819,SCHILLER,29,Nein,PTKANT,nein,33224,,
tg,rfd2.0,184726,184819,SCHILLER,29,–,XY,–,33224,,
tg,rfd2.0,184726,184819,SCHILLER,29,Streicher,NN,streicher,33224,,
tg,rfd2.0,184726,184819,SCHILLER,29,hat,VAFIN,haben,33224,,
tg,rfd2.0,184726,184819,SCHILLER,29,etwas,PIS,etwas,33224,,
tg,rfd2.0,184726,184819,SCHILLER,29,.,$.,--,33224,,
tg,rfd2.0,184726,184819,SCHILLER,29,Das,PDS,der,33224,,
tg,rfd2.0,184726,184819,SCHILLER,29,reicht,VVFIN,reichen,33224,,
tg,rfd2.0,184726,184819,SCHILLER,29,bis,APPR,bis,33224,,
tg,rfd2.0,184726,184819,SCHILLER,29,Mannheim,NE,mannheim,33224,,
tg,rfd2.0,184726,184819,SCHILLER,29,",","$,",--,33224,,
tg,rfd2.0,184726,184819,SCHILLER,29,dort,ADV,dort,33224,,
tg,rfd2.0,184726,184819,SCHILLER,29,verkauf,ADV,verkauf,33224,,
tg,rfd2.0,184726,184819,SCHILLER,29,',$[,--,33224,,
tg,rfd2.0,184726,184819,SCHILLER,29,ich,PPER,ich,33224,SCHILLER,29
tg,rfd2.0,184726,184819,SCHILLER,29,den,ART,der,33224,,
tg,rfd2.0,184726,184819,SCHILLER,29,Fiesko,NN,fiesko,33224,,
tg,rfd2.0,184726,184819,SCHILLER,29,.,$.,--,33224,,
tg,rfd2.0,184824,184948,KOCH,20,Hat,VAFIN,haben,33224,,
tg,rfd2.0,184824,184948,KOCH,20,Streicher,NN,streicher,33224,,
tg,rfd2.0,184824,184948,KOCH,20,ein,ART,ein,33224,,
tg,rfd2.0,184824,184948,KOCH,20,Stichwort,NN,stichwort,33224,,
tg,rfd2.0,184824,184948,KOCH,20,für,APPR,für,33224,,
tg,rfd2.0,184824,184948,KOCH,20,solchen,PIDAT,solcher,33224,,
tg,rfd2.0,184824,184948,KOCH,20,Fall,NN,fall,33224,,
tg,rfd2.0,184824,184948,KOCH,20,",","$,",--,33224,,
tg,rfd2.0,184824,184948,KOCH,20,damit,KOUS,damit,33224,,
tg,rfd2.0,184824,184948,KOCH,20,wir,PPER,wir,33224,,
tg,rfd2.0,184824,184948,KOCH,20,dem,ART,der,33224,,
tg,rfd2.0,184824,184948,KOCH,20,dummen,ADJA,dummen,33224,,
tg,rfd2.0,184824,184948,KOCH,20,Jungen,NN,junge,33224,,
tg,rfd2.0,184824,184948,KOCH,20,nicht,PTKNEG,nicht,33224,,
tg,rfd2.0,184824,184948,KOCH,20,die,ART,der,33224,,
tg,rfd2.0,184824,184948,KOCH,20,blanke,ADJA,blank,33224,,
tg,rfd2.0,184824,184948,KOCH,20,Münze,NN,münze,33224,,
tg,rfd2.0,184824,184948,KOCH,20,mitzugeben,VVIZU,mitgeben,33224,,
tg,rfd2.0,184824,184948,KOCH,20,brauchen,VVFIN,brauchen,33224,,
tg,rfd2.0,184824,184948,KOCH,20,?,$.,--,33224,,
tg,rfd2.0,184954,184969,SCHILLER,29,Ja,PTKANT,ja,33224,,
tg,rfd2.0,184954,184969,SCHILLER,29,–,XY,–,33224,,
tg,rfd2.0,184974,185088,KOCH,20,Allons,NE,allon,33224,,
tg,rfd2.0,184974,185088,KOCH,20,"!",$.,--,33224,,
tg,rfd2.0,184974,185088,KOCH,20,Ihn,CARD,ihn,33224,,
tg,rfd2.0,184974,185088,KOCH,20,herumdrehend,ADJD,herumdrehend,33224,,
tg,rfd2.0,184974,185088,KOCH,20,.,$.,--,33224,,
tg,rfd2.0,184974,185088,KOCH,20,Sperr,NN,sperr,33224,,
tg,rfd2.0,184974,185088,KOCH,20,',$[,--,33224,,
tg,rfd2.0,184974,185088,KOCH,20,die,ART,der,33224,,
tg,rfd2.0,184974,185088,KOCH,20,Ohren,NN,ohr,33224,,
tg,rfd2.0,184974,185088,KOCH,20,auf,PTKVZ,auf,33224,,
tg,rfd2.0,184974,185088,KOCH,20,",","$,",--,33224,,
tg,rfd2.0,184974,185088,KOCH,20,Nette,NE,nette,33224,NETTE,15
tg,rfd2.0,184974,185088,KOCH,20,.,$.,--,33224,,
tg,rfd2.0,184974,185088,KOCH,20,Du,PPER,du,33224,,
tg,rfd2.0,184974,185088,KOCH,20,sollst,VVFIN,sollen,33224,,
tg,rfd2.0,184974,185088,KOCH,20,eine,ART,ein,33224,,
tg,rfd2.0,184974,185088,KOCH,20,Melodie,NN,melodie,33224,,
tg,rfd2.0,184974,185088,KOCH,20,zu,APPR,zu,33224,,
tg,rfd2.0,184974,185088,KOCH,20,deinem,PPOSAT,dein,33224,,
tg,rfd2.0,184974,185088,KOCH,20,Lehrmeister,NN,lehrmeister,33224,,
tg,rfd2.0,184974,185088,KOCH,20,tragen,VVINF,tragen,33224,,
tg,rfd2.0,184974,185088,KOCH,20,.,$.,--,33224,,
tg,rfd2.0,185093,185113,NETTE,15,Schon,ADV,schon,33224,,
tg,rfd2.0,185093,185113,NETTE,15,recht,ADJD,recht,33224,,
tg,rfd2.0,185093,185113,NETTE,15,"!",$.,--,33224,,
tg,rfd2.0,185118,185237,SCHILLER,29,Sag,NN,sag,33224,,
tg,rfd2.0,185118,185237,SCHILLER,29,',$[,--,33224,,
tg,rfd2.0,185118,185237,SCHILLER,29,Herrn,NN,herr,33224,,
tg,rfd2.0,185118,185237,SCHILLER,29,Streichern,NN,streicher,33224,,
tg,rfd2.0,185118,185237,SCHILLER,29,:,$.,--,33224,,
tg,rfd2.0,185118,185237,SCHILLER,29,Genua,NE,genua,33224,,
tg,rfd2.0,185118,185237,SCHILLER,29,liegt,VVFIN,liegen,33224,,
tg,rfd2.0,185118,185237,SCHILLER,29,auf,APPR,auf,33224,,
tg,rfd2.0,185118,185237,SCHILLER,29,dem,ART,der,33224,,
tg,rfd2.0,185118,185237,SCHILLER,29,Block,NN,block,33224,,
tg,rfd2.0,185118,185237,SCHILLER,29,und,KON,und,33224,,
tg,rfd2.0,185118,185237,SCHILLER,29,dein,PPOSAT,dein,33224,,
tg,rfd2.0,185118,185237,SCHILLER,29,Herr,NN,herr,33224,,
tg,rfd2.0,185118,185237,SCHILLER,29,heißt,VVFIN,heißen,33224,,
tg,rfd2.0,185118,185237,SCHILLER,29,Johann,NE,johann,33224,,
tg,rfd2.0,185118,185237,SCHILLER,29,Ludwig,NE,ludwig,33224,,
tg,rfd2.0,185118,185237,SCHILLER,29,Fiesko,NE,fiesko,33224,,
tg,rfd2.0,185118,185237,SCHILLER,29,"!",$.,--,33224,,
tg,rfd2.0,185118,185237,SCHILLER,29,Geht,VVFIN,gehen,33224,,
tg,rfd2.0,185118,185237,SCHILLER,29,nach,APPR,nach,33224,,
tg,rfd2.0,185118,185237,SCHILLER,29,hinten,ADV,hinten,33224,,
tg,rfd2.0,185118,185237,SCHILLER,29,.,$.,--,33224,,
tg,rfd2.0,185243,185255,NETTE,15,Wie,PWAV,wie,33224,,
tg,rfd2.0,185243,185255,NETTE,15,?,$.,--,33224,,
tg,rfd2.0,185260,185317,KOCH,20,Genua,NE,genua,33224,,
tg,rfd2.0,185260,185317,KOCH,20,liegt,VVFIN,liegen,33224,,
tg,rfd2.0,185260,185317,KOCH,20,auf,APPR,auf,33224,,
tg,rfd2.0,185260,185317,KOCH,20,dem,ART,der,33224,,
tg,rfd2.0,185260,185317,KOCH,20,Blocke,NN,blocke,33224,,
tg,rfd2.0,185260,185317,KOCH,20,.,$.,--,33224,,
tg,rfd2.0,185260,185317,KOCH,20,Und,KON,und,33224,,
tg,rfd2.0,185260,185317,KOCH,20,dein,PPOSAT,dein,33224,,
tg,rfd2.0,185260,185317,KOCH,20,Herr,NN,herr,33224,,
tg,rfd2.0,185260,185317,KOCH,20,heißt,VVFIN,heißen,33224,,
tg,rfd2.0,185260,185317,KOCH,20,–,XY,–,33224,,
tg,rfd2.0,185260,185317,KOCH,20,?,$.,--,33224,,
tg,rfd2.0,185322,185358,NETTE,15,Mein,PPOSAT,mein,33224,,
tg,rfd2.0,185322,185358,NETTE,15,Herr,NN,herr,33224,,
tg,rfd2.0,185322,185358,NETTE,15,heißt,VVFIN,heißen,33224,,
tg,rfd2.0,185322,185358,NETTE,15,–,PPER,–,33224,,
tg,rfd2.0,185322,185358,NETTE,15,Streicher,NN,streicher,33224,,
tg,rfd2.0,185322,185358,NETTE,15,.,$.,--,33224,,
tg,rfd2.0,185363,185391,KOCH,20,Johann,NE,johann,33224,,
tg,rfd2.0,185363,185391,KOCH,20,Ludwig,NE,ludwig,33224,,
tg,rfd2.0,185363,185391,KOCH,20,Fiesko,NE,fiesko,33224,,
tg,rfd2.0,185363,185391,KOCH,20,.,$.,--,33224,,
tg,rfd2.0,185396,185435,NETTE,15,Johann,NE,johann,33224,,
tg,rfd2.0,185396,185435,NETTE,15,Ludwig,NE,ludwig,33224,,
tg,rfd2.0,185396,185435,NETTE,15,Fiesko,NE,fiesko,33224,,
tg,rfd2.0,185396,185435,NETTE,15,Streicher,NN,streicher,33224,,
tg,rfd2.0,185396,185435,NETTE,15,.,$.,--,33224,,
tg,rfd2.0,185440,185760,KOCH,20,Scharmant,NN,scharmant,33224,,
tg,rfd2.0,185440,185760,KOCH,20,",","$,",--,33224,,
tg,rfd2.0,185440,185760,KOCH,20,musikalisches,ADJA,musikalisch,33224,,
tg,rfd2.0,185440,185760,KOCH,20,Genie,NN,genie,33224,,
tg,rfd2.0,185440,185760,KOCH,20,–,XY,–,33224,,
tg,rfd2.0,185440,185760,KOCH,20,nun,ADV,nun,33224,,
tg,rfd2.0,185440,185760,KOCH,20,fort,PTKVZ,fort,33224,,
tg,rfd2.0,185440,185760,KOCH,20,"!",$.,--,33224,,
tg,rfd2.0,185440,185760,KOCH,20,Ihn,CARD,ihn,33224,,
tg,rfd2.0,185440,185760,KOCH,20,herumschwenkend,ADJD,herumschwenkend,33224,,
tg,rfd2.0,185440,185760,KOCH,20,.,$.,--,33224,,
tg,rfd2.0,185440,185760,KOCH,20,Und,KON,und,33224,,
tg,rfd2.0,185440,185760,KOCH,20,wart,VVFIN,sein,33224,,
tg,rfd2.0,185440,185760,KOCH,20,',$[,--,33224,,
tg,rfd2.0,185440,185760,KOCH,20,auf,APPR,auf,33224,,
tg,rfd2.0,185440,185760,KOCH,20,Antwort,NN,antwort,33224,,
tg,rfd2.0,185440,185760,KOCH,20,für,APPR,für,33224,,
tg,rfd2.0,185440,185760,KOCH,20,Herrn,NN,herr,33224,,
tg,rfd2.0,185440,185760,KOCH,20,Schiller,NE,schiller,33224,SCHILLER,29
tg,rfd2.0,185440,185760,KOCH,20,und,KON,und,33224,,
tg,rfd2.0,185440,185760,KOCH,20,bring,VVIMP,bring,33224,,
tg,rfd2.0,185440,185760,KOCH,20,',$[,--,33224,,
tg,rfd2.0,185440,185760,KOCH,20,sie,PPER,sie,33224,,
tg,rfd2.0,185440,185760,KOCH,20,hierher,PROAV,hierher,33224,,
tg,rfd2.0,185440,185760,KOCH,20,ins,APPRART,in,33224,,
tg,rfd2.0,185440,185760,KOCH,20,Schloß,NN,schloß,33224,,
tg,rfd2.0,185440,185760,KOCH,20,",","$,",--,33224,,
tg,rfd2.0,185440,185760,KOCH,20,hier,ADV,hier,33224,,
tg,rfd2.0,185440,185760,KOCH,20,wird,VAFIN,werden,33224,,
tg,rfd2.0,185440,185760,KOCH,20,er,PPER,er,33224,,
tg,rfd2.0,185440,185760,KOCH,20,schon,ADV,schon,33224,,
tg,rfd2.0,185440,185760,KOCH,20,irgendwo,ADV,irgendwo,33224,,
tg,rfd2.0,185440,185760,KOCH,20,stecken,VVFIN,stecken,33224,,
tg,rfd2.0,185440,185760,KOCH,20,–,PPER,–,33224,,
tg,rfd2.0,185440,185760,KOCH,20,Nette,NE,nette,33224,NETTE,15
tg,rfd2.0,185440,185760,KOCH,20,will,VMFIN,wollen,33224,,
tg,rfd2.0,185440,185760,KOCH,20,links,ADV,links,33224,,
tg,rfd2.0,185440,185760,KOCH,20,hinaus,PTKVZ,hinaus,33224,,
tg,rfd2.0,185440,185760,KOCH,20,.,$.,--,33224,,
tg,rfd2.0,185440,185760,KOCH,20,–,XY,–,33224,,
tg,rfd2.0,185440,185760,KOCH,20,nicht,PTKNEG,nicht,33224,,
tg,rfd2.0,185440,185760,KOCH,20,da,ADV,da,33224,,
tg,rfd2.0,185440,185760,KOCH,20,"!",$.,--,33224,,
tg,rfd2.0,185440,185760,KOCH,20,Geh,VVIMP,geh,33224,,
tg,rfd2.0,185440,185760,KOCH,20,',$[,--,33224,,
tg,rfd2.0,185440,185760,KOCH,20,unterm,APPRART,unter,33224,,
tg,rfd2.0,185440,185760,KOCH,20,Theater,NN,theater,33224,,
tg,rfd2.0,185440,185760,KOCH,20,durch,PTKVZ,durch,33224,,
tg,rfd2.0,185440,185760,KOCH,20,",","$,",--,33224,,
tg,rfd2.0,185440,185760,KOCH,20,der,ART,der,33224,,
tg,rfd2.0,185440,185760,KOCH,20,Weg,NN,weg,33224,,
tg,rfd2.0,185440,185760,KOCH,20,ist,VAFIN,sein,33224,,
tg,rfd2.0,185440,185760,KOCH,20,kürzer,ADJD,kurz,33224,,
tg,rfd2.0,185440,185760,KOCH,20,und,KON,und,33224,,
tg,rfd2.0,185440,185760,KOCH,20,sichrer,ADJA,sichrer,33224,,
tg,rfd2.0,185440,185760,KOCH,20,"!",$.,--,33224,,
tg,rfd2.0,185440,185760,KOCH,20,Ihn,CARD,ihn,33224,,
tg,rfd2.0,185440,185760,KOCH,20,nach,APPR,nach,33224,,
tg,rfd2.0,185440,185760,KOCH,20,der,ART,der,33224,,
tg,rfd2.0,185440,185760,KOCH,20,Mitte,NN,mitte,33224,,
tg,rfd2.0,185440,185760,KOCH,20,schiebend,ADJD,schiebend,33224,,
tg,rfd2.0,185440,185760,KOCH,20,;,$.,--,33224,,
tg,rfd2.0,185440,185760,KOCH,20,Nette,NN,nette,33224,NETTE,15
tg,rfd2.0,185440,185760,KOCH,20,ab,PTKVZ,ab,33224,,
tg,rfd2.0,185440,185760,KOCH,20,.,$.,--,33224,,
tg,rfd2.0,185766,186190,Generalin Rieger.,2,Übereilt,ADV,übereilt,33224,,
tg,rfd2.0,185766,186190,Generalin Rieger.,2,nichts,PIS,nichts,33224,,
tg,rfd2.0,185766,186190,Generalin Rieger.,2,",","$,",--,33224,,
tg,rfd2.0,185766,186190,Generalin Rieger.,2,Kinder,NN,kind,33224,,
tg,rfd2.0,185766,186190,Generalin Rieger.,2,",","$,",--,33224,,
tg,rfd2.0,185766,186190,Generalin Rieger.,2,und,KON,und,33224,,
tg,rfd2.0,185766,186190,Generalin Rieger.,2,zieht,VVFIN,ziehen,33224,,
tg,rfd2.0,185766,186190,Generalin Rieger.,2,euch,PPER,euch,33224,,
tg,rfd2.0,185766,186190,Generalin Rieger.,2,jetzt,ADV,jetzt,33224,,
tg,rfd2.0,185766,186190,Generalin Rieger.,2,in,APPR,in,33224,,
tg,rfd2.0,185766,186190,Generalin Rieger.,2,die,ART,der,33224,,
tg,rfd2.0,185766,186190,Generalin Rieger.,2,Garderobe,NN,garderobe,33224,,
tg,rfd2.0,185766,186190,Generalin Rieger.,2,zurück,PTKVZ,zurück,33224,,
tg,rfd2.0,185766,186190,Generalin Rieger.,2,",","$,",--,33224,,
tg,rfd2.0,185766,186190,Generalin Rieger.,2,damit,KOUS,damit,33224,,
tg,rfd2.0,185766,186190,Generalin Rieger.,2,ihr,PPOSAT,ihr,33224,,
tg,rfd2.0,185766,186190,Generalin Rieger.,2,ihm,PPER,ihm,33224,,
tg,rfd2.0,185766,186190,Generalin Rieger.,2,nicht,PTKNEG,nicht,33224,,
tg,rfd2.0,185766,186190,Generalin Rieger.,2,gleich,ADV,gleich,33224,,
tg,rfd2.0,185766,186190,Generalin Rieger.,2,in,APPR,in,33224,,
tg,rfd2.0,185766,186190,Generalin Rieger.,2,den,ART,der,33224,,
tg,rfd2.0,185766,186190,Generalin Rieger.,2,Wurf,NN,wurf,33224,,
tg,rfd2.0,185766,186190,Generalin Rieger.,2,kommt,VVFIN,kommen,33224,,
tg,rfd2.0,185766,186190,Generalin Rieger.,2,.,$.,--,33224,,
tg,rfd2.0,185766,186190,Generalin Rieger.,2,Links,NE,links,33224,,
tg,rfd2.0,185766,186190,Generalin Rieger.,2,hinaussehend,ADJD,hinaussehend,33224,,
tg,rfd2.0,185766,186190,Generalin Rieger.,2,.,$.,--,33224,,
tg,rfd2.0,185766,186190,Generalin Rieger.,2,Die,ART,der,33224,,
tg,rfd2.0,185766,186190,Generalin Rieger.,2,Tafel,NN,tafel,33224,,
tg,rfd2.0,185766,186190,Generalin Rieger.,2,ist,VAFIN,sein,33224,,
tg,rfd2.0,185766,186190,Generalin Rieger.,2,aufgehoben,VVPP,aufheben,33224,,
tg,rfd2.0,185766,186190,Generalin Rieger.,2,",","$,",--,33224,,
tg,rfd2.0,185766,186190,Generalin Rieger.,2,man,PIS,man,33224,,
tg,rfd2.0,185766,186190,Generalin Rieger.,2,strömt,VVFIN,strömen,33224,,
tg,rfd2.0,185766,186190,Generalin Rieger.,2,ins,APPRART,in,33224,,
tg,rfd2.0,185766,186190,Generalin Rieger.,2,Theater,NN,theater,33224,,
tg,rfd2.0,185766,186190,Generalin Rieger.,2,.,$.,--,33224,,
tg,rfd2.0,185766,186190,Generalin Rieger.,2,Unternehmt,NN,unternehmt,33224,,
tg,rfd2.0,185766,186190,Generalin Rieger.,2,nichts,PIS,nichts,33224,,
tg,rfd2.0,185766,186190,Generalin Rieger.,2,Gewaltsames,NN,gewaltsame,33224,,
tg,rfd2.0,185766,186190,Generalin Rieger.,2,",","$,",--,33224,,
tg,rfd2.0,185766,186190,Generalin Rieger.,2,Kinder,NN,kind,33224,,
tg,rfd2.0,185766,186190,Generalin Rieger.,2,",","$,",--,33224,,
tg,rfd2.0,185766,186190,Generalin Rieger.,2,ohne,APPR,ohne,33224,,
tg,rfd2.0,185766,186190,Generalin Rieger.,2,mich,PPER,mich,33224,Generalin Rieger.,2
tg,rfd2.0,185766,186190,Generalin Rieger.,2,unterrichtet,VVPP,unterrichten,33224,,
tg,rfd2.0,185766,186190,Generalin Rieger.,2,zu,PTKZU,zu,33224,,
tg,rfd2.0,185766,186190,Generalin Rieger.,2,haben,VAINF,haben,33224,,
tg,rfd2.0,185766,186190,Generalin Rieger.,2,–,XY,–,33224,,
tg,rfd2.0,185766,186190,Generalin Rieger.,2,jetzt,ADV,jetzt,33224,,
tg,rfd2.0,185766,186190,Generalin Rieger.,2,geht,VVFIN,gehen,33224,,
tg,rfd2.0,185766,186190,Generalin Rieger.,2,hinauf,ADV,hinauf,33224,,
tg,rfd2.0,185766,186190,Generalin Rieger.,2,–,VVFIN,–,33224,,
tg,rfd2.0,185766,186190,Generalin Rieger.,2,ich,PPER,ich,33224,Generalin Rieger.,2
tg,rfd2.0,185766,186190,Generalin Rieger.,2,eile,VVFIN,eilen,33224,,
tg,rfd2.0,185766,186190,Generalin Rieger.,2,durch,APPR,durch,33224,,
tg,rfd2.0,185766,186190,Generalin Rieger.,2,den,ART,der,33224,,
tg,rfd2.0,185766,186190,Generalin Rieger.,2,Korridor,NN,korridor,33224,,
tg,rfd2.0,185766,186190,Generalin Rieger.,2,hinüber,ADV,hinüber,33224,,
tg,rfd2.0,185766,186190,Generalin Rieger.,2,",","$,",--,33224,,
tg,rfd2.0,185766,186190,Generalin Rieger.,2,um,KOUI,um,33224,,
tg,rfd2.0,185766,186190,Generalin Rieger.,2,Riegers,NN,rieger,33224,,
tg,rfd2.0,185766,186190,Generalin Rieger.,2,oder,KON,oder,33224,,
tg,rfd2.0,185766,186190,Generalin Rieger.,2,seiner,PPOSAT,sein,33224,,
tg,rfd2.0,185766,186190,Generalin Rieger.,2,Grenadiere,NN,grenadiere,33224,,
tg,rfd2.0,185766,186190,Generalin Rieger.,2,mit,APPR,mit,33224,,
tg,rfd2.0,185766,186190,Generalin Rieger.,2,dem,ART,der,33224,,
tg,rfd2.0,185766,186190,Generalin Rieger.,2,Bücherballen,NN,bücherballe,33224,,
tg,rfd2.0,185766,186190,Generalin Rieger.,2,habhaft,ADJD,habhaft,33224,,
tg,rfd2.0,185766,186190,Generalin Rieger.,2,zu,PTKZU,zu,33224,,
tg,rfd2.0,185766,186190,Generalin Rieger.,2,werden,VAINF,werden,33224,,
tg,rfd2.0,185766,186190,Generalin Rieger.,2,.,$.,--,33224,,
tg,rfd2.0,185766,186190,Generalin Rieger.,2,Sie,PPER,sie,33224,,
tg,rfd2.0,185766,186190,Generalin Rieger.,2,geht,VVFIN,gehen,33224,,
tg,rfd2.0,185766,186190,Generalin Rieger.,2,nach,APPR,nach,33224,,
tg,rfd2.0,185766,186190,Generalin Rieger.,2,rechts,ADV,rechts,33224,,
tg,rfd2.0,185766,186190,Generalin Rieger.,2,.,$.,--,33224,,
tg,rfd2.0,186427,186497,Generalin Rieger.,2,Ach,ITJ,ach,33224,,
tg,rfd2.0,186427,186497,Generalin Rieger.,2,mein,PPOSAT,mein,33224,Generalin Rieger.,2
tg,rfd2.0,186427,186497,Generalin Rieger.,2,Gott,NN,gott,33224,,
tg,rfd2.0,186427,186497,Generalin Rieger.,2,",","$,",--,33224,,
tg,rfd2.0,186427,186497,Generalin Rieger.,2,immer,ADV,immer,33224,,
tg,rfd2.0,186427,186497,Generalin Rieger.,2,wie,KOKOM,wie,33224,,
tg,rfd2.0,186427,186497,Generalin Rieger.,2,der,ART,der,33224,,
tg,rfd2.0,186427,186497,Generalin Rieger.,2,böse,ADJA,böse,33224,,
tg,rfd2.0,186427,186497,Generalin Rieger.,2,Feind,NN,feind,33224,,
tg,rfd2.0,186427,186497,Generalin Rieger.,2,–,XY,–,33224,,
tg,rfd2.0,186502,186735,RIEGER,27,Und,KON,und,33224,,
tg,rfd2.0,186502,186735,RIEGER,27,ob,KOUS,ob,33224,,
tg,rfd2.0,186502,186735,RIEGER,27,einer,ART,ein,33224,,
tg,rfd2.0,186502,186735,RIEGER,27,entflöhe,ADJA,entflöhen,33224,,
tg,rfd2.0,186502,186735,RIEGER,27,vor,APPR,vor,33224,,
tg,rfd2.0,186502,186735,RIEGER,27,dem,ART,der,33224,,
tg,rfd2.0,186502,186735,RIEGER,27,Geschrei,NN,geschrei,33224,,
tg,rfd2.0,186502,186735,RIEGER,27,des,ART,der,33224,,
tg,rfd2.0,186502,186735,RIEGER,27,Schreckens,NN,schrecken,33224,,
tg,rfd2.0,186502,186735,RIEGER,27,",","$,",--,33224,,
tg,rfd2.0,186502,186735,RIEGER,27,so,ADV,so,33224,,
tg,rfd2.0,186502,186735,RIEGER,27,wird,VAFIN,werden,33224,,
tg,rfd2.0,186502,186735,RIEGER,27,er,PPER,er,33224,,
tg,rfd2.0,186502,186735,RIEGER,27,doch,ADV,doch,33224,,
tg,rfd2.0,186502,186735,RIEGER,27,in,APPR,in,33224,,
tg,rfd2.0,186502,186735,RIEGER,27,die,ART,der,33224,,
tg,rfd2.0,186502,186735,RIEGER,27,Grube,NN,grube,33224,,
tg,rfd2.0,186502,186735,RIEGER,27,fallen,VVINF,fallen,33224,,
tg,rfd2.0,186502,186735,RIEGER,27,",","$,",--,33224,,
tg,rfd2.0,186502,186735,RIEGER,27,und,KON,und,33224,,
tg,rfd2.0,186502,186735,RIEGER,27,kommt,VVFIN,kommen,33224,,
tg,rfd2.0,186502,186735,RIEGER,27,er,PPER,er,33224,,
tg,rfd2.0,186502,186735,RIEGER,27,aus,APPR,aus,33224,,
tg,rfd2.0,186502,186735,RIEGER,27,der,ART,der,33224,,
tg,rfd2.0,186502,186735,RIEGER,27,Grube,NN,grube,33224,,
tg,rfd2.0,186502,186735,RIEGER,27,",","$,",--,33224,,
tg,rfd2.0,186502,186735,RIEGER,27,so,ADV,so,33224,,
tg,rfd2.0,186502,186735,RIEGER,27,wird,VAFIN,werden,33224,,
tg,rfd2.0,186502,186735,RIEGER,27,er,PPER,er,33224,,
tg,rfd2.0,186502,186735,RIEGER,27,doch,ADV,doch,33224,,
tg,rfd2.0,186502,186735,RIEGER,27,im,APPRART,in,33224,,
tg,rfd2.0,186502,186735,RIEGER,27,Strick,NN,strick,33224,,
tg,rfd2.0,186502,186735,RIEGER,27,gefangen,VVPP,fangen,33224,,
tg,rfd2.0,186502,186735,RIEGER,27,werden,VAINF,werden,33224,,
tg,rfd2.0,186502,186735,RIEGER,27,.,$.,--,33224,,
tg,rfd2.0,186741,186801,KOCH,20,In,APPR,in,33224,,
tg,rfd2.0,186741,186801,KOCH,20,den,ART,der,33224,,
tg,rfd2.0,186741,186801,KOCH,20,Stricken,NN,stricke,33224,,
tg,rfd2.0,186741,186801,KOCH,20,hängen,VVFIN,hängen,33224,,
tg,rfd2.0,186741,186801,KOCH,20,lauter,PIAT,laut,33224,,
tg,rfd2.0,186741,186801,KOCH,20,Räuber,NN,räuber,33224,,
tg,rfd2.0,186741,186801,KOCH,20,"!",$.,--,33224,,
tg,rfd2.0,186806,186851,SCHILLER,29,Es,PPER,es,33224,,
tg,rfd2.0,186806,186851,SCHILLER,29,ist,VAFIN,sein,33224,,
tg,rfd2.0,186806,186851,SCHILLER,29,der,ART,der,33224,,
tg,rfd2.0,186806,186851,SCHILLER,29,ganze,ADJA,ganz,33224,,
tg,rfd2.0,186806,186851,SCHILLER,29,Rest,NN,rest,33224,,
tg,rfd2.0,186806,186851,SCHILLER,29,der,ART,der,33224,,
tg,rfd2.0,186806,186851,SCHILLER,29,Auflage,NN,auflage,33224,,
tg,rfd2.0,186806,186851,SCHILLER,29,.,$.,--,33224,,
tg,rfd2.0,186888,186950,KOCH,20,Die,ART,der,33224,,
tg,rfd2.0,186888,186950,KOCH,20,Papiere,NN,papier,33224,,
tg,rfd2.0,186888,186950,KOCH,20,in,APPR,in,33224,,
tg,rfd2.0,186888,186950,KOCH,20,seinen,PPOSAT,sein,33224,,
tg,rfd2.0,186888,186950,KOCH,20,Händen,NN,hand,33224,,
tg,rfd2.0,186888,186950,KOCH,20,sind,VAFIN,sein,33224,,
tg,rfd2.0,186888,186950,KOCH,20,das,ART,der,33224,,
tg,rfd2.0,186888,186950,KOCH,20,Fieskomanuskript,NN,fieskomanuskript,33224,,
tg,rfd2.0,186888,186950,KOCH,20,.,$.,--,33224,,
tg,rfd2.0,186955,187002,SCHILLER,29,Ich,PPER,ich,33224,,
tg,rfd2.0,186955,187002,SCHILLER,29,entreiß,VVFIN,entreißn,33224,,
tg,rfd2.0,186955,187002,SCHILLER,29,es,PPER,es,33224,,
tg,rfd2.0,186955,187002,SCHILLER,29,ihm,PPER,ihm,33224,,
tg,rfd2.0,186955,187002,SCHILLER,29,.,$.,--,33224,,
tg,rfd2.0,186955,187002,SCHILLER,29,Will,VMFIN,wollen,33224,,
tg,rfd2.0,186955,187002,SCHILLER,29,auf,APPR,auf,33224,,
tg,rfd2.0,186955,187002,SCHILLER,29,ihn,PPER,ihn,33224,,
tg,rfd2.0,186955,187002,SCHILLER,29,zu,PTKVZ,zu,33224,,
tg,rfd2.0,186955,187002,SCHILLER,29,.,$.,--,33224,,
tg,rfd2.0,187008,187057,Generalin Rieger.,2,Um,KOUI,um,33224,,
tg,rfd2.0,187008,187057,Generalin Rieger.,2,Gottes,NN,gott,33224,,
tg,rfd2.0,187008,187057,Generalin Rieger.,2,willen,APZR,willen,33224,,
tg,rfd2.0,187008,187057,Generalin Rieger.,2,nichts,PIS,nichts,33224,,
tg,rfd2.0,187008,187057,Generalin Rieger.,2,Gewaltsames,NN,gewaltsame,33224,,
tg,rfd2.0,187008,187057,Generalin Rieger.,2,–,XY,–,33224,,
tg,rfd2.0,187062,187233,SCHILLER,29,Nun,ADV,nun,33224,,
tg,rfd2.0,187062,187233,SCHILLER,29,ist,VAFIN,sein,33224,,
tg,rfd2.0,187062,187233,SCHILLER,29,auch,ADV,auch,33224,,
tg,rfd2.0,187062,187233,SCHILLER,29,meine,PPOSAT,mein,33224,SCHILLER,29
tg,rfd2.0,187062,187233,SCHILLER,29,Flucht,NN,flucht,33224,,
tg,rfd2.0,187062,187233,SCHILLER,29,gelähmt,VVPP,gelähmt,33224,,
tg,rfd2.0,187062,187233,SCHILLER,29,.,$.,--,33224,,
tg,rfd2.0,187062,187233,SCHILLER,29,Ich,PPER,ich,33224,,
tg,rfd2.0,187062,187233,SCHILLER,29,kann,VMFIN,können,33224,,
tg,rfd2.0,187062,187233,SCHILLER,29,nicht,PTKNEG,nicht,33224,,
tg,rfd2.0,187062,187233,SCHILLER,29,mit,APPR,mit,33224,,
tg,rfd2.0,187062,187233,SCHILLER,29,leeren,ADJA,leer,33224,,
tg,rfd2.0,187062,187233,SCHILLER,29,Händen,NN,hand,33224,,
tg,rfd2.0,187062,187233,SCHILLER,29,hinaus,PTKVZ,hinaus,33224,,
tg,rfd2.0,187062,187233,SCHILLER,29,und,KON,und,33224,,
tg,rfd2.0,187062,187233,SCHILLER,29,kann,VMFIN,können,33224,,
tg,rfd2.0,187062,187233,SCHILLER,29,nicht,PTKNEG,nicht,33224,,
tg,rfd2.0,187062,187233,SCHILLER,29,mein,PPOSAT,mein,33224,SCHILLER,29
tg,rfd2.0,187062,187233,SCHILLER,29,Werk,NN,werk,33224,,
tg,rfd2.0,187062,187233,SCHILLER,29,",","$,",--,33224,,
tg,rfd2.0,187062,187233,SCHILLER,29,die,ART,der,33224,,
tg,rfd2.0,187062,187233,SCHILLER,29,Arbeit,NN,arbeit,33224,,
tg,rfd2.0,187062,187233,SCHILLER,29,eines,ART,ein,33224,,
tg,rfd2.0,187062,187233,SCHILLER,29,Jahres,NN,jahr,33224,,
tg,rfd2.0,187062,187233,SCHILLER,29,",","$,",--,33224,,
tg,rfd2.0,187062,187233,SCHILLER,29,im,APPRART,in,33224,,
tg,rfd2.0,187062,187233,SCHILLER,29,Stiche,NN,stich,33224,,
tg,rfd2.0,187062,187233,SCHILLER,29,lassen,VVINF,lassen,33224,,
tg,rfd2.0,187062,187233,SCHILLER,29,.,$.,--,33224,,
tg,rfd2.0,187062,187233,SCHILLER,29,O,NE,O,33224,,
tg,rfd2.0,187062,187233,SCHILLER,29,Gerechtigkeit,NN,gerechtigkeit,33224,,
tg,rfd2.0,187062,187233,SCHILLER,29,"!",$.,--,33224,,
tg,rfd2.0,187238,187333,Generalin Rieger.,2,Rieger,NN,rieger,33224,RIEGER,27
tg,rfd2.0,187238,187333,Generalin Rieger.,2,"!",$.,--,33224,,
tg,rfd2.0,187238,187333,Generalin Rieger.,2,Laß,VVIMP,lassen,33224,,
tg,rfd2.0,187238,187333,Generalin Rieger.,2,die,ART,der,33224,,
tg,rfd2.0,187238,187333,Generalin Rieger.,2,Leute,NN,leute,33224,,
tg,rfd2.0,187238,187333,Generalin Rieger.,2,im,APPRART,in,33224,,
tg,rfd2.0,187238,187333,Generalin Rieger.,2,Korridor,NN,korridor,33224,,
tg,rfd2.0,187238,187333,Generalin Rieger.,2,warten,VVINF,warten,33224,,
tg,rfd2.0,187238,187333,Generalin Rieger.,2,"!",$.,--,33224,,
tg,rfd2.0,187238,187333,Generalin Rieger.,2,Hierher,ADV,hierher,33224,,
tg,rfd2.0,187238,187333,Generalin Rieger.,2,kommen,VVFIN,kommen,33224,,
tg,rfd2.0,187238,187333,Generalin Rieger.,2,die,ART,der,33224,,
tg,rfd2.0,187238,187333,Generalin Rieger.,2,höchsten,ADJA,hoch,33224,,
tg,rfd2.0,187238,187333,Generalin Rieger.,2,Herrschaften,NN,herrschaft,33224,,
tg,rfd2.0,187238,187333,Generalin Rieger.,2,.,$.,--,33224,,
tg,rfd2.0,187338,187440,RIEGER,27,Hierher,PROAV,hierher,33224,,
tg,rfd2.0,187338,187440,RIEGER,27,lautet,VVFIN,lauten,33224,,
tg,rfd2.0,187338,187440,RIEGER,27,der,ART,der,33224,,
tg,rfd2.0,187338,187440,RIEGER,27,Ruf,NN,ruf,33224,,
tg,rfd2.0,187338,187440,RIEGER,27,",","$,",--,33224,,
tg,rfd2.0,187338,187440,RIEGER,27,hier,ADV,hier,33224,,
tg,rfd2.0,187338,187440,RIEGER,27,ist,VAFIN,sein,33224,,
tg,rfd2.0,187338,187440,RIEGER,27,die,ART,der,33224,,
tg,rfd2.0,187338,187440,RIEGER,27,Stätte,NN,stätte,33224,,
tg,rfd2.0,187338,187440,RIEGER,27,des,ART,der,33224,,
tg,rfd2.0,187338,187440,RIEGER,27,Gerichts,NN,gericht,33224,,
tg,rfd2.0,187338,187440,RIEGER,27,–,VVFIN,–,33224,,
tg,rfd2.0,187338,187440,RIEGER,27,es,PPER,es,33224,,
tg,rfd2.0,187338,187440,RIEGER,27,ist,VAFIN,sein,33224,,
tg,rfd2.0,187338,187440,RIEGER,27,keine,PIAT,kein,33224,,
tg,rfd2.0,187338,187440,RIEGER,27,List,NE,list,33224,,
tg,rfd2.0,187338,187440,RIEGER,27,über,APPR,über,33224,,
tg,rfd2.0,187338,187440,RIEGER,27,Frauenlist,NN,frauenlist,33224,,
tg,rfd2.0,187338,187440,RIEGER,27,.,$.,--,33224,,
tg,rfd2.0,187445,187549,Generalin Rieger.,2,Rieger,NN,rieger,33224,RIEGER,27
tg,rfd2.0,187445,187549,Generalin Rieger.,2,",","$,",--,33224,,
tg,rfd2.0,187445,187549,Generalin Rieger.,2,du,PPER,du,33224,,
tg,rfd2.0,187445,187549,Generalin Rieger.,2,machst,VVFIN,machen,33224,,
tg,rfd2.0,187445,187549,Generalin Rieger.,2,einen,ART,ein,33224,,
tg,rfd2.0,187445,187549,Generalin Rieger.,2,hoffnungsvollen,ADJA,hoffnungsvoll,33224,,
tg,rfd2.0,187445,187549,Generalin Rieger.,2,jungen,ADJA,jung,33224,,
tg,rfd2.0,187445,187549,Generalin Rieger.,2,Mann,NN,mann,33224,,
tg,rfd2.0,187445,187549,Generalin Rieger.,2,unglücklich,ADJD,unglücklich,33224,,
tg,rfd2.0,187445,187549,Generalin Rieger.,2,",","$,",--,33224,,
tg,rfd2.0,187445,187549,Generalin Rieger.,2,den,ART,der,33224,,
tg,rfd2.0,187445,187549,Generalin Rieger.,2,Gott,NN,gott,33224,,
tg,rfd2.0,187445,187549,Generalin Rieger.,2,selber,ADV,selber,33224,,
tg,rfd2.0,187445,187549,Generalin Rieger.,2,begabt,ADJD,begabt,33224,,
tg,rfd2.0,187445,187549,Generalin Rieger.,2,hat,VAFIN,haben,33224,,
tg,rfd2.0,187445,187549,Generalin Rieger.,2,.,$.,--,33224,,
tg,rfd2.0,187554,187733,RIEGER,27,Ist,VAFIN,sein,33224,,
tg,rfd2.0,187554,187733,RIEGER,27,er,PPER,er,33224,,
tg,rfd2.0,187554,187733,RIEGER,27,Gottes,NN,gott,33224,,
tg,rfd2.0,187554,187733,RIEGER,27,",","$,",--,33224,,
tg,rfd2.0,187554,187733,RIEGER,27,so,ADV,so,33224,,
tg,rfd2.0,187554,187733,RIEGER,27,wird,VAFIN,werden,33224,,
tg,rfd2.0,187554,187733,RIEGER,27,ihm,PPER,ihm,33224,,
tg,rfd2.0,187554,187733,RIEGER,27,mit,APPR,mit,33224,,
tg,rfd2.0,187554,187733,RIEGER,27,der,ART,der,33224,,
tg,rfd2.0,187554,187733,RIEGER,27,Wahrheit,NN,wahrheit,33224,,
tg,rfd2.0,187554,187733,RIEGER,27,gedient,VVPP,dienen,33224,,
tg,rfd2.0,187554,187733,RIEGER,27,",","$,",--,33224,,
tg,rfd2.0,187554,187733,RIEGER,27,aber,KON,aber,33224,,
tg,rfd2.0,187554,187733,RIEGER,27,es,PPER,es,33224,,
tg,rfd2.0,187554,187733,RIEGER,27,ist,VAFIN,sein,33224,,
tg,rfd2.0,187554,187733,RIEGER,27,ein,ART,ein,33224,,
tg,rfd2.0,187554,187733,RIEGER,27,gefährliches,ADJA,gefährlich,33224,,
tg,rfd2.0,187554,187733,RIEGER,27,Ding,NN,ding,33224,,
tg,rfd2.0,187554,187733,RIEGER,27,in,APPR,in,33224,,
tg,rfd2.0,187554,187733,RIEGER,27,einem,ART,ein,33224,,
tg,rfd2.0,187554,187733,RIEGER,27,Regiment,NN,regiment,33224,,
tg,rfd2.0,187554,187733,RIEGER,27,um,APPR,um,33224,,
tg,rfd2.0,187554,187733,RIEGER,27,einen,ART,ein,33224,,
tg,rfd2.0,187554,187733,RIEGER,27,Schwätzer,NN,schwätzer,33224,,
tg,rfd2.0,187554,187733,RIEGER,27,",","$,",--,33224,,
tg,rfd2.0,187554,187733,RIEGER,27,und,KON,und,33224,,
tg,rfd2.0,187554,187733,RIEGER,27,ein,ART,ein,33224,,
tg,rfd2.0,187554,187733,RIEGER,27,jäher,ADJA,jäher,33224,,
tg,rfd2.0,187554,187733,RIEGER,27,Wäscher,NN,wäscher,33224,,
tg,rfd2.0,187554,187733,RIEGER,27,wird,VAFIN,werden,33224,,
tg,rfd2.0,187554,187733,RIEGER,27,zuschanden,VVPP,zuschehen,33224,,
tg,rfd2.0,187554,187733,RIEGER,27,werden,VAINF,werden,33224,,
tg,rfd2.0,187554,187733,RIEGER,27,.,$.,--,33224,,
tg,rfd2.0,187738,187804,KOCH,20,Nur,ADV,nur,33224,,
tg,rfd2.0,187738,187804,KOCH,20,ein,ART,ein,33224,,
tg,rfd2.0,187738,187804,KOCH,20,kindisch,ADJD,kindisch,33224,,
tg,rfd2.0,187738,187804,KOCH,20,gewordenes,ADJA,geworden,33224,,
tg,rfd2.0,187738,187804,KOCH,20,Gedächtnis,NN,gedächtnis,33224,,
tg,rfd2.0,187738,187804,KOCH,20,schwatzt,VVFIN,schwatzen,33224,,
tg,rfd2.0,187738,187804,KOCH,20,und,KON,und,33224,,
tg,rfd2.0,187738,187804,KOCH,20,wäscht,VVFIN,wäschen,33224,,
tg,rfd2.0,187738,187804,KOCH,20,"!",$.,--,33224,,
tg,rfd2.0,187809,187871,SCHILLER,29,Und,KON,und,33224,,
tg,rfd2.0,187809,187871,SCHILLER,29,der,ART,der,33224,,
tg,rfd2.0,187809,187871,SCHILLER,29,Geist,NN,geist,33224,,
tg,rfd2.0,187809,187871,SCHILLER,29,wohnt,VVFIN,wohnen,33224,,
tg,rfd2.0,187809,187871,SCHILLER,29,nicht,PTKNEG,nicht,33224,,
tg,rfd2.0,187809,187871,SCHILLER,29,in,APPR,in,33224,,
tg,rfd2.0,187809,187871,SCHILLER,29,nachgeplärrten,ADJA,nachgeplärrt,33224,,
tg,rfd2.0,187809,187871,SCHILLER,29,Worten,NN,wort,33224,,
tg,rfd2.0,187809,187871,SCHILLER,29,"!",$.,--,33224,,
tg,rfd2.0,187876,187952,RIEGER,27,Wer,PWS,wer,33224,,
tg,rfd2.0,187876,187952,RIEGER,27,sich,PRF,sich,33224,,
tg,rfd2.0,187876,187952,RIEGER,27,gewöhnt,VVPP,gewöhnen,33224,,
tg,rfd2.0,187876,187952,RIEGER,27,zu,PTKZU,zu,33224,,
tg,rfd2.0,187876,187952,RIEGER,27,schwätzen,VVINF,schwätzen,33224,,
tg,rfd2.0,187876,187952,RIEGER,27,",","$,",--,33224,,
tg,rfd2.0,187876,187952,RIEGER,27,der,PRELS,der,33224,,
tg,rfd2.0,187876,187952,RIEGER,27,bessert,VVFIN,bessern,33224,,
tg,rfd2.0,187876,187952,RIEGER,27,sich,PRF,sich,33224,,
tg,rfd2.0,187876,187952,RIEGER,27,sein,PPOSAT,sein,33224,,
tg,rfd2.0,187876,187952,RIEGER,27,Lebtage,NN,lebtage,33224,,
tg,rfd2.0,187876,187952,RIEGER,27,nicht,PTKNEG,nicht,33224,,
tg,rfd2.0,187876,187952,RIEGER,27,.,$.,--,33224,,
tg,rfd2.0,187957,188368,SCHILLER,29,Und,KON,und,33224,,
tg,rfd2.0,187957,188368,SCHILLER,29,wer,PWS,wer,33224,,
tg,rfd2.0,187957,188368,SCHILLER,29,sich,PRF,sich,33224,,
tg,rfd2.0,187957,188368,SCHILLER,29,gewöhnt,VVPP,gewöhnen,33224,,
tg,rfd2.0,187957,188368,SCHILLER,29,",","$,",--,33224,,
tg,rfd2.0,187957,188368,SCHILLER,29,die,ART,der,33224,,
tg,rfd2.0,187957,188368,SCHILLER,29,Menschen,NN,mensch,33224,,
tg,rfd2.0,187957,188368,SCHILLER,29,",","$,",--,33224,,
tg,rfd2.0,187957,188368,SCHILLER,29,Gottes,NN,gott,33224,,
tg,rfd2.0,187957,188368,SCHILLER,29,Ebenbilder,NN,ebenbild,33224,,
tg,rfd2.0,187957,188368,SCHILLER,29,zu,PTKVZ,zu,33224,,
tg,rfd2.0,187957,188368,SCHILLER,29,quälen,VVFIN,quälen,33224,,
tg,rfd2.0,187957,188368,SCHILLER,29,",","$,",--,33224,,
tg,rfd2.0,187957,188368,SCHILLER,29,der,ART,der,33224,,
tg,rfd2.0,187957,188368,SCHILLER,29,schändet,ADJD,schänden,33224,,
tg,rfd2.0,187957,188368,SCHILLER,29,Gott,NN,gott,33224,,
tg,rfd2.0,187957,188368,SCHILLER,29,in,APPR,in,33224,,
tg,rfd2.0,187957,188368,SCHILLER,29,dessen,PDAT,der,33224,,
tg,rfd2.0,187957,188368,SCHILLER,29,schönsten,ADJA,schön,33224,,
tg,rfd2.0,187957,188368,SCHILLER,29,Werken,NN,werk,33224,,
tg,rfd2.0,187957,188368,SCHILLER,29,.,$.,--,33224,,
tg,rfd2.0,187957,188368,SCHILLER,29,Musik,NN,musik,33224,,
tg,rfd2.0,187957,188368,SCHILLER,29,von,APPR,von,33224,,
tg,rfd2.0,187957,188368,SCHILLER,29,links,ADV,links,33224,,
tg,rfd2.0,187957,188368,SCHILLER,29,in,APPR,in,33224,,
tg,rfd2.0,187957,188368,SCHILLER,29,der,ART,der,33224,,
tg,rfd2.0,187957,188368,SCHILLER,29,Ferne,NN,ferne,33224,,
tg,rfd2.0,187957,188368,SCHILLER,29,.,$.,--,33224,,
tg,rfd2.0,187957,188368,SCHILLER,29,Wer,PWS,wer,33224,,
tg,rfd2.0,187957,188368,SCHILLER,29,ein,ART,ein,33224,,
tg,rfd2.0,187957,188368,SCHILLER,29,Organ,NN,organ,33224,,
tg,rfd2.0,187957,188368,SCHILLER,29,des,ART,der,33224,,
tg,rfd2.0,187957,188368,SCHILLER,29,Weltgeistes,NN,weltgeist,33224,,
tg,rfd2.0,187957,188368,SCHILLER,29,",","$,",--,33224,,
tg,rfd2.0,187957,188368,SCHILLER,29,wie,PWAV,wie,33224,,
tg,rfd2.0,187957,188368,SCHILLER,29,Schubart,NE,schubart,33224,,
tg,rfd2.0,187957,188368,SCHILLER,29,eins,CARD,eins,33224,,
tg,rfd2.0,187957,188368,SCHILLER,29,war,VAFIN,sein,33224,,
tg,rfd2.0,187957,188368,SCHILLER,29,",","$,",--,33224,,
tg,rfd2.0,187957,188368,SCHILLER,29,zugrunde,ADV,zugrunde,33224,,
tg,rfd2.0,187957,188368,SCHILLER,29,gerichtet,VVPP,richten,33224,,
tg,rfd2.0,187957,188368,SCHILLER,29,hat,VAFIN,haben,33224,,
tg,rfd2.0,187957,188368,SCHILLER,29,mit,APPR,mit,33224,,
tg,rfd2.0,187957,188368,SCHILLER,29,frechen,ADJA,frechen,33224,,
tg,rfd2.0,187957,188368,SCHILLER,29,Henkershänden,NN,henkershand,33224,,
tg,rfd2.0,187957,188368,SCHILLER,29,",","$,",--,33224,,
tg,rfd2.0,187957,188368,SCHILLER,29,den,PDS,der,33224,,
tg,rfd2.0,187957,188368,SCHILLER,29,wird,VAFIN,werden,33224,,
tg,rfd2.0,187957,188368,SCHILLER,29,die,ART,der,33224,,
tg,rfd2.0,187957,188368,SCHILLER,29,Hand,NN,hand,33224,,
tg,rfd2.0,187957,188368,SCHILLER,29,Gottes,NN,gott,33224,,
tg,rfd2.0,187957,188368,SCHILLER,29,in,APPR,in,33224,,
tg,rfd2.0,187957,188368,SCHILLER,29,den,ART,der,33224,,
tg,rfd2.0,187957,188368,SCHILLER,29,Abgrund,NN,abgrund,33224,,
tg,rfd2.0,187957,188368,SCHILLER,29,werfen,VVINF,werfen,33224,,
tg,rfd2.0,187957,188368,SCHILLER,29,",","$,",--,33224,,
tg,rfd2.0,187957,188368,SCHILLER,29,wenn,KOUS,wenn,33224,,
tg,rfd2.0,187957,188368,SCHILLER,29,es,PPER,es,33224,,
tg,rfd2.0,187957,188368,SCHILLER,29,am,APPRART,an,33224,,
tg,rfd2.0,187957,188368,SCHILLER,29,jüngsten,ADJA,jung,33224,,
tg,rfd2.0,187957,188368,SCHILLER,29,Tage,NN,tag,33224,,
tg,rfd2.0,187957,188368,SCHILLER,29,schallen,VVINF,schallen,33224,,
tg,rfd2.0,187957,188368,SCHILLER,29,wird,VAFIN,werden,33224,,
tg,rfd2.0,187957,188368,SCHILLER,29,:,$.,--,33224,,
tg,rfd2.0,187957,188368,SCHILLER,29,»,XY,»,33224,,
tg,rfd2.0,187957,188368,SCHILLER,29,Allen,PIDAT,allen,33224,,
tg,rfd2.0,187957,188368,SCHILLER,29,Sündern,NN,sünder,33224,,
tg,rfd2.0,187957,188368,SCHILLER,29,sei,VAFIN,sein,33224,,
tg,rfd2.0,187957,188368,SCHILLER,29,vergeben,VVPP,vergeben,33224,,
tg,rfd2.0,187957,188368,SCHILLER,29,",","$,",--,33224,,
tg,rfd2.0,187957,188368,SCHILLER,29,nur,ADV,nur,33224,,
tg,rfd2.0,187957,188368,SCHILLER,29,den,ART,der,33224,,
tg,rfd2.0,187957,188368,SCHILLER,29,Mördern,NN,mörder,33224,,
tg,rfd2.0,187957,188368,SCHILLER,29,meiner,PPOSAT,mein,33224,SCHILLER,29
tg,rfd2.0,187957,188368,SCHILLER,29,Apostel,NN,apostel,33224,,
tg,rfd2.0,187957,188368,SCHILLER,29,nicht,PTKNEG,nicht,33224,,
tg,rfd2.0,187957,188368,SCHILLER,29,"!",$.,--,33224,,
tg,rfd2.0,187957,188368,SCHILLER,29,«,XY,«,33224,,
tg,rfd2.0,188374,188396,RIEGER,27,Jerobeam,NE,jerobeam,33224,,
tg,rfd2.0,188374,188396,RIEGER,27,"!",$.,--,33224,,
tg,rfd2.0,188374,188396,RIEGER,27,–,XY,–,33224,,
tg,rfd2.0,188374,188396,RIEGER,27,–,XY,–,33224,,
tg,rfd2.0,188401,188483,Generalin Rieger.,2,Nun,ADV,nun,33224,,
tg,rfd2.0,188401,188483,Generalin Rieger.,2,auch,ADV,auch,33224,,
tg,rfd2.0,188401,188483,Generalin Rieger.,2,das,ART,der,33224,,
tg,rfd2.0,188401,188483,Generalin Rieger.,2,noch,ADV,noch,33224,,
tg,rfd2.0,188401,188483,Generalin Rieger.,2,–,NN,–,33224,,
tg,rfd2.0,188401,188483,Generalin Rieger.,2,der,ART,der,33224,,
tg,rfd2.0,188401,188483,Generalin Rieger.,2,Rieger,NN,rieger,33224,RIEGER,27
tg,rfd2.0,188401,188483,Generalin Rieger.,2,ist,VAFIN,sein,33224,,
tg,rfd2.0,188401,188483,Generalin Rieger.,2,voll,ADJD,voll,33224,,
tg,rfd2.0,188401,188483,Generalin Rieger.,2,Wein,NN,wein,33224,,
tg,rfd2.0,188401,188483,Generalin Rieger.,2,und,KON,und,33224,,
tg,rfd2.0,188401,188483,Generalin Rieger.,2,nun,ADV,nun,33224,,
tg,rfd2.0,188401,188483,Generalin Rieger.,2,gar,ADV,gar,33224,,
tg,rfd2.0,188401,188483,Generalin Rieger.,2,fürchterlich,ADJD,fürchterlich,33224,,
tg,rfd2.0,188401,188483,Generalin Rieger.,2,"!",$.,--,33224,,
tg,rfd2.0,188488,188666,RIEGER,27,Vorlauter,NE,vorlaut,33224,,
tg,rfd2.0,188488,188666,RIEGER,27,Schreiber,NE,schreiber,33224,,
tg,rfd2.0,188488,188666,RIEGER,27,–,VVFIN,–,33224,,
tg,rfd2.0,188488,188666,RIEGER,27,ich,PPER,ich,33224,RIEGER,27
tg,rfd2.0,188488,188666,RIEGER,27,bin,VAFIN,sein,33224,,
tg,rfd2.0,188488,188666,RIEGER,27,der,ART,der,33224,,
tg,rfd2.0,188488,188666,RIEGER,27,Hüter,NE,hüter,33224,,
tg,rfd2.0,188488,188666,RIEGER,27,der,ART,der,33224,,
tg,rfd2.0,188488,188666,RIEGER,27,Löwengrube,NN,löwengrube,33224,,
tg,rfd2.0,188488,188666,RIEGER,27,",","$,",--,33224,,
tg,rfd2.0,188488,188666,RIEGER,27,in,APPR,in,33224,,
tg,rfd2.0,188488,188666,RIEGER,27,welche,PWAT,welcher,33224,,
tg,rfd2.0,188488,188666,RIEGER,27,Er,PPER,er,33224,,
tg,rfd2.0,188488,188666,RIEGER,27,vielleicht,ADV,vielleicht,33224,,
tg,rfd2.0,188488,188666,RIEGER,27,heute,ADV,heute,33224,,
tg,rfd2.0,188488,188666,RIEGER,27,noch,ADV,noch,33224,,
tg,rfd2.0,188488,188666,RIEGER,27,geworfen,VVPP,werfen,33224,,
tg,rfd2.0,188488,188666,RIEGER,27,wird,VAFIN,werden,33224,,
tg,rfd2.0,188488,188666,RIEGER,27,",","$,",--,33224,,
tg,rfd2.0,188488,188666,RIEGER,27,und,KON,und,33224,,
tg,rfd2.0,188488,188666,RIEGER,27,dann,ADV,dann,33224,,
tg,rfd2.0,188488,188666,RIEGER,27,wird,VAFIN,werden,33224,,
tg,rfd2.0,188488,188666,RIEGER,27,Er,PPER,er,33224,,
tg,rfd2.0,188488,188666,RIEGER,27,erfahren,VVFIN,erfahren,33224,,
tg,rfd2.0,188488,188666,RIEGER,27,–,XY,–,33224,,
tg,rfd2.0,188673,188860,KOCH,20,Wie,KOKOM,wie,33224,,
tg,rfd2.0,188673,188860,KOCH,20,ein,ART,ein,33224,,
tg,rfd2.0,188673,188860,KOCH,20,Wolf,NE,wolf,33224,,
tg,rfd2.0,188673,188860,KOCH,20,in,APPR,in,33224,,
tg,rfd2.0,188673,188860,KOCH,20,Schafskleidern,NN,schafskleid,33224,,
tg,rfd2.0,188673,188860,KOCH,20,außen,ADV,außen,33224,,
tg,rfd2.0,188673,188860,KOCH,20,die,ART,der,33224,,
tg,rfd2.0,188673,188860,KOCH,20,christliche,ADJA,christlich,33224,,
tg,rfd2.0,188673,188860,KOCH,20,Liebe,NN,liebe,33224,,
tg,rfd2.0,188673,188860,KOCH,20,predigt,VVFIN,predigen,33224,,
tg,rfd2.0,188673,188860,KOCH,20,und,KON,und,33224,,
tg,rfd2.0,188673,188860,KOCH,20,innen,TRUNC,innen,33224,,
tg,rfd2.0,188673,188860,KOCH,20,vor,APPR,vor,33224,,
tg,rfd2.0,188673,188860,KOCH,20,Zorn,NE,zorn,33224,,
tg,rfd2.0,188673,188860,KOCH,20,und,KON,und,33224,,
tg,rfd2.0,188673,188860,KOCH,20,Wut,NN,wut,33224,,
tg,rfd2.0,188673,188860,KOCH,20,zittert,VVFIN,zittern,33224,,
tg,rfd2.0,188673,188860,KOCH,20,und,KON,und,33224,,
tg,rfd2.0,188673,188860,KOCH,20,auf,APPR,auf,33224,,
tg,rfd2.0,188673,188860,KOCH,20,die,ART,der,33224,,
tg,rfd2.0,188673,188860,KOCH,20,Stunde,NN,stunde,33224,,
tg,rfd2.0,188673,188860,KOCH,20,der,ART,der,33224,,
tg,rfd2.0,188673,188860,KOCH,20,Rache,NN,rache,33224,,
tg,rfd2.0,188673,188860,KOCH,20,sich,PRF,sich,33224,,
tg,rfd2.0,188673,188860,KOCH,20,freut,VVFIN,freuen,33224,,
tg,rfd2.0,188673,188860,KOCH,20,.,$.,--,33224,,
tg,rfd2.0,188673,188860,KOCH,20,Ist,VAFIN,sein,33224,,
tg,rfd2.0,188673,188860,KOCH,20,das,ART,der,33224,,
tg,rfd2.0,188673,188860,KOCH,20,Christentum,NN,christentum,33224,,
tg,rfd2.0,188673,188860,KOCH,20,?,$.,--,33224,,
tg,rfd2.0,188673,188860,KOCH,20,Henkertum,NN,henkertum,33224,,
tg,rfd2.0,188673,188860,KOCH,20,ist's,VVFIN,ist,33224,,
tg,rfd2.0,188673,188860,KOCH,20,"!",$.,--,33224,,
tg,rfd2.0,188865,188892,Generalin Rieger.,2,Kinder,NN,kind,33224,,
tg,rfd2.0,188865,188892,Generalin Rieger.,2,"!",$.,--,33224,,
tg,rfd2.0,188865,188892,Generalin Rieger.,2,Kinder,NN,kind,33224,,
tg,rfd2.0,188865,188892,Generalin Rieger.,2,"!",$.,--,33224,,
tg,rfd2.0,189025,189130,Gräfin Franziska von Hohenheim.,1,Welch,PIDAT,welch,33224,,
tg,rfd2.0,189025,189130,Gräfin Franziska von Hohenheim.,1,ein,ART,ein,33224,,
tg,rfd2.0,189025,189130,Gräfin Franziska von Hohenheim.,1,Lärm,NN,lärm,33224,,
tg,rfd2.0,189025,189130,Gräfin Franziska von Hohenheim.,1,"!",$.,--,33224,,
tg,rfd2.0,189025,189130,Gräfin Franziska von Hohenheim.,1,Die,ART,der,33224,,
tg,rfd2.0,189025,189130,Gräfin Franziska von Hohenheim.,1,Herrschaften,NN,herrschaft,33224,,
tg,rfd2.0,189025,189130,Gräfin Franziska von Hohenheim.,1,kommen,VVFIN,kommen,33224,,
tg,rfd2.0,189025,189130,Gräfin Franziska von Hohenheim.,1,"!",$.,--,33224,,
tg,rfd2.0,189025,189130,Gräfin Franziska von Hohenheim.,1,Hinauf,NE,hinauf,33224,,
tg,rfd2.0,189025,189130,Gräfin Franziska von Hohenheim.,1,aufs,APPRART,auf,33224,,
tg,rfd2.0,189025,189130,Gräfin Franziska von Hohenheim.,1,Theater,NN,theater,33224,,
tg,rfd2.0,189025,189130,Gräfin Franziska von Hohenheim.,1,",","$,",--,33224,,
tg,rfd2.0,189025,189130,Gräfin Franziska von Hohenheim.,1,es,PPER,es,33224,,
tg,rfd2.0,189025,189130,Gräfin Franziska von Hohenheim.,1,soll,VMFIN,sollen,33224,,
tg,rfd2.0,189025,189130,Gräfin Franziska von Hohenheim.,1,den,ART,der,33224,,
tg,rfd2.0,189025,189130,Gräfin Franziska von Hohenheim.,1,Augenblick,NN,augenblick,33224,,
tg,rfd2.0,189025,189130,Gräfin Franziska von Hohenheim.,1,beginnen,VVFIN,beginnen,33224,,
tg,rfd2.0,189025,189130,Gräfin Franziska von Hohenheim.,1,–,XY,–,33224,,
tg,rfd2.0,189025,189130,Gräfin Franziska von Hohenheim.,1,"!",$.,--,33224,,
tg,rfd2.0,189135,189220,Generalin Rieger.,2,Hilf,VVIMP,hilf,33224,,
tg,rfd2.0,189135,189220,Generalin Rieger.,2,",","$,",--,33224,,
tg,rfd2.0,189135,189220,Generalin Rieger.,2,Franzel,NE,franzel,33224,,
tg,rfd2.0,189135,189220,Generalin Rieger.,2,"!",$.,--,33224,,
tg,rfd2.0,189135,189220,Generalin Rieger.,2,Befiehl,NE,befiehl,33224,,
tg,rfd2.0,189135,189220,Generalin Rieger.,2,",","$,",--,33224,,
tg,rfd2.0,189135,189220,Generalin Rieger.,2,daß,KOUS,daß,33224,,
tg,rfd2.0,189135,189220,Generalin Rieger.,2,die,ART,der,33224,,
tg,rfd2.0,189135,189220,Generalin Rieger.,2,Schergen,NN,scherge,33224,,
tg,rfd2.0,189135,189220,Generalin Rieger.,2,wenigstens,ADV,wenigstens,33224,,
tg,rfd2.0,189135,189220,Generalin Rieger.,2,hier,ADV,hier,33224,,
tg,rfd2.0,189135,189220,Generalin Rieger.,2,das,ART,der,33224,,
tg,rfd2.0,189135,189220,Generalin Rieger.,2,Feld,NN,feld,33224,,
tg,rfd2.0,189135,189220,Generalin Rieger.,2,räumen,VVINF,räumen,33224,,
tg,rfd2.0,189135,189220,Generalin Rieger.,2,.,$.,--,33224,,
tg,rfd2.0,189225,189247,KOCH,20,Gnädigste,ADJA,gnädig,33224,,
tg,rfd2.0,189225,189247,KOCH,20,Frau,NN,frau,33224,,
tg,rfd2.0,189225,189247,KOCH,20,"!",$.,--,33224,,
tg,rfd2.0,189252,189490,SCHILLER,29,Erlauchte,ADJA,erlaucht,33224,,
tg,rfd2.0,189252,189490,SCHILLER,29,Frau,NN,frau,33224,,
tg,rfd2.0,189252,189490,SCHILLER,29,Gräfin,NE,gräfin,33224,,
tg,rfd2.0,189252,189490,SCHILLER,29,",","$,",--,33224,,
tg,rfd2.0,189252,189490,SCHILLER,29,Sie,PPER,sie,33224,,
tg,rfd2.0,189252,189490,SCHILLER,29,waren,VAFIN,sein,33224,,
tg,rfd2.0,189252,189490,SCHILLER,29,uns,PPER,uns,33224,,
tg,rfd2.0,189252,189490,SCHILLER,29,stets,ADV,stets,33224,,
tg,rfd2.0,189252,189490,SCHILLER,29,ein,ART,ein,33224,,
tg,rfd2.0,189252,189490,SCHILLER,29,tröstender,ADJA,tröstend,33224,,
tg,rfd2.0,189252,189490,SCHILLER,29,Schutzengel,NN,schutzengel,33224,,
tg,rfd2.0,189252,189490,SCHILLER,29,",","$,",--,33224,,
tg,rfd2.0,189252,189490,SCHILLER,29,und,KON,und,33224,,
tg,rfd2.0,189252,189490,SCHILLER,29,in,APPR,in,33224,,
tg,rfd2.0,189252,189490,SCHILLER,29,der,ART,der,33224,,
tg,rfd2.0,189252,189490,SCHILLER,29,Seele,NN,seele,33224,,
tg,rfd2.0,189252,189490,SCHILLER,29,einer,ART,ein,33224,,
tg,rfd2.0,189252,189490,SCHILLER,29,edlen,ADJA,edel,33224,,
tg,rfd2.0,189252,189490,SCHILLER,29,Frau,NN,frau,33224,,
tg,rfd2.0,189252,189490,SCHILLER,29,wohnt,VVFIN,wohnen,33224,,
tg,rfd2.0,189252,189490,SCHILLER,29,immerdar,ADJD,immerdar,33224,,
tg,rfd2.0,189252,189490,SCHILLER,29,das,ART,der,33224,,
tg,rfd2.0,189252,189490,SCHILLER,29,Wohlwollen,NN,wohlwollen,33224,,
tg,rfd2.0,189252,189490,SCHILLER,29,",","$,",--,33224,,
tg,rfd2.0,189252,189490,SCHILLER,29,ja,ADV,ja,33224,,
tg,rfd2.0,189252,189490,SCHILLER,29,die,ART,der,33224,,
tg,rfd2.0,189252,189490,SCHILLER,29,Liebe,NN,liebe,33224,,
tg,rfd2.0,189252,189490,SCHILLER,29,für,APPR,für,33224,,
tg,rfd2.0,189252,189490,SCHILLER,29,poetische,ADJA,poetisch,33224,,
tg,rfd2.0,189252,189490,SCHILLER,29,Zukunft,NN,zukunft,33224,,
tg,rfd2.0,189252,189490,SCHILLER,29,",","$,",--,33224,,
tg,rfd2.0,189252,189490,SCHILLER,29,auch,ADV,auch,33224,,
tg,rfd2.0,189252,189490,SCHILLER,29,wenn,KOUS,wenn,33224,,
tg,rfd2.0,189252,189490,SCHILLER,29,diese,PDAT,dieser,33224,,
tg,rfd2.0,189252,189490,SCHILLER,29,ungestüm,ADJD,ungestüm,33224,,
tg,rfd2.0,189252,189490,SCHILLER,29,und,KON,und,33224,,
tg,rfd2.0,189252,189490,SCHILLER,29,fehlerhaft,ADJD,fehlerhaft,33224,,
tg,rfd2.0,189252,189490,SCHILLER,29,sich,PRF,sich,33224,,
tg,rfd2.0,189252,189490,SCHILLER,29,ankündigt,VVPP,ankündigen,33224,,
tg,rfd2.0,189252,189490,SCHILLER,29,.,$.,--,33224,,
tg,rfd2.0,189495,189758,Gräfin Franziska von Hohenheim.,1,Verschone,NN,verschon,33224,,
tg,rfd2.0,189495,189758,Gräfin Franziska von Hohenheim.,1,Er,PPER,er,33224,,
tg,rfd2.0,189495,189758,Gräfin Franziska von Hohenheim.,1,mich,PRF,mich,33224,Gräfin Franziska von Hohenheim.,1
tg,rfd2.0,189495,189758,Gräfin Franziska von Hohenheim.,1,in,APPR,in,33224,,
tg,rfd2.0,189495,189758,Gräfin Franziska von Hohenheim.,1,Zukunft,NN,zukunft,33224,,
tg,rfd2.0,189495,189758,Gräfin Franziska von Hohenheim.,1,mit,APPR,mit,33224,,
tg,rfd2.0,189495,189758,Gräfin Franziska von Hohenheim.,1,solchen,PIDAT,solcher,33224,,
tg,rfd2.0,189495,189758,Gräfin Franziska von Hohenheim.,1,Phrasen,NN,phrase,33224,,
tg,rfd2.0,189495,189758,Gräfin Franziska von Hohenheim.,1,;,$.,--,33224,,
tg,rfd2.0,189495,189758,Gräfin Franziska von Hohenheim.,1,ich,PPER,ich,33224,Gräfin Franziska von Hohenheim.,1
tg,rfd2.0,189495,189758,Gräfin Franziska von Hohenheim.,1,bin,VAFIN,sein,33224,,
tg,rfd2.0,189495,189758,Gräfin Franziska von Hohenheim.,1,nicht,PTKNEG,nicht,33224,,
tg,rfd2.0,189495,189758,Gräfin Franziska von Hohenheim.,1,geneigt,VVPP,neigen,33224,,
tg,rfd2.0,189495,189758,Gräfin Franziska von Hohenheim.,1,",","$,",--,33224,,
tg,rfd2.0,189495,189758,Gräfin Franziska von Hohenheim.,1,Exzesse,NN,exzeß,33224,,
tg,rfd2.0,189495,189758,Gräfin Franziska von Hohenheim.,1,zu,PTKZU,zu,33224,,
tg,rfd2.0,189495,189758,Gräfin Franziska von Hohenheim.,1,beschützen,VVINF,beschützen,33224,,
tg,rfd2.0,189495,189758,Gräfin Franziska von Hohenheim.,1,.,$.,--,33224,,
tg,rfd2.0,189495,189758,Gräfin Franziska von Hohenheim.,1,–,XY,–,33224,,
tg,rfd2.0,189495,189758,Gräfin Franziska von Hohenheim.,1,Der,ART,der,33224,,
tg,rfd2.0,189495,189758,Gräfin Franziska von Hohenheim.,1,Herzog,NE,herzog,33224,,
tg,rfd2.0,189495,189758,Gräfin Franziska von Hohenheim.,1,wartet,VVFIN,warten,33224,,
tg,rfd2.0,189495,189758,Gräfin Franziska von Hohenheim.,1,auf,APPR,auf,33224,,
tg,rfd2.0,189495,189758,Gräfin Franziska von Hohenheim.,1,den,ART,der,33224,,
tg,rfd2.0,189495,189758,Gräfin Franziska von Hohenheim.,1,Anfang,NN,anfang,33224,,
tg,rfd2.0,189495,189758,Gräfin Franziska von Hohenheim.,1,des,ART,der,33224,,
tg,rfd2.0,189495,189758,Gräfin Franziska von Hohenheim.,1,Schauspiels,NN,schauspiel,33224,,
tg,rfd2.0,189495,189758,Gräfin Franziska von Hohenheim.,1,",","$,",--,33224,,
tg,rfd2.0,189495,189758,Gräfin Franziska von Hohenheim.,1,jede,PIDAT,jeder,33224,,
tg,rfd2.0,189495,189758,Gräfin Franziska von Hohenheim.,1,Minute,NN,minute,33224,,
tg,rfd2.0,189495,189758,Gräfin Franziska von Hohenheim.,1,Verzögerung,NN,verzögerung,33224,,
tg,rfd2.0,189495,189758,Gräfin Franziska von Hohenheim.,1,wird,VAFIN,werden,33224,,
tg,rfd2.0,189495,189758,Gräfin Franziska von Hohenheim.,1,die,ART,der,33224,,
tg,rfd2.0,189495,189758,Gräfin Franziska von Hohenheim.,1,Lage,NN,lage,33224,,
tg,rfd2.0,189495,189758,Gräfin Franziska von Hohenheim.,1,des,ART,der,33224,,
tg,rfd2.0,189495,189758,Gräfin Franziska von Hohenheim.,1,Angeklagten,NN,angeklagter,33224,,
tg,rfd2.0,189495,189758,Gräfin Franziska von Hohenheim.,1,verschlimmern,VVINF,verschlimmern,33224,,
tg,rfd2.0,189495,189758,Gräfin Franziska von Hohenheim.,1,.,$.,--,33224,,
tg,rfd2.0,189495,189758,Gräfin Franziska von Hohenheim.,1,Tritt,NN,treten,33224,,
tg,rfd2.0,189495,189758,Gräfin Franziska von Hohenheim.,1,dabei,PROAV,dabei,33224,,
tg,rfd2.0,189495,189758,Gräfin Franziska von Hohenheim.,1,in,APPR,in,33224,,
tg,rfd2.0,189495,189758,Gräfin Franziska von Hohenheim.,1,den,ART,der,33224,,
tg,rfd2.0,189495,189758,Gräfin Franziska von Hohenheim.,1,Vordergrund,NN,vordergrund,33224,,
tg,rfd2.0,189495,189758,Gräfin Franziska von Hohenheim.,1,links,ADV,links,33224,,
tg,rfd2.0,189495,189758,Gräfin Franziska von Hohenheim.,1,.,$.,--,33224,,
tg,rfd2.0,189764,190272,SCHILLER,29,Welch,PIDAT,welch,33224,,
tg,rfd2.0,189764,190272,SCHILLER,29,ein,ART,ein,33224,,
tg,rfd2.0,189764,190272,SCHILLER,29,Ton,NN,ton,33224,,
tg,rfd2.0,189764,190272,SCHILLER,29,"!",$.,--,33224,,
tg,rfd2.0,189764,190272,SCHILLER,29,Welch,PIDAT,welch,33224,,
tg,rfd2.0,189764,190272,SCHILLER,29,eine,ART,ein,33224,,
tg,rfd2.0,189764,190272,SCHILLER,29,Verwandlung,NN,verwandlung,33224,,
tg,rfd2.0,189764,190272,SCHILLER,29,"!",$.,--,33224,,
tg,rfd2.0,189764,190272,SCHILLER,29,Anton,NE,anton,33224,,
tg,rfd2.0,189764,190272,SCHILLER,29,",","$,",--,33224,,
tg,rfd2.0,189764,190272,SCHILLER,29,Freund,NN,freund,33224,,
tg,rfd2.0,189764,190272,SCHILLER,29,",","$,",--,33224,,
tg,rfd2.0,189764,190272,SCHILLER,29,das,PDS,der,33224,,
tg,rfd2.0,189764,190272,SCHILLER,29,ist,VAFIN,sein,33224,,
tg,rfd2.0,189764,190272,SCHILLER,29,das,ART,der,33224,,
tg,rfd2.0,189764,190272,SCHILLER,29,Schlimmste,NN,schlimme,33224,,
tg,rfd2.0,189764,190272,SCHILLER,29,"!",$.,--,33224,,
tg,rfd2.0,189764,190272,SCHILLER,29,–,XY,–,33224,,
tg,rfd2.0,189764,190272,SCHILLER,29,Langsam,ADJD,langsam,33224,,
tg,rfd2.0,189764,190272,SCHILLER,29,und,KON,und,33224,,
tg,rfd2.0,189764,190272,SCHILLER,29,leise,ADJD,leise,33224,,
tg,rfd2.0,189764,190272,SCHILLER,29,.,$.,--,33224,,
tg,rfd2.0,189764,190272,SCHILLER,29,Wenn,KOUS,wenn,33224,,
tg,rfd2.0,189764,190272,SCHILLER,29,solch,PIDAT,solch,33224,,
tg,rfd2.0,189764,190272,SCHILLER,29,eine,ART,ein,33224,,
tg,rfd2.0,189764,190272,SCHILLER,29,Frauenseele,NN,frauenseele,33224,,
tg,rfd2.0,189764,190272,SCHILLER,29,keinen,PIAT,kein,33224,,
tg,rfd2.0,189764,190272,SCHILLER,29,Anteil,NN,anteil,33224,,
tg,rfd2.0,189764,190272,SCHILLER,29,mehr,ADV,mehr,33224,,
tg,rfd2.0,189764,190272,SCHILLER,29,fühlt,VVFIN,fühlen,33224,,
tg,rfd2.0,189764,190272,SCHILLER,29,",","$,",--,33224,,
tg,rfd2.0,189764,190272,SCHILLER,29,dann,ADV,dann,33224,,
tg,rfd2.0,189764,190272,SCHILLER,29,verdienen,VVFIN,verdienen,33224,,
tg,rfd2.0,189764,190272,SCHILLER,29,wir,PPER,wir,33224,,
tg,rfd2.0,189764,190272,SCHILLER,29,auch,ADV,auch,33224,,
tg,rfd2.0,189764,190272,SCHILLER,29,keinen,PIAT,kein,33224,,
tg,rfd2.0,189764,190272,SCHILLER,29,",","$,",--,33224,,
tg,rfd2.0,189764,190272,SCHILLER,29,dann,ADV,dann,33224,,
tg,rfd2.0,189764,190272,SCHILLER,29,haben,VAFIN,haben,33224,,
tg,rfd2.0,189764,190272,SCHILLER,29,wir,PPER,wir,33224,,
tg,rfd2.0,189764,190272,SCHILLER,29,alle,PIDAT,aller,33224,ALLE,30
tg,rfd2.0,189764,190272,SCHILLER,29,mich,PRF,mich,33224,SCHILLER,29
tg,rfd2.0,189764,190272,SCHILLER,29,überschätzt,VVPP,überschätzen,33224,,
tg,rfd2.0,189764,190272,SCHILLER,29,",","$,",--,33224,,
tg,rfd2.0,189764,190272,SCHILLER,29,und,KON,und,33224,,
tg,rfd2.0,189764,190272,SCHILLER,29,meine,PPOSAT,mein,33224,SCHILLER,29
tg,rfd2.0,189764,190272,SCHILLER,29,traurigsten,ADJA,traurig,33224,,
tg,rfd2.0,189764,190272,SCHILLER,29,Ahnungen,NN,ahnung,33224,,
tg,rfd2.0,189764,190272,SCHILLER,29,werden,VAFIN,werden,33224,,
tg,rfd2.0,189764,190272,SCHILLER,29,grinsende,ADJA,grinsend,33224,,
tg,rfd2.0,189764,190272,SCHILLER,29,Wahrheit,NN,wahrheit,33224,,
tg,rfd2.0,189764,190272,SCHILLER,29,–,XY,–,33224,,
tg,rfd2.0,189764,190272,SCHILLER,29,Anton,NE,anton,33224,,
tg,rfd2.0,189764,190272,SCHILLER,29,",","$,",--,33224,,
tg,rfd2.0,189764,190272,SCHILLER,29,ich,PPER,ich,33224,SCHILLER,29
tg,rfd2.0,189764,190272,SCHILLER,29,bin,VAFIN,sein,33224,,
tg,rfd2.0,189764,190272,SCHILLER,29,dann,ADV,dann,33224,,
tg,rfd2.0,189764,190272,SCHILLER,29,kein,PIAT,kein,33224,,
tg,rfd2.0,189764,190272,SCHILLER,29,Dichter,NN,dichter,33224,,
tg,rfd2.0,189764,190272,SCHILLER,29,",","$,",--,33224,,
tg,rfd2.0,189764,190272,SCHILLER,29,und,KON,und,33224,,
tg,rfd2.0,189764,190272,SCHILLER,29,–,XY,–,33224,,
tg,rfd2.0,189764,190272,SCHILLER,29,Ganz,ADV,ganz,33224,,
tg,rfd2.0,189764,190272,SCHILLER,29,leise,ADJD,leise,33224,,
tg,rfd2.0,189764,190272,SCHILLER,29,.,$.,--,33224,,
tg,rfd2.0,189764,190272,SCHILLER,29,mir,PPER,sich,33224,SCHILLER,29
tg,rfd2.0,189764,190272,SCHILLER,29,geschieht,VVFIN,geschehen,33224,,
tg,rfd2.0,189764,190272,SCHILLER,29,ganz,ADV,ganz,33224,,
tg,rfd2.0,189764,190272,SCHILLER,29,recht,ADJD,recht,33224,,
tg,rfd2.0,189764,190272,SCHILLER,29,",","$,",--,33224,,
tg,rfd2.0,189764,190272,SCHILLER,29,daß,KOUS,daß,33224,,
tg,rfd2.0,189764,190272,SCHILLER,29,ich,PPER,ich,33224,SCHILLER,29
tg,rfd2.0,189764,190272,SCHILLER,29,zerschmettert,VVPP,zerhmettern,33224,,
tg,rfd2.0,189764,190272,SCHILLER,29,werde,VAFIN,werden,33224,,
tg,rfd2.0,189764,190272,SCHILLER,29,"!",$.,--,33224,,
tg,rfd2.0,189764,190272,SCHILLER,29,Ganz,ADV,ganz,33224,,
tg,rfd2.0,189764,190272,SCHILLER,29,recht,ADV,recht,33224,,
tg,rfd2.0,189764,190272,SCHILLER,29,"!",$.,--,33224,,
tg,rfd2.0,189764,190272,SCHILLER,29,Hand,NN,hand,33224,,
tg,rfd2.0,189764,190272,SCHILLER,29,in,APPR,in,33224,,
tg,rfd2.0,189764,190272,SCHILLER,29,Hand,NN,hand,33224,,
tg,rfd2.0,189764,190272,SCHILLER,29,mit,APPR,mit,33224,,
tg,rfd2.0,189764,190272,SCHILLER,29,Koch,NN,koch,33224,KOCH,20
tg,rfd2.0,189764,190272,SCHILLER,29,wendet,VVFIN,wenden,33224,,
tg,rfd2.0,189764,190272,SCHILLER,29,er,PPER,er,33224,,
tg,rfd2.0,189764,190272,SCHILLER,29,sich,PRF,sich,33224,,
tg,rfd2.0,189764,190272,SCHILLER,29,nach,APPR,nach,33224,,
tg,rfd2.0,189764,190272,SCHILLER,29,hinten,ADV,hinten,33224,,
tg,rfd2.0,189764,190272,SCHILLER,29,und,KON,und,33224,,
tg,rfd2.0,189764,190272,SCHILLER,29,steigt,VVFIN,steigen,33224,,
tg,rfd2.0,189764,190272,SCHILLER,29,rechts,ADV,rechts,33224,,
tg,rfd2.0,189764,190272,SCHILLER,29,hinauf,ADV,hinauf,33224,,
tg,rfd2.0,189764,190272,SCHILLER,29,.,$.,--,33224,,
tg,rfd2.0,190278,190483,Generalin Rieger.,2,Du,PPER,du,33224,,
tg,rfd2.0,190278,190483,Generalin Rieger.,2,wirst,VAFIN,werden,33224,,
tg,rfd2.0,190278,190483,Generalin Rieger.,2,es,PPER,es,33224,,
tg,rfd2.0,190278,190483,Generalin Rieger.,2,einst,ADV,einst,33224,,
tg,rfd2.0,190278,190483,Generalin Rieger.,2,bitter,ADJD,bitter,33224,,
tg,rfd2.0,190278,190483,Generalin Rieger.,2,bereuen,VVINF,bereuen,33224,,
tg,rfd2.0,190278,190483,Generalin Rieger.,2,",","$,",--,33224,,
tg,rfd2.0,190278,190483,Generalin Rieger.,2,Franzel,NE,franzel,33224,,
tg,rfd2.0,190278,190483,Generalin Rieger.,2,",","$,",--,33224,,
tg,rfd2.0,190278,190483,Generalin Rieger.,2,diesen,PDAT,dieser,33224,,
tg,rfd2.0,190278,190483,Generalin Rieger.,2,Mann,NN,mann,33224,,
tg,rfd2.0,190278,190483,Generalin Rieger.,2,in,APPR,in,33224,,
tg,rfd2.0,190278,190483,Generalin Rieger.,2,seiner,PPOSAT,sein,33224,,
tg,rfd2.0,190278,190483,Generalin Rieger.,2,schwersten,ADJA,schwer,33224,,
tg,rfd2.0,190278,190483,Generalin Rieger.,2,Stunde,NN,stunde,33224,,
tg,rfd2.0,190278,190483,Generalin Rieger.,2,verlassen,VVINF,verlassen,33224,,
tg,rfd2.0,190278,190483,Generalin Rieger.,2,und,KON,und,33224,,
tg,rfd2.0,190278,190483,Generalin Rieger.,2,verstoßen,VVPP,verstoßen,33224,,
tg,rfd2.0,190278,190483,Generalin Rieger.,2,zu,PTKZU,zu,33224,,
tg,rfd2.0,190278,190483,Generalin Rieger.,2,haben,VAINF,haben,33224,,
tg,rfd2.0,190278,190483,Generalin Rieger.,2,.,$.,--,33224,,
tg,rfd2.0,190278,190483,Generalin Rieger.,2,Greif,NE,greif,33224,,
tg,rfd2.0,190278,190483,Generalin Rieger.,2,',$[,--,33224,,
tg,rfd2.0,190278,190483,Generalin Rieger.,2,an,APPR,an,33224,,
tg,rfd2.0,190278,190483,Generalin Rieger.,2,dein,PPOSAT,dein,33224,,
tg,rfd2.0,190278,190483,Generalin Rieger.,2,Herz,NN,herz,33224,,
tg,rfd2.0,190278,190483,Generalin Rieger.,2,und,KON,und,33224,,
tg,rfd2.0,190278,190483,Generalin Rieger.,2,zieh,ADV,zieh,33224,,
tg,rfd2.0,190278,190483,Generalin Rieger.,2,',$[,--,33224,,
tg,rfd2.0,190278,190483,Generalin Rieger.,2,den,ART,der,33224,,
tg,rfd2.0,190278,190483,Generalin Rieger.,2,Beweggrund,NN,beweggrund,33224,,
tg,rfd2.0,190278,190483,Generalin Rieger.,2,ans,APPRART,an,33224,,
tg,rfd2.0,190278,190483,Generalin Rieger.,2,Licht,NN,licht,33224,,
tg,rfd2.0,190278,190483,Generalin Rieger.,2,",","$,",--,33224,,
tg,rfd2.0,190278,190483,Generalin Rieger.,2,welcher,ADJA,welcher,33224,,
tg,rfd2.0,190278,190483,Generalin Rieger.,2,dich,PRF,dich,33224,,
tg,rfd2.0,190278,190483,Generalin Rieger.,2,leitet,VVFIN,leiten,33224,,
tg,rfd2.0,190278,190483,Generalin Rieger.,2,"!",$.,--,33224,,
tg,rfd2.0,190488,190506,Gräfin Franziska von Hohenheim.,1,Bäbele,NE,bäbele,33224,,
tg,rfd2.0,190488,190506,Gräfin Franziska von Hohenheim.,1,–,ITJ,–,33224,,
tg,rfd2.0,190488,190506,Gräfin Franziska von Hohenheim.,1,"!",$.,--,33224,,
tg,rfd2.0,190512,190886,BLEISTIFT,31,Zweiter,ADJA,zweiter,33224,,
tg,rfd2.0,190512,190886,BLEISTIFT,31,Akt,NN,Akt,33224,,
tg,rfd2.0,190512,190886,BLEISTIFT,31,ist,VAFIN,sein,33224,,
tg,rfd2.0,190512,190886,BLEISTIFT,31,erster,ADJA,erster,33224,,
tg,rfd2.0,190512,190886,BLEISTIFT,31,Akt,NN,Akt,33224,,
tg,rfd2.0,190512,190886,BLEISTIFT,31,"!",$.,--,33224,,
tg,rfd2.0,190512,190886,BLEISTIFT,31,befiehlt,VVFIN,befehlen,33224,,
tg,rfd2.0,190512,190886,BLEISTIFT,31,Durchlaucht,NN,durchlaucht,33224,,
tg,rfd2.0,190512,190886,BLEISTIFT,31,Sire,NN,sire,33224,,
tg,rfd2.0,190512,190886,BLEISTIFT,31,"!",$.,--,33224,,
tg,rfd2.0,190512,190886,BLEISTIFT,31,Die,ART,der,33224,,
tg,rfd2.0,190512,190886,BLEISTIFT,31,Damen,NN,dame,33224,,
tg,rfd2.0,190512,190886,BLEISTIFT,31,ansehend,ADJD,ansehend,33224,,
tg,rfd2.0,190512,190886,BLEISTIFT,31,und,KON,und,33224,,
tg,rfd2.0,190512,190886,BLEISTIFT,31,den,ART,der,33224,,
tg,rfd2.0,190512,190886,BLEISTIFT,31,Kopf,NN,kopf,33224,,
tg,rfd2.0,190512,190886,BLEISTIFT,31,schüttelnd,ADJD,schüttelnd,33224,,
tg,rfd2.0,190512,190886,BLEISTIFT,31,",","$,",--,33224,,
tg,rfd2.0,190512,190886,BLEISTIFT,31,steigt,VVFIN,steigen,33224,,
tg,rfd2.0,190512,190886,BLEISTIFT,31,links,ADV,links,33224,,
tg,rfd2.0,190512,190886,BLEISTIFT,31,hinauf,ADV,hinauf,33224,,
tg,rfd2.0,190512,190886,BLEISTIFT,31,.,$.,--,33224,,
tg,rfd2.0,190512,190886,BLEISTIFT,31,Das,PDS,der,33224,,
tg,rfd2.0,190512,190886,BLEISTIFT,31,sind,VAFIN,sein,33224,,
tg,rfd2.0,190512,190886,BLEISTIFT,31,nicht,PTKNEG,nicht,33224,,
tg,rfd2.0,190512,190886,BLEISTIFT,31,die,ART,der,33224,,
tg,rfd2.0,190512,190886,BLEISTIFT,31,richtigen,ADJA,richtig,33224,,
tg,rfd2.0,190512,190886,BLEISTIFT,31,Komödianten,NN,komödiant,33224,,
tg,rfd2.0,190512,190886,BLEISTIFT,31,.,$.,--,33224,,
tg,rfd2.0,190512,190886,BLEISTIFT,31,Oben,NN,oben,33224,,
tg,rfd2.0,190512,190886,BLEISTIFT,31,zur,APPRART,zu,33224,,
tg,rfd2.0,190512,190886,BLEISTIFT,31,Mitteltüre,NN,mitteltüre,33224,,
tg,rfd2.0,190512,190886,BLEISTIFT,31,hereinrufend,ADJD,hereinrufend,33224,,
tg,rfd2.0,190512,190886,BLEISTIFT,31,:,$.,--,33224,,
tg,rfd2.0,190512,190886,BLEISTIFT,31,.,$.,--,33224,,
tg,rfd2.0,190512,190886,BLEISTIFT,31,Sire,NE,sir,33224,,
tg,rfd2.0,190512,190886,BLEISTIFT,31,Durchlaucht,NE,durchlaucht,33224,,
tg,rfd2.0,190512,190886,BLEISTIFT,31,befiehlt,VVFIN,befehlen,33224,,
tg,rfd2.0,190512,190886,BLEISTIFT,31,",","$,",--,33224,,
tg,rfd2.0,190512,190886,BLEISTIFT,31,daß,KOUS,daß,33224,,
tg,rfd2.0,190512,190886,BLEISTIFT,31,mit,APPR,mit,33224,,
tg,rfd2.0,190512,190886,BLEISTIFT,31,dem,ART,der,33224,,
tg,rfd2.0,190512,190886,BLEISTIFT,31,zweiten,ADJA,zweiter,33224,,
tg,rfd2.0,190512,190886,BLEISTIFT,31,Akte,NN,akt,33224,,
tg,rfd2.0,190512,190886,BLEISTIFT,31,angefangen,VVPP,anfangen,33224,,
tg,rfd2.0,190512,190886,BLEISTIFT,31,werde,VAFIN,werden,33224,,
tg,rfd2.0,190512,190886,BLEISTIFT,31,und,KON,und,33224,,
tg,rfd2.0,190512,190886,BLEISTIFT,31,auf,APPR,auf,33224,,
tg,rfd2.0,190512,190886,BLEISTIFT,31,der,ART,der,33224,,
tg,rfd2.0,190512,190886,BLEISTIFT,31,Stelle,NN,stelle,33224,,
tg,rfd2.0,190512,190886,BLEISTIFT,31,angefangen,VVPP,anfangen,33224,,
tg,rfd2.0,190512,190886,BLEISTIFT,31,"!",$.,--,33224,,
tg,rfd2.0,190512,190886,BLEISTIFT,31,–,XY,–,33224,,
tg,rfd2.0,190512,190886,BLEISTIFT,31,Es,PPER,es,33224,,
tg,rfd2.0,190512,190886,BLEISTIFT,31,klingelt,VVFIN,klingeln,33224,,
tg,rfd2.0,190512,190886,BLEISTIFT,31,hinten,ADV,hinten,33224,,
tg,rfd2.0,190512,190886,BLEISTIFT,31,auf,APPR,auf,33224,,
tg,rfd2.0,190512,190886,BLEISTIFT,31,dem,ART,der,33224,,
tg,rfd2.0,190512,190886,BLEISTIFT,31,Theater,NN,theater,33224,,
tg,rfd2.0,190512,190886,BLEISTIFT,31,.,$.,--,33224,,
tg,rfd2.0,190512,190886,BLEISTIFT,31,Bon,NE,bon,33224,,
tg,rfd2.0,190512,190886,BLEISTIFT,31,"!",$.,--,33224,,
tg,rfd2.0,190892,190981,Herzog Karl von Württemberg.,0,Anfangen,NE,anfangen,33224,,
tg,rfd2.0,190892,190981,Herzog Karl von Württemberg.,0,"!",$.,--,33224,,
tg,rfd2.0,190892,190981,Herzog Karl von Württemberg.,0,Er,PPER,er,33224,,
tg,rfd2.0,190892,190981,Herzog Karl von Württemberg.,0,ist,VAFIN,sein,33224,,
tg,rfd2.0,190892,190981,Herzog Karl von Württemberg.,0,in,APPR,in,33224,,
tg,rfd2.0,190892,190981,Herzog Karl von Württemberg.,0,roter,ADJA,rot,33224,,
tg,rfd2.0,190892,190981,Herzog Karl von Württemberg.,0,Uniform,NN,uniform,33224,,
tg,rfd2.0,190892,190981,Herzog Karl von Württemberg.,0,mit,APPR,mit,33224,,
tg,rfd2.0,190892,190981,Herzog Karl von Württemberg.,0,großem,ADJA,groß,33224,,
tg,rfd2.0,190892,190981,Herzog Karl von Württemberg.,0,Ordensbande,NN,ordensbande,33224,,
tg,rfd2.0,190892,190981,Herzog Karl von Württemberg.,0,.,$.,--,33224,,
tg,rfd2.0,190987,191043,BLEISTIFT,31,Service,NN,service,33224,,
tg,rfd2.0,190987,191043,BLEISTIFT,31,",","$,",--,33224,,
tg,rfd2.0,190987,191043,BLEISTIFT,31,Sire,NN,sire,33224,,
tg,rfd2.0,190987,191043,BLEISTIFT,31,"!",$.,--,33224,,
tg,rfd2.0,190987,191043,BLEISTIFT,31,Zweiter,ADJA,zweiter,33224,,
tg,rfd2.0,190987,191043,BLEISTIFT,31,Akt,NN,Akt,33224,,
tg,rfd2.0,190987,191043,BLEISTIFT,31,der,ART,der,33224,,
tg,rfd2.0,190987,191043,BLEISTIFT,31,erste,ADJA,erster,33224,,
tg,rfd2.0,190987,191043,BLEISTIFT,31,.,$.,--,33224,,
tg,rfd2.0,191048,191340,Herzog Karl von Württemberg.,0,Du,PPER,du,33224,,
tg,rfd2.0,191048,191340,Herzog Karl von Württemberg.,0,hast,VAFIN,haben,33224,,
tg,rfd2.0,191048,191340,Herzog Karl von Württemberg.,0,nicht,PTKNEG,nicht,33224,,
tg,rfd2.0,191048,191340,Herzog Karl von Württemberg.,0,gehört,VVFIN,gehören,33224,,
tg,rfd2.0,191048,191340,Herzog Karl von Württemberg.,0,",","$,",--,33224,,
tg,rfd2.0,191048,191340,Herzog Karl von Württemberg.,0,Franzel,NE,franzel,33224,,
tg,rfd2.0,191048,191340,Herzog Karl von Württemberg.,0,",","$,",--,33224,,
tg,rfd2.0,191048,191340,Herzog Karl von Württemberg.,0,daß,KOUS,daß,33224,,
tg,rfd2.0,191048,191340,Herzog Karl von Württemberg.,0,einer,PIS,einer,33224,,
tg,rfd2.0,191048,191340,Herzog Karl von Württemberg.,0,der,ART,der,33224,,
tg,rfd2.0,191048,191340,Herzog Karl von Württemberg.,0,Russen,NN,russe,33224,,
tg,rfd2.0,191048,191340,Herzog Karl von Württemberg.,0,meinte,VVFIN,meinen,33224,,
tg,rfd2.0,191048,191340,Herzog Karl von Württemberg.,0,",","$,",--,33224,,
tg,rfd2.0,191048,191340,Herzog Karl von Württemberg.,0,die,ART,der,33224,,
tg,rfd2.0,191048,191340,Herzog Karl von Württemberg.,0,ersten,ADJA,erster,33224,,
tg,rfd2.0,191048,191340,Herzog Karl von Württemberg.,0,Akte,NN,akte,33224,,
tg,rfd2.0,191048,191340,Herzog Karl von Württemberg.,0,seien,VAFIN,sein,33224,,
tg,rfd2.0,191048,191340,Herzog Karl von Württemberg.,0,immer,ADV,immer,33224,,
tg,rfd2.0,191048,191340,Herzog Karl von Württemberg.,0,langweilig,ADJD,langweilig,33224,,
tg,rfd2.0,191048,191340,Herzog Karl von Württemberg.,0,",","$,",--,33224,,
tg,rfd2.0,191048,191340,Herzog Karl von Württemberg.,0,man,PIS,man,33224,,
tg,rfd2.0,191048,191340,Herzog Karl von Württemberg.,0,müßte,VMFIN,müssen,33224,,
tg,rfd2.0,191048,191340,Herzog Karl von Württemberg.,0,stets,ADV,stets,33224,,
tg,rfd2.0,191048,191340,Herzog Karl von Württemberg.,0,mit,APPR,mit,33224,,
tg,rfd2.0,191048,191340,Herzog Karl von Württemberg.,0,dem,ART,der,33224,,
tg,rfd2.0,191048,191340,Herzog Karl von Württemberg.,0,zweiten,ADJA,zweiter,33224,,
tg,rfd2.0,191048,191340,Herzog Karl von Württemberg.,0,anfangen,VVINF,anfangen,33224,,
tg,rfd2.0,191048,191340,Herzog Karl von Württemberg.,0,.,$.,--,33224,,
tg,rfd2.0,191048,191340,Herzog Karl von Württemberg.,0,Nun,ADV,nun,33224,,
tg,rfd2.0,191048,191340,Herzog Karl von Württemberg.,0,",","$,",--,33224,,
tg,rfd2.0,191048,191340,Herzog Karl von Württemberg.,0,ein,ART,ein,33224,,
tg,rfd2.0,191048,191340,Herzog Karl von Württemberg.,0,guter,ADJA,gut,33224,,
tg,rfd2.0,191048,191340,Herzog Karl von Württemberg.,0,Wirt,NN,wirt,33224,,
tg,rfd2.0,191048,191340,Herzog Karl von Württemberg.,0,sorgt,VVFIN,sorgen,33224,,
tg,rfd2.0,191048,191340,Herzog Karl von Württemberg.,0,dafür,PROAV,dafür,33224,,
tg,rfd2.0,191048,191340,Herzog Karl von Württemberg.,0,",","$,",--,33224,,
tg,rfd2.0,191048,191340,Herzog Karl von Württemberg.,0,daß,KOUS,daß,33224,,
tg,rfd2.0,191048,191340,Herzog Karl von Württemberg.,0,seine,PPOSAT,sein,33224,,
tg,rfd2.0,191048,191340,Herzog Karl von Württemberg.,0,Gäste,NN,gast,33224,,
tg,rfd2.0,191048,191340,Herzog Karl von Württemberg.,0,nicht,PTKNEG,nicht,33224,,
tg,rfd2.0,191048,191340,Herzog Karl von Württemberg.,0,umsonst,ADV,umsonst,33224,,
tg,rfd2.0,191048,191340,Herzog Karl von Württemberg.,0,geistreich,ADJD,geistreich,33224,,
tg,rfd2.0,191048,191340,Herzog Karl von Württemberg.,0,sind,VAFIN,sein,33224,,
tg,rfd2.0,191048,191340,Herzog Karl von Württemberg.,0,–,XY,–,33224,,
tg,rfd2.0,191048,191340,Herzog Karl von Württemberg.,0,was,PWS,was,33224,,
tg,rfd2.0,191048,191340,Herzog Karl von Württemberg.,0,sagst,VVFIN,sagen,33224,,
tg,rfd2.0,191048,191340,Herzog Karl von Württemberg.,0,du,PPER,du,33224,,
tg,rfd2.0,191048,191340,Herzog Karl von Württemberg.,0,dazu,PROAV,dazu,33224,,
tg,rfd2.0,191048,191340,Herzog Karl von Württemberg.,0,",","$,",--,33224,,
tg,rfd2.0,191048,191340,Herzog Karl von Württemberg.,0,Franzel,NE,franzel,33224,,
tg,rfd2.0,191048,191340,Herzog Karl von Württemberg.,0,",","$,",--,33224,,
tg,rfd2.0,191048,191340,Herzog Karl von Württemberg.,0,du,PPER,du,33224,,
tg,rfd2.0,191048,191340,Herzog Karl von Württemberg.,0,siehst,VVFIN,sehen,33224,,
tg,rfd2.0,191048,191340,Herzog Karl von Württemberg.,0,ja,ADV,ja,33224,,
tg,rfd2.0,191048,191340,Herzog Karl von Württemberg.,0,stockernsthaft,ADJD,stockernsthaft,33224,,
tg,rfd2.0,191048,191340,Herzog Karl von Württemberg.,0,aus,PTKVZ,aus,33224,,
tg,rfd2.0,191048,191340,Herzog Karl von Württemberg.,0,.,$.,--,33224,,
tg,rfd2.0,191345,191399,Gräfin Franziska von Hohenheim.,1,Die,ART,der,33224,,
tg,rfd2.0,191345,191399,Gräfin Franziska von Hohenheim.,1,jungen,ADJA,jung,33224,,
tg,rfd2.0,191345,191399,Gräfin Franziska von Hohenheim.,1,Leute,NN,leute,33224,,
tg,rfd2.0,191345,191399,Gräfin Franziska von Hohenheim.,1,werden,VAFIN,werden,33224,,
tg,rfd2.0,191345,191399,Gräfin Franziska von Hohenheim.,1,nun,ADV,nun,33224,,
tg,rfd2.0,191345,191399,Gräfin Franziska von Hohenheim.,1,schlecht,ADJD,schlecht,33224,,
tg,rfd2.0,191345,191399,Gräfin Franziska von Hohenheim.,1,spielen,VVINF,spielen,33224,,
tg,rfd2.0,191345,191399,Gräfin Franziska von Hohenheim.,1,.,$.,--,33224,,
tg,rfd2.0,191404,191495,Herzog Karl von Württemberg.,0,Das,PDS,der,33224,,
tg,rfd2.0,191404,191495,Herzog Karl von Württemberg.,0,will,VMFIN,wollen,33224,,
tg,rfd2.0,191404,191495,Herzog Karl von Württemberg.,0,ich,PPER,ich,33224,Herzog Karl von Württemberg.,0
tg,rfd2.0,191404,191495,Herzog Karl von Württemberg.,0,nicht,PTKNEG,nicht,33224,,
tg,rfd2.0,191404,191495,Herzog Karl von Württemberg.,0,hoffen,VVFIN,hoffen,33224,,
tg,rfd2.0,191404,191495,Herzog Karl von Württemberg.,0,",","$,",--,33224,,
tg,rfd2.0,191404,191495,Herzog Karl von Württemberg.,0,sie,PPER,sie,33224,,
tg,rfd2.0,191404,191495,Herzog Karl von Württemberg.,0,sollen,VMFIN,sollen,33224,,
tg,rfd2.0,191404,191495,Herzog Karl von Württemberg.,0,mir,PPER,sich,33224,Herzog Karl von Württemberg.,0
tg,rfd2.0,191404,191495,Herzog Karl von Württemberg.,0,Ehre,NN,ehre,33224,,
tg,rfd2.0,191404,191495,Herzog Karl von Württemberg.,0,machen,VVFIN,machen,33224,,
tg,rfd2.0,191404,191495,Herzog Karl von Württemberg.,0,–,XY,–,33224,,
tg,rfd2.0,191404,191495,Herzog Karl von Württemberg.,0,was,PWS,was,33224,,
tg,rfd2.0,191404,191495,Herzog Karl von Württemberg.,0,ist,VAFIN,sein,33224,,
tg,rfd2.0,191404,191495,Herzog Karl von Württemberg.,0,dir,PPER,dir,33224,,
tg,rfd2.0,191404,191495,Herzog Karl von Württemberg.,0,denn,ADV,denn,33224,,
tg,rfd2.0,191404,191495,Herzog Karl von Württemberg.,0,",","$,",--,33224,,
tg,rfd2.0,191404,191495,Herzog Karl von Württemberg.,0,Franzel,NN,franzel,33224,,
tg,rfd2.0,191404,191495,Herzog Karl von Württemberg.,0,?,$.,--,33224,,
tg,rfd2.0,191500,191544,Gräfin Franziska von Hohenheim.,1,Ich,PPER,ich,33224,,
tg,rfd2.0,191500,191544,Gräfin Franziska von Hohenheim.,1,bin,VAFIN,sein,33224,,
tg,rfd2.0,191500,191544,Gräfin Franziska von Hohenheim.,1,unzufrieden,ADJD,unzufrieden,33224,,
tg,rfd2.0,191500,191544,Gräfin Franziska von Hohenheim.,1,mit,APPR,mit,33224,,
tg,rfd2.0,191500,191544,Gräfin Franziska von Hohenheim.,1,mir,PPER,sich,33224,Gräfin Franziska von Hohenheim.,1
tg,rfd2.0,191500,191544,Gräfin Franziska von Hohenheim.,1,selbst,ADV,selbst,33224,,
tg,rfd2.0,191500,191544,Gräfin Franziska von Hohenheim.,1,.,$.,--,33224,,
tg,rfd2.0,191549,191906,Herzog Karl von Württemberg.,0,Sei,VAIMP,sei,33224,,
tg,rfd2.0,191549,191906,Herzog Karl von Württemberg.,0,gescheit,ADJD,gescheit,33224,,
tg,rfd2.0,191549,191906,Herzog Karl von Württemberg.,0,"!",$.,--,33224,,
tg,rfd2.0,191549,191906,Herzog Karl von Württemberg.,0,Tafel,NE,tafel,33224,,
tg,rfd2.0,191549,191906,Herzog Karl von Württemberg.,0,und,KON,und,33224,,
tg,rfd2.0,191549,191906,Herzog Karl von Württemberg.,0,Arrangement,NN,arrangement,33224,,
tg,rfd2.0,191549,191906,Herzog Karl von Württemberg.,0,waren,VAFIN,sein,33224,,
tg,rfd2.0,191549,191906,Herzog Karl von Württemberg.,0,ja,ADV,ja,33224,,
tg,rfd2.0,191549,191906,Herzog Karl von Württemberg.,0,magnifik,ADJD,magnifik,33224,,
tg,rfd2.0,191549,191906,Herzog Karl von Württemberg.,0,–,XY,–,33224,,
tg,rfd2.0,191549,191906,Herzog Karl von Württemberg.,0,jetzt,ADV,jetzt,33224,,
tg,rfd2.0,191549,191906,Herzog Karl von Württemberg.,0,zum,APPRART,zu,33224,,
tg,rfd2.0,191549,191906,Herzog Karl von Württemberg.,0,Kaffee,NN,kaffee,33224,,
tg,rfd2.0,191549,191906,Herzog Karl von Württemberg.,0,noch,ADV,noch,33224,,
tg,rfd2.0,191549,191906,Herzog Karl von Württemberg.,0,eine,ART,ein,33224,,
tg,rfd2.0,191549,191906,Herzog Karl von Württemberg.,0,halbe,ADJA,halb,33224,,
tg,rfd2.0,191549,191906,Herzog Karl von Württemberg.,0,Stunde,NN,stunde,33224,,
tg,rfd2.0,191549,191906,Herzog Karl von Württemberg.,0,Schauspiel,NN,schauspiel,33224,,
tg,rfd2.0,191549,191906,Herzog Karl von Württemberg.,0,–,VVFIN,–,33224,,
tg,rfd2.0,191549,191906,Herzog Karl von Württemberg.,0,dann,ADV,dann,33224,,
tg,rfd2.0,191549,191906,Herzog Karl von Württemberg.,0,Schlummer,NN,schlummer,33224,,
tg,rfd2.0,191549,191906,Herzog Karl von Württemberg.,0,",","$,",--,33224,,
tg,rfd2.0,191549,191906,Herzog Karl von Württemberg.,0,gegen,APPR,gegen,33224,,
tg,rfd2.0,191549,191906,Herzog Karl von Württemberg.,0,Mittag,NN,mittag,33224,,
tg,rfd2.0,191549,191906,Herzog Karl von Württemberg.,0,Parade,NE,parade,33224,,
tg,rfd2.0,191549,191906,Herzog Karl von Württemberg.,0,–,XY,–,33224,,
tg,rfd2.0,191549,191906,Herzog Karl von Württemberg.,0,gegen,APPR,gegen,33224,,
tg,rfd2.0,191549,191906,Herzog Karl von Württemberg.,0,Abend,NN,abend,33224,,
tg,rfd2.0,191549,191906,Herzog Karl von Württemberg.,0,hab,VAFIN,hab,33224,,
tg,rfd2.0,191549,191906,Herzog Karl von Württemberg.,0,',$[,--,33224,,
tg,rfd2.0,191549,191906,Herzog Karl von Württemberg.,0,ich,PPER,ich,33224,Herzog Karl von Württemberg.,0
tg,rfd2.0,191549,191906,Herzog Karl von Württemberg.,0,meine,PPOSAT,mein,33224,Herzog Karl von Württemberg.,0
tg,rfd2.0,191549,191906,Herzog Karl von Württemberg.,0,sechstausend,ADJD,sechstausend,33224,,
tg,rfd2.0,191549,191906,Herzog Karl von Württemberg.,0,Hirsche,ADJA,hirsche,33224,,
tg,rfd2.0,191549,191906,Herzog Karl von Württemberg.,0,am,APPRART,an,33224,,
tg,rfd2.0,191549,191906,Herzog Karl von Württemberg.,0,See,NN,see,33224,,
tg,rfd2.0,191549,191906,Herzog Karl von Württemberg.,0,–,XY,–,33224,,
tg,rfd2.0,191549,191906,Herzog Karl von Württemberg.,0,dann,ADV,dann,33224,,
tg,rfd2.0,191549,191906,Herzog Karl von Württemberg.,0,Feuerwerk,NN,feuerwerk,33224,,
tg,rfd2.0,191549,191906,Herzog Karl von Württemberg.,0,und,KON,und,33224,,
tg,rfd2.0,191549,191906,Herzog Karl von Württemberg.,0,Illumination,NN,illumination,33224,,
tg,rfd2.0,191549,191906,Herzog Karl von Württemberg.,0,auf,APPR,auf,33224,,
tg,rfd2.0,191549,191906,Herzog Karl von Württemberg.,0,der,ART,der,33224,,
tg,rfd2.0,191549,191906,Herzog Karl von Württemberg.,0,Solitude,NN,solitude,33224,,
tg,rfd2.0,191549,191906,Herzog Karl von Württemberg.,0,",","$,",--,33224,,
tg,rfd2.0,191549,191906,Herzog Karl von Württemberg.,0,die,PRELS,der,33224,,
tg,rfd2.0,191549,191906,Herzog Karl von Württemberg.,0,sollen,VMFIN,sollen,33224,,
tg,rfd2.0,191549,191906,Herzog Karl von Württemberg.,0,Respekt,NN,respekt,33224,,
tg,rfd2.0,191549,191906,Herzog Karl von Württemberg.,0,kriegen,VVFIN,kriegen,33224,,
tg,rfd2.0,191549,191906,Herzog Karl von Württemberg.,0,vor,APPR,vor,33224,,
tg,rfd2.0,191549,191906,Herzog Karl von Württemberg.,0,dem,ART,der,33224,,
tg,rfd2.0,191549,191906,Herzog Karl von Württemberg.,0,Herzoge,NN,herzoge,33224,,
tg,rfd2.0,191549,191906,Herzog Karl von Württemberg.,0,in,APPR,in,33224,,
tg,rfd2.0,191549,191906,Herzog Karl von Württemberg.,0,Schwaben,NN,schwaben,33224,,
tg,rfd2.0,191549,191906,Herzog Karl von Württemberg.,0,",","$,",--,33224,,
tg,rfd2.0,191549,191906,Herzog Karl von Württemberg.,0,nicht,PTKNEG,nicht,33224,,
tg,rfd2.0,191549,191906,Herzog Karl von Württemberg.,0,wahr,ADJD,wahr,33224,,
tg,rfd2.0,191549,191906,Herzog Karl von Württemberg.,0,",","$,",--,33224,,
tg,rfd2.0,191549,191906,Herzog Karl von Württemberg.,0,alter,ADJA,alt,33224,,
tg,rfd2.0,191549,191906,Herzog Karl von Württemberg.,0,Brummbär,NN,brummbär,33224,,
tg,rfd2.0,191549,191906,Herzog Karl von Württemberg.,0,?,$.,--,33224,,
tg,rfd2.0,191549,191906,Herzog Karl von Württemberg.,0,Zu,PTKZU,zu,33224,,
tg,rfd2.0,191549,191906,Herzog Karl von Württemberg.,0,Rieger,VVINF,rieger,33224,RIEGER,27
tg,rfd2.0,191549,191906,Herzog Karl von Württemberg.,0,.,$.,--,33224,,
tg,rfd2.0,191912,192002,RIEGER,27,Hoffart,NE,hoffart,33224,,
tg,rfd2.0,191912,192002,RIEGER,27,treibt,VVFIN,treiben,33224,,
tg,rfd2.0,191912,192002,RIEGER,27,zu,APPR,zu,33224,,
tg,rfd2.0,191912,192002,RIEGER,27,allen,PIDAT,aller,33224,,
tg,rfd2.0,191912,192002,RIEGER,27,Sünden,NN,sünde,33224,,
tg,rfd2.0,191912,192002,RIEGER,27,",","$,",--,33224,,
tg,rfd2.0,191912,192002,RIEGER,27,und,KON,und,33224,,
tg,rfd2.0,191912,192002,RIEGER,27,wer,PWS,wer,33224,,
tg,rfd2.0,191912,192002,RIEGER,27,darin,PROAV,darin,33224,,
tg,rfd2.0,191912,192002,RIEGER,27,steckt,VVFIN,stecken,33224,,
tg,rfd2.0,191912,192002,RIEGER,27,",","$,",--,33224,,
tg,rfd2.0,191912,192002,RIEGER,27,der,PRELS,der,33224,,
tg,rfd2.0,191912,192002,RIEGER,27,richtet,VVFIN,richten,33224,,
tg,rfd2.0,191912,192002,RIEGER,27,viel,PIDAT,viel,33224,,
tg,rfd2.0,191912,192002,RIEGER,27,Greuel,NN,greuel,33224,,
tg,rfd2.0,191912,192002,RIEGER,27,an,PTKVZ,an,33224,,
tg,rfd2.0,191912,192002,RIEGER,27,.,$.,--,33224,,
tg,rfd2.0,192007,192092,Herzog Karl von Württemberg.,0,Ist,VAFIN,sein,33224,,
tg,rfd2.0,192007,192092,Herzog Karl von Württemberg.,0,Er,PPER,er,33224,,
tg,rfd2.0,192007,192092,Herzog Karl von Württemberg.,0,verrückt,VVFIN,verrücken,33224,,
tg,rfd2.0,192007,192092,Herzog Karl von Württemberg.,0,",","$,",--,33224,,
tg,rfd2.0,192007,192092,Herzog Karl von Württemberg.,0,Betbruder,ADJA,betbruder,33224,,
tg,rfd2.0,192007,192092,Herzog Karl von Württemberg.,0,–,NN,–,33224,,
tg,rfd2.0,192007,192092,Herzog Karl von Württemberg.,0,und,KON,und,33224,,
tg,rfd2.0,192007,192092,Herzog Karl von Württemberg.,0,was,PWS,was,33224,,
tg,rfd2.0,192007,192092,Herzog Karl von Württemberg.,0,hat,VAFIN,haben,33224,,
tg,rfd2.0,192007,192092,Herzog Karl von Württemberg.,0,Er,PPER,er,33224,,
tg,rfd2.0,192007,192092,Herzog Karl von Württemberg.,0,da,ADV,da,33224,,
tg,rfd2.0,192007,192092,Herzog Karl von Württemberg.,0,für,APPR,für,33224,,
tg,rfd2.0,192007,192092,Herzog Karl von Württemberg.,0,einen,ART,ein,33224,,
tg,rfd2.0,192007,192092,Herzog Karl von Württemberg.,0,Aufzug,NN,aufzug,33224,,
tg,rfd2.0,192007,192092,Herzog Karl von Württemberg.,0,hinter,APPR,hinter,33224,,
tg,rfd2.0,192007,192092,Herzog Karl von Württemberg.,0,sich,PRF,sich,33224,,
tg,rfd2.0,192007,192092,Herzog Karl von Württemberg.,0,?,$.,--,33224,,
tg,rfd2.0,192097,192219,RIEGER,27,Es,PPER,es,33224,,
tg,rfd2.0,192097,192219,RIEGER,27,ist,VAFIN,sein,33224,,
tg,rfd2.0,192097,192219,RIEGER,27,die,ART,der,33224,,
tg,rfd2.0,192097,192219,RIEGER,27,Frucht,NN,frucht,33224,,
tg,rfd2.0,192097,192219,RIEGER,27,Eurer,NE,eurer,33224,,
tg,rfd2.0,192097,192219,RIEGER,27,Befehle,NE,befehl,33224,,
tg,rfd2.0,192097,192219,RIEGER,27,",","$,",--,33224,,
tg,rfd2.0,192097,192219,RIEGER,27,Herr,NN,herr,33224,,
tg,rfd2.0,192097,192219,RIEGER,27,"!",$.,--,33224,,
tg,rfd2.0,192097,192219,RIEGER,27,Dort,ADV,dort,33224,,
tg,rfd2.0,192097,192219,RIEGER,27,die,ART,der,33224,,
tg,rfd2.0,192097,192219,RIEGER,27,gedruckten,ADJA,gedruckt,33224,,
tg,rfd2.0,192097,192219,RIEGER,27,Frevel,NN,frevel,33224,,
tg,rfd2.0,192097,192219,RIEGER,27,des,ART,der,33224,,
tg,rfd2.0,192097,192219,RIEGER,27,frechen,ADJA,frechen,33224,,
tg,rfd2.0,192097,192219,RIEGER,27,Schreibers,NN,schreiber,33224,,
tg,rfd2.0,192097,192219,RIEGER,27,",","$,",--,33224,,
tg,rfd2.0,192097,192219,RIEGER,27,hier,ADV,hier,33224,,
tg,rfd2.0,192097,192219,RIEGER,27,die,ART,der,33224,,
tg,rfd2.0,192097,192219,RIEGER,27,geschriebenen,ADJA,geschrieben,33224,,
tg,rfd2.0,192097,192219,RIEGER,27,.,$.,--,33224,,
tg,rfd2.0,192224,192456,Herzog Karl von Württemberg.,0,Salbader,NN,salbader,33224,,
tg,rfd2.0,192224,192456,Herzog Karl von Württemberg.,0,ohne,APPR,ohne,33224,,
tg,rfd2.0,192224,192456,Herzog Karl von Württemberg.,0,Schick,NE,schick,33224,,
tg,rfd2.0,192224,192456,Herzog Karl von Württemberg.,0,"!",$.,--,33224,,
tg,rfd2.0,192224,192456,Herzog Karl von Württemberg.,0,Er,PPER,er,33224,,
tg,rfd2.0,192224,192456,Herzog Karl von Württemberg.,0,verlernt,VVPP,verlernen,33224,,
tg,rfd2.0,192224,192456,Herzog Karl von Württemberg.,0,doch,KON,doch,33224,,
tg,rfd2.0,192224,192456,Herzog Karl von Württemberg.,0,alle,PIDAT,aller,33224,ALLE,30
tg,rfd2.0,192224,192456,Herzog Karl von Württemberg.,0,Lebensart,NN,lebensart,33224,,
tg,rfd2.0,192224,192456,Herzog Karl von Württemberg.,0,über,APPR,über,33224,,
tg,rfd2.0,192224,192456,Herzog Karl von Württemberg.,0,Seiner,PPOSAT,sein,33224,,
tg,rfd2.0,192224,192456,Herzog Karl von Württemberg.,0,Litanei,NN,litanei,33224,,
tg,rfd2.0,192224,192456,Herzog Karl von Württemberg.,0,"!",$.,--,33224,,
tg,rfd2.0,192224,192456,Herzog Karl von Württemberg.,0,Läßt,VVFIN,lassen,33224,,
tg,rfd2.0,192224,192456,Herzog Karl von Württemberg.,0,Staub,NN,staub,33224,,
tg,rfd2.0,192224,192456,Herzog Karl von Württemberg.,0,und,KON,und,33224,,
tg,rfd2.0,192224,192456,Herzog Karl von Württemberg.,0,Motten,NN,motte,33224,,
tg,rfd2.0,192224,192456,Herzog Karl von Württemberg.,0,hierher,PROAV,hierher,33224,,
tg,rfd2.0,192224,192456,Herzog Karl von Württemberg.,0,schleppen,VVFIN,schleppen,33224,,
tg,rfd2.0,192224,192456,Herzog Karl von Württemberg.,0,",","$,",--,33224,,
tg,rfd2.0,192224,192456,Herzog Karl von Württemberg.,0,wo,PWAV,wo,33224,,
tg,rfd2.0,192224,192456,Herzog Karl von Württemberg.,0,jeden,PIDAT,jeder,33224,,
tg,rfd2.0,192224,192456,Herzog Karl von Württemberg.,0,Augenblick,NN,augenblick,33224,,
tg,rfd2.0,192224,192456,Herzog Karl von Württemberg.,0,ein,ART,ein,33224,,
tg,rfd2.0,192224,192456,Herzog Karl von Württemberg.,0,Gast,NN,gast,33224,,
tg,rfd2.0,192224,192456,Herzog Karl von Württemberg.,0,eintreten,VVINF,eintreten,33224,,
tg,rfd2.0,192224,192456,Herzog Karl von Württemberg.,0,kann,VMFIN,können,33224,,
tg,rfd2.0,192224,192456,Herzog Karl von Württemberg.,0,.,$.,--,33224,,
tg,rfd2.0,192224,192456,Herzog Karl von Württemberg.,0,Zu,APPR,zu,33224,,
tg,rfd2.0,192224,192456,Herzog Karl von Württemberg.,0,den,ART,der,33224,,
tg,rfd2.0,192224,192456,Herzog Karl von Württemberg.,0,Soldaten,NN,soldat,33224,,
tg,rfd2.0,192224,192456,Herzog Karl von Württemberg.,0,.,$.,--,33224,,
tg,rfd2.0,192224,192456,Herzog Karl von Württemberg.,0,Marsch,NE,marsch,33224,,
tg,rfd2.0,192224,192456,Herzog Karl von Württemberg.,0,hinaus,PTKVZ,hinaus,33224,,
tg,rfd2.0,192224,192456,Herzog Karl von Württemberg.,0,"!",$.,--,33224,,
tg,rfd2.0,192224,192456,Herzog Karl von Württemberg.,0,Die,ART,der,33224,,
tg,rfd2.0,192224,192456,Herzog Karl von Württemberg.,0,Soldaten,NN,soldat,33224,,
tg,rfd2.0,192224,192456,Herzog Karl von Württemberg.,0,rechts,ADV,rechts,33224,,
tg,rfd2.0,192224,192456,Herzog Karl von Württemberg.,0,wieder,ADV,wieder,33224,,
tg,rfd2.0,192224,192456,Herzog Karl von Württemberg.,0,ab,PTKVZ,ab,33224,,
tg,rfd2.0,192224,192456,Herzog Karl von Württemberg.,0,.,$.,--,33224,,
tg,rfd2.0,192462,192505,Generalin Rieger.,2,Das,PDS,der,33224,,
tg,rfd2.0,192462,192505,Generalin Rieger.,2,ist,VAFIN,sein,33224,,
tg,rfd2.0,192462,192505,Generalin Rieger.,2,dir,PPER,dir,33224,,
tg,rfd2.0,192462,192505,Generalin Rieger.,2,gesund,ADJD,gesund,33224,,
tg,rfd2.0,192462,192505,Generalin Rieger.,2,"!",$.,--,33224,,
tg,rfd2.0,192510,192537,RIEGER,27,Weltlicher,ADJA,weltlich,33224,,
tg,rfd2.0,192510,192537,RIEGER,27,Herr,NN,herr,33224,,
tg,rfd2.0,192510,192537,RIEGER,27,"!",$.,--,33224,,
tg,rfd2.0,192510,192537,RIEGER,27,–,XY,–,33224,,
tg,rfd2.0,192542,192775,Herzog Karl von Württemberg.,0,Nicht,PTKNEG,nicht,33224,,
tg,rfd2.0,192542,192775,Herzog Karl von Württemberg.,0,räsonniert,VVPP,räsonnieren,33224,,
tg,rfd2.0,192542,192775,Herzog Karl von Württemberg.,0,.,$.,--,33224,,
tg,rfd2.0,192542,192775,Herzog Karl von Württemberg.,0,Ich,PPER,ich,33224,,
tg,rfd2.0,192542,192775,Herzog Karl von Württemberg.,0,will,VMFIN,wollen,33224,,
tg,rfd2.0,192542,192775,Herzog Karl von Württemberg.,0,Ihm,PPER,ihm,33224,,
tg,rfd2.0,192542,192775,Herzog Karl von Württemberg.,0,den,ART,der,33224,,
tg,rfd2.0,192542,192775,Herzog Karl von Württemberg.,0,Spaß,NN,spaß,33224,,
tg,rfd2.0,192542,192775,Herzog Karl von Württemberg.,0,vertreiben,VVINF,vertreiben,33224,,
tg,rfd2.0,192542,192775,Herzog Karl von Württemberg.,0,",","$,",--,33224,,
tg,rfd2.0,192542,192775,Herzog Karl von Württemberg.,0,auch,ADV,auch,33224,,
tg,rfd2.0,192542,192775,Herzog Karl von Württemberg.,0,mir,PPER,sich,33224,Herzog Karl von Württemberg.,0
tg,rfd2.0,192542,192775,Herzog Karl von Württemberg.,0,mit,APPR,mit,33224,,
tg,rfd2.0,192542,192775,Herzog Karl von Württemberg.,0,Seiner,PPOSAT,sein,33224,,
tg,rfd2.0,192542,192775,Herzog Karl von Württemberg.,0,geistlichen,ADJA,geistlich,33224,,
tg,rfd2.0,192542,192775,Herzog Karl von Württemberg.,0,Hoffart,NE,hoffart,33224,,
tg,rfd2.0,192542,192775,Herzog Karl von Württemberg.,0,entgegenzutreten,VVINF,entgegentreten,33224,,
tg,rfd2.0,192542,192775,Herzog Karl von Württemberg.,0,.,$.,--,33224,,
tg,rfd2.0,192542,192775,Herzog Karl von Württemberg.,0,Sie,PPER,sie,33224,,
tg,rfd2.0,192542,192775,Herzog Karl von Württemberg.,0,ist,VAFIN,sein,33224,,
tg,rfd2.0,192542,192775,Herzog Karl von Württemberg.,0,mir,PPER,sich,33224,Herzog Karl von Württemberg.,0
tg,rfd2.0,192542,192775,Herzog Karl von Württemberg.,0,nicht,PTKNEG,nicht,33224,,
tg,rfd2.0,192542,192775,Herzog Karl von Württemberg.,0,minder,ADV,minder,33224,,
tg,rfd2.0,192542,192775,Herzog Karl von Württemberg.,0,zuwider,ADV,zuwider,33224,,
tg,rfd2.0,192542,192775,Herzog Karl von Württemberg.,0,",","$,",--,33224,,
tg,rfd2.0,192542,192775,Herzog Karl von Württemberg.,0,als,KOKOM,als,33224,,
tg,rfd2.0,192542,192775,Herzog Karl von Württemberg.,0,jede,PIDAT,jeder,33224,,
tg,rfd2.0,192542,192775,Herzog Karl von Württemberg.,0,andere,ADJA,anderer,33224,,
tg,rfd2.0,192542,192775,Herzog Karl von Württemberg.,0,",","$,",--,33224,,
tg,rfd2.0,192542,192775,Herzog Karl von Württemberg.,0,ja,ADV,ja,33224,,
tg,rfd2.0,192542,192775,Herzog Karl von Württemberg.,0,sie,PPER,sie,33224,,
tg,rfd2.0,192542,192775,Herzog Karl von Württemberg.,0,ist,VAFIN,sein,33224,,
tg,rfd2.0,192542,192775,Herzog Karl von Württemberg.,0,eigentlich,ADV,eigentlich,33224,,
tg,rfd2.0,192542,192775,Herzog Karl von Württemberg.,0,die,ART,der,33224,,
tg,rfd2.0,192542,192775,Herzog Karl von Württemberg.,0,hoffärtigste,ADJA,hoffärtig,33224,,
tg,rfd2.0,192542,192775,Herzog Karl von Württemberg.,0,von,APPR,von,33224,,
tg,rfd2.0,192542,192775,Herzog Karl von Württemberg.,0,allen,PIDAT,aller,33224,,
tg,rfd2.0,192542,192775,Herzog Karl von Württemberg.,0,",","$,",--,33224,,
tg,rfd2.0,192542,192775,Herzog Karl von Württemberg.,0,weiß,VVFIN,weiß,33224,,
tg,rfd2.0,192542,192775,Herzog Karl von Württemberg.,0,Er,PPER,er,33224,,
tg,rfd2.0,192542,192775,Herzog Karl von Württemberg.,0,das,PDS,der,33224,,
tg,rfd2.0,192542,192775,Herzog Karl von Württemberg.,0,?,$.,--,33224,,
tg,rfd2.0,192780,192864,RIEGER,27,Solcher,PIDAT,solcher,33224,,
tg,rfd2.0,192780,192864,RIEGER,27,Dünkel,NN,dünkel,33224,,
tg,rfd2.0,192780,192864,RIEGER,27,hat,VAFIN,haben,33224,,
tg,rfd2.0,192780,192864,RIEGER,27,viele,PIDAT,vieler,33224,,
tg,rfd2.0,192780,192864,RIEGER,27,betrogen,VVPP,betrügen,33224,,
tg,rfd2.0,192780,192864,RIEGER,27,",","$,",--,33224,,
tg,rfd2.0,192780,192864,RIEGER,27,und,KON,und,33224,,
tg,rfd2.0,192780,192864,RIEGER,27,ihre,PPOSAT,ihr,33224,,
tg,rfd2.0,192780,192864,RIEGER,27,Vermessenheit,NN,vermessenheit,33224,,
tg,rfd2.0,192780,192864,RIEGER,27,hat,VAFIN,haben,33224,,
tg,rfd2.0,192780,192864,RIEGER,27,sie,PPER,sie,33224,,
tg,rfd2.0,192780,192864,RIEGER,27,gestürzt,VVPP,stürzen,33224,,
tg,rfd2.0,192780,192864,RIEGER,27,.,$.,--,33224,,
tg,rfd2.0,192869,192892,Herzog Karl von Württemberg.,0,Potz,NE,potz,33224,,
tg,rfd2.0,192869,192892,Herzog Karl von Württemberg.,0,Element,NN,element,33224,,
tg,rfd2.0,192869,192892,Herzog Karl von Württemberg.,0,–,XY,–,33224,,
tg,rfd2.0,192897,192965,Generalin Rieger.,2,Er,PPER,er,33224,,
tg,rfd2.0,192897,192965,Generalin Rieger.,2,hat,VAFIN,haben,33224,,
tg,rfd2.0,192897,192965,Generalin Rieger.,2,bei,APPR,bei,33224,,
tg,rfd2.0,192897,192965,Generalin Rieger.,2,der,ART,der,33224,,
tg,rfd2.0,192897,192965,Generalin Rieger.,2,Tafel,NN,tafel,33224,,
tg,rfd2.0,192897,192965,Generalin Rieger.,2,zuviel,ADV,zuviel,33224,,
tg,rfd2.0,192897,192965,Generalin Rieger.,2,Wein,NN,wein,33224,,
tg,rfd2.0,192897,192965,Generalin Rieger.,2,getrunken,VVPP,trinken,33224,,
tg,rfd2.0,192897,192965,Generalin Rieger.,2,",","$,",--,33224,,
tg,rfd2.0,192897,192965,Generalin Rieger.,2,Durchlaucht,NN,durchlaucht,33224,,
tg,rfd2.0,192897,192965,Generalin Rieger.,2,.,$.,--,33224,,
tg,rfd2.0,192970,192996,Gräfin Franziska von Hohenheim.,1,Schick,NE,schick,33224,,
tg,rfd2.0,192970,192996,Gräfin Franziska von Hohenheim.,1,',$[,--,33224,,
tg,rfd2.0,192970,192996,Gräfin Franziska von Hohenheim.,1,ihn,PPER,ihn,33224,,
tg,rfd2.0,192970,192996,Gräfin Franziska von Hohenheim.,1,fort,PTKVZ,fort,33224,,
tg,rfd2.0,192970,192996,Gräfin Franziska von Hohenheim.,1,"!",$.,--,33224,,
tg,rfd2.0,193001,193116,RIEGER,27,Höre,NE,höre,33224,,
tg,rfd2.0,193001,193116,RIEGER,27,niemand,PIS,niemand,33224,,
tg,rfd2.0,193001,193116,RIEGER,27,auf,APPR,auf,33224,,
tg,rfd2.0,193001,193116,RIEGER,27,Weiber,NN,weiber,33224,,
tg,rfd2.0,193001,193116,RIEGER,27,"!",$.,--,33224,,
tg,rfd2.0,193001,193116,RIEGER,27,Denn,KON,denn,33224,,
tg,rfd2.0,193001,193116,RIEGER,27,gleichwie,ADV,gleichwie,33224,,
tg,rfd2.0,193001,193116,RIEGER,27,aus,APPR,aus,33224,,
tg,rfd2.0,193001,193116,RIEGER,27,den,ART,der,33224,,
tg,rfd2.0,193001,193116,RIEGER,27,Kleidern,NN,kleid,33224,,
tg,rfd2.0,193001,193116,RIEGER,27,Motten,NN,motte,33224,,
tg,rfd2.0,193001,193116,RIEGER,27,kommen,VVFIN,kommen,33224,,
tg,rfd2.0,193001,193116,RIEGER,27,",","$,",--,33224,,
tg,rfd2.0,193001,193116,RIEGER,27,also,ADV,also,33224,,
tg,rfd2.0,193001,193116,RIEGER,27,kommt,VVFIN,kommen,33224,,
tg,rfd2.0,193001,193116,RIEGER,27,von,APPR,von,33224,,
tg,rfd2.0,193001,193116,RIEGER,27,Weibern,NN,weiber,33224,,
tg,rfd2.0,193001,193116,RIEGER,27,viel,PIDAT,viel,33224,,
tg,rfd2.0,193001,193116,RIEGER,27,Böses,NN,böse,33224,,
tg,rfd2.0,193001,193116,RIEGER,27,"!",$.,--,33224,,
tg,rfd2.0,193121,193229,Herzog Karl von Württemberg.,0,Da,KOUS,da,33224,,
tg,rfd2.0,193121,193229,Herzog Karl von Württemberg.,0,habt,VAFIN,haben,33224,,
tg,rfd2.0,193121,193229,Herzog Karl von Württemberg.,0,ihr's,ADV,ihr's,33224,,
tg,rfd2.0,193121,193229,Herzog Karl von Württemberg.,0,",","$,",--,33224,,
tg,rfd2.0,193121,193229,Herzog Karl von Württemberg.,0,der,ART,der,33224,,
tg,rfd2.0,193121,193229,Herzog Karl von Württemberg.,0,ist,VAFIN,sein,33224,,
tg,rfd2.0,193121,193229,Herzog Karl von Württemberg.,0,im,APPRART,in,33224,,
tg,rfd2.0,193121,193229,Herzog Karl von Württemberg.,0,Zuge,NN,zug,33224,,
tg,rfd2.0,193121,193229,Herzog Karl von Württemberg.,0,.,$.,--,33224,,
tg,rfd2.0,193121,193229,Herzog Karl von Württemberg.,0,Das,ART,der,33224,,
tg,rfd2.0,193121,193229,Herzog Karl von Württemberg.,0,Theaterspiel,NN,theaterspiel,33224,,
tg,rfd2.0,193121,193229,Herzog Karl von Württemberg.,0,ist,VAFIN,sein,33224,,
tg,rfd2.0,193121,193229,Herzog Karl von Württemberg.,0,doch,ADV,doch,33224,,
tg,rfd2.0,193121,193229,Herzog Karl von Württemberg.,0,eine,ART,ein,33224,,
tg,rfd2.0,193121,193229,Herzog Karl von Württemberg.,0,Sache,NN,sache,33224,,
tg,rfd2.0,193121,193229,Herzog Karl von Württemberg.,0,des,ART,der,33224,,
tg,rfd2.0,193121,193229,Herzog Karl von Württemberg.,0,Teufels,NN,teufel,33224,,
tg,rfd2.0,193121,193229,Herzog Karl von Württemberg.,0,",","$,",--,33224,,
tg,rfd2.0,193121,193229,Herzog Karl von Württemberg.,0,Rieger,NN,rieger,33224,RIEGER,27
tg,rfd2.0,193121,193229,Herzog Karl von Württemberg.,0,?,$.,--,33224,,
tg,rfd2.0,193234,193297,RIEGER,27,–,XY,–,33224,,
tg,rfd2.0,193234,193297,RIEGER,27,Das,ART,der,33224,,
tg,rfd2.0,193234,193297,RIEGER,27,nackte,ADJA,nackt,33224,,
tg,rfd2.0,193234,193297,RIEGER,27,Spiel,NN,spiel,33224,,
tg,rfd2.0,193234,193297,RIEGER,27,der,ART,der,33224,,
tg,rfd2.0,193234,193297,RIEGER,27,Eitelkeit,NN,eitelkeit,33224,,
tg,rfd2.0,193234,193297,RIEGER,27,ist,VAFIN,sein,33224,,
tg,rfd2.0,193234,193297,RIEGER,27,des,ART,der,33224,,
tg,rfd2.0,193234,193297,RIEGER,27,Bösen,NN,böse,33224,,
tg,rfd2.0,193234,193297,RIEGER,27,Freude,NN,freude,33224,,
tg,rfd2.0,193234,193297,RIEGER,27,.,$.,--,33224,,
tg,rfd2.0,193302,193355,Herzog Karl von Württemberg.,0,Richtig,ADJD,richtig,33224,,
tg,rfd2.0,193302,193355,Herzog Karl von Württemberg.,0,",","$,",--,33224,,
tg,rfd2.0,193302,193355,Herzog Karl von Württemberg.,0,die,ART,der,33224,,
tg,rfd2.0,193302,193355,Herzog Karl von Württemberg.,0,soll,VMFIN,sollen,33224,,
tg,rfd2.0,193302,193355,Herzog Karl von Württemberg.,0,Er,PPER,er,33224,,
tg,rfd2.0,193302,193355,Herzog Karl von Württemberg.,0,genießen,VVINF,genießen,33224,,
tg,rfd2.0,193302,193355,Herzog Karl von Württemberg.,0,",","$,",--,33224,,
tg,rfd2.0,193302,193355,Herzog Karl von Württemberg.,0,komm,ADJD,komm,33224,,
tg,rfd2.0,193302,193355,Herzog Karl von Württemberg.,0,',$[,--,33224,,
tg,rfd2.0,193302,193355,Herzog Karl von Württemberg.,0,Er,PPER,er,33224,,
tg,rfd2.0,193302,193355,Herzog Karl von Württemberg.,0,mit,APPR,mit,33224,,
tg,rfd2.0,193302,193355,Herzog Karl von Württemberg.,0,"!",$.,--,33224,,
tg,rfd2.0,193360,193395,RIEGER,27,Mein,PPOSAT,mein,33224,,
tg,rfd2.0,193360,193395,RIEGER,27,Inneres,NN,innere,33224,,
tg,rfd2.0,193360,193395,RIEGER,27,empört,VVFIN,empören,33224,,
tg,rfd2.0,193360,193395,RIEGER,27,sich,PRF,sich,33224,,
tg,rfd2.0,193360,193395,RIEGER,27,–,XY,–,33224,,
tg,rfd2.0,193400,193638,Herzog Karl von Württemberg.,0,Was,PWS,was,33224,,
tg,rfd2.0,193400,193638,Herzog Karl von Württemberg.,0,geht,VVFIN,gehen,33224,,
tg,rfd2.0,193400,193638,Herzog Karl von Württemberg.,0,mich,PPER,mich,33224,Herzog Karl von Württemberg.,0
tg,rfd2.0,193400,193638,Herzog Karl von Württemberg.,0,sein,PPOSAT,sein,33224,,
tg,rfd2.0,193400,193638,Herzog Karl von Württemberg.,0,Inneres,NN,innere,33224,,
tg,rfd2.0,193400,193638,Herzog Karl von Württemberg.,0,an,PTKVZ,an,33224,,
tg,rfd2.0,193400,193638,Herzog Karl von Württemberg.,0,"!",$.,--,33224,,
tg,rfd2.0,193400,193638,Herzog Karl von Württemberg.,0,Sein,PPOSAT,sein,33224,,
tg,rfd2.0,193400,193638,Herzog Karl von Württemberg.,0,Äußeres,NN,äußere,33224,,
tg,rfd2.0,193400,193638,Herzog Karl von Württemberg.,0,soll,VMFIN,sollen,33224,,
tg,rfd2.0,193400,193638,Herzog Karl von Württemberg.,0,mit,APPR,mit,33224,,
tg,rfd2.0,193400,193638,Herzog Karl von Württemberg.,0,in,APPR,in,33224,,
tg,rfd2.0,193400,193638,Herzog Karl von Württemberg.,0,die,ART,der,33224,,
tg,rfd2.0,193400,193638,Herzog Karl von Württemberg.,0,Komödie,NN,komödie,33224,,
tg,rfd2.0,193400,193638,Herzog Karl von Württemberg.,0,–,XY,–,33224,,
tg,rfd2.0,193400,193638,Herzog Karl von Württemberg.,0,Der,ART,der,33224,,
tg,rfd2.0,193400,193638,Herzog Karl von Württemberg.,0,Gräfin,NN,gräfin,33224,,
tg,rfd2.0,193400,193638,Herzog Karl von Württemberg.,0,den,ART,der,33224,,
tg,rfd2.0,193400,193638,Herzog Karl von Württemberg.,0,Arm,NN,arm,33224,,
tg,rfd2.0,193400,193638,Herzog Karl von Württemberg.,0,gebend,ADJD,gebend,33224,,
tg,rfd2.0,193400,193638,Herzog Karl von Württemberg.,0,.,$.,--,33224,,
tg,rfd2.0,193400,193638,Herzog Karl von Württemberg.,0,Bleistift,NN,bleistift,33224,BLEISTIFT,31
tg,rfd2.0,193400,193638,Herzog Karl von Württemberg.,0,",","$,",--,33224,,
tg,rfd2.0,193400,193638,Herzog Karl von Württemberg.,0,die,ART,der,33224,,
tg,rfd2.0,193400,193638,Herzog Karl von Württemberg.,0,Papiere,NN,papier,33224,,
tg,rfd2.0,193400,193638,Herzog Karl von Württemberg.,0,an,APPR,an,33224,,
tg,rfd2.0,193400,193638,Herzog Karl von Württemberg.,0,den,ART,der,33224,,
tg,rfd2.0,193400,193638,Herzog Karl von Württemberg.,0,Hauptmann,NN,hauptmann,33224,,
tg,rfd2.0,193400,193638,Herzog Karl von Württemberg.,0,",","$,",--,33224,,
tg,rfd2.0,193400,193638,Herzog Karl von Württemberg.,0,der,PRELS,der,33224,,
tg,rfd2.0,193400,193638,Herzog Karl von Württemberg.,0,soll,VMFIN,sollen,33224,,
tg,rfd2.0,193400,193638,Herzog Karl von Württemberg.,0,sie,PPER,sie,33224,,
tg,rfd2.0,193400,193638,Herzog Karl von Württemberg.,0,auf,APPR,auf,33224,,
tg,rfd2.0,193400,193638,Herzog Karl von Württemberg.,0,meinen,PPOSAT,mein,33224,Herzog Karl von Württemberg.,0
tg,rfd2.0,193400,193638,Herzog Karl von Württemberg.,0,Nachttisch,NN,nachttisch,33224,,
tg,rfd2.0,193400,193638,Herzog Karl von Württemberg.,0,legen,VVFIN,legen,33224,,
tg,rfd2.0,193400,193638,Herzog Karl von Württemberg.,0,–,PPER,–,33224,,
tg,rfd2.0,193400,193638,Herzog Karl von Württemberg.,0,Vorwärts,ADV,vorwärts,33224,,
tg,rfd2.0,193400,193638,Herzog Karl von Württemberg.,0,marsch,ADJD,marsch,33224,,
tg,rfd2.0,193400,193638,Herzog Karl von Württemberg.,0,"!",$.,--,33224,,
tg,rfd2.0,193400,193638,Herzog Karl von Württemberg.,0,Rieger,NN,rieger,33224,RIEGER,27
tg,rfd2.0,193400,193638,Herzog Karl von Württemberg.,0,unwillig,ADJD,unwillig,33224,,
tg,rfd2.0,193400,193638,Herzog Karl von Württemberg.,0,langsam,ADJD,langsam,33224,,
tg,rfd2.0,193400,193638,Herzog Karl von Württemberg.,0,voraus,PTKVZ,voraus,33224,,
tg,rfd2.0,193400,193638,Herzog Karl von Württemberg.,0,.,$.,--,33224,,
tg,rfd2.0,193644,193827,BLEISTIFT,31,Service,NN,service,33224,,
tg,rfd2.0,193644,193827,BLEISTIFT,31,",","$,",--,33224,,
tg,rfd2.0,193644,193827,BLEISTIFT,31,Sire,NN,sire,33224,,
tg,rfd2.0,193644,193827,BLEISTIFT,31,.,$.,--,33224,,
tg,rfd2.0,193644,193827,BLEISTIFT,31,Nimmt,ADV,nehmen,33224,,
tg,rfd2.0,193644,193827,BLEISTIFT,31,noch,ADV,noch,33224,,
tg,rfd2.0,193644,193827,BLEISTIFT,31,vor,APPR,vor,33224,,
tg,rfd2.0,193644,193827,BLEISTIFT,31,der,ART,der,33224,,
tg,rfd2.0,193644,193827,BLEISTIFT,31,Tür,NN,tür,33224,,
tg,rfd2.0,193644,193827,BLEISTIFT,31,links,ADV,links,33224,,
tg,rfd2.0,193644,193827,BLEISTIFT,31,aus,APPR,aus,33224,,
tg,rfd2.0,193644,193827,BLEISTIFT,31,Riegers,NE,rieger,33224,,
tg,rfd2.0,193644,193827,BLEISTIFT,31,Hand,NN,hand,33224,,
tg,rfd2.0,193644,193827,BLEISTIFT,31,die,ART,der,33224,,
tg,rfd2.0,193644,193827,BLEISTIFT,31,Papiere,NN,papier,33224,,
tg,rfd2.0,193644,193827,BLEISTIFT,31,.,$.,--,33224,,
tg,rfd2.0,193833,193895,Herzog Karl von Württemberg.,0,Zur,APPRART,zu,33224,,
tg,rfd2.0,193833,193895,Herzog Karl von Württemberg.,0,Toilette,NN,toilette,33224,,
tg,rfd2.0,193833,193895,Herzog Karl von Württemberg.,0,",","$,",--,33224,,
tg,rfd2.0,193833,193895,Herzog Karl von Württemberg.,0,Mäuschen,VVINF,mäuschen,33224,,
tg,rfd2.0,193833,193895,Herzog Karl von Württemberg.,0,",","$,",--,33224,,
tg,rfd2.0,193833,193895,Herzog Karl von Württemberg.,0,',$[,--,33224,,
tg,rfd2.0,193833,193895,Herzog Karl von Württemberg.,0,s,PPER,--,33224,,
tg,rfd2.0,193833,193895,Herzog Karl von Württemberg.,0,hat,VAFIN,haben,33224,,
tg,rfd2.0,193833,193895,Herzog Karl von Württemberg.,0,angefangen,VVPP,anfangen,33224,,
tg,rfd2.0,193833,193895,Herzog Karl von Württemberg.,0,"!",$.,--,33224,,
tg,rfd2.0,193900,193942,"Laura, deren Pflegetochter.",3,–,XY,–,33224,,
tg,rfd2.0,193900,193942,"Laura, deren Pflegetochter.",3,Ich,PPER,ich,33224,,
tg,rfd2.0,193900,193942,"Laura, deren Pflegetochter.",3,komme,VVFIN,kommen,33224,,
tg,rfd2.0,193900,193942,"Laura, deren Pflegetochter.",3,erst,ADV,erst,33224,,
tg,rfd2.0,193900,193942,"Laura, deren Pflegetochter.",3,im,APPRART,in,33224,,
tg,rfd2.0,193900,193942,"Laura, deren Pflegetochter.",3,nächsten,ADJA,nächster,33224,,
tg,rfd2.0,193900,193942,"Laura, deren Pflegetochter.",3,Akte,NN,akte,33224,,
tg,rfd2.0,193900,193942,"Laura, deren Pflegetochter.",3,.,$.,--,33224,,
tg,rfd2.0,193947,194010,Herzog Karl von Württemberg.,0,Das,PDS,der,33224,,
tg,rfd2.0,193947,194010,Herzog Karl von Württemberg.,0,ist,VAFIN,sein,33224,,
tg,rfd2.0,193947,194010,Herzog Karl von Württemberg.,0,schade,ADJD,schade,33224,,
tg,rfd2.0,193947,194010,Herzog Karl von Württemberg.,0,–,XY,–,33224,,
tg,rfd2.0,193947,194010,Herzog Karl von Württemberg.,0,du,PPER,du,33224,,
tg,rfd2.0,193947,194010,Herzog Karl von Württemberg.,0,bist,VAFIN,sein,33224,,
tg,rfd2.0,193947,194010,Herzog Karl von Württemberg.,0,doch,ADV,doch,33224,,
tg,rfd2.0,193947,194010,Herzog Karl von Württemberg.,0,eingedenk,ADJD,eingedenk,33224,,
tg,rfd2.0,193947,194010,Herzog Karl von Württemberg.,0,und,KON,und,33224,,
tg,rfd2.0,193947,194010,Herzog Karl von Württemberg.,0,bist,VAFIN,sein,33224,,
tg,rfd2.0,193947,194010,Herzog Karl von Württemberg.,0,gut,ADJD,gut,33224,,
tg,rfd2.0,193947,194010,Herzog Karl von Württemberg.,0,?,$.,--,33224,,
tg,rfd2.0,193947,194010,Herzog Karl von Württemberg.,0,"!",$.,--,33224,,
tg,rfd2.0,194015,194232,"Laura, deren Pflegetochter.",3,Ich,PPER,ich,33224,,
tg,rfd2.0,194015,194232,"Laura, deren Pflegetochter.",3,hoffe,VVFIN,hoffen,33224,,
tg,rfd2.0,194015,194232,"Laura, deren Pflegetochter.",3,",","$,",--,33224,,
tg,rfd2.0,194015,194232,"Laura, deren Pflegetochter.",3,Onkel,NN,onkel,33224,,
tg,rfd2.0,194015,194232,"Laura, deren Pflegetochter.",3,Durchlaucht,VVPP,durchlaucht,33224,,
tg,rfd2.0,194015,194232,"Laura, deren Pflegetochter.",3,"!",$.,--,33224,,
tg,rfd2.0,194238,194563,Generalin Rieger.,2,In,APPR,in,33224,,
tg,rfd2.0,194238,194563,Generalin Rieger.,2,die,ART,der,33224,,
tg,rfd2.0,194238,194563,Generalin Rieger.,2,Demoisellenschule,NN,demoisellenschule,33224,,
tg,rfd2.0,194238,194563,Generalin Rieger.,2,mit,APPR,mit,33224,,
tg,rfd2.0,194238,194563,Generalin Rieger.,2,euren,ADJA,euren,33224,,
tg,rfd2.0,194238,194563,Generalin Rieger.,2,Paketen,NN,paket,33224,,
tg,rfd2.0,194238,194563,Generalin Rieger.,2,"!",$.,--,33224,,
tg,rfd2.0,194238,194563,Generalin Rieger.,2,–,XY,–,33224,,
tg,rfd2.0,194238,194563,Generalin Rieger.,2,Rasch,NE,rasch,33224,,
tg,rfd2.0,194238,194563,Generalin Rieger.,2,zurückkommend,ADJD,zurückkommend,33224,,
tg,rfd2.0,194238,194563,Generalin Rieger.,2,zu,PTKZU,zu,33224,,
tg,rfd2.0,194238,194563,Generalin Rieger.,2,Laura,VVINF,laura,33224,,
tg,rfd2.0,194238,194563,Generalin Rieger.,2,.,$.,--,33224,,
tg,rfd2.0,194238,194563,Generalin Rieger.,2,Rieger,NN,rieger,33224,RIEGER,27
tg,rfd2.0,194238,194563,Generalin Rieger.,2,mit,APPR,mit,33224,,
tg,rfd2.0,194238,194563,Generalin Rieger.,2,seinen,PPOSAT,sein,33224,,
tg,rfd2.0,194238,194563,Generalin Rieger.,2,Räubern,NN,räuber,33224,,
tg,rfd2.0,194238,194563,Generalin Rieger.,2,ist,VAFIN,sein,33224,,
tg,rfd2.0,194238,194563,Generalin Rieger.,2,beseitigt,VVPP,beseitigen,33224,,
tg,rfd2.0,194238,194563,Generalin Rieger.,2,–,XY,–,33224,,
tg,rfd2.0,194238,194563,Generalin Rieger.,2,des,ART,der,33224,,
tg,rfd2.0,194238,194563,Generalin Rieger.,2,Dichters,NN,dichter,33224,,
tg,rfd2.0,194238,194563,Generalin Rieger.,2,Schicksal,NN,schicksal,33224,,
tg,rfd2.0,194238,194563,Generalin Rieger.,2,liegt,VVFIN,liegen,33224,,
tg,rfd2.0,194238,194563,Generalin Rieger.,2,in,APPR,in,33224,,
tg,rfd2.0,194238,194563,Generalin Rieger.,2,deiner,ADJA,dein,33224,,
tg,rfd2.0,194238,194563,Generalin Rieger.,2,Hand,NN,hand,33224,,
tg,rfd2.0,194238,194563,Generalin Rieger.,2,"!",$.,--,33224,,
tg,rfd2.0,194238,194563,Generalin Rieger.,2,Rette,NE,retten,33224,,
tg,rfd2.0,194238,194563,Generalin Rieger.,2,den,ART,der,33224,,
tg,rfd2.0,194238,194563,Generalin Rieger.,2,Mantel,NN,mantel,33224,,
tg,rfd2.0,194238,194563,Generalin Rieger.,2,und,KON,und,33224,,
tg,rfd2.0,194238,194563,Generalin Rieger.,2,die,ART,der,33224,,
tg,rfd2.0,194238,194563,Generalin Rieger.,2,Papiere,NN,papier,33224,,
tg,rfd2.0,194238,194563,Generalin Rieger.,2,",","$,",--,33224,,
tg,rfd2.0,194238,194563,Generalin Rieger.,2,welche,PWAT,welcher,33224,,
tg,rfd2.0,194238,194563,Generalin Rieger.,2,der,ART,der,33224,,
tg,rfd2.0,194238,194563,Generalin Rieger.,2,Hauptmann,NN,hauptmann,33224,,
tg,rfd2.0,194238,194563,Generalin Rieger.,2,in,APPR,in,33224,,
tg,rfd2.0,194238,194563,Generalin Rieger.,2,der,ART,der,33224,,
tg,rfd2.0,194238,194563,Generalin Rieger.,2,Hand,NN,hand,33224,,
tg,rfd2.0,194238,194563,Generalin Rieger.,2,hält,VVFIN,halten,33224,,
tg,rfd2.0,194238,194563,Generalin Rieger.,2,–,PPER,–,33224,,
tg,rfd2.0,194238,194563,Generalin Rieger.,2,Ab,APPR,ab,33224,,
tg,rfd2.0,194238,194563,Generalin Rieger.,2,links,ADV,links,33224,,
tg,rfd2.0,194238,194563,Generalin Rieger.,2,",","$,",--,33224,,
tg,rfd2.0,194238,194563,Generalin Rieger.,2,als,APPR,als,33224,,
tg,rfd2.0,194238,194563,Generalin Rieger.,2,der,ART,der,33224,,
tg,rfd2.0,194238,194563,Generalin Rieger.,2,Hauptmann,NN,hauptmann,33224,,
tg,rfd2.0,194238,194563,Generalin Rieger.,2,wieder,ADV,wieder,33224,,
tg,rfd2.0,194238,194563,Generalin Rieger.,2,eintritt,VVFIN,eintreten,33224,,
tg,rfd2.0,194238,194563,Generalin Rieger.,2,.,$.,--,33224,,
tg,rfd2.0,194632,194760,"Laura, deren Pflegetochter.",3,Ich,PPER,ich,33224,,
tg,rfd2.0,194632,194760,"Laura, deren Pflegetochter.",3,tauge,VVFIN,taugen,33224,,
tg,rfd2.0,194632,194760,"Laura, deren Pflegetochter.",3,nicht,PTKNEG,nicht,33224,,
tg,rfd2.0,194632,194760,"Laura, deren Pflegetochter.",3,mehr,ADV,mehr,33224,,
tg,rfd2.0,194632,194760,"Laura, deren Pflegetochter.",3,zu,PTKZU,zu,33224,,
tg,rfd2.0,194632,194760,"Laura, deren Pflegetochter.",3,solchen,PIDAT,solcher,33224,,
tg,rfd2.0,194632,194760,"Laura, deren Pflegetochter.",3,Dingen,NN,ding,33224,,
tg,rfd2.0,194632,194760,"Laura, deren Pflegetochter.",3,",","$,",--,33224,,
tg,rfd2.0,194632,194760,"Laura, deren Pflegetochter.",3,ich,PPER,ich,33224,"Laura, deren Pflegetochter.",3
tg,rfd2.0,194632,194760,"Laura, deren Pflegetochter.",3,bin,VAFIN,sein,33224,,
tg,rfd2.0,194632,194760,"Laura, deren Pflegetochter.",3,ungeschickt,ADJD,ungeschickt,33224,,
tg,rfd2.0,194632,194760,"Laura, deren Pflegetochter.",3,geworden,VAPP,werden,33224,,
tg,rfd2.0,194632,194760,"Laura, deren Pflegetochter.",3,–,XY,–,33224,,
tg,rfd2.0,194632,194760,"Laura, deren Pflegetochter.",3,Geht,VVFIN,gehen,33224,,
tg,rfd2.0,194632,194760,"Laura, deren Pflegetochter.",3,rechts,ADV,rechts,33224,,
tg,rfd2.0,194632,194760,"Laura, deren Pflegetochter.",3,an,APPR,an,33224,,
tg,rfd2.0,194632,194760,"Laura, deren Pflegetochter.",3,den,ART,der,33224,,
tg,rfd2.0,194632,194760,"Laura, deren Pflegetochter.",3,Sessel,NN,sessel,33224,,
tg,rfd2.0,194632,194760,"Laura, deren Pflegetochter.",3,.,$.,--,33224,,
tg,rfd2.0,194766,194984,"Hauptmann von Silberkalb, Kammerherr.",5,Fräulein,NE,fräulein,33224,,
tg,rfd2.0,194766,194984,"Hauptmann von Silberkalb, Kammerherr.",5,Laura,NE,laura,33224,,
tg,rfd2.0,194766,194984,"Hauptmann von Silberkalb, Kammerherr.",5,tun,VVFIN,tun,33224,,
tg,rfd2.0,194766,194984,"Hauptmann von Silberkalb, Kammerherr.",5,uns,PPER,uns,33224,,
tg,rfd2.0,194766,194984,"Hauptmann von Silberkalb, Kammerherr.",5,Hofleuten,NN,hofleute,33224,,
tg,rfd2.0,194766,194984,"Hauptmann von Silberkalb, Kammerherr.",5,unrecht,ADJD,unrecht,33224,,
tg,rfd2.0,194766,194984,"Hauptmann von Silberkalb, Kammerherr.",5,",","$,",--,33224,,
tg,rfd2.0,194766,194984,"Hauptmann von Silberkalb, Kammerherr.",5,wenn,KOUS,wenn,33224,,
tg,rfd2.0,194766,194984,"Hauptmann von Silberkalb, Kammerherr.",5,Sie,PPER,sie,33224,,
tg,rfd2.0,194766,194984,"Hauptmann von Silberkalb, Kammerherr.",5,uns,PPER,uns,33224,,
tg,rfd2.0,194766,194984,"Hauptmann von Silberkalb, Kammerherr.",5,das,ART,der,33224,,
tg,rfd2.0,194766,194984,"Hauptmann von Silberkalb, Kammerherr.",5,Herz,NN,herz,33224,,
tg,rfd2.0,194766,194984,"Hauptmann von Silberkalb, Kammerherr.",5,absprechen,VVINF,absprechen,33224,,
tg,rfd2.0,194766,194984,"Hauptmann von Silberkalb, Kammerherr.",5,und,KON,und,33224,,
tg,rfd2.0,194766,194984,"Hauptmann von Silberkalb, Kammerherr.",5,uns,PPER,uns,33224,,
tg,rfd2.0,194766,194984,"Hauptmann von Silberkalb, Kammerherr.",5,überall,ADV,überall,33224,,
tg,rfd2.0,194766,194984,"Hauptmann von Silberkalb, Kammerherr.",5,Absichtlichkeit,NN,absichtlichkeit,33224,,
tg,rfd2.0,194766,194984,"Hauptmann von Silberkalb, Kammerherr.",5,zuschreiben,VVINF,zuschreiben,33224,,
tg,rfd2.0,194766,194984,"Hauptmann von Silberkalb, Kammerherr.",5,",","$,",--,33224,,
tg,rfd2.0,194766,194984,"Hauptmann von Silberkalb, Kammerherr.",5,wie,PWAV,wie,33224,,
tg,rfd2.0,194766,194984,"Hauptmann von Silberkalb, Kammerherr.",5,Sie,PPER,sie,33224,,
tg,rfd2.0,194766,194984,"Hauptmann von Silberkalb, Kammerherr.",5,eben,ADV,eben,33224,,
tg,rfd2.0,194766,194984,"Hauptmann von Silberkalb, Kammerherr.",5,äußerten,VVFIN,äußern,33224,,
tg,rfd2.0,194766,194984,"Hauptmann von Silberkalb, Kammerherr.",5,–,VVIMP,–,33224,,
tg,rfd2.0,194766,194984,"Hauptmann von Silberkalb, Kammerherr.",5,Sie,PPER,sie,33224,,
tg,rfd2.0,194766,194984,"Hauptmann von Silberkalb, Kammerherr.",5,tun,VVFIN,tun,33224,,
tg,rfd2.0,194766,194984,"Hauptmann von Silberkalb, Kammerherr.",5,uns,PPER,uns,33224,,
tg,rfd2.0,194766,194984,"Hauptmann von Silberkalb, Kammerherr.",5,wirklich,ADJD,wirklich,33224,,
tg,rfd2.0,194766,194984,"Hauptmann von Silberkalb, Kammerherr.",5,unrecht,ADJD,unrecht,33224,,
tg,rfd2.0,194766,194984,"Hauptmann von Silberkalb, Kammerherr.",5,"!",$.,--,33224,,
tg,rfd2.0,194989,195144,"Laura, deren Pflegetochter.",3,Das,PDS,der,33224,,
tg,rfd2.0,194989,195144,"Laura, deren Pflegetochter.",3,freut,VVFIN,freuen,33224,,
tg,rfd2.0,194989,195144,"Laura, deren Pflegetochter.",3,mich,PPER,mich,33224,"Laura, deren Pflegetochter.",3
tg,rfd2.0,194989,195144,"Laura, deren Pflegetochter.",3,",","$,",--,33224,,
tg,rfd2.0,194989,195144,"Laura, deren Pflegetochter.",3,und,KON,und,33224,,
tg,rfd2.0,194989,195144,"Laura, deren Pflegetochter.",3,ich,PPER,ich,33224,"Laura, deren Pflegetochter.",3
tg,rfd2.0,194989,195144,"Laura, deren Pflegetochter.",3,will,VMFIN,wollen,33224,,
tg,rfd2.0,194989,195144,"Laura, deren Pflegetochter.",3,es,PPER,es,33224,,
tg,rfd2.0,194989,195144,"Laura, deren Pflegetochter.",3,Euch,PPER,euch,33224,,
tg,rfd2.0,194989,195144,"Laura, deren Pflegetochter.",3,sehr,ADV,sehr,33224,,
tg,rfd2.0,194989,195144,"Laura, deren Pflegetochter.",3,gern,ADV,gern,33224,,
tg,rfd2.0,194989,195144,"Laura, deren Pflegetochter.",3,abbitten,VVPP,abbitten,33224,,
tg,rfd2.0,194989,195144,"Laura, deren Pflegetochter.",3,.,$.,--,33224,,
tg,rfd2.0,194989,195144,"Laura, deren Pflegetochter.",3,Wenn,KOUS,wenn,33224,,
tg,rfd2.0,194989,195144,"Laura, deren Pflegetochter.",3,alle,PIDAT,aller,33224,ALLE,30
tg,rfd2.0,194989,195144,"Laura, deren Pflegetochter.",3,Menschen,NN,mensch,33224,,
tg,rfd2.0,194989,195144,"Laura, deren Pflegetochter.",3,gut,ADJD,gut,33224,,
tg,rfd2.0,194989,195144,"Laura, deren Pflegetochter.",3,sind,VAFIN,sein,33224,,
tg,rfd2.0,194989,195144,"Laura, deren Pflegetochter.",3,",","$,",--,33224,,
tg,rfd2.0,194989,195144,"Laura, deren Pflegetochter.",3,so,ADV,so,33224,,
tg,rfd2.0,194989,195144,"Laura, deren Pflegetochter.",3,ist,VAFIN,sein,33224,,
tg,rfd2.0,194989,195144,"Laura, deren Pflegetochter.",3,ja,ADV,ja,33224,,
tg,rfd2.0,194989,195144,"Laura, deren Pflegetochter.",3,der,ART,der,33224,,
tg,rfd2.0,194989,195144,"Laura, deren Pflegetochter.",3,höchste,ADJA,hoch,33224,,
tg,rfd2.0,194989,195144,"Laura, deren Pflegetochter.",3,Wunsch,NN,wunsch,33224,,
tg,rfd2.0,194989,195144,"Laura, deren Pflegetochter.",3,eines,ART,ein,33224,,
tg,rfd2.0,194989,195144,"Laura, deren Pflegetochter.",3,liebenden,ADJA,liebend,33224,,
tg,rfd2.0,194989,195144,"Laura, deren Pflegetochter.",3,Herzens,NN,Herz,33224,,
tg,rfd2.0,194989,195144,"Laura, deren Pflegetochter.",3,erfüllt,VVPP,erfüllen,33224,,
tg,rfd2.0,194989,195144,"Laura, deren Pflegetochter.",3,"!",$.,--,33224,,
tg,rfd2.0,195149,195202,"Hauptmann von Silberkalb, Kammerherr.",5,Eines,ART,ein,33224,,
tg,rfd2.0,195149,195202,"Hauptmann von Silberkalb, Kammerherr.",5,liebenden,ADJA,liebend,33224,,
tg,rfd2.0,195149,195202,"Hauptmann von Silberkalb, Kammerherr.",5,Herzens,NN,Herz,33224,,
tg,rfd2.0,195149,195202,"Hauptmann von Silberkalb, Kammerherr.",5,"!",$.,--,33224,,
tg,rfd2.0,195149,195202,"Hauptmann von Silberkalb, Kammerherr.",5,?,$.,--,33224,,
tg,rfd2.0,195207,195255,"Laura, deren Pflegetochter.",3,Ich,PPER,ich,33224,,
tg,rfd2.0,195207,195255,"Laura, deren Pflegetochter.",3,hatte,VAFIN,haben,33224,,
tg,rfd2.0,195207,195255,"Laura, deren Pflegetochter.",3,Euch,PPER,euch,33224,,
tg,rfd2.0,195207,195255,"Laura, deren Pflegetochter.",3,um,APPR,um,33224,,
tg,rfd2.0,195207,195255,"Laura, deren Pflegetochter.",3,meinen,PPOSAT,mein,33224,"Laura, deren Pflegetochter.",3
tg,rfd2.0,195207,195255,"Laura, deren Pflegetochter.",3,Mantel,NN,mantel,33224,,
tg,rfd2.0,195207,195255,"Laura, deren Pflegetochter.",3,gebeten,VVPP,bitten,33224,,
tg,rfd2.0,195207,195255,"Laura, deren Pflegetochter.",3,.,$.,--,33224,,
tg,rfd2.0,195260,195504,"Hauptmann von Silberkalb, Kammerherr.",5,Und,KON,und,33224,,
tg,rfd2.0,195260,195504,"Hauptmann von Silberkalb, Kammerherr.",5,ich,PPER,ich,33224,"Hauptmann von Silberkalb, Kammerherr.",5
tg,rfd2.0,195260,195504,"Hauptmann von Silberkalb, Kammerherr.",5,hatte,VAFIN,haben,33224,,
tg,rfd2.0,195260,195504,"Hauptmann von Silberkalb, Kammerherr.",5,gebeten,VVPP,bitten,33224,,
tg,rfd2.0,195260,195504,"Hauptmann von Silberkalb, Kammerherr.",5,",","$,",--,33224,,
tg,rfd2.0,195260,195504,"Hauptmann von Silberkalb, Kammerherr.",5,mir,PPER,sich,33224,"Hauptmann von Silberkalb, Kammerherr.",5
tg,rfd2.0,195260,195504,"Hauptmann von Silberkalb, Kammerherr.",5,ihn,PPER,ihn,33224,,
tg,rfd2.0,195260,195504,"Hauptmann von Silberkalb, Kammerherr.",5,zum,APPRART,zu,33224,,
tg,rfd2.0,195260,195504,"Hauptmann von Silberkalb, Kammerherr.",5,wohltuenden,ADJA,wohltuend,33224,,
tg,rfd2.0,195260,195504,"Hauptmann von Silberkalb, Kammerherr.",5,Andenken,NN,andenken,33224,,
tg,rfd2.0,195260,195504,"Hauptmann von Silberkalb, Kammerherr.",5,zu,PTKZU,zu,33224,,
tg,rfd2.0,195260,195504,"Hauptmann von Silberkalb, Kammerherr.",5,lassen,VVINF,lassen,33224,,
tg,rfd2.0,195260,195504,"Hauptmann von Silberkalb, Kammerherr.",5,;,$.,--,33224,,
tg,rfd2.0,195260,195504,"Hauptmann von Silberkalb, Kammerherr.",5,er,PPER,er,33224,,
tg,rfd2.0,195260,195504,"Hauptmann von Silberkalb, Kammerherr.",5,hat,VAFIN,haben,33224,,
tg,rfd2.0,195260,195504,"Hauptmann von Silberkalb, Kammerherr.",5,Ihre,PPOSAT,ihr,33224,,
tg,rfd2.0,195260,195504,"Hauptmann von Silberkalb, Kammerherr.",5,schöne,ADJA,schön,33224,,
tg,rfd2.0,195260,195504,"Hauptmann von Silberkalb, Kammerherr.",5,Gestalt,NN,gestalt,33224,,
tg,rfd2.0,195260,195504,"Hauptmann von Silberkalb, Kammerherr.",5,umschlossen,VVPP,umschließen,33224,,
tg,rfd2.0,195260,195504,"Hauptmann von Silberkalb, Kammerherr.",5,",","$,",--,33224,,
tg,rfd2.0,195260,195504,"Hauptmann von Silberkalb, Kammerherr.",5,als,KOUS,als,33224,,
tg,rfd2.0,195260,195504,"Hauptmann von Silberkalb, Kammerherr.",5,Sie,PPER,sie,33224,,
tg,rfd2.0,195260,195504,"Hauptmann von Silberkalb, Kammerherr.",5,eine,ART,ein,33224,,
tg,rfd2.0,195260,195504,"Hauptmann von Silberkalb, Kammerherr.",5,Heldentat,NN,heldentat,33224,,
tg,rfd2.0,195260,195504,"Hauptmann von Silberkalb, Kammerherr.",5,ausübten,VVFIN,ausüben,33224,,
tg,rfd2.0,195260,195504,"Hauptmann von Silberkalb, Kammerherr.",5,für,APPR,für,33224,,
tg,rfd2.0,195260,195504,"Hauptmann von Silberkalb, Kammerherr.",5,einen,ART,ein,33224,,
tg,rfd2.0,195260,195504,"Hauptmann von Silberkalb, Kammerherr.",5,armen,ADJA,arm,33224,,
tg,rfd2.0,195260,195504,"Hauptmann von Silberkalb, Kammerherr.",5,Poeten,NN,poet,33224,,
tg,rfd2.0,195260,195504,"Hauptmann von Silberkalb, Kammerherr.",5,",","$,",--,33224,,
tg,rfd2.0,195260,195504,"Hauptmann von Silberkalb, Kammerherr.",5,er,PPER,er,33224,,
tg,rfd2.0,195260,195504,"Hauptmann von Silberkalb, Kammerherr.",5,würde,VAFIN,werden,33224,,
tg,rfd2.0,195260,195504,"Hauptmann von Silberkalb, Kammerherr.",5,mir,PPER,sich,33224,"Hauptmann von Silberkalb, Kammerherr.",5
tg,rfd2.0,195260,195504,"Hauptmann von Silberkalb, Kammerherr.",5,eine,ART,ein,33224,,
tg,rfd2.0,195260,195504,"Hauptmann von Silberkalb, Kammerherr.",5,aufmunternde,ADJA,aufmunternd,33224,,
tg,rfd2.0,195260,195504,"Hauptmann von Silberkalb, Kammerherr.",5,Erinnerung,NN,erinnerung,33224,,
tg,rfd2.0,195260,195504,"Hauptmann von Silberkalb, Kammerherr.",5,sein,PPOSAT,sein,33224,,
tg,rfd2.0,195260,195504,"Hauptmann von Silberkalb, Kammerherr.",5,für,APPR,für,33224,,
tg,rfd2.0,195260,195504,"Hauptmann von Silberkalb, Kammerherr.",5,mein,PPOSAT,mein,33224,"Hauptmann von Silberkalb, Kammerherr.",5
tg,rfd2.0,195260,195504,"Hauptmann von Silberkalb, Kammerherr.",5,ganzes,ADJA,ganz,33224,,
tg,rfd2.0,195260,195504,"Hauptmann von Silberkalb, Kammerherr.",5,Leben,NN,leben,33224,,
tg,rfd2.0,195260,195504,"Hauptmann von Silberkalb, Kammerherr.",5,.,$.,--,33224,,
tg,rfd2.0,195509,195564,"Laura, deren Pflegetochter.",3,Wirklich,ADJD,wirklich,33224,,
tg,rfd2.0,195509,195564,"Laura, deren Pflegetochter.",3,?,$.,--,33224,,
tg,rfd2.0,195509,195564,"Laura, deren Pflegetochter.",3,Sie,PPER,sie,33224,,
tg,rfd2.0,195509,195564,"Laura, deren Pflegetochter.",3,sind,VAFIN,sein,33224,,
tg,rfd2.0,195509,195564,"Laura, deren Pflegetochter.",3,kein,PIAT,kein,33224,,
tg,rfd2.0,195509,195564,"Laura, deren Pflegetochter.",3,Feind,NN,feind,33224,,
tg,rfd2.0,195509,195564,"Laura, deren Pflegetochter.",3,des,ART,der,33224,,
tg,rfd2.0,195509,195564,"Laura, deren Pflegetochter.",3,armen,ADJA,arm,33224,,
tg,rfd2.0,195509,195564,"Laura, deren Pflegetochter.",3,Poeten,NN,poeter,33224,,
tg,rfd2.0,195509,195564,"Laura, deren Pflegetochter.",3,?,$.,--,33224,,
tg,rfd2.0,195569,195645,"Hauptmann von Silberkalb, Kammerherr.",5,Ein,ART,ein,33224,,
tg,rfd2.0,195569,195645,"Hauptmann von Silberkalb, Kammerherr.",5,Widersacher,NN,widersacher,33224,,
tg,rfd2.0,195569,195645,"Hauptmann von Silberkalb, Kammerherr.",5,vielleicht,ADV,vielleicht,33224,,
tg,rfd2.0,195569,195645,"Hauptmann von Silberkalb, Kammerherr.",5,in,APPR,in,33224,,
tg,rfd2.0,195569,195645,"Hauptmann von Silberkalb, Kammerherr.",5,manchem,PIDAT,mancher,33224,,
tg,rfd2.0,195569,195645,"Hauptmann von Silberkalb, Kammerherr.",5,Punkte,NN,punkt,33224,,
tg,rfd2.0,195569,195645,"Hauptmann von Silberkalb, Kammerherr.",5,",","$,",--,33224,,
tg,rfd2.0,195569,195645,"Hauptmann von Silberkalb, Kammerherr.",5,ein,ART,ein,33224,,
tg,rfd2.0,195569,195645,"Hauptmann von Silberkalb, Kammerherr.",5,Feind,NN,feind,33224,,
tg,rfd2.0,195569,195645,"Hauptmann von Silberkalb, Kammerherr.",5,",","$,",--,33224,,
tg,rfd2.0,195569,195645,"Hauptmann von Silberkalb, Kammerherr.",5,o,ADV,O,33224,,
tg,rfd2.0,195569,195645,"Hauptmann von Silberkalb, Kammerherr.",5,nein,PTKANT,nein,33224,,
tg,rfd2.0,195569,195645,"Hauptmann von Silberkalb, Kammerherr.",5,"!",$.,--,33224,,
tg,rfd2.0,195650,195734,"Laura, deren Pflegetochter.",3,Ich,PPER,ich,33224,,
tg,rfd2.0,195650,195734,"Laura, deren Pflegetochter.",3,glaub,VVFIN,glaub,33224,,
tg,rfd2.0,195650,195734,"Laura, deren Pflegetochter.",3,',$[,--,33224,,
tg,rfd2.0,195650,195734,"Laura, deren Pflegetochter.",3,es,PPER,es,33224,,
tg,rfd2.0,195650,195734,"Laura, deren Pflegetochter.",3,.,$.,--,33224,,
tg,rfd2.0,195650,195734,"Laura, deren Pflegetochter.",3,Vielleicht,ADV,vielleicht,33224,,
tg,rfd2.0,195650,195734,"Laura, deren Pflegetochter.",3,überlasse,VVFIN,überlassen,33224,,
tg,rfd2.0,195650,195734,"Laura, deren Pflegetochter.",3,ich,PPER,ich,33224,"Laura, deren Pflegetochter.",3
tg,rfd2.0,195650,195734,"Laura, deren Pflegetochter.",3,Euch,PPER,euch,33224,,
tg,rfd2.0,195650,195734,"Laura, deren Pflegetochter.",3,den,ART,der,33224,,
tg,rfd2.0,195650,195734,"Laura, deren Pflegetochter.",3,Mantel,NN,mantel,33224,,
tg,rfd2.0,195650,195734,"Laura, deren Pflegetochter.",3,.,$.,--,33224,,
tg,rfd2.0,195650,195734,"Laura, deren Pflegetochter.",3,Ist,VAFIN,sein,33224,,
tg,rfd2.0,195650,195734,"Laura, deren Pflegetochter.",3,er,PPER,er,33224,,
tg,rfd2.0,195650,195734,"Laura, deren Pflegetochter.",3,in,APPR,in,33224,,
tg,rfd2.0,195650,195734,"Laura, deren Pflegetochter.",3,der,ART,der,33224,,
tg,rfd2.0,195650,195734,"Laura, deren Pflegetochter.",3,Nähe,NN,nähe,33224,,
tg,rfd2.0,195650,195734,"Laura, deren Pflegetochter.",3,?,$.,--,33224,,
tg,rfd2.0,195739,195816,"Hauptmann von Silberkalb, Kammerherr.",5,Jawohl,NE,jawohl,33224,,
tg,rfd2.0,195739,195816,"Hauptmann von Silberkalb, Kammerherr.",5,–,XY,–,33224,,
tg,rfd2.0,195739,195816,"Hauptmann von Silberkalb, Kammerherr.",5,Hinaufzeigend,NN,hinaufzeigend,33224,,
tg,rfd2.0,195739,195816,"Hauptmann von Silberkalb, Kammerherr.",5,.,$.,--,33224,,
tg,rfd2.0,195739,195816,"Hauptmann von Silberkalb, Kammerherr.",5,in,APPR,in,33224,,
tg,rfd2.0,195739,195816,"Hauptmann von Silberkalb, Kammerherr.",5,meinem,PPOSAT,mein,33224,"Hauptmann von Silberkalb, Kammerherr.",5
tg,rfd2.0,195739,195816,"Hauptmann von Silberkalb, Kammerherr.",5,Dienstzimmer,NN,dienstzimmer,33224,,
tg,rfd2.0,195739,195816,"Hauptmann von Silberkalb, Kammerherr.",5,neben,APPR,neben,33224,,
tg,rfd2.0,195739,195816,"Hauptmann von Silberkalb, Kammerherr.",5,dem,ART,der,33224,,
tg,rfd2.0,195739,195816,"Hauptmann von Silberkalb, Kammerherr.",5,Theater,NN,theater,33224,,
tg,rfd2.0,195739,195816,"Hauptmann von Silberkalb, Kammerherr.",5,.,$.,--,33224,,
tg,rfd2.0,195821,195891,"Laura, deren Pflegetochter.",3,Bitte,NN,bitte,33224,,
tg,rfd2.0,195821,195891,"Laura, deren Pflegetochter.",3,"!",$.,--,33224,,
tg,rfd2.0,195821,195891,"Laura, deren Pflegetochter.",3,–,XY,–,33224,,
tg,rfd2.0,195821,195891,"Laura, deren Pflegetochter.",3,Ich,PPER,ich,33224,,
tg,rfd2.0,195821,195891,"Laura, deren Pflegetochter.",3,hab,VAFIN,hab,33224,,
tg,rfd2.0,195821,195891,"Laura, deren Pflegetochter.",3,',$[,--,33224,,
tg,rfd2.0,195821,195891,"Laura, deren Pflegetochter.",3,noch,ADV,noch,33224,,
tg,rfd2.0,195821,195891,"Laura, deren Pflegetochter.",3,was,PWS,was,33224,,
tg,rfd2.0,195821,195891,"Laura, deren Pflegetochter.",3,vor,PTKVZ,vor,33224,,
tg,rfd2.0,195821,195891,"Laura, deren Pflegetochter.",3,mit,APPR,mit,33224,,
tg,rfd2.0,195821,195891,"Laura, deren Pflegetochter.",3,dem,ART,der,33224,,
tg,rfd2.0,195821,195891,"Laura, deren Pflegetochter.",3,Mantel,NN,mantel,33224,,
tg,rfd2.0,195821,195891,"Laura, deren Pflegetochter.",3,.,$.,--,33224,,
tg,rfd2.0,195896,195968,"Hauptmann von Silberkalb, Kammerherr.",5,Ich,PPER,ich,33224,,
tg,rfd2.0,195896,195968,"Hauptmann von Silberkalb, Kammerherr.",5,fliege,VVFIN,fliegen,33224,,
tg,rfd2.0,195896,195968,"Hauptmann von Silberkalb, Kammerherr.",5,–,XY,–,33224,,
tg,rfd2.0,195896,195968,"Hauptmann von Silberkalb, Kammerherr.",5,gnädigstes,ADJA,gnädig,33224,,
tg,rfd2.0,195896,195968,"Hauptmann von Silberkalb, Kammerherr.",5,Fräulein,NN,fräulein,33224,,
tg,rfd2.0,195896,195968,"Hauptmann von Silberkalb, Kammerherr.",5,"!",$.,--,33224,,
tg,rfd2.0,195896,195968,"Hauptmann von Silberkalb, Kammerherr.",5,Oben,NN,oben,33224,,
tg,rfd2.0,195896,195968,"Hauptmann von Silberkalb, Kammerherr.",5,in,APPR,in,33224,,
tg,rfd2.0,195896,195968,"Hauptmann von Silberkalb, Kammerherr.",5,die,ART,der,33224,,
tg,rfd2.0,195896,195968,"Hauptmann von Silberkalb, Kammerherr.",5,Mitteltüre,NN,mitteltüre,33224,,
tg,rfd2.0,195896,195968,"Hauptmann von Silberkalb, Kammerherr.",5,ab,PTKVZ,ab,33224,,
tg,rfd2.0,195896,195968,"Hauptmann von Silberkalb, Kammerherr.",5,.,$.,--,33224,,
tg,rfd2.0,195974,196419,"Laura, deren Pflegetochter.",3,Ja,PTKANT,ja,33224,,
tg,rfd2.0,195974,196419,"Laura, deren Pflegetochter.",3,",","$,",--,33224,,
tg,rfd2.0,195974,196419,"Laura, deren Pflegetochter.",3,die,ART,der,33224,,
tg,rfd2.0,195974,196419,"Laura, deren Pflegetochter.",3,Menschen,NN,mensch,33224,,
tg,rfd2.0,195974,196419,"Laura, deren Pflegetochter.",3,sind,VAFIN,sein,33224,,
tg,rfd2.0,195974,196419,"Laura, deren Pflegetochter.",3,alle,PIDAT,aller,33224,ALLE,30
tg,rfd2.0,195974,196419,"Laura, deren Pflegetochter.",3,gut,ADJD,gut,33224,,
tg,rfd2.0,195974,196419,"Laura, deren Pflegetochter.",3,.,$.,--,33224,,
tg,rfd2.0,195974,196419,"Laura, deren Pflegetochter.",3,Mama,NN,--,33224,,
tg,rfd2.0,195974,196419,"Laura, deren Pflegetochter.",3,hat,VAFIN,haben,33224,,
tg,rfd2.0,195974,196419,"Laura, deren Pflegetochter.",3,unrecht,ADJD,unrecht,33224,,
tg,rfd2.0,195974,196419,"Laura, deren Pflegetochter.",3,",","$,",--,33224,,
tg,rfd2.0,195974,196419,"Laura, deren Pflegetochter.",3,und,KON,und,33224,,
tg,rfd2.0,195974,196419,"Laura, deren Pflegetochter.",3,der,ART,der,33224,,
tg,rfd2.0,195974,196419,"Laura, deren Pflegetochter.",3,Onkel,NN,onkel,33224,,
tg,rfd2.0,195974,196419,"Laura, deren Pflegetochter.",3,hat,VAFIN,haben,33224,,
tg,rfd2.0,195974,196419,"Laura, deren Pflegetochter.",3,recht,ADJD,recht,33224,,
tg,rfd2.0,195974,196419,"Laura, deren Pflegetochter.",3,",","$,",--,33224,,
tg,rfd2.0,195974,196419,"Laura, deren Pflegetochter.",3,wenn,KOUS,wenn,33224,,
tg,rfd2.0,195974,196419,"Laura, deren Pflegetochter.",3,er,PPER,er,33224,,
tg,rfd2.0,195974,196419,"Laura, deren Pflegetochter.",3,sagt,VVFIN,sagen,33224,,
tg,rfd2.0,195974,196419,"Laura, deren Pflegetochter.",3,",","$,",--,33224,,
tg,rfd2.0,195974,196419,"Laura, deren Pflegetochter.",3,ich,PPER,ich,33224,"Laura, deren Pflegetochter.",3
tg,rfd2.0,195974,196419,"Laura, deren Pflegetochter.",3,sollte,VMFIN,sollen,33224,,
tg,rfd2.0,195974,196419,"Laura, deren Pflegetochter.",3,dem,ART,der,33224,,
tg,rfd2.0,195974,196419,"Laura, deren Pflegetochter.",3,Hauptmann,NN,hauptmann,33224,,
tg,rfd2.0,195974,196419,"Laura, deren Pflegetochter.",3,ruhig,ADJD,ruhig,33224,,
tg,rfd2.0,195974,196419,"Laura, deren Pflegetochter.",3,vertrauen,VVINF,vertrauen,33224,,
tg,rfd2.0,195974,196419,"Laura, deren Pflegetochter.",3,.,$.,--,33224,,
tg,rfd2.0,195974,196419,"Laura, deren Pflegetochter.",3,–,XY,–,33224,,
tg,rfd2.0,195974,196419,"Laura, deren Pflegetochter.",3,Wie,PWAV,wie,33224,,
tg,rfd2.0,195974,196419,"Laura, deren Pflegetochter.",3,wunderlich,ADJD,wunderlich,33224,,
tg,rfd2.0,195974,196419,"Laura, deren Pflegetochter.",3,"!",$.,--,33224,,
tg,rfd2.0,195974,196419,"Laura, deren Pflegetochter.",3,Mir,PPER,sich,33224,,
tg,rfd2.0,195974,196419,"Laura, deren Pflegetochter.",3,ist's,VVFIN,ist's,33224,,
tg,rfd2.0,195974,196419,"Laura, deren Pflegetochter.",3,",","$,",--,33224,,
tg,rfd2.0,195974,196419,"Laura, deren Pflegetochter.",3,als,APPR,als,33224,,
tg,rfd2.0,195974,196419,"Laura, deren Pflegetochter.",3,ob,KOUS,ob,33224,,
tg,rfd2.0,195974,196419,"Laura, deren Pflegetochter.",3,ich,PPER,ich,33224,"Laura, deren Pflegetochter.",3
tg,rfd2.0,195974,196419,"Laura, deren Pflegetochter.",3,im,APPRART,in,33224,,
tg,rfd2.0,195974,196419,"Laura, deren Pflegetochter.",3,Traum,NN,traum,33224,,
tg,rfd2.0,195974,196419,"Laura, deren Pflegetochter.",3,wandelte,VVFIN,wandeln,33224,,
tg,rfd2.0,195974,196419,"Laura, deren Pflegetochter.",3,.,$.,--,33224,,
tg,rfd2.0,195974,196419,"Laura, deren Pflegetochter.",3,Mama,NN,--,33224,,
tg,rfd2.0,195974,196419,"Laura, deren Pflegetochter.",3,sagt,VVFIN,sagen,33224,,
tg,rfd2.0,195974,196419,"Laura, deren Pflegetochter.",3,:,$.,--,33224,,
tg,rfd2.0,195974,196419,"Laura, deren Pflegetochter.",3,weil,KOUS,weil,33224,,
tg,rfd2.0,195974,196419,"Laura, deren Pflegetochter.",3,ich,PPER,ich,33224,"Laura, deren Pflegetochter.",3
tg,rfd2.0,195974,196419,"Laura, deren Pflegetochter.",3,nicht,PTKNEG,nicht,33224,,
tg,rfd2.0,195974,196419,"Laura, deren Pflegetochter.",3,geschlafen,VVPP,schlafen,33224,,
tg,rfd2.0,195974,196419,"Laura, deren Pflegetochter.",3,habe,VAFIN,haben,33224,,
tg,rfd2.0,195974,196419,"Laura, deren Pflegetochter.",3,.,$.,--,33224,,
tg,rfd2.0,195974,196419,"Laura, deren Pflegetochter.",3,O,NE,O,33224,,
tg,rfd2.0,195974,196419,"Laura, deren Pflegetochter.",3,nein,PTKANT,nein,33224,,
tg,rfd2.0,195974,196419,"Laura, deren Pflegetochter.",3,",","$,",--,33224,,
tg,rfd2.0,195974,196419,"Laura, deren Pflegetochter.",3,ich,PPER,ich,33224,"Laura, deren Pflegetochter.",3
tg,rfd2.0,195974,196419,"Laura, deren Pflegetochter.",3,bin,VAFIN,sein,33224,,
tg,rfd2.0,195974,196419,"Laura, deren Pflegetochter.",3,gar,ADV,gar,33224,,
tg,rfd2.0,195974,196419,"Laura, deren Pflegetochter.",3,nicht,PTKNEG,nicht,33224,,
tg,rfd2.0,195974,196419,"Laura, deren Pflegetochter.",3,lustig,ADJD,lustig,33224,,
tg,rfd2.0,195974,196419,"Laura, deren Pflegetochter.",3,",","$,",--,33224,,
tg,rfd2.0,195974,196419,"Laura, deren Pflegetochter.",3,eigentlich,ADV,eigentlich,33224,,
tg,rfd2.0,195974,196419,"Laura, deren Pflegetochter.",3,traurig,ADJD,traurig,33224,,
tg,rfd2.0,195974,196419,"Laura, deren Pflegetochter.",3,und,KON,und,33224,,
tg,rfd2.0,195974,196419,"Laura, deren Pflegetochter.",3,doch,ADV,doch,33224,,
tg,rfd2.0,195974,196419,"Laura, deren Pflegetochter.",3,auch,ADV,auch,33224,,
tg,rfd2.0,195974,196419,"Laura, deren Pflegetochter.",3,nicht,PTKNEG,nicht,33224,,
tg,rfd2.0,195974,196419,"Laura, deren Pflegetochter.",3,traurig,ADJD,traurig,33224,,
tg,rfd2.0,195974,196419,"Laura, deren Pflegetochter.",3,",","$,",--,33224,,
tg,rfd2.0,195974,196419,"Laura, deren Pflegetochter.",3,gar,ADV,gar,33224,,
tg,rfd2.0,195974,196419,"Laura, deren Pflegetochter.",3,nicht,PTKNEG,nicht,33224,,
tg,rfd2.0,195974,196419,"Laura, deren Pflegetochter.",3,traurig,ADJD,traurig,33224,,
tg,rfd2.0,195974,196419,"Laura, deren Pflegetochter.",3,",","$,",--,33224,,
tg,rfd2.0,195974,196419,"Laura, deren Pflegetochter.",3,denn,KON,denn,33224,,
tg,rfd2.0,195974,196419,"Laura, deren Pflegetochter.",3,es,PPER,es,33224,,
tg,rfd2.0,195974,196419,"Laura, deren Pflegetochter.",3,ist,VAFIN,sein,33224,,
tg,rfd2.0,195974,196419,"Laura, deren Pflegetochter.",3,mir,PPER,sich,33224,"Laura, deren Pflegetochter.",3
tg,rfd2.0,195974,196419,"Laura, deren Pflegetochter.",3,",","$,",--,33224,,
tg,rfd2.0,195974,196419,"Laura, deren Pflegetochter.",3,als,APPR,als,33224,,
tg,rfd2.0,195974,196419,"Laura, deren Pflegetochter.",3,werde,VAFIN,werden,33224,,
tg,rfd2.0,195974,196419,"Laura, deren Pflegetochter.",3,jeden,PIDAT,jeder,33224,,
tg,rfd2.0,195974,196419,"Laura, deren Pflegetochter.",3,Augenblick,NN,augenblick,33224,,
tg,rfd2.0,195974,196419,"Laura, deren Pflegetochter.",3,etwas,ADV,etwas,33224,,
tg,rfd2.0,195974,196419,"Laura, deren Pflegetochter.",3,Schönes,NN,schöne,33224,,
tg,rfd2.0,195974,196419,"Laura, deren Pflegetochter.",3,und,KON,und,33224,,
tg,rfd2.0,195974,196419,"Laura, deren Pflegetochter.",3,Glückliches,NN,glückliche,33224,,
tg,rfd2.0,195974,196419,"Laura, deren Pflegetochter.",3,geschehen,VVFIN,geschehen,33224,,
tg,rfd2.0,195974,196419,"Laura, deren Pflegetochter.",3,–,PPER,–,33224,,
tg,rfd2.0,195974,196419,"Laura, deren Pflegetochter.",3,was,PIS,was,33224,,
tg,rfd2.0,195974,196419,"Laura, deren Pflegetochter.",3,wird,VAFIN,werden,33224,,
tg,rfd2.0,195974,196419,"Laura, deren Pflegetochter.",3,es,PPER,es,33224,,
tg,rfd2.0,195974,196419,"Laura, deren Pflegetochter.",3,sein,VAINF,sein,33224,,
tg,rfd2.0,195974,196419,"Laura, deren Pflegetochter.",3,?,$.,--,33224,,
tg,rfd2.0,196425,196699,"Hauptmann von Silberkalb, Kammerherr.",5,Welch,PIDAT,welch,33224,,
tg,rfd2.0,196425,196699,"Hauptmann von Silberkalb, Kammerherr.",5,eine,ART,ein,33224,,
tg,rfd2.0,196425,196699,"Hauptmann von Silberkalb, Kammerherr.",5,glückliche,ADJA,glücklich,33224,,
tg,rfd2.0,196425,196699,"Hauptmann von Silberkalb, Kammerherr.",5,Veränderung,NN,veränderung,33224,,
tg,rfd2.0,196425,196699,"Hauptmann von Silberkalb, Kammerherr.",5,mit,APPR,mit,33224,,
tg,rfd2.0,196425,196699,"Hauptmann von Silberkalb, Kammerherr.",5,dem,ART,der,33224,,
tg,rfd2.0,196425,196699,"Hauptmann von Silberkalb, Kammerherr.",5,ausgelassenen,ADJA,ausgelassen,33224,,
tg,rfd2.0,196425,196699,"Hauptmann von Silberkalb, Kammerherr.",5,Mädchen,NN,mädchen,33224,,
tg,rfd2.0,196425,196699,"Hauptmann von Silberkalb, Kammerherr.",5,vorgegangen,VVPP,vorgehen,33224,,
tg,rfd2.0,196425,196699,"Hauptmann von Silberkalb, Kammerherr.",5,ist,VAFIN,sein,33224,,
tg,rfd2.0,196425,196699,"Hauptmann von Silberkalb, Kammerherr.",5,",","$,",--,33224,,
tg,rfd2.0,196425,196699,"Hauptmann von Silberkalb, Kammerherr.",5,Herabsteigend,NN,herabsteigend,33224,,
tg,rfd2.0,196425,196699,"Hauptmann von Silberkalb, Kammerherr.",5,.,$.,--,33224,,
tg,rfd2.0,196425,196699,"Hauptmann von Silberkalb, Kammerherr.",5,–,XY,–,33224,,
tg,rfd2.0,196425,196699,"Hauptmann von Silberkalb, Kammerherr.",5,ich,PPER,ich,33224,"Hauptmann von Silberkalb, Kammerherr.",5
tg,rfd2.0,196425,196699,"Hauptmann von Silberkalb, Kammerherr.",5,bedarf,VVFIN,bedürfen,33224,,
tg,rfd2.0,196425,196699,"Hauptmann von Silberkalb, Kammerherr.",5,nicht,PTKNEG,nicht,33224,,
tg,rfd2.0,196425,196699,"Hauptmann von Silberkalb, Kammerherr.",5,mehr,ADV,mehr,33224,,
tg,rfd2.0,196425,196699,"Hauptmann von Silberkalb, Kammerherr.",5,eines,ART,ein,33224,,
tg,rfd2.0,196425,196699,"Hauptmann von Silberkalb, Kammerherr.",5,Befehls,NN,befehl,33224,,
tg,rfd2.0,196425,196699,"Hauptmann von Silberkalb, Kammerherr.",5,vom,APPRART,von,33224,,
tg,rfd2.0,196425,196699,"Hauptmann von Silberkalb, Kammerherr.",5,Herzoge,NN,herzoge,33224,,
tg,rfd2.0,196425,196699,"Hauptmann von Silberkalb, Kammerherr.",5,",","$,",--,33224,,
tg,rfd2.0,196425,196699,"Hauptmann von Silberkalb, Kammerherr.",5,um,KOUI,um,33224,,
tg,rfd2.0,196425,196699,"Hauptmann von Silberkalb, Kammerherr.",5,sie,PPER,sie,33224,,
tg,rfd2.0,196425,196699,"Hauptmann von Silberkalb, Kammerherr.",5,zu,PTKZU,zu,33224,,
tg,rfd2.0,196425,196699,"Hauptmann von Silberkalb, Kammerherr.",5,gewinnen,VVINF,gewinnen,33224,,
tg,rfd2.0,196425,196699,"Hauptmann von Silberkalb, Kammerherr.",5,;,$.,--,33224,,
tg,rfd2.0,196425,196699,"Hauptmann von Silberkalb, Kammerherr.",5,Laut,APPR,laut,33224,,
tg,rfd2.0,196425,196699,"Hauptmann von Silberkalb, Kammerherr.",5,.,$.,--,33224,,
tg,rfd2.0,196425,196699,"Hauptmann von Silberkalb, Kammerherr.",5,gnädiges,ADJA,gnädig,33224,,
tg,rfd2.0,196425,196699,"Hauptmann von Silberkalb, Kammerherr.",5,Fräulein,NN,fräulein,33224,,
tg,rfd2.0,196425,196699,"Hauptmann von Silberkalb, Kammerherr.",5,",","$,",--,33224,,
tg,rfd2.0,196425,196699,"Hauptmann von Silberkalb, Kammerherr.",5,wie,PWAV,wie,33224,,
tg,rfd2.0,196425,196699,"Hauptmann von Silberkalb, Kammerherr.",5,Sie,PPER,sie,33224,,
tg,rfd2.0,196425,196699,"Hauptmann von Silberkalb, Kammerherr.",5,befohlen,VVPP,befehlen,33224,,
tg,rfd2.0,196425,196699,"Hauptmann von Silberkalb, Kammerherr.",5,haben,VAFIN,haben,33224,,
tg,rfd2.0,196425,196699,"Hauptmann von Silberkalb, Kammerherr.",5,–,PPER,–,33224,,
tg,rfd2.0,196704,196817,"Laura, deren Pflegetochter.",3,Ah,NN,ah,33224,,
tg,rfd2.0,196704,196817,"Laura, deren Pflegetochter.",3,",","$,",--,33224,,
tg,rfd2.0,196704,196817,"Laura, deren Pflegetochter.",3,–,VVFIN,–,33224,,
tg,rfd2.0,196704,196817,"Laura, deren Pflegetochter.",3,ich,PPER,ich,33224,"Laura, deren Pflegetochter.",3
tg,rfd2.0,196704,196817,"Laura, deren Pflegetochter.",3,danke,VVFIN,danken,33224,,
tg,rfd2.0,196704,196817,"Laura, deren Pflegetochter.",3,Euch,PPER,euch,33224,,
tg,rfd2.0,196704,196817,"Laura, deren Pflegetochter.",3,"!",$.,--,33224,,
tg,rfd2.0,196704,196817,"Laura, deren Pflegetochter.",3,Sie,PPER,sie,33224,,
tg,rfd2.0,196704,196817,"Laura, deren Pflegetochter.",3,nimmt,VVFIN,nehmen,33224,,
tg,rfd2.0,196704,196817,"Laura, deren Pflegetochter.",3,den,ART,der,33224,,
tg,rfd2.0,196704,196817,"Laura, deren Pflegetochter.",3,Mantel,NN,mantel,33224,,
tg,rfd2.0,196704,196817,"Laura, deren Pflegetochter.",3,",","$,",--,33224,,
tg,rfd2.0,196704,196817,"Laura, deren Pflegetochter.",3,fühlt,VVFIN,fühlen,33224,,
tg,rfd2.0,196704,196817,"Laura, deren Pflegetochter.",3,nach,APPR,nach,33224,,
tg,rfd2.0,196704,196817,"Laura, deren Pflegetochter.",3,den,ART,der,33224,,
tg,rfd2.0,196704,196817,"Laura, deren Pflegetochter.",3,Büchern,NN,buch,33224,,
tg,rfd2.0,196704,196817,"Laura, deren Pflegetochter.",3,und,KON,und,33224,,
tg,rfd2.0,196704,196817,"Laura, deren Pflegetochter.",3,geht,VVFIN,gehen,33224,,
tg,rfd2.0,196704,196817,"Laura, deren Pflegetochter.",3,unten,ADV,unten,33224,,
tg,rfd2.0,196704,196817,"Laura, deren Pflegetochter.",3,nach,APPR,nach,33224,,
tg,rfd2.0,196704,196817,"Laura, deren Pflegetochter.",3,der,ART,der,33224,,
tg,rfd2.0,196704,196817,"Laura, deren Pflegetochter.",3,Mitteltüre,NN,mitteltüre,33224,,
tg,rfd2.0,196704,196817,"Laura, deren Pflegetochter.",3,zu,PTKVZ,zu,33224,,
tg,rfd2.0,196704,196817,"Laura, deren Pflegetochter.",3,.,$.,--,33224,,
tg,rfd2.0,196823,196855,"Hauptmann von Silberkalb, Kammerherr.",5,Gnädiges,ADJA,gnädig,33224,,
tg,rfd2.0,196823,196855,"Hauptmann von Silberkalb, Kammerherr.",5,Fräulein,NN,fräulein,33224,,
tg,rfd2.0,196823,196855,"Hauptmann von Silberkalb, Kammerherr.",5,–,XY,–,33224,,
tg,rfd2.0,196823,196855,"Hauptmann von Silberkalb, Kammerherr.",5,"!",$.,--,33224,,
tg,rfd2.0,196860,196885,"Laura, deren Pflegetochter.",3,Herr,NN,herr,33224,,
tg,rfd2.0,196860,196885,"Laura, deren Pflegetochter.",3,Hauptmann,NE,hauptmann,33224,,
tg,rfd2.0,196860,196885,"Laura, deren Pflegetochter.",3,–,XY,–,33224,,
tg,rfd2.0,196860,196885,"Laura, deren Pflegetochter.",3,?,$.,--,33224,,
tg,rfd2.0,196890,196993,"Hauptmann von Silberkalb, Kammerherr.",5,Sie,PPER,sie,33224,,
tg,rfd2.0,196890,196993,"Hauptmann von Silberkalb, Kammerherr.",5,sind,VAFIN,sein,33224,,
tg,rfd2.0,196890,196993,"Hauptmann von Silberkalb, Kammerherr.",5,grausam,ADJD,grausam,33224,,
tg,rfd2.0,196890,196993,"Hauptmann von Silberkalb, Kammerherr.",5,",","$,",--,33224,,
tg,rfd2.0,196890,196993,"Hauptmann von Silberkalb, Kammerherr.",5,Sie,PPER,sie,33224,,
tg,rfd2.0,196890,196993,"Hauptmann von Silberkalb, Kammerherr.",5,lassen,VVFIN,lassen,33224,,
tg,rfd2.0,196890,196993,"Hauptmann von Silberkalb, Kammerherr.",5,mich,PPER,mich,33224,"Hauptmann von Silberkalb, Kammerherr.",5
tg,rfd2.0,196890,196993,"Hauptmann von Silberkalb, Kammerherr.",5,einen,ART,ein,33224,,
tg,rfd2.0,196890,196993,"Hauptmann von Silberkalb, Kammerherr.",5,Dank,NN,dank,33224,,
tg,rfd2.0,196890,196993,"Hauptmann von Silberkalb, Kammerherr.",5,und,KON,und,33224,,
tg,rfd2.0,196890,196993,"Hauptmann von Silberkalb, Kammerherr.",5,eine,ART,ein,33224,,
tg,rfd2.0,196890,196993,"Hauptmann von Silberkalb, Kammerherr.",5,Erklärung,NN,erklärung,33224,,
tg,rfd2.0,196890,196993,"Hauptmann von Silberkalb, Kammerherr.",5,hoffen,VVFIN,hoffen,33224,,
tg,rfd2.0,196890,196993,"Hauptmann von Silberkalb, Kammerherr.",5,und,KON,und,33224,,
tg,rfd2.0,196890,196993,"Hauptmann von Silberkalb, Kammerherr.",5,verlassen,VVFIN,verlassen,33224,,
tg,rfd2.0,196890,196993,"Hauptmann von Silberkalb, Kammerherr.",5,mich,PPER,mich,33224,"Hauptmann von Silberkalb, Kammerherr.",5
tg,rfd2.0,196890,196993,"Hauptmann von Silberkalb, Kammerherr.",5,–,XY,–,33224,,
tg,rfd2.0,196998,197044,"Laura, deren Pflegetochter.",3,Hab,ITJ,hab,33224,,
tg,rfd2.0,196998,197044,"Laura, deren Pflegetochter.",3,',$[,--,33224,,
tg,rfd2.0,196998,197044,"Laura, deren Pflegetochter.",3,ich,PPER,ich,33224,"Laura, deren Pflegetochter.",3
tg,rfd2.0,196998,197044,"Laura, deren Pflegetochter.",3,nicht,PTKNEG,nicht,33224,,
tg,rfd2.0,196998,197044,"Laura, deren Pflegetochter.",3,gedankt,VVPP,danken,33224,,
tg,rfd2.0,196998,197044,"Laura, deren Pflegetochter.",3,?,$.,--,33224,,
tg,rfd2.0,196998,197044,"Laura, deren Pflegetochter.",3,Verzeihen,APPR,verzeihen,33224,,
tg,rfd2.0,196998,197044,"Laura, deren Pflegetochter.",3,Sie,PPER,sie,33224,,
tg,rfd2.0,196998,197044,"Laura, deren Pflegetochter.",3,"!",$.,--,33224,,
tg,rfd2.0,197049,197083,"Hauptmann von Silberkalb, Kammerherr.",5,O,NE,O,33224,,
tg,rfd2.0,197049,197083,"Hauptmann von Silberkalb, Kammerherr.",5,",","$,",--,33224,,
tg,rfd2.0,197049,197083,"Hauptmann von Silberkalb, Kammerherr.",5,Sie,PPER,sie,33224,,
tg,rfd2.0,197049,197083,"Hauptmann von Silberkalb, Kammerherr.",5,spotten,VVFIN,spotten,33224,,
tg,rfd2.0,197049,197083,"Hauptmann von Silberkalb, Kammerherr.",5,meiner,PPOSAT,mein,33224,"Hauptmann von Silberkalb, Kammerherr.",5
tg,rfd2.0,197049,197083,"Hauptmann von Silberkalb, Kammerherr.",5,"!",$.,--,33224,,
tg,rfd2.0,197088,197150,"Laura, deren Pflegetochter.",3,Wirklich,ADJD,wirklich,33224,,
tg,rfd2.0,197088,197150,"Laura, deren Pflegetochter.",3,nicht,PTKNEG,nicht,33224,,
tg,rfd2.0,197088,197150,"Laura, deren Pflegetochter.",3,"!",$.,--,33224,,
tg,rfd2.0,197088,197150,"Laura, deren Pflegetochter.",3,–,XY,–,33224,,
tg,rfd2.0,197088,197150,"Laura, deren Pflegetochter.",3,Was,PWS,was,33224,,
tg,rfd2.0,197088,197150,"Laura, deren Pflegetochter.",3,für,APPR,für,33224,,
tg,rfd2.0,197088,197150,"Laura, deren Pflegetochter.",3,eine,ART,ein,33224,,
tg,rfd2.0,197088,197150,"Laura, deren Pflegetochter.",3,Erklärung,NN,erklärung,33224,,
tg,rfd2.0,197088,197150,"Laura, deren Pflegetochter.",3,meinen,VVFIN,meinen,33224,,
tg,rfd2.0,197088,197150,"Laura, deren Pflegetochter.",3,Sie,PPER,sie,33224,,
tg,rfd2.0,197088,197150,"Laura, deren Pflegetochter.",3,–,XY,–,33224,,
tg,rfd2.0,197088,197150,"Laura, deren Pflegetochter.",3,?,$.,--,33224,,
tg,rfd2.0,197155,197343,"Hauptmann von Silberkalb, Kammerherr.",5,Bin,NE,sein,33224,,
tg,rfd2.0,197155,197343,"Hauptmann von Silberkalb, Kammerherr.",5,ich,PPER,ich,33224,"Hauptmann von Silberkalb, Kammerherr.",5
tg,rfd2.0,197155,197343,"Hauptmann von Silberkalb, Kammerherr.",5,gefoppt,VVPP,foppen,33224,,
tg,rfd2.0,197155,197343,"Hauptmann von Silberkalb, Kammerherr.",5,?,$.,--,33224,,
tg,rfd2.0,197155,197343,"Hauptmann von Silberkalb, Kammerherr.",5,–,XY,–,33224,,
tg,rfd2.0,197155,197343,"Hauptmann von Silberkalb, Kammerherr.",5,Ich,PPER,ich,33224,,
tg,rfd2.0,197155,197343,"Hauptmann von Silberkalb, Kammerherr.",5,sehe,VVFIN,sehen,33224,,
tg,rfd2.0,197155,197343,"Hauptmann von Silberkalb, Kammerherr.",5,",","$,",--,33224,,
tg,rfd2.0,197155,197343,"Hauptmann von Silberkalb, Kammerherr.",5,es,PPER,es,33224,,
tg,rfd2.0,197155,197343,"Hauptmann von Silberkalb, Kammerherr.",5,ist,VAFIN,sein,33224,,
tg,rfd2.0,197155,197343,"Hauptmann von Silberkalb, Kammerherr.",5,etwas,PIS,etwas,33224,,
tg,rfd2.0,197155,197343,"Hauptmann von Silberkalb, Kammerherr.",5,in,APPR,in,33224,,
tg,rfd2.0,197155,197343,"Hauptmann von Silberkalb, Kammerherr.",5,dem,ART,der,33224,,
tg,rfd2.0,197155,197343,"Hauptmann von Silberkalb, Kammerherr.",5,Mantel,NN,mantel,33224,,
tg,rfd2.0,197155,197343,"Hauptmann von Silberkalb, Kammerherr.",5,verborgen,VVPP,verbergen,33224,,
tg,rfd2.0,197155,197343,"Hauptmann von Silberkalb, Kammerherr.",5,",","$,",--,33224,,
tg,rfd2.0,197155,197343,"Hauptmann von Silberkalb, Kammerherr.",5,und,KON,und,33224,,
tg,rfd2.0,197155,197343,"Hauptmann von Silberkalb, Kammerherr.",5,bloß,ADV,bloß,33224,,
tg,rfd2.0,197155,197343,"Hauptmann von Silberkalb, Kammerherr.",5,deshalb,PROAV,deshalb,33224,,
tg,rfd2.0,197155,197343,"Hauptmann von Silberkalb, Kammerherr.",5,ist,VAFIN,sein,33224,,
tg,rfd2.0,197155,197343,"Hauptmann von Silberkalb, Kammerherr.",5,meine,PPOSAT,mein,33224,"Hauptmann von Silberkalb, Kammerherr.",5
tg,rfd2.0,197155,197343,"Hauptmann von Silberkalb, Kammerherr.",5,Gutmütigkeit,NN,gutmütigkeit,33224,,
tg,rfd2.0,197155,197343,"Hauptmann von Silberkalb, Kammerherr.",5,in,APPR,in,33224,,
tg,rfd2.0,197155,197343,"Hauptmann von Silberkalb, Kammerherr.",5,Anspruch,NN,anspruch,33224,,
tg,rfd2.0,197155,197343,"Hauptmann von Silberkalb, Kammerherr.",5,genommen,VVPP,nehmen,33224,,
tg,rfd2.0,197155,197343,"Hauptmann von Silberkalb, Kammerherr.",5,worden,VAPP,werden,33224,,
tg,rfd2.0,197155,197343,"Hauptmann von Silberkalb, Kammerherr.",5,",","$,",--,33224,,
tg,rfd2.0,197155,197343,"Hauptmann von Silberkalb, Kammerherr.",5,und,KON,und,33224,,
tg,rfd2.0,197155,197343,"Hauptmann von Silberkalb, Kammerherr.",5,nun,ADV,nun,33224,,
tg,rfd2.0,197155,197343,"Hauptmann von Silberkalb, Kammerherr.",5,werd,ADV,werden,33224,,
tg,rfd2.0,197155,197343,"Hauptmann von Silberkalb, Kammerherr.",5,',$[,--,33224,,
tg,rfd2.0,197155,197343,"Hauptmann von Silberkalb, Kammerherr.",5,ich,PPER,ich,33224,"Hauptmann von Silberkalb, Kammerherr.",5
tg,rfd2.0,197155,197343,"Hauptmann von Silberkalb, Kammerherr.",5,ausgelacht,VVPP,auslachen,33224,,
tg,rfd2.0,197155,197343,"Hauptmann von Silberkalb, Kammerherr.",5,"!",$.,--,33224,,
tg,rfd2.0,197348,197620,"Laura, deren Pflegetochter.",3,O,NE,O,33224,,
tg,rfd2.0,197348,197620,"Laura, deren Pflegetochter.",3,nicht,PTKNEG,nicht,33224,,
tg,rfd2.0,197348,197620,"Laura, deren Pflegetochter.",3,doch,ADV,doch,33224,,
tg,rfd2.0,197348,197620,"Laura, deren Pflegetochter.",3,",","$,",--,33224,,
tg,rfd2.0,197348,197620,"Laura, deren Pflegetochter.",3,nicht,PTKNEG,nicht,33224,,
tg,rfd2.0,197348,197620,"Laura, deren Pflegetochter.",3,doch,ADV,doch,33224,,
tg,rfd2.0,197348,197620,"Laura, deren Pflegetochter.",3,",","$,",--,33224,,
tg,rfd2.0,197348,197620,"Laura, deren Pflegetochter.",3,liebster,ADJA,liebe,33224,,
tg,rfd2.0,197348,197620,"Laura, deren Pflegetochter.",3,Hauptmann,NN,hauptmann,33224,,
tg,rfd2.0,197348,197620,"Laura, deren Pflegetochter.",3,",","$,",--,33224,,
tg,rfd2.0,197348,197620,"Laura, deren Pflegetochter.",3,Zurückkommend,NN,zurückkommend,33224,,
tg,rfd2.0,197348,197620,"Laura, deren Pflegetochter.",3,.,$.,--,33224,,
tg,rfd2.0,197348,197620,"Laura, deren Pflegetochter.",3,wie,KOKOM,wie,33224,,
tg,rfd2.0,197348,197620,"Laura, deren Pflegetochter.",3,können,VMFIN,können,33224,,
tg,rfd2.0,197348,197620,"Laura, deren Pflegetochter.",3,Sie,PPER,sie,33224,,
tg,rfd2.0,197348,197620,"Laura, deren Pflegetochter.",3,mir,PPER,sich,33224,"Laura, deren Pflegetochter.",3
tg,rfd2.0,197348,197620,"Laura, deren Pflegetochter.",3,so,ADV,so,33224,,
tg,rfd2.0,197348,197620,"Laura, deren Pflegetochter.",3,etwas,PIS,etwas,33224,,
tg,rfd2.0,197348,197620,"Laura, deren Pflegetochter.",3,zutrauen,VVINF,zutrauen,33224,,
tg,rfd2.0,197348,197620,"Laura, deren Pflegetochter.",3,?,$.,--,33224,,
tg,rfd2.0,197348,197620,"Laura, deren Pflegetochter.",3,"!",$.,--,33224,,
tg,rfd2.0,197348,197620,"Laura, deren Pflegetochter.",3,Nein,PTKANT,nein,33224,,
tg,rfd2.0,197348,197620,"Laura, deren Pflegetochter.",3,",","$,",--,33224,,
tg,rfd2.0,197348,197620,"Laura, deren Pflegetochter.",3,Sie,PPER,sie,33224,,
tg,rfd2.0,197348,197620,"Laura, deren Pflegetochter.",3,sollen,VMFIN,sollen,33224,,
tg,rfd2.0,197348,197620,"Laura, deren Pflegetochter.",3,nicht,PTKNEG,nicht,33224,,
tg,rfd2.0,197348,197620,"Laura, deren Pflegetochter.",3,so,ADV,so,33224,,
tg,rfd2.0,197348,197620,"Laura, deren Pflegetochter.",3,von,APPR,von,33224,,
tg,rfd2.0,197348,197620,"Laura, deren Pflegetochter.",3,mir,PPER,sich,33224,"Laura, deren Pflegetochter.",3
tg,rfd2.0,197348,197620,"Laura, deren Pflegetochter.",3,denken,VVFIN,denken,33224,,
tg,rfd2.0,197348,197620,"Laura, deren Pflegetochter.",3,",","$,",--,33224,,
tg,rfd2.0,197348,197620,"Laura, deren Pflegetochter.",3,mich,PRF,mich,33224,"Laura, deren Pflegetochter.",3
tg,rfd2.0,197348,197620,"Laura, deren Pflegetochter.",3,ja,ADV,ja,33224,,
tg,rfd2.0,197348,197620,"Laura, deren Pflegetochter.",3,nicht,PTKNEG,nicht,33224,,
tg,rfd2.0,197348,197620,"Laura, deren Pflegetochter.",3,für,APPR,für,33224,,
tg,rfd2.0,197348,197620,"Laura, deren Pflegetochter.",3,undankbar,ADJD,undankbar,33224,,
tg,rfd2.0,197348,197620,"Laura, deren Pflegetochter.",3,halten,VVINF,halten,33224,,
tg,rfd2.0,197348,197620,"Laura, deren Pflegetochter.",3,.,$.,--,33224,,
tg,rfd2.0,197348,197620,"Laura, deren Pflegetochter.",3,Es,PPER,es,33224,,
tg,rfd2.0,197348,197620,"Laura, deren Pflegetochter.",3,sind,VAFIN,sein,33224,,
tg,rfd2.0,197348,197620,"Laura, deren Pflegetochter.",3,zwei,CARD,zwei,33224,,
tg,rfd2.0,197348,197620,"Laura, deren Pflegetochter.",3,Bücher,NN,buch,33224,,
tg,rfd2.0,197348,197620,"Laura, deren Pflegetochter.",3,in,APPR,in,33224,,
tg,rfd2.0,197348,197620,"Laura, deren Pflegetochter.",3,dem,ART,der,33224,,
tg,rfd2.0,197348,197620,"Laura, deren Pflegetochter.",3,Mantel,NN,mantel,33224,,
tg,rfd2.0,197348,197620,"Laura, deren Pflegetochter.",3,",","$,",--,33224,,
tg,rfd2.0,197348,197620,"Laura, deren Pflegetochter.",3,die,PRELS,der,33224,,
tg,rfd2.0,197348,197620,"Laura, deren Pflegetochter.",3,nicht,PTKNEG,nicht,33224,,
tg,rfd2.0,197348,197620,"Laura, deren Pflegetochter.",3,mir,PPER,sich,33224,"Laura, deren Pflegetochter.",3
tg,rfd2.0,197348,197620,"Laura, deren Pflegetochter.",3,gehören,VVFIN,gehören,33224,,
tg,rfd2.0,197348,197620,"Laura, deren Pflegetochter.",3,",","$,",--,33224,,
tg,rfd2.0,197348,197620,"Laura, deren Pflegetochter.",3,und,KON,und,33224,,
tg,rfd2.0,197348,197620,"Laura, deren Pflegetochter.",3,die,PRELS,der,33224,,
tg,rfd2.0,197348,197620,"Laura, deren Pflegetochter.",3,ich,PPER,ich,33224,"Laura, deren Pflegetochter.",3
tg,rfd2.0,197348,197620,"Laura, deren Pflegetochter.",3,zurückgeben,VVINF,zurückgeben,33224,,
tg,rfd2.0,197348,197620,"Laura, deren Pflegetochter.",3,muß,VMFIN,müssen,33224,,
tg,rfd2.0,197348,197620,"Laura, deren Pflegetochter.",3,.,$.,--,33224,,
tg,rfd2.0,197625,197712,"Hauptmann von Silberkalb, Kammerherr.",5,Bücher,NN,buch,33224,,
tg,rfd2.0,197625,197712,"Hauptmann von Silberkalb, Kammerherr.",5,?,$.,--,33224,,
tg,rfd2.0,197625,197712,"Hauptmann von Silberkalb, Kammerherr.",5,"!",$.,--,33224,,
tg,rfd2.0,197625,197712,"Hauptmann von Silberkalb, Kammerherr.",5,–,XY,–,33224,,
tg,rfd2.0,197625,197712,"Hauptmann von Silberkalb, Kammerherr.",5,Für,APPR,für,33224,,
tg,rfd2.0,197625,197712,"Hauptmann von Silberkalb, Kammerherr.",5,sich,PRF,sich,33224,,
tg,rfd2.0,197625,197712,"Hauptmann von Silberkalb, Kammerherr.",5,.,$.,--,33224,,
tg,rfd2.0,197625,197712,"Hauptmann von Silberkalb, Kammerherr.",5,Tor,NN,tor,33224,,
tg,rfd2.0,197625,197712,"Hauptmann von Silberkalb, Kammerherr.",5,",","$,",--,33224,,
tg,rfd2.0,197625,197712,"Hauptmann von Silberkalb, Kammerherr.",5,der,PRELS,der,33224,,
tg,rfd2.0,197625,197712,"Hauptmann von Silberkalb, Kammerherr.",5,ich,PPER,ich,33224,"Hauptmann von Silberkalb, Kammerherr.",5
tg,rfd2.0,197625,197712,"Hauptmann von Silberkalb, Kammerherr.",5,war,VAFIN,sein,33224,,
tg,rfd2.0,197625,197712,"Hauptmann von Silberkalb, Kammerherr.",5,"!",$.,--,33224,,
tg,rfd2.0,197625,197712,"Hauptmann von Silberkalb, Kammerherr.",5,Laut,APPR,laut,33224,,
tg,rfd2.0,197625,197712,"Hauptmann von Silberkalb, Kammerherr.",5,.,$.,--,33224,,
tg,rfd2.0,197625,197712,"Hauptmann von Silberkalb, Kammerherr.",5,Ei,ITJ,ei,33224,,
tg,rfd2.0,197625,197712,"Hauptmann von Silberkalb, Kammerherr.",5,",","$,",--,33224,,
tg,rfd2.0,197625,197712,"Hauptmann von Silberkalb, Kammerherr.",5,Bücher,NN,buch,33224,,
tg,rfd2.0,197625,197712,"Hauptmann von Silberkalb, Kammerherr.",5,",","$,",--,33224,,
tg,rfd2.0,197625,197712,"Hauptmann von Silberkalb, Kammerherr.",5,wer,PWS,wer,33224,,
tg,rfd2.0,197625,197712,"Hauptmann von Silberkalb, Kammerherr.",5,so,ADV,so,33224,,
tg,rfd2.0,197625,197712,"Hauptmann von Silberkalb, Kammerherr.",5,was,PWS,was,33224,,
tg,rfd2.0,197625,197712,"Hauptmann von Silberkalb, Kammerherr.",5,glaubt,VVFIN,glauben,33224,,
tg,rfd2.0,197625,197712,"Hauptmann von Silberkalb, Kammerherr.",5,"!",$.,--,33224,,
tg,rfd2.0,197717,197798,"Laura, deren Pflegetochter.",3,Ich,PPER,ich,33224,,
tg,rfd2.0,197717,197798,"Laura, deren Pflegetochter.",3,lüge,VVFIN,lug,33224,,
tg,rfd2.0,197717,197798,"Laura, deren Pflegetochter.",3,nicht,PTKNEG,nicht,33224,,
tg,rfd2.0,197717,197798,"Laura, deren Pflegetochter.",3,",","$,",--,33224,,
tg,rfd2.0,197717,197798,"Laura, deren Pflegetochter.",3,lieber,ADV,lieber,33224,,
tg,rfd2.0,197717,197798,"Laura, deren Pflegetochter.",3,Hauptmann,NE,hauptmann,33224,,
tg,rfd2.0,197717,197798,"Laura, deren Pflegetochter.",3,–,XY,–,33224,,
tg,rfd2.0,197717,197798,"Laura, deren Pflegetochter.",3,da,ADV,da,33224,,
tg,rfd2.0,197717,197798,"Laura, deren Pflegetochter.",3,sehn,CARD,sehn,33224,,
tg,rfd2.0,197717,197798,"Laura, deren Pflegetochter.",3,Sie,PPER,sie,33224,,
tg,rfd2.0,197717,197798,"Laura, deren Pflegetochter.",3,.,$.,--,33224,,
tg,rfd2.0,197717,197798,"Laura, deren Pflegetochter.",3,Sie,PPER,sie,33224,,
tg,rfd2.0,197717,197798,"Laura, deren Pflegetochter.",3,zeigt,VVFIN,zeigen,33224,,
tg,rfd2.0,197717,197798,"Laura, deren Pflegetochter.",3,ihm,PPER,ihm,33224,,
tg,rfd2.0,197717,197798,"Laura, deren Pflegetochter.",3,die,ART,der,33224,,
tg,rfd2.0,197717,197798,"Laura, deren Pflegetochter.",3,Tasche,NN,tasche,33224,,
tg,rfd2.0,197717,197798,"Laura, deren Pflegetochter.",3,.,$.,--,33224,,
tg,rfd2.0,197804,197917,"Hauptmann von Silberkalb, Kammerherr.",5,Gewiß,ADV,gewiß,33224,,
tg,rfd2.0,197804,197917,"Hauptmann von Silberkalb, Kammerherr.",5,die,ART,der,33224,,
tg,rfd2.0,197804,197917,"Hauptmann von Silberkalb, Kammerherr.",5,vermißten,ADJA,vermißt,33224,,
tg,rfd2.0,197804,197917,"Hauptmann von Silberkalb, Kammerherr.",5,"!",$.,--,33224,,
tg,rfd2.0,197804,197917,"Hauptmann von Silberkalb, Kammerherr.",5,Laut,APPR,laut,33224,,
tg,rfd2.0,197804,197917,"Hauptmann von Silberkalb, Kammerherr.",5,.,$.,--,33224,,
tg,rfd2.0,197804,197917,"Hauptmann von Silberkalb, Kammerherr.",5,Wohl,ADV,wohl,33224,,
tg,rfd2.0,197804,197917,"Hauptmann von Silberkalb, Kammerherr.",5,äußerst,ADV,äußerst,33224,,
tg,rfd2.0,197804,197917,"Hauptmann von Silberkalb, Kammerherr.",5,gefährliche,ADJA,gefährlich,33224,,
tg,rfd2.0,197804,197917,"Hauptmann von Silberkalb, Kammerherr.",5,",","$,",--,33224,,
tg,rfd2.0,197804,197917,"Hauptmann von Silberkalb, Kammerherr.",5,daß,KOUS,daß,33224,,
tg,rfd2.0,197804,197917,"Hauptmann von Silberkalb, Kammerherr.",5,sie,PPER,sie,33224,,
tg,rfd2.0,197804,197917,"Hauptmann von Silberkalb, Kammerherr.",5,so,ADV,so,33224,,
tg,rfd2.0,197804,197917,"Hauptmann von Silberkalb, Kammerherr.",5,versteckt,VVPP,verstecken,33224,,
tg,rfd2.0,197804,197917,"Hauptmann von Silberkalb, Kammerherr.",5,werden,VAINF,werden,33224,,
tg,rfd2.0,197804,197917,"Hauptmann von Silberkalb, Kammerherr.",5,müssen,VMFIN,müssen,33224,,
tg,rfd2.0,197804,197917,"Hauptmann von Silberkalb, Kammerherr.",5,–,XY,–,33224,,
tg,rfd2.0,197804,197917,"Hauptmann von Silberkalb, Kammerherr.",5,?,$.,--,33224,,
tg,rfd2.0,197922,197937,"Laura, deren Pflegetochter.",3,Jawohl,NE,jawohl,33224,,
tg,rfd2.0,197922,197937,"Laura, deren Pflegetochter.",3,.,$.,--,33224,,
tg,rfd2.0,197942,198081,"Hauptmann von Silberkalb, Kammerherr.",5,Liebenswürdiges,ADJA,liebenswürdig,33224,,
tg,rfd2.0,197942,198081,"Hauptmann von Silberkalb, Kammerherr.",5,Fräulein,NN,fräulein,33224,,
tg,rfd2.0,197942,198081,"Hauptmann von Silberkalb, Kammerherr.",5,",","$,",--,33224,,
tg,rfd2.0,197942,198081,"Hauptmann von Silberkalb, Kammerherr.",5,wissen,VVFIN,wissen,33224,,
tg,rfd2.0,197942,198081,"Hauptmann von Silberkalb, Kammerherr.",5,Sie,PPER,sie,33224,,
tg,rfd2.0,197942,198081,"Hauptmann von Silberkalb, Kammerherr.",5,wohl,ADV,wohl,33224,,
tg,rfd2.0,197942,198081,"Hauptmann von Silberkalb, Kammerherr.",5,",","$,",--,33224,,
tg,rfd2.0,197942,198081,"Hauptmann von Silberkalb, Kammerherr.",5,daß,KOUS,daß,33224,,
tg,rfd2.0,197942,198081,"Hauptmann von Silberkalb, Kammerherr.",5,die,ART,der,33224,,
tg,rfd2.0,197942,198081,"Hauptmann von Silberkalb, Kammerherr.",5,Frauen,NN,frau,33224,,
tg,rfd2.0,197942,198081,"Hauptmann von Silberkalb, Kammerherr.",5,immer,ADV,immer,33224,,
tg,rfd2.0,197942,198081,"Hauptmann von Silberkalb, Kammerherr.",5,das,ART,der,33224,,
tg,rfd2.0,197942,198081,"Hauptmann von Silberkalb, Kammerherr.",5,größte,ADJA,groß,33224,,
tg,rfd2.0,197942,198081,"Hauptmann von Silberkalb, Kammerherr.",5,Unglück,NN,unglück,33224,,
tg,rfd2.0,197942,198081,"Hauptmann von Silberkalb, Kammerherr.",5,anrichten,VVINF,anrichten,33224,,
tg,rfd2.0,197942,198081,"Hauptmann von Silberkalb, Kammerherr.",5,",","$,",--,33224,,
tg,rfd2.0,197942,198081,"Hauptmann von Silberkalb, Kammerherr.",5,wenn,KOUS,wenn,33224,,
tg,rfd2.0,197942,198081,"Hauptmann von Silberkalb, Kammerherr.",5,sie,PPER,sie,33224,,
tg,rfd2.0,197942,198081,"Hauptmann von Silberkalb, Kammerherr.",5,sich,PRF,sich,33224,,
tg,rfd2.0,197942,198081,"Hauptmann von Silberkalb, Kammerherr.",5,in,APPR,in,33224,,
tg,rfd2.0,197942,198081,"Hauptmann von Silberkalb, Kammerherr.",5,Politik,NN,politik,33224,,
tg,rfd2.0,197942,198081,"Hauptmann von Silberkalb, Kammerherr.",5,mischen,VVINF,mischen,33224,,
tg,rfd2.0,197942,198081,"Hauptmann von Silberkalb, Kammerherr.",5,?,$.,--,33224,,
tg,rfd2.0,198086,198136,"Laura, deren Pflegetochter.",3,Das,ART,der,33224,,
tg,rfd2.0,198086,198136,"Laura, deren Pflegetochter.",3,weiß,VVFIN,weißn,33224,,
tg,rfd2.0,198086,198136,"Laura, deren Pflegetochter.",3,ich,PPER,ich,33224,"Laura, deren Pflegetochter.",3
tg,rfd2.0,198086,198136,"Laura, deren Pflegetochter.",3,nicht,PTKNEG,nicht,33224,,
tg,rfd2.0,198086,198136,"Laura, deren Pflegetochter.",3,",","$,",--,33224,,
tg,rfd2.0,198086,198136,"Laura, deren Pflegetochter.",3,aber,KON,aber,33224,,
tg,rfd2.0,198086,198136,"Laura, deren Pflegetochter.",3,ich,PPER,ich,33224,"Laura, deren Pflegetochter.",3
tg,rfd2.0,198086,198136,"Laura, deren Pflegetochter.",3,glaub's,VVFIN,glaub,33224,,
tg,rfd2.0,198086,198136,"Laura, deren Pflegetochter.",3,gern,ADV,gern,33224,,
tg,rfd2.0,198086,198136,"Laura, deren Pflegetochter.",3,.,$.,--,33224,,
tg,rfd2.0,198141,198190,"Hauptmann von Silberkalb, Kammerherr.",5,Wissen,NN,wissen,33224,,
tg,rfd2.0,198141,198190,"Hauptmann von Silberkalb, Kammerherr.",5,Sie,PPER,sie,33224,,
tg,rfd2.0,198141,198190,"Hauptmann von Silberkalb, Kammerherr.",5,",","$,",--,33224,,
tg,rfd2.0,198141,198190,"Hauptmann von Silberkalb, Kammerherr.",5,daß,KOUS,daß,33224,,
tg,rfd2.0,198141,198190,"Hauptmann von Silberkalb, Kammerherr.",5,ich,PPER,ich,33224,"Hauptmann von Silberkalb, Kammerherr.",5
tg,rfd2.0,198141,198190,"Hauptmann von Silberkalb, Kammerherr.",5,die,ART,der,33224,,
tg,rfd2.0,198141,198190,"Hauptmann von Silberkalb, Kammerherr.",5,Bücher,NN,buch,33224,,
tg,rfd2.0,198141,198190,"Hauptmann von Silberkalb, Kammerherr.",5,kenne,VVFIN,kennen,33224,,
tg,rfd2.0,198141,198190,"Hauptmann von Silberkalb, Kammerherr.",5,.,$.,--,33224,,
tg,rfd2.0,198195,198206,"Laura, deren Pflegetochter.",3,Ah,NN,ah,33224,,
tg,rfd2.0,198195,198206,"Laura, deren Pflegetochter.",3,?,$.,--,33224,,
tg,rfd2.0,198212,198291,"Hauptmann von Silberkalb, Kammerherr.",5,Wissen,NN,wissen,33224,,
tg,rfd2.0,198212,198291,"Hauptmann von Silberkalb, Kammerherr.",5,Sie,PPER,sie,33224,,
tg,rfd2.0,198212,198291,"Hauptmann von Silberkalb, Kammerherr.",5,",","$,",--,33224,,
tg,rfd2.0,198212,198291,"Hauptmann von Silberkalb, Kammerherr.",5,daß,KOUS,daß,33224,,
tg,rfd2.0,198212,198291,"Hauptmann von Silberkalb, Kammerherr.",5,sie,PPER,sie,33224,,
tg,rfd2.0,198212,198291,"Hauptmann von Silberkalb, Kammerherr.",5,nur,ADV,nur,33224,,
tg,rfd2.0,198212,198291,"Hauptmann von Silberkalb, Kammerherr.",5,gefährlich,ADJD,gefährlich,33224,,
tg,rfd2.0,198212,198291,"Hauptmann von Silberkalb, Kammerherr.",5,sind,VAFIN,sein,33224,,
tg,rfd2.0,198212,198291,"Hauptmann von Silberkalb, Kammerherr.",5,",","$,",--,33224,,
tg,rfd2.0,198212,198291,"Hauptmann von Silberkalb, Kammerherr.",5,weil,KOUS,weil,33224,,
tg,rfd2.0,198212,198291,"Hauptmann von Silberkalb, Kammerherr.",5,sie,PPER,sie,33224,,
tg,rfd2.0,198212,198291,"Hauptmann von Silberkalb, Kammerherr.",5,versteckt,VVPP,verstecken,33224,,
tg,rfd2.0,198212,198291,"Hauptmann von Silberkalb, Kammerherr.",5,werden,VAINF,werden,33224,,
tg,rfd2.0,198212,198291,"Hauptmann von Silberkalb, Kammerherr.",5,.,$.,--,33224,,
tg,rfd2.0,198296,198337,"Laura, deren Pflegetochter.",3,Meinen,VVIMP,meinen,33224,,
tg,rfd2.0,198296,198337,"Laura, deren Pflegetochter.",3,Sie,PPER,sie,33224,,
tg,rfd2.0,198296,198337,"Laura, deren Pflegetochter.",3,?,$.,--,33224,,
tg,rfd2.0,198296,198337,"Laura, deren Pflegetochter.",3,–,XY,–,33224,,
tg,rfd2.0,198296,198337,"Laura, deren Pflegetochter.",3,Man,PIS,man,33224,,
tg,rfd2.0,198296,198337,"Laura, deren Pflegetochter.",3,sucht,VVFIN,suchen,33224,,
tg,rfd2.0,198296,198337,"Laura, deren Pflegetochter.",3,sie,PPER,sie,33224,,
tg,rfd2.0,198296,198337,"Laura, deren Pflegetochter.",3,aber,ADV,aber,33224,,
tg,rfd2.0,198296,198337,"Laura, deren Pflegetochter.",3,"!",$.,--,33224,,
tg,rfd2.0,198342,198491,"Hauptmann von Silberkalb, Kammerherr.",5,Weil,KOUS,weil,33224,,
tg,rfd2.0,198342,198491,"Hauptmann von Silberkalb, Kammerherr.",5,sie,PPER,sie,33224,,
tg,rfd2.0,198342,198491,"Hauptmann von Silberkalb, Kammerherr.",5,versteckt,VVPP,verstecken,33224,,
tg,rfd2.0,198342,198491,"Hauptmann von Silberkalb, Kammerherr.",5,werden,VAINF,werden,33224,,
tg,rfd2.0,198342,198491,"Hauptmann von Silberkalb, Kammerherr.",5,.,$.,--,33224,,
tg,rfd2.0,198342,198491,"Hauptmann von Silberkalb, Kammerherr.",5,Lägen,VVFIN,lag,33224,,
tg,rfd2.0,198342,198491,"Hauptmann von Silberkalb, Kammerherr.",5,sie,PPER,sie,33224,,
tg,rfd2.0,198342,198491,"Hauptmann von Silberkalb, Kammerherr.",5,offen,ADJD,offen,33224,,
tg,rfd2.0,198342,198491,"Hauptmann von Silberkalb, Kammerherr.",5,da,PTKVZ,da,33224,,
tg,rfd2.0,198342,198491,"Hauptmann von Silberkalb, Kammerherr.",5,",","$,",--,33224,,
tg,rfd2.0,198342,198491,"Hauptmann von Silberkalb, Kammerherr.",5,so,ADV,so,33224,,
tg,rfd2.0,198342,198491,"Hauptmann von Silberkalb, Kammerherr.",5,ginge,VVFIN,gehen,33224,,
tg,rfd2.0,198342,198491,"Hauptmann von Silberkalb, Kammerherr.",5,der,ART,der,33224,,
tg,rfd2.0,198342,198491,"Hauptmann von Silberkalb, Kammerherr.",5,Herzog,NE,herzog,33224,,
tg,rfd2.0,198342,198491,"Hauptmann von Silberkalb, Kammerherr.",5,daran,PROAV,daran,33224,,
tg,rfd2.0,198342,198491,"Hauptmann von Silberkalb, Kammerherr.",5,vorüber,ADV,vorüber,33224,,
tg,rfd2.0,198342,198491,"Hauptmann von Silberkalb, Kammerherr.",5,.,$.,--,33224,,
tg,rfd2.0,198342,198491,"Hauptmann von Silberkalb, Kammerherr.",5,Und,KON,und,33224,,
tg,rfd2.0,198342,198491,"Hauptmann von Silberkalb, Kammerherr.",5,denken,VVFIN,denken,33224,,
tg,rfd2.0,198342,198491,"Hauptmann von Silberkalb, Kammerherr.",5,Sie,PPER,sie,33224,,
tg,rfd2.0,198342,198491,"Hauptmann von Silberkalb, Kammerherr.",5,",","$,",--,33224,,
tg,rfd2.0,198342,198491,"Hauptmann von Silberkalb, Kammerherr.",5,daß,KOUS,daß,33224,,
tg,rfd2.0,198342,198491,"Hauptmann von Silberkalb, Kammerherr.",5,sie,PPER,sie,33224,,
tg,rfd2.0,198342,198491,"Hauptmann von Silberkalb, Kammerherr.",5,lange,ADV,lange,33224,,
tg,rfd2.0,198342,198491,"Hauptmann von Silberkalb, Kammerherr.",5,versteckt,VVFIN,verstecken,33224,,
tg,rfd2.0,198342,198491,"Hauptmann von Silberkalb, Kammerherr.",5,bleiben,VVINF,bleiben,33224,,
tg,rfd2.0,198342,198491,"Hauptmann von Silberkalb, Kammerherr.",5,können,VMINF,können,33224,,
tg,rfd2.0,198342,198491,"Hauptmann von Silberkalb, Kammerherr.",5,?,$.,--,33224,,
tg,rfd2.0,198496,198523,"Laura, deren Pflegetochter.",3,Das,ART,der,33224,,
tg,rfd2.0,198496,198523,"Laura, deren Pflegetochter.",3,weiß,VVFIN,weiß,33224,,
tg,rfd2.0,198496,198523,"Laura, deren Pflegetochter.",3,ich,PPER,ich,33224,"Laura, deren Pflegetochter.",3
tg,rfd2.0,198496,198523,"Laura, deren Pflegetochter.",3,nicht,PTKNEG,nicht,33224,,
tg,rfd2.0,198496,198523,"Laura, deren Pflegetochter.",3,.,$.,--,33224,,
tg,rfd2.0,198528,198659,"Hauptmann von Silberkalb, Kammerherr.",5,Wir,PPER,wir,33224,,
tg,rfd2.0,198528,198659,"Hauptmann von Silberkalb, Kammerherr.",5,wissen,VVFIN,wissen,33224,,
tg,rfd2.0,198528,198659,"Hauptmann von Silberkalb, Kammerherr.",5,aber,ADV,aber,33224,,
tg,rfd2.0,198528,198659,"Hauptmann von Silberkalb, Kammerherr.",5,das,ART,der,33224,,
tg,rfd2.0,198528,198659,"Hauptmann von Silberkalb, Kammerherr.",5,alles,PIS,alle,33224,,
tg,rfd2.0,198528,198659,"Hauptmann von Silberkalb, Kammerherr.",5,",","$,",--,33224,,
tg,rfd2.0,198528,198659,"Hauptmann von Silberkalb, Kammerherr.",5,und,KON,und,33224,,
tg,rfd2.0,198528,198659,"Hauptmann von Silberkalb, Kammerherr.",5,der,ART,der,33224,,
tg,rfd2.0,198528,198659,"Hauptmann von Silberkalb, Kammerherr.",5,Herzog,NE,herzog,33224,,
tg,rfd2.0,198528,198659,"Hauptmann von Silberkalb, Kammerherr.",5,wartet,VVFIN,warten,33224,,
tg,rfd2.0,198528,198659,"Hauptmann von Silberkalb, Kammerherr.",5,nur,ADV,nur,33224,,
tg,rfd2.0,198528,198659,"Hauptmann von Silberkalb, Kammerherr.",5,auf,APPR,auf,33224,,
tg,rfd2.0,198528,198659,"Hauptmann von Silberkalb, Kammerherr.",5,Offenherzigkeit,NN,offenherzigkeit,33224,,
tg,rfd2.0,198528,198659,"Hauptmann von Silberkalb, Kammerherr.",5,",","$,",--,33224,,
tg,rfd2.0,198528,198659,"Hauptmann von Silberkalb, Kammerherr.",5,auf,APPR,auf,33224,,
tg,rfd2.0,198528,198659,"Hauptmann von Silberkalb, Kammerherr.",5,weiter,ADV,weiter,33224,,
tg,rfd2.0,198528,198659,"Hauptmann von Silberkalb, Kammerherr.",5,nichts,PIS,nichts,33224,,
tg,rfd2.0,198528,198659,"Hauptmann von Silberkalb, Kammerherr.",5,",","$,",--,33224,,
tg,rfd2.0,198528,198659,"Hauptmann von Silberkalb, Kammerherr.",5,dann,ADV,dann,33224,,
tg,rfd2.0,198528,198659,"Hauptmann von Silberkalb, Kammerherr.",5,ist,VAFIN,sein,33224,,
tg,rfd2.0,198528,198659,"Hauptmann von Silberkalb, Kammerherr.",5,die,ART,der,33224,,
tg,rfd2.0,198528,198659,"Hauptmann von Silberkalb, Kammerherr.",5,Sache,NN,sache,33224,,
tg,rfd2.0,198528,198659,"Hauptmann von Silberkalb, Kammerherr.",5,vorbei,PTKVZ,vorbei,33224,,
tg,rfd2.0,198528,198659,"Hauptmann von Silberkalb, Kammerherr.",5,.,$.,--,33224,,
tg,rfd2.0,198664,198694,"Laura, deren Pflegetochter.",3,Auf,APPR,auf,33224,,
tg,rfd2.0,198664,198694,"Laura, deren Pflegetochter.",3,Offenherzigkeit,NN,offenherzigkeit,33224,,
tg,rfd2.0,198664,198694,"Laura, deren Pflegetochter.",3,–,XY,–,33224,,
tg,rfd2.0,198664,198694,"Laura, deren Pflegetochter.",3,?,$.,--,33224,,
tg,rfd2.0,198699,198929,"Hauptmann von Silberkalb, Kammerherr.",5,Hören,VVIMP,hören,33224,,
tg,rfd2.0,198699,198929,"Hauptmann von Silberkalb, Kammerherr.",5,Sie,PPER,sie,33224,,
tg,rfd2.0,198699,198929,"Hauptmann von Silberkalb, Kammerherr.",5,mich,PRF,mich,33224,"Hauptmann von Silberkalb, Kammerherr.",5
tg,rfd2.0,198699,198929,"Hauptmann von Silberkalb, Kammerherr.",5,an,PTKVZ,an,33224,,
tg,rfd2.0,198699,198929,"Hauptmann von Silberkalb, Kammerherr.",5,",","$,",--,33224,,
tg,rfd2.0,198699,198929,"Hauptmann von Silberkalb, Kammerherr.",5,und,KON,und,33224,,
tg,rfd2.0,198699,198929,"Hauptmann von Silberkalb, Kammerherr.",5,entscheiden,VVFIN,entscheiden,33224,,
tg,rfd2.0,198699,198929,"Hauptmann von Silberkalb, Kammerherr.",5,Sie,PPER,sie,33224,,
tg,rfd2.0,198699,198929,"Hauptmann von Silberkalb, Kammerherr.",5,dann,ADV,dann,33224,,
tg,rfd2.0,198699,198929,"Hauptmann von Silberkalb, Kammerherr.",5,selbst,ADV,selbst,33224,,
tg,rfd2.0,198699,198929,"Hauptmann von Silberkalb, Kammerherr.",5,mit,APPR,mit,33224,,
tg,rfd2.0,198699,198929,"Hauptmann von Silberkalb, Kammerherr.",5,Ihrem,PPOSAT,ihr,33224,,
tg,rfd2.0,198699,198929,"Hauptmann von Silberkalb, Kammerherr.",5,guten,ADJA,gut,33224,,
tg,rfd2.0,198699,198929,"Hauptmann von Silberkalb, Kammerherr.",5,Verstande,NN,verstande,33224,,
tg,rfd2.0,198699,198929,"Hauptmann von Silberkalb, Kammerherr.",5,:,$.,--,33224,,
tg,rfd2.0,198699,198929,"Hauptmann von Silberkalb, Kammerherr.",5,Diese,PDAT,dieser,33224,,
tg,rfd2.0,198699,198929,"Hauptmann von Silberkalb, Kammerherr.",5,Bücher,NN,buch,33224,,
tg,rfd2.0,198699,198929,"Hauptmann von Silberkalb, Kammerherr.",5,da,ADV,da,33224,,
tg,rfd2.0,198699,198929,"Hauptmann von Silberkalb, Kammerherr.",5,sind,VAFIN,sein,33224,,
tg,rfd2.0,198699,198929,"Hauptmann von Silberkalb, Kammerherr.",5,gestern,ADV,gestern,33224,,
tg,rfd2.0,198699,198929,"Hauptmann von Silberkalb, Kammerherr.",5,abend,ADV,abend,33224,,
tg,rfd2.0,198699,198929,"Hauptmann von Silberkalb, Kammerherr.",5,durch,APPR,durch,33224,,
tg,rfd2.0,198699,198929,"Hauptmann von Silberkalb, Kammerherr.",5,Ihre,PPOSAT,ihr,33224,,
tg,rfd2.0,198699,198929,"Hauptmann von Silberkalb, Kammerherr.",5,eignen,ADJA,eignen,33224,,
tg,rfd2.0,198699,198929,"Hauptmann von Silberkalb, Kammerherr.",5,küssenswerten,ADJA,küssenswert,33224,,
tg,rfd2.0,198699,198929,"Hauptmann von Silberkalb, Kammerherr.",5,Hände,NN,hand,33224,,
tg,rfd2.0,198699,198929,"Hauptmann von Silberkalb, Kammerherr.",5,",","$,",--,33224,,
tg,rfd2.0,198699,198929,"Hauptmann von Silberkalb, Kammerherr.",5,durch,APPR,durch,33224,,
tg,rfd2.0,198699,198929,"Hauptmann von Silberkalb, Kammerherr.",5,Ihre,PPOSAT,ihr,33224,,
tg,rfd2.0,198699,198929,"Hauptmann von Silberkalb, Kammerherr.",5,",","$,",--,33224,,
tg,rfd2.0,198699,198929,"Hauptmann von Silberkalb, Kammerherr.",5,Fräulein,NN,fräulein,33224,,
tg,rfd2.0,198699,198929,"Hauptmann von Silberkalb, Kammerherr.",5,Laura,NE,laura,33224,,
tg,rfd2.0,198699,198929,"Hauptmann von Silberkalb, Kammerherr.",5,",","$,",--,33224,,
tg,rfd2.0,198699,198929,"Hauptmann von Silberkalb, Kammerherr.",5,im,APPRART,in,33224,,
tg,rfd2.0,198699,198929,"Hauptmann von Silberkalb, Kammerherr.",5,Examiniersaale,NN,examiniersaal,33224,,
tg,rfd2.0,198699,198929,"Hauptmann von Silberkalb, Kammerherr.",5,weggenommen,VVPP,wegnehmen,33224,,
tg,rfd2.0,198699,198929,"Hauptmann von Silberkalb, Kammerherr.",5,worden,VAPP,werden,33224,,
tg,rfd2.0,198699,198929,"Hauptmann von Silberkalb, Kammerherr.",5,–,XY,–,33224,,
tg,rfd2.0,198934,198957,"Laura, deren Pflegetochter.",3,Das,PDS,der,33224,,
tg,rfd2.0,198934,198957,"Laura, deren Pflegetochter.",3,wissen,VVFIN,wissen,33224,,
tg,rfd2.0,198934,198957,"Laura, deren Pflegetochter.",3,Sie,PPER,sie,33224,,
tg,rfd2.0,198934,198957,"Laura, deren Pflegetochter.",3,?,$.,--,33224,,
tg,rfd2.0,198962,199136,"Hauptmann von Silberkalb, Kammerherr.",5,Also,ADV,also,33224,,
tg,rfd2.0,198962,199136,"Hauptmann von Silberkalb, Kammerherr.",5,richtig,ADJD,richtig,33224,,
tg,rfd2.0,198962,199136,"Hauptmann von Silberkalb, Kammerherr.",5,"!",$.,--,33224,,
tg,rfd2.0,198962,199136,"Hauptmann von Silberkalb, Kammerherr.",5,Laut,APPR,laut,33224,,
tg,rfd2.0,198962,199136,"Hauptmann von Silberkalb, Kammerherr.",5,.,$.,--,33224,,
tg,rfd2.0,198962,199136,"Hauptmann von Silberkalb, Kammerherr.",5,Und,KON,und,33224,,
tg,rfd2.0,198962,199136,"Hauptmann von Silberkalb, Kammerherr.",5,es,PPER,es,33224,,
tg,rfd2.0,198962,199136,"Hauptmann von Silberkalb, Kammerherr.",5,weiß,VVFIN,weiß,33224,,
tg,rfd2.0,198962,199136,"Hauptmann von Silberkalb, Kammerherr.",5,es,PPER,es,33224,,
tg,rfd2.0,198962,199136,"Hauptmann von Silberkalb, Kammerherr.",5,der,ART,der,33224,,
tg,rfd2.0,198962,199136,"Hauptmann von Silberkalb, Kammerherr.",5,Herzog,NE,herzog,33224,,
tg,rfd2.0,198962,199136,"Hauptmann von Silberkalb, Kammerherr.",5,und,KON,und,33224,,
tg,rfd2.0,198962,199136,"Hauptmann von Silberkalb, Kammerherr.",5,wartet,VVFIN,warten,33224,,
tg,rfd2.0,198962,199136,"Hauptmann von Silberkalb, Kammerherr.",5,auf,APPR,auf,33224,,
tg,rfd2.0,198962,199136,"Hauptmann von Silberkalb, Kammerherr.",5,Ihr,PPOSAT,ihr,33224,,
tg,rfd2.0,198962,199136,"Hauptmann von Silberkalb, Kammerherr.",5,Geständnis,NN,geständnis,33224,,
tg,rfd2.0,198962,199136,"Hauptmann von Silberkalb, Kammerherr.",5,.,$.,--,33224,,
tg,rfd2.0,198962,199136,"Hauptmann von Silberkalb, Kammerherr.",5,Eins,NE,eins,33224,,
tg,rfd2.0,198962,199136,"Hauptmann von Silberkalb, Kammerherr.",5,von,APPR,von,33224,,
tg,rfd2.0,198962,199136,"Hauptmann von Silberkalb, Kammerherr.",5,diesen,PDAT,dieser,33224,,
tg,rfd2.0,198962,199136,"Hauptmann von Silberkalb, Kammerherr.",5,Büchern,NN,buch,33224,,
tg,rfd2.0,198962,199136,"Hauptmann von Silberkalb, Kammerherr.",5,ist,VAFIN,sein,33224,,
tg,rfd2.0,198962,199136,"Hauptmann von Silberkalb, Kammerherr.",5,ein,ART,ein,33224,,
tg,rfd2.0,198962,199136,"Hauptmann von Silberkalb, Kammerherr.",5,Schauspiel,NN,schauspiel,33224,,
tg,rfd2.0,198962,199136,"Hauptmann von Silberkalb, Kammerherr.",5,",","$,",--,33224,,
tg,rfd2.0,198962,199136,"Hauptmann von Silberkalb, Kammerherr.",5,in,APPR,in,33224,,
tg,rfd2.0,198962,199136,"Hauptmann von Silberkalb, Kammerherr.",5,welchem,PWAT,welcher,33224,,
tg,rfd2.0,198962,199136,"Hauptmann von Silberkalb, Kammerherr.",5,Spitzbuben,NN,spitzbube,33224,,
tg,rfd2.0,198962,199136,"Hauptmann von Silberkalb, Kammerherr.",5,spielen,VVINF,spielen,33224,,
tg,rfd2.0,198962,199136,"Hauptmann von Silberkalb, Kammerherr.",5,.,$.,--,33224,,
tg,rfd2.0,199141,199160,"Laura, deren Pflegetochter.",3,Die,ART,der,33224,,
tg,rfd2.0,199141,199160,"Laura, deren Pflegetochter.",3,Räuber,NN,räuber,33224,,
tg,rfd2.0,199141,199160,"Laura, deren Pflegetochter.",3,"!",$.,--,33224,,
tg,rfd2.0,199165,199831,"Hauptmann von Silberkalb, Kammerherr.",5,Die,ART,der,33224,,
tg,rfd2.0,199165,199831,"Hauptmann von Silberkalb, Kammerherr.",5,Räuber,NN,räuber,33224,,
tg,rfd2.0,199165,199831,"Hauptmann von Silberkalb, Kammerherr.",5,also,ADV,also,33224,,
tg,rfd2.0,199165,199831,"Hauptmann von Silberkalb, Kammerherr.",5,–,XY,–,33224,,
tg,rfd2.0,199165,199831,"Hauptmann von Silberkalb, Kammerherr.",5,Laut,APPR,laut,33224,,
tg,rfd2.0,199165,199831,"Hauptmann von Silberkalb, Kammerherr.",5,.,$.,--,33224,,
tg,rfd2.0,199165,199831,"Hauptmann von Silberkalb, Kammerherr.",5,Glauben,NN,glauben,33224,,
tg,rfd2.0,199165,199831,"Hauptmann von Silberkalb, Kammerherr.",5,Sie,PPER,sie,33224,,
tg,rfd2.0,199165,199831,"Hauptmann von Silberkalb, Kammerherr.",5,wirklich,ADJD,wirklich,33224,,
tg,rfd2.0,199165,199831,"Hauptmann von Silberkalb, Kammerherr.",5,",","$,",--,33224,,
tg,rfd2.0,199165,199831,"Hauptmann von Silberkalb, Kammerherr.",5,daß,KOUS,daß,33224,,
tg,rfd2.0,199165,199831,"Hauptmann von Silberkalb, Kammerherr.",5,ein,ART,ein,33224,,
tg,rfd2.0,199165,199831,"Hauptmann von Silberkalb, Kammerherr.",5,gedrucktes,ADJA,gedruckt,33224,,
tg,rfd2.0,199165,199831,"Hauptmann von Silberkalb, Kammerherr.",5,Buch,NN,buch,33224,,
tg,rfd2.0,199165,199831,"Hauptmann von Silberkalb, Kammerherr.",5,nicht,PTKNEG,nicht,33224,,
tg,rfd2.0,199165,199831,"Hauptmann von Silberkalb, Kammerherr.",5,auszufinden,VVIZU,ausfinden,33224,,
tg,rfd2.0,199165,199831,"Hauptmann von Silberkalb, Kammerherr.",5,wäre,VAFIN,sein,33224,,
tg,rfd2.0,199165,199831,"Hauptmann von Silberkalb, Kammerherr.",5,?,$.,--,33224,,
tg,rfd2.0,199165,199831,"Hauptmann von Silberkalb, Kammerherr.",5,Im,APPRART,in,33224,,
tg,rfd2.0,199165,199831,"Hauptmann von Silberkalb, Kammerherr.",5,Handumdrehen,NN,handumdrehen,33224,,
tg,rfd2.0,199165,199831,"Hauptmann von Silberkalb, Kammerherr.",5,.,$.,--,33224,,
tg,rfd2.0,199165,199831,"Hauptmann von Silberkalb, Kammerherr.",5,Noch,ADV,noch,33224,,
tg,rfd2.0,199165,199831,"Hauptmann von Silberkalb, Kammerherr.",5,mehr,ADV,mehr,33224,,
tg,rfd2.0,199165,199831,"Hauptmann von Silberkalb, Kammerherr.",5,.,$.,--,33224,,
tg,rfd2.0,199165,199831,"Hauptmann von Silberkalb, Kammerherr.",5,Wahrscheinlich,ADJD,wahrscheinlich,33224,,
tg,rfd2.0,199165,199831,"Hauptmann von Silberkalb, Kammerherr.",5,heute,ADV,heute,33224,,
tg,rfd2.0,199165,199831,"Hauptmann von Silberkalb, Kammerherr.",5,schon,ADV,schon,33224,,
tg,rfd2.0,199165,199831,"Hauptmann von Silberkalb, Kammerherr.",5,im,APPRART,in,33224,,
tg,rfd2.0,199165,199831,"Hauptmann von Silberkalb, Kammerherr.",5,Laufe,NN,lauf,33224,,
tg,rfd2.0,199165,199831,"Hauptmann von Silberkalb, Kammerherr.",5,des,ART,der,33224,,
tg,rfd2.0,199165,199831,"Hauptmann von Silberkalb, Kammerherr.",5,Tages,NN,tag,33224,,
tg,rfd2.0,199165,199831,"Hauptmann von Silberkalb, Kammerherr.",5,bringt,VVFIN,bringen,33224,,
tg,rfd2.0,199165,199831,"Hauptmann von Silberkalb, Kammerherr.",5,mir,PPER,sich,33224,"Hauptmann von Silberkalb, Kammerherr.",5
tg,rfd2.0,199165,199831,"Hauptmann von Silberkalb, Kammerherr.",5,ein,ART,ein,33224,,
tg,rfd2.0,199165,199831,"Hauptmann von Silberkalb, Kammerherr.",5,Kurier,NN,kurier,33224,,
tg,rfd2.0,199165,199831,"Hauptmann von Silberkalb, Kammerherr.",5,dieses,PDAT,dieser,33224,,
tg,rfd2.0,199165,199831,"Hauptmann von Silberkalb, Kammerherr.",5,Buch,NN,buch,33224,,
tg,rfd2.0,199165,199831,"Hauptmann von Silberkalb, Kammerherr.",5,von,APPR,von,33224,,
tg,rfd2.0,199165,199831,"Hauptmann von Silberkalb, Kammerherr.",5,Mannheim,NE,mannheim,33224,,
tg,rfd2.0,199165,199831,"Hauptmann von Silberkalb, Kammerherr.",5,",","$,",--,33224,,
tg,rfd2.0,199165,199831,"Hauptmann von Silberkalb, Kammerherr.",5,wohin,PWAV,wohin,33224,,
tg,rfd2.0,199165,199831,"Hauptmann von Silberkalb, Kammerherr.",5,es,PPER,es,33224,,
tg,rfd2.0,199165,199831,"Hauptmann von Silberkalb, Kammerherr.",5,der,ART,der,33224,,
tg,rfd2.0,199165,199831,"Hauptmann von Silberkalb, Kammerherr.",5,unvorsichtige,ADJA,unvorsichtig,33224,,
tg,rfd2.0,199165,199831,"Hauptmann von Silberkalb, Kammerherr.",5,Schiller,NE,schiller,33224,SCHILLER,29
tg,rfd2.0,199165,199831,"Hauptmann von Silberkalb, Kammerherr.",5,zur,APPRART,zu,33224,,
tg,rfd2.0,199165,199831,"Hauptmann von Silberkalb, Kammerherr.",5,Aufführung,NN,aufführung,33224,,
tg,rfd2.0,199165,199831,"Hauptmann von Silberkalb, Kammerherr.",5,gesendet,VVPP,senden,33224,,
tg,rfd2.0,199165,199831,"Hauptmann von Silberkalb, Kammerherr.",5,.,$.,--,33224,,
tg,rfd2.0,199165,199831,"Hauptmann von Silberkalb, Kammerherr.",5,Dort,ADV,dort,33224,,
tg,rfd2.0,199165,199831,"Hauptmann von Silberkalb, Kammerherr.",5,ist,VAFIN,sein,33224,,
tg,rfd2.0,199165,199831,"Hauptmann von Silberkalb, Kammerherr.",5,er,PPER,er,33224,,
tg,rfd2.0,199165,199831,"Hauptmann von Silberkalb, Kammerherr.",5,vor,APPR,vor,33224,,
tg,rfd2.0,199165,199831,"Hauptmann von Silberkalb, Kammerherr.",5,kurzem,ADJA,kurz,33224,,
tg,rfd2.0,199165,199831,"Hauptmann von Silberkalb, Kammerherr.",5,selbst,ADV,selbst,33224,,
tg,rfd2.0,199165,199831,"Hauptmann von Silberkalb, Kammerherr.",5,gewesen,VAPP,sein,33224,,
tg,rfd2.0,199165,199831,"Hauptmann von Silberkalb, Kammerherr.",5,ohne,APPR,ohne,33224,,
tg,rfd2.0,199165,199831,"Hauptmann von Silberkalb, Kammerherr.",5,Urlaub,NN,urlaub,33224,,
tg,rfd2.0,199165,199831,"Hauptmann von Silberkalb, Kammerherr.",5,zu,APPR,zu,33224,,
tg,rfd2.0,199165,199831,"Hauptmann von Silberkalb, Kammerherr.",5,einer,ART,ein,33224,,
tg,rfd2.0,199165,199831,"Hauptmann von Silberkalb, Kammerherr.",5,Generalprobe,NN,generalprobe,33224,,
tg,rfd2.0,199165,199831,"Hauptmann von Silberkalb, Kammerherr.",5,",","$,",--,33224,,
tg,rfd2.0,199165,199831,"Hauptmann von Silberkalb, Kammerherr.",5,und,KON,und,33224,,
tg,rfd2.0,199165,199831,"Hauptmann von Silberkalb, Kammerherr.",5,all,PIDAT,all,33224,,
tg,rfd2.0,199165,199831,"Hauptmann von Silberkalb, Kammerherr.",5,diese,PDAT,dieser,33224,,
tg,rfd2.0,199165,199831,"Hauptmann von Silberkalb, Kammerherr.",5,Heimlichkeit,NN,heimlichkeit,33224,,
tg,rfd2.0,199165,199831,"Hauptmann von Silberkalb, Kammerherr.",5,nur,ADV,nur,33224,,
tg,rfd2.0,199165,199831,"Hauptmann von Silberkalb, Kammerherr.",5,ist,VAFIN,sein,33224,,
tg,rfd2.0,199165,199831,"Hauptmann von Silberkalb, Kammerherr.",5,es,PPER,es,33224,,
tg,rfd2.0,199165,199831,"Hauptmann von Silberkalb, Kammerherr.",5,",","$,",--,33224,,
tg,rfd2.0,199165,199831,"Hauptmann von Silberkalb, Kammerherr.",5,welche,PWAT,welcher,33224,,
tg,rfd2.0,199165,199831,"Hauptmann von Silberkalb, Kammerherr.",5,den,ART,der,33224,,
tg,rfd2.0,199165,199831,"Hauptmann von Silberkalb, Kammerherr.",5,Herzog,NE,herzog,33224,,
tg,rfd2.0,199165,199831,"Hauptmann von Silberkalb, Kammerherr.",5,gegen,APPR,gegen,33224,,
tg,rfd2.0,199165,199831,"Hauptmann von Silberkalb, Kammerherr.",5,ihn,PPER,ihn,33224,,
tg,rfd2.0,199165,199831,"Hauptmann von Silberkalb, Kammerherr.",5,erbittert,VVPP,erbittert,33224,,
tg,rfd2.0,199165,199831,"Hauptmann von Silberkalb, Kammerherr.",5,.,$.,--,33224,,
tg,rfd2.0,199165,199831,"Hauptmann von Silberkalb, Kammerherr.",5,Daß,KOUS,daß,33224,,
tg,rfd2.0,199165,199831,"Hauptmann von Silberkalb, Kammerherr.",5,er,PPER,er,33224,,
tg,rfd2.0,199165,199831,"Hauptmann von Silberkalb, Kammerherr.",5,das,ART,der,33224,,
tg,rfd2.0,199165,199831,"Hauptmann von Silberkalb, Kammerherr.",5,Theater,NN,theater,33224,,
tg,rfd2.0,199165,199831,"Hauptmann von Silberkalb, Kammerherr.",5,seines,PPOSAT,sein,33224,,
tg,rfd2.0,199165,199831,"Hauptmann von Silberkalb, Kammerherr.",5,gnädigen,ADJA,gnädig,33224,,
tg,rfd2.0,199165,199831,"Hauptmann von Silberkalb, Kammerherr.",5,Herrn,NN,herr,33224,,
tg,rfd2.0,199165,199831,"Hauptmann von Silberkalb, Kammerherr.",5,übergeht,VVFIN,übergehen,33224,,
tg,rfd2.0,199165,199831,"Hauptmann von Silberkalb, Kammerherr.",5,",","$,",--,33224,,
tg,rfd2.0,199165,199831,"Hauptmann von Silberkalb, Kammerherr.",5,daß,KOUS,daß,33224,,
tg,rfd2.0,199165,199831,"Hauptmann von Silberkalb, Kammerherr.",5,er,PPER,er,33224,,
tg,rfd2.0,199165,199831,"Hauptmann von Silberkalb, Kammerherr.",5,ein,ART,ein,33224,,
tg,rfd2.0,199165,199831,"Hauptmann von Silberkalb, Kammerherr.",5,exzentrisches,ADJA,exzentrisch,33224,,
tg,rfd2.0,199165,199831,"Hauptmann von Silberkalb, Kammerherr.",5,Stück,NN,stück,33224,,
tg,rfd2.0,199165,199831,"Hauptmann von Silberkalb, Kammerherr.",5,ins,APPRART,in,33224,,
tg,rfd2.0,199165,199831,"Hauptmann von Silberkalb, Kammerherr.",5,Ausland,NN,ausland,33224,,
tg,rfd2.0,199165,199831,"Hauptmann von Silberkalb, Kammerherr.",5,sendet,VVFIN,senden,33224,,
tg,rfd2.0,199165,199831,"Hauptmann von Silberkalb, Kammerherr.",5,und,KON,und,33224,,
tg,rfd2.0,199165,199831,"Hauptmann von Silberkalb, Kammerherr.",5,hier,ADV,hier,33224,,
tg,rfd2.0,199165,199831,"Hauptmann von Silberkalb, Kammerherr.",5,ein,ART,ein,33224,,
tg,rfd2.0,199165,199831,"Hauptmann von Silberkalb, Kammerherr.",5,beleidigendes,ADJA,beleidigend,33224,,
tg,rfd2.0,199165,199831,"Hauptmann von Silberkalb, Kammerherr.",5,Versteckensspiel,NN,versteckensspiel,33224,,
tg,rfd2.0,199165,199831,"Hauptmann von Silberkalb, Kammerherr.",5,damit,PROAV,damit,33224,,
tg,rfd2.0,199165,199831,"Hauptmann von Silberkalb, Kammerherr.",5,treibt,VVFIN,treiben,33224,,
tg,rfd2.0,199165,199831,"Hauptmann von Silberkalb, Kammerherr.",5,vor,APPR,vor,33224,,
tg,rfd2.0,199165,199831,"Hauptmann von Silberkalb, Kammerherr.",5,seinem,PPOSAT,sein,33224,,
tg,rfd2.0,199165,199831,"Hauptmann von Silberkalb, Kammerherr.",5,Herrn,NN,herr,33224,,
tg,rfd2.0,199165,199831,"Hauptmann von Silberkalb, Kammerherr.",5,und,KON,und,33224,,
tg,rfd2.0,199165,199831,"Hauptmann von Silberkalb, Kammerherr.",5,Wohltäter,NN,wohltäter,33224,,
tg,rfd2.0,199165,199831,"Hauptmann von Silberkalb, Kammerherr.",5,",","$,",--,33224,,
tg,rfd2.0,199165,199831,"Hauptmann von Silberkalb, Kammerherr.",5,das,PRELS,der,33224,,
tg,rfd2.0,199165,199831,"Hauptmann von Silberkalb, Kammerherr.",5,allein,ADV,allein,33224,,
tg,rfd2.0,199165,199831,"Hauptmann von Silberkalb, Kammerherr.",5,gefährdet,VVPP,gefährden,33224,,
tg,rfd2.0,199165,199831,"Hauptmann von Silberkalb, Kammerherr.",5,ihn,PPER,ihn,33224,,
tg,rfd2.0,199165,199831,"Hauptmann von Silberkalb, Kammerherr.",5,"!",$.,--,33224,,
tg,rfd2.0,199836,199877,"Laura, deren Pflegetochter.",3,Mein,PPOSAT,mein,33224,,
tg,rfd2.0,199836,199877,"Laura, deren Pflegetochter.",3,Gott,NN,gott,33224,,
tg,rfd2.0,199836,199877,"Laura, deren Pflegetochter.",3,",","$,",--,33224,,
tg,rfd2.0,199836,199877,"Laura, deren Pflegetochter.",3,wie,PWAV,wie,33224,,
tg,rfd2.0,199836,199877,"Laura, deren Pflegetochter.",3,ist,VAFIN,sein,33224,,
tg,rfd2.0,199836,199877,"Laura, deren Pflegetochter.",3,da,ADV,da,33224,,
tg,rfd2.0,199836,199877,"Laura, deren Pflegetochter.",3,zu,PTKZU,zu,33224,,
tg,rfd2.0,199836,199877,"Laura, deren Pflegetochter.",3,helfen,VVINF,helfen,33224,,
tg,rfd2.0,199836,199877,"Laura, deren Pflegetochter.",3,?,$.,--,33224,,
tg,rfd2.0,199836,199877,"Laura, deren Pflegetochter.",3,"!",$.,--,33224,,
tg,rfd2.0,199882,200049,"Hauptmann von Silberkalb, Kammerherr.",5,Deshalb,PROAV,deshalb,33224,,
tg,rfd2.0,199882,200049,"Hauptmann von Silberkalb, Kammerherr.",5,hab,VAFIN,hab,33224,,
tg,rfd2.0,199882,200049,"Hauptmann von Silberkalb, Kammerherr.",5,',$[,--,33224,,
tg,rfd2.0,199882,200049,"Hauptmann von Silberkalb, Kammerherr.",5,ich,PPER,ich,33224,"Hauptmann von Silberkalb, Kammerherr.",5
tg,rfd2.0,199882,200049,"Hauptmann von Silberkalb, Kammerherr.",5,mir,PPER,sich,33224,"Hauptmann von Silberkalb, Kammerherr.",5
tg,rfd2.0,199882,200049,"Hauptmann von Silberkalb, Kammerherr.",5,unter,APPR,unter,33224,,
tg,rfd2.0,199882,200049,"Hauptmann von Silberkalb, Kammerherr.",5,der,ART,der,33224,,
tg,rfd2.0,199882,200049,"Hauptmann von Silberkalb, Kammerherr.",5,Hand,NN,hand,33224,,
tg,rfd2.0,199882,200049,"Hauptmann von Silberkalb, Kammerherr.",5,soviel,PIAT,soviel,33224,,
tg,rfd2.0,199882,200049,"Hauptmann von Silberkalb, Kammerherr.",5,Mühe,NN,mühe,33224,,
tg,rfd2.0,199882,200049,"Hauptmann von Silberkalb, Kammerherr.",5,gegeben,VVPP,geben,33224,,
tg,rfd2.0,199882,200049,"Hauptmann von Silberkalb, Kammerherr.",5,",","$,",--,33224,,
tg,rfd2.0,199882,200049,"Hauptmann von Silberkalb, Kammerherr.",5,ein,ART,ein,33224,,
tg,rfd2.0,199882,200049,"Hauptmann von Silberkalb, Kammerherr.",5,Exemplar,NN,exemplar,33224,,
tg,rfd2.0,199882,200049,"Hauptmann von Silberkalb, Kammerherr.",5,aufzutreiben,VVIZU,auftreiben,33224,,
tg,rfd2.0,199882,200049,"Hauptmann von Silberkalb, Kammerherr.",5,",","$,",--,33224,,
tg,rfd2.0,199882,200049,"Hauptmann von Silberkalb, Kammerherr.",5,damit,KOUS,damit,33224,,
tg,rfd2.0,199882,200049,"Hauptmann von Silberkalb, Kammerherr.",5,man,PIS,man,33224,,
tg,rfd2.0,199882,200049,"Hauptmann von Silberkalb, Kammerherr.",5,es,PPER,es,33224,,
tg,rfd2.0,199882,200049,"Hauptmann von Silberkalb, Kammerherr.",5,in,APPR,in,33224,,
tg,rfd2.0,199882,200049,"Hauptmann von Silberkalb, Kammerherr.",5,seinem,PPOSAT,sein,33224,,
tg,rfd2.0,199882,200049,"Hauptmann von Silberkalb, Kammerherr.",5,Namen,NN,name,33224,,
tg,rfd2.0,199882,200049,"Hauptmann von Silberkalb, Kammerherr.",5,",","$,",--,33224,,
tg,rfd2.0,199882,200049,"Hauptmann von Silberkalb, Kammerherr.",5,in,APPR,in,33224,,
tg,rfd2.0,199882,200049,"Hauptmann von Silberkalb, Kammerherr.",5,Schillers,NE,schiller,33224,,
tg,rfd2.0,199882,200049,"Hauptmann von Silberkalb, Kammerherr.",5,Namen,NN,name,33224,,
tg,rfd2.0,199882,200049,"Hauptmann von Silberkalb, Kammerherr.",5,dem,ART,der,33224,,
tg,rfd2.0,199882,200049,"Hauptmann von Silberkalb, Kammerherr.",5,Herzog,NE,herzog,33224,,
tg,rfd2.0,199882,200049,"Hauptmann von Silberkalb, Kammerherr.",5,einreiche,ADJA,einreich,33224,,
tg,rfd2.0,199882,200049,"Hauptmann von Silberkalb, Kammerherr.",5,–,NN,–,33224,,
tg,rfd2.0,200054,200085,"Laura, deren Pflegetochter.",3,Und,KON,und,33224,,
tg,rfd2.0,200054,200085,"Laura, deren Pflegetochter.",3,das,PDS,der,33224,,
tg,rfd2.0,200054,200085,"Laura, deren Pflegetochter.",3,würde,VAFIN,werden,33224,,
tg,rfd2.0,200054,200085,"Laura, deren Pflegetochter.",3,gut,ADJD,gut,33224,,
tg,rfd2.0,200054,200085,"Laura, deren Pflegetochter.",3,sein,VAINF,sein,33224,,
tg,rfd2.0,200054,200085,"Laura, deren Pflegetochter.",3,?,$.,--,33224,,
tg,rfd2.0,200090,200163,"Hauptmann von Silberkalb, Kammerherr.",5,Das,PDS,der,33224,,
tg,rfd2.0,200090,200163,"Hauptmann von Silberkalb, Kammerherr.",5,ist,VAFIN,sein,33224,,
tg,rfd2.0,200090,200163,"Hauptmann von Silberkalb, Kammerherr.",5,der,ART,der,33224,,
tg,rfd2.0,200090,200163,"Hauptmann von Silberkalb, Kammerherr.",5,einzige,ADJA,einzig,33224,,
tg,rfd2.0,200090,200163,"Hauptmann von Silberkalb, Kammerherr.",5,Weg,NN,weg,33224,,
tg,rfd2.0,200090,200163,"Hauptmann von Silberkalb, Kammerherr.",5,",","$,",--,33224,,
tg,rfd2.0,200090,200163,"Hauptmann von Silberkalb, Kammerherr.",5,auf,APPR,auf,33224,,
tg,rfd2.0,200090,200163,"Hauptmann von Silberkalb, Kammerherr.",5,welchem,PWAT,welcher,33224,,
tg,rfd2.0,200090,200163,"Hauptmann von Silberkalb, Kammerherr.",5,ihm,PPER,ihm,33224,,
tg,rfd2.0,200090,200163,"Hauptmann von Silberkalb, Kammerherr.",5,genützt,VVPP,nützen,33224,,
tg,rfd2.0,200090,200163,"Hauptmann von Silberkalb, Kammerherr.",5,werden,VAINF,werden,33224,,
tg,rfd2.0,200090,200163,"Hauptmann von Silberkalb, Kammerherr.",5,kann,VMFIN,können,33224,,
tg,rfd2.0,200090,200163,"Hauptmann von Silberkalb, Kammerherr.",5,.,$.,--,33224,,
tg,rfd2.0,200169,200260,"Laura, deren Pflegetochter.",3,Aber,KON,aber,33224,,
tg,rfd2.0,200169,200260,"Laura, deren Pflegetochter.",3,wenn,KOUS,wenn,33224,,
tg,rfd2.0,200169,200260,"Laura, deren Pflegetochter.",3,das,ART,der,33224,,
tg,rfd2.0,200169,200260,"Laura, deren Pflegetochter.",3,Stück,NN,stück,33224,,
tg,rfd2.0,200169,200260,"Laura, deren Pflegetochter.",3,nun,ADV,nun,33224,,
tg,rfd2.0,200169,200260,"Laura, deren Pflegetochter.",3,so,ADV,so,33224,,
tg,rfd2.0,200169,200260,"Laura, deren Pflegetochter.",3,schlimme,ADJA,schlimm,33224,,
tg,rfd2.0,200169,200260,"Laura, deren Pflegetochter.",3,Dinge,NN,ding,33224,,
tg,rfd2.0,200169,200260,"Laura, deren Pflegetochter.",3,enthält,VVFIN,enthalten,33224,,
tg,rfd2.0,200169,200260,"Laura, deren Pflegetochter.",3,und,KON,und,33224,,
tg,rfd2.0,200169,200260,"Laura, deren Pflegetochter.",3,dem,ART,der,33224,,
tg,rfd2.0,200169,200260,"Laura, deren Pflegetochter.",3,Onkel,NN,onkel,33224,,
tg,rfd2.0,200169,200260,"Laura, deren Pflegetochter.",3,Herzog,NE,herzog,33224,,
tg,rfd2.0,200169,200260,"Laura, deren Pflegetochter.",3,so,ADV,so,33224,,
tg,rfd2.0,200169,200260,"Laura, deren Pflegetochter.",3,mißfällt,VVFIN,mißfallen,33224,,
tg,rfd2.0,200169,200260,"Laura, deren Pflegetochter.",3,.,$.,--,33224,,
tg,rfd2.0,200265,200707,"Hauptmann von Silberkalb, Kammerherr.",5,Das,PDS,der,33224,,
tg,rfd2.0,200265,200707,"Hauptmann von Silberkalb, Kammerherr.",5,ist,VAFIN,sein,33224,,
tg,rfd2.0,200265,200707,"Hauptmann von Silberkalb, Kammerherr.",5,ja,ADV,ja,33224,,
tg,rfd2.0,200265,200707,"Hauptmann von Silberkalb, Kammerherr.",5,Kleinigkeit,NN,kleinigkeit,33224,,
tg,rfd2.0,200265,200707,"Hauptmann von Silberkalb, Kammerherr.",5,neben,APPR,neben,33224,,
tg,rfd2.0,200265,200707,"Hauptmann von Silberkalb, Kammerherr.",5,den,ART,der,33224,,
tg,rfd2.0,200265,200707,"Hauptmann von Silberkalb, Kammerherr.",5,andern,ADJA,anderer,33224,,
tg,rfd2.0,200265,200707,"Hauptmann von Silberkalb, Kammerherr.",5,Übelständen,NN,übelstand,33224,,
tg,rfd2.0,200265,200707,"Hauptmann von Silberkalb, Kammerherr.",5,.,$.,--,33224,,
tg,rfd2.0,200265,200707,"Hauptmann von Silberkalb, Kammerherr.",5,Da,ADV,da,33224,,
tg,rfd2.0,200265,200707,"Hauptmann von Silberkalb, Kammerherr.",5,liest,VVFIN,lesen,33224,,
tg,rfd2.0,200265,200707,"Hauptmann von Silberkalb, Kammerherr.",5,er,PPER,er,33224,,
tg,rfd2.0,200265,200707,"Hauptmann von Silberkalb, Kammerherr.",5,ihm,PPER,ihm,33224,,
tg,rfd2.0,200265,200707,"Hauptmann von Silberkalb, Kammerherr.",5,den,ART,der,33224,,
tg,rfd2.0,200265,200707,"Hauptmann von Silberkalb, Kammerherr.",5,Text,NN,text,33224,,
tg,rfd2.0,200265,200707,"Hauptmann von Silberkalb, Kammerherr.",5,und,KON,und,33224,,
tg,rfd2.0,200265,200707,"Hauptmann von Silberkalb, Kammerherr.",5,streicht,VVFIN,streichen,33224,,
tg,rfd2.0,200265,200707,"Hauptmann von Silberkalb, Kammerherr.",5,zur,APPRART,zu,33224,,
tg,rfd2.0,200265,200707,"Hauptmann von Silberkalb, Kammerherr.",5,Aufführung,NN,aufführung,33224,,
tg,rfd2.0,200265,200707,"Hauptmann von Silberkalb, Kammerherr.",5,das,ART,der,33224,,
tg,rfd2.0,200265,200707,"Hauptmann von Silberkalb, Kammerherr.",5,Ärgste,NN,ärgste,33224,,
tg,rfd2.0,200265,200707,"Hauptmann von Silberkalb, Kammerherr.",5,heraus,PTKVZ,heraus,33224,,
tg,rfd2.0,200265,200707,"Hauptmann von Silberkalb, Kammerherr.",5,",","$,",--,33224,,
tg,rfd2.0,200265,200707,"Hauptmann von Silberkalb, Kammerherr.",5,und,KON,und,33224,,
tg,rfd2.0,200265,200707,"Hauptmann von Silberkalb, Kammerherr.",5,belohnt,VVFIN,belohnen,33224,,
tg,rfd2.0,200265,200707,"Hauptmann von Silberkalb, Kammerherr.",5,ihn,PPER,ihn,33224,,
tg,rfd2.0,200265,200707,"Hauptmann von Silberkalb, Kammerherr.",5,am,APPRART,an,33224,,
tg,rfd2.0,200265,200707,"Hauptmann von Silberkalb, Kammerherr.",5,Ende,NN,ende,33224,,
tg,rfd2.0,200265,200707,"Hauptmann von Silberkalb, Kammerherr.",5,doch,ADV,doch,33224,,
tg,rfd2.0,200265,200707,"Hauptmann von Silberkalb, Kammerherr.",5,für,APPR,für,33224,,
tg,rfd2.0,200265,200707,"Hauptmann von Silberkalb, Kammerherr.",5,die,ART,der,33224,,
tg,rfd2.0,200265,200707,"Hauptmann von Silberkalb, Kammerherr.",5,Arbeit,NN,arbeit,33224,,
tg,rfd2.0,200265,200707,"Hauptmann von Silberkalb, Kammerherr.",5,.,$.,--,33224,,
tg,rfd2.0,200265,200707,"Hauptmann von Silberkalb, Kammerherr.",5,Wenn,KOUS,wenn,33224,,
tg,rfd2.0,200265,200707,"Hauptmann von Silberkalb, Kammerherr.",5,es,PPER,es,33224,,
tg,rfd2.0,200265,200707,"Hauptmann von Silberkalb, Kammerherr.",5,aber,ADV,aber,33224,,
tg,rfd2.0,200265,200707,"Hauptmann von Silberkalb, Kammerherr.",5,mit,APPR,mit,33224,,
tg,rfd2.0,200265,200707,"Hauptmann von Silberkalb, Kammerherr.",5,all,PIDAT,all,33224,,
tg,rfd2.0,200265,200707,"Hauptmann von Silberkalb, Kammerherr.",5,seinen,PPOSAT,sein,33224,,
tg,rfd2.0,200265,200707,"Hauptmann von Silberkalb, Kammerherr.",5,schlimmen,ADJA,schlimm,33224,,
tg,rfd2.0,200265,200707,"Hauptmann von Silberkalb, Kammerherr.",5,Dingen,NN,ding,33224,,
tg,rfd2.0,200265,200707,"Hauptmann von Silberkalb, Kammerherr.",5,hinter,APPR,hinter,33224,,
tg,rfd2.0,200265,200707,"Hauptmann von Silberkalb, Kammerherr.",5,dem,ART,der,33224,,
tg,rfd2.0,200265,200707,"Hauptmann von Silberkalb, Kammerherr.",5,Rücken,NN,rücken,33224,,
tg,rfd2.0,200265,200707,"Hauptmann von Silberkalb, Kammerherr.",5,des,ART,der,33224,,
tg,rfd2.0,200265,200707,"Hauptmann von Silberkalb, Kammerherr.",5,Herzogs,NN,herzog,33224,,
tg,rfd2.0,200265,200707,"Hauptmann von Silberkalb, Kammerherr.",5,dreist,ADJD,dreist,33224,,
tg,rfd2.0,200265,200707,"Hauptmann von Silberkalb, Kammerherr.",5,aufgeführt,VVPP,aufführen,33224,,
tg,rfd2.0,200265,200707,"Hauptmann von Silberkalb, Kammerherr.",5,worden,VAPP,werden,33224,,
tg,rfd2.0,200265,200707,"Hauptmann von Silberkalb, Kammerherr.",5,ist,VAFIN,sein,33224,,
tg,rfd2.0,200265,200707,"Hauptmann von Silberkalb, Kammerherr.",5,–,NN,–,33224,,
tg,rfd2.0,200265,200707,"Hauptmann von Silberkalb, Kammerherr.",5,und,KON,und,33224,,
tg,rfd2.0,200265,200707,"Hauptmann von Silberkalb, Kammerherr.",5,wie,PWAV,wie,33224,,
tg,rfd2.0,200265,200707,"Hauptmann von Silberkalb, Kammerherr.",5,gesagt,VVPP,sagen,33224,,
tg,rfd2.0,200265,200707,"Hauptmann von Silberkalb, Kammerherr.",5,",","$,",--,33224,,
tg,rfd2.0,200265,200707,"Hauptmann von Silberkalb, Kammerherr.",5,davon,PROAV,davon,33224,,
tg,rfd2.0,200265,200707,"Hauptmann von Silberkalb, Kammerherr.",5,kann,VMFIN,können,33224,,
tg,rfd2.0,200265,200707,"Hauptmann von Silberkalb, Kammerherr.",5,ein,ART,ein,33224,,
tg,rfd2.0,200265,200707,"Hauptmann von Silberkalb, Kammerherr.",5,Kurier,NN,kurier,33224,,
tg,rfd2.0,200265,200707,"Hauptmann von Silberkalb, Kammerherr.",5,heute,ADV,heute,33224,,
tg,rfd2.0,200265,200707,"Hauptmann von Silberkalb, Kammerherr.",5,die,ART,der,33224,,
tg,rfd2.0,200265,200707,"Hauptmann von Silberkalb, Kammerherr.",5,Nachricht,NN,nachricht,33224,,
tg,rfd2.0,200265,200707,"Hauptmann von Silberkalb, Kammerherr.",5,bringen,VVINF,bringen,33224,,
tg,rfd2.0,200265,200707,"Hauptmann von Silberkalb, Kammerherr.",5,–,XY,–,33224,,
tg,rfd2.0,200265,200707,"Hauptmann von Silberkalb, Kammerherr.",5,",","$,",--,33224,,
tg,rfd2.0,200265,200707,"Hauptmann von Silberkalb, Kammerherr.",5,so,ADV,so,33224,,
tg,rfd2.0,200265,200707,"Hauptmann von Silberkalb, Kammerherr.",5,ist,VAFIN,sein,33224,,
tg,rfd2.0,200265,200707,"Hauptmann von Silberkalb, Kammerherr.",5,der,ART,der,33224,,
tg,rfd2.0,200265,200707,"Hauptmann von Silberkalb, Kammerherr.",5,Herzog,NE,herzog,33224,,
tg,rfd2.0,200265,200707,"Hauptmann von Silberkalb, Kammerherr.",5,außer,APPR,außer,33224,,
tg,rfd2.0,200265,200707,"Hauptmann von Silberkalb, Kammerherr.",5,sich,PRF,sich,33224,,
tg,rfd2.0,200265,200707,"Hauptmann von Silberkalb, Kammerherr.",5,und,KON,und,33224,,
tg,rfd2.0,200265,200707,"Hauptmann von Silberkalb, Kammerherr.",5,schickt,VVFIN,schicken,33224,,
tg,rfd2.0,200265,200707,"Hauptmann von Silberkalb, Kammerherr.",5,den,ART,der,33224,,
tg,rfd2.0,200265,200707,"Hauptmann von Silberkalb, Kammerherr.",5,Mann,NN,mann,33224,,
tg,rfd2.0,200265,200707,"Hauptmann von Silberkalb, Kammerherr.",5,zum,APPRART,zu,33224,,
tg,rfd2.0,200265,200707,"Hauptmann von Silberkalb, Kammerherr.",5,Schubart,NN,schubart,33224,,
tg,rfd2.0,200265,200707,"Hauptmann von Silberkalb, Kammerherr.",5,auf,APPR,auf,33224,,
tg,rfd2.0,200265,200707,"Hauptmann von Silberkalb, Kammerherr.",5,den,ART,der,33224,,
tg,rfd2.0,200265,200707,"Hauptmann von Silberkalb, Kammerherr.",5,Asperg,NE,asperg,33224,,
tg,rfd2.0,200265,200707,"Hauptmann von Silberkalb, Kammerherr.",5,hinauf,ADV,hinauf,33224,,
tg,rfd2.0,200265,200707,"Hauptmann von Silberkalb, Kammerherr.",5,"!",$.,--,33224,,
tg,rfd2.0,200712,200742,"Laura, deren Pflegetochter.",3,O,NE,O,33224,,
tg,rfd2.0,200712,200742,"Laura, deren Pflegetochter.",3,mein,PPOSAT,mein,33224,"Laura, deren Pflegetochter.",3
tg,rfd2.0,200712,200742,"Laura, deren Pflegetochter.",3,Gott,NN,gott,33224,,
tg,rfd2.0,200712,200742,"Laura, deren Pflegetochter.",3,",","$,",--,33224,,
tg,rfd2.0,200712,200742,"Laura, deren Pflegetochter.",3,was,PWS,was,33224,,
tg,rfd2.0,200712,200742,"Laura, deren Pflegetochter.",3,tun,VVINF,tun,33224,,
tg,rfd2.0,200712,200742,"Laura, deren Pflegetochter.",3,?,$.,--,33224,,
tg,rfd2.0,200712,200742,"Laura, deren Pflegetochter.",3,"!",$.,--,33224,,
tg,rfd2.0,200747,200840,"Hauptmann von Silberkalb, Kammerherr.",5,Offenherzig,ADJD,offenherzig,33224,,
tg,rfd2.0,200747,200840,"Hauptmann von Silberkalb, Kammerherr.",5,sein,VAINF,sein,33224,,
tg,rfd2.0,200747,200840,"Hauptmann von Silberkalb, Kammerherr.",5,",","$,",--,33224,,
tg,rfd2.0,200747,200840,"Hauptmann von Silberkalb, Kammerherr.",5,das,ART,der,33224,,
tg,rfd2.0,200747,200840,"Hauptmann von Silberkalb, Kammerherr.",5,Buch,NN,buch,33224,,
tg,rfd2.0,200747,200840,"Hauptmann von Silberkalb, Kammerherr.",5,sogleich,ADV,sogleich,33224,,
tg,rfd2.0,200747,200840,"Hauptmann von Silberkalb, Kammerherr.",5,dem,ART,der,33224,,
tg,rfd2.0,200747,200840,"Hauptmann von Silberkalb, Kammerherr.",5,Herzog,NE,herzog,33224,,
tg,rfd2.0,200747,200840,"Hauptmann von Silberkalb, Kammerherr.",5,überreichen,VVFIN,überreichen,33224,,
tg,rfd2.0,200747,200840,"Hauptmann von Silberkalb, Kammerherr.",5,–,VVIMP,–,33224,,
tg,rfd2.0,200747,200840,"Hauptmann von Silberkalb, Kammerherr.",5,Sie,PPER,sie,33224,,
tg,rfd2.0,200747,200840,"Hauptmann von Silberkalb, Kammerherr.",5,zieht,VVFIN,ziehen,33224,,
tg,rfd2.0,200747,200840,"Hauptmann von Silberkalb, Kammerherr.",5,es,PPER,es,33224,,
tg,rfd2.0,200747,200840,"Hauptmann von Silberkalb, Kammerherr.",5,heraus,PTKVZ,heraus,33224,,
tg,rfd2.0,200747,200840,"Hauptmann von Silberkalb, Kammerherr.",5,.,$.,--,33224,,
tg,rfd2.0,200846,200874,"Laura, deren Pflegetochter.",3,Das,ART,der,33224,,
tg,rfd2.0,200846,200874,"Laura, deren Pflegetochter.",3,wag,NN,wag,33224,,
tg,rfd2.0,200846,200874,"Laura, deren Pflegetochter.",3,',$[,--,33224,,
tg,rfd2.0,200846,200874,"Laura, deren Pflegetochter.",3,ich,PPER,ich,33224,"Laura, deren Pflegetochter.",3
tg,rfd2.0,200846,200874,"Laura, deren Pflegetochter.",3,nicht,PTKNEG,nicht,33224,,
tg,rfd2.0,200846,200874,"Laura, deren Pflegetochter.",3,–,XY,–,33224,,
tg,rfd2.0,200879,200938,"Hauptmann von Silberkalb, Kammerherr.",5,Ich,PPER,ich,33224,,
tg,rfd2.0,200879,200938,"Hauptmann von Silberkalb, Kammerherr.",5,denke,VVFIN,denken,33224,,
tg,rfd2.0,200879,200938,"Hauptmann von Silberkalb, Kammerherr.",5,",","$,",--,33224,,
tg,rfd2.0,200879,200938,"Hauptmann von Silberkalb, Kammerherr.",5,Sie,PPER,sie,33224,,
tg,rfd2.0,200879,200938,"Hauptmann von Silberkalb, Kammerherr.",5,meinen's,VVFIN,meinen's,33224,,
tg,rfd2.0,200879,200938,"Hauptmann von Silberkalb, Kammerherr.",5,gut,ADJD,gut,33224,,
tg,rfd2.0,200879,200938,"Hauptmann von Silberkalb, Kammerherr.",5,mit,APPR,mit,33224,,
tg,rfd2.0,200879,200938,"Hauptmann von Silberkalb, Kammerherr.",5,dem,ART,der,33224,,
tg,rfd2.0,200879,200938,"Hauptmann von Silberkalb, Kammerherr.",5,Schiller,NE,schiller,33224,SCHILLER,29
tg,rfd2.0,200879,200938,"Hauptmann von Silberkalb, Kammerherr.",5,–,XY,–,33224,,
tg,rfd2.0,200879,200938,"Hauptmann von Silberkalb, Kammerherr.",5,?,$.,--,33224,,
tg,rfd2.0,200943,200955,"Laura, deren Pflegetochter.",3,Ja,PTKANT,ja,33224,,
tg,rfd2.0,200943,200955,"Laura, deren Pflegetochter.",3,–,XY,–,33224,,
tg,rfd2.0,200960,200983,"Hauptmann von Silberkalb, Kammerherr.",5,Nun,ADV,nun,33224,,
tg,rfd2.0,200960,200983,"Hauptmann von Silberkalb, Kammerherr.",5,also,ADV,also,33224,,
tg,rfd2.0,200960,200983,"Hauptmann von Silberkalb, Kammerherr.",5,–,XY,–,33224,,
tg,rfd2.0,200960,200983,"Hauptmann von Silberkalb, Kammerherr.",5,"!",$.,--,33224,,
tg,rfd2.0,200988,201027,"Laura, deren Pflegetochter.",3,Meinen,PPOSAT,mein,33224,,
tg,rfd2.0,200988,201027,"Laura, deren Pflegetochter.",3,Sie's,NN,sie's,33224,,
tg,rfd2.0,200988,201027,"Laura, deren Pflegetochter.",3,nicht,PTKNEG,nicht,33224,,
tg,rfd2.0,200988,201027,"Laura, deren Pflegetochter.",3,gut,ADJD,gut,33224,,
tg,rfd2.0,200988,201027,"Laura, deren Pflegetochter.",3,mit,APPR,mit,33224,,
tg,rfd2.0,200988,201027,"Laura, deren Pflegetochter.",3,ihm,PPER,ihm,33224,,
tg,rfd2.0,200988,201027,"Laura, deren Pflegetochter.",3,?,$.,--,33224,,
tg,rfd2.0,201032,201111,"Hauptmann von Silberkalb, Kammerherr.",5,Freilich,ADV,freilich,33224,,
tg,rfd2.0,201032,201111,"Hauptmann von Silberkalb, Kammerherr.",5,.,$.,--,33224,,
tg,rfd2.0,201032,201111,"Hauptmann von Silberkalb, Kammerherr.",5,Was,PWS,was,33224,,
tg,rfd2.0,201032,201111,"Hauptmann von Silberkalb, Kammerherr.",5,würd,VAFIN,würd,33224,,
tg,rfd2.0,201032,201111,"Hauptmann von Silberkalb, Kammerherr.",5,',$[,--,33224,,
tg,rfd2.0,201032,201111,"Hauptmann von Silberkalb, Kammerherr.",5,ich,PPER,ich,33224,"Hauptmann von Silberkalb, Kammerherr.",5
tg,rfd2.0,201032,201111,"Hauptmann von Silberkalb, Kammerherr.",5,mich,PRF,mich,33224,"Hauptmann von Silberkalb, Kammerherr.",5
tg,rfd2.0,201032,201111,"Hauptmann von Silberkalb, Kammerherr.",5,sonst,ADV,sonst,33224,,
tg,rfd2.0,201032,201111,"Hauptmann von Silberkalb, Kammerherr.",5,um,APPR,um,33224,,
tg,rfd2.0,201032,201111,"Hauptmann von Silberkalb, Kammerherr.",5,seine,PPOSAT,sein,33224,,
tg,rfd2.0,201032,201111,"Hauptmann von Silberkalb, Kammerherr.",5,Schreibereien,NN,schreiberei,33224,,
tg,rfd2.0,201032,201111,"Hauptmann von Silberkalb, Kammerherr.",5,ereifern,VVINF,ereifern,33224,,
tg,rfd2.0,201032,201111,"Hauptmann von Silberkalb, Kammerherr.",5,.,$.,--,33224,,
tg,rfd2.0,201116,201216,"Laura, deren Pflegetochter.",3,So,ADV,so,33224,,
tg,rfd2.0,201116,201216,"Laura, deren Pflegetochter.",3,überreichen,VVFIN,überreichen,33224,,
tg,rfd2.0,201116,201216,"Laura, deren Pflegetochter.",3,Sie's,NE,sie's,33224,,
tg,rfd2.0,201116,201216,"Laura, deren Pflegetochter.",3,dem,ART,der,33224,,
tg,rfd2.0,201116,201216,"Laura, deren Pflegetochter.",3,Herzog,NE,herzog,33224,,
tg,rfd2.0,201116,201216,"Laura, deren Pflegetochter.",3,–,XY,–,33224,,
tg,rfd2.0,201116,201216,"Laura, deren Pflegetochter.",3,Gibt's,FM,gibt's,33224,,
tg,rfd2.0,201116,201216,"Laura, deren Pflegetochter.",3,ihm,PPER,ihm,33224,,
tg,rfd2.0,201116,201216,"Laura, deren Pflegetochter.",3,–,TRUNC,–,33224,,
tg,rfd2.0,201116,201216,"Laura, deren Pflegetochter.",3,und,KON,und,33224,,
tg,rfd2.0,201116,201216,"Laura, deren Pflegetochter.",3,zieht,VVFIN,ziehen,33224,,
tg,rfd2.0,201116,201216,"Laura, deren Pflegetochter.",3,es,PPER,es,33224,,
tg,rfd2.0,201116,201216,"Laura, deren Pflegetochter.",3,zurück,PTKVZ,zurück,33224,,
tg,rfd2.0,201116,201216,"Laura, deren Pflegetochter.",3,.,$.,--,33224,,
tg,rfd2.0,201116,201216,"Laura, deren Pflegetochter.",3,Ich,PPER,ich,33224,,
tg,rfd2.0,201116,201216,"Laura, deren Pflegetochter.",3,bin,VAFIN,sein,33224,,
tg,rfd2.0,201116,201216,"Laura, deren Pflegetochter.",3,ganz,ADV,ganz,33224,,
tg,rfd2.0,201116,201216,"Laura, deren Pflegetochter.",3,verwirrt,ADJD,verwirrt,33224,,
tg,rfd2.0,201116,201216,"Laura, deren Pflegetochter.",3,–,XY,–,33224,,
tg,rfd2.0,201116,201216,"Laura, deren Pflegetochter.",3,"!",$.,--,33224,,
tg,rfd2.0,201221,201253,"Hauptmann von Silberkalb, Kammerherr.",5,Aber,KON,aber,33224,,
tg,rfd2.0,201221,201253,"Hauptmann von Silberkalb, Kammerherr.",5,in,APPR,in,33224,,
tg,rfd2.0,201221,201253,"Hauptmann von Silberkalb, Kammerherr.",5,Ihrem,PPOSAT,ihr,33224,,
tg,rfd2.0,201221,201253,"Hauptmann von Silberkalb, Kammerherr.",5,Namen,NN,name,33224,,
tg,rfd2.0,201221,201253,"Hauptmann von Silberkalb, Kammerherr.",5,"!",$.,--,33224,,
tg,rfd2.0,201258,201276,"Laura, deren Pflegetochter.",3,Warum,PWAV,warum,33224,,
tg,rfd2.0,201258,201276,"Laura, deren Pflegetochter.",3,das,PDS,der,33224,,
tg,rfd2.0,201258,201276,"Laura, deren Pflegetochter.",3,?,$.,--,33224,,
tg,rfd2.0,201281,201460,"Hauptmann von Silberkalb, Kammerherr.",5,Weil,KOUS,weil,33224,,
tg,rfd2.0,201281,201460,"Hauptmann von Silberkalb, Kammerherr.",5,er's,PPER,er's,33224,,
tg,rfd2.0,201281,201460,"Hauptmann von Silberkalb, Kammerherr.",5,von,APPR,von,33224,,
tg,rfd2.0,201281,201460,"Hauptmann von Silberkalb, Kammerherr.",5,Ihnen,PPER,ihnen,33224,,
tg,rfd2.0,201281,201460,"Hauptmann von Silberkalb, Kammerherr.",5,erwartet,VVFIN,erwarten,33224,,
tg,rfd2.0,201281,201460,"Hauptmann von Silberkalb, Kammerherr.",5,–,PPER,–,33224,,
tg,rfd2.0,201281,201460,"Hauptmann von Silberkalb, Kammerherr.",5,weil,KOUS,weil,33224,,
tg,rfd2.0,201281,201460,"Hauptmann von Silberkalb, Kammerherr.",5,Sie,PPER,sie,33224,,
tg,rfd2.0,201281,201460,"Hauptmann von Silberkalb, Kammerherr.",5,dann,ADV,dann,33224,,
tg,rfd2.0,201281,201460,"Hauptmann von Silberkalb, Kammerherr.",5,sein,PPOSAT,sein,33224,,
tg,rfd2.0,201281,201460,"Hauptmann von Silberkalb, Kammerherr.",5,Vertrauen,NN,vertrauen,33224,,
tg,rfd2.0,201281,201460,"Hauptmann von Silberkalb, Kammerherr.",5,rechtfertigen,VVINF,rechtfertigen,33224,,
tg,rfd2.0,201281,201460,"Hauptmann von Silberkalb, Kammerherr.",5,–,XY,–,33224,,
tg,rfd2.0,201281,201460,"Hauptmann von Silberkalb, Kammerherr.",5,weil,KOUS,weil,33224,,
tg,rfd2.0,201281,201460,"Hauptmann von Silberkalb, Kammerherr.",5,ich,PPER,ich,33224,"Hauptmann von Silberkalb, Kammerherr.",5
tg,rfd2.0,201281,201460,"Hauptmann von Silberkalb, Kammerherr.",5,dann,ADV,dann,33224,,
tg,rfd2.0,201281,201460,"Hauptmann von Silberkalb, Kammerherr.",5,sagen,VVINF,sagen,33224,,
tg,rfd2.0,201281,201460,"Hauptmann von Silberkalb, Kammerherr.",5,kann,VMFIN,können,33224,,
tg,rfd2.0,201281,201460,"Hauptmann von Silberkalb, Kammerherr.",5,",","$,",--,33224,,
tg,rfd2.0,201281,201460,"Hauptmann von Silberkalb, Kammerherr.",5,Schiller,NE,schiller,33224,SCHILLER,29
tg,rfd2.0,201281,201460,"Hauptmann von Silberkalb, Kammerherr.",5,sendet,VVFIN,senden,33224,,
tg,rfd2.0,201281,201460,"Hauptmann von Silberkalb, Kammerherr.",5,es,PPER,es,33224,,
tg,rfd2.0,201281,201460,"Hauptmann von Silberkalb, Kammerherr.",5,durch,APPR,durch,33224,,
tg,rfd2.0,201281,201460,"Hauptmann von Silberkalb, Kammerherr.",5,Sie,PPER,sie,33224,,
tg,rfd2.0,201281,201460,"Hauptmann von Silberkalb, Kammerherr.",5,",","$,",--,33224,,
tg,rfd2.0,201281,201460,"Hauptmann von Silberkalb, Kammerherr.",5,was,PWS,was,33224,,
tg,rfd2.0,201281,201460,"Hauptmann von Silberkalb, Kammerherr.",5,den,ART,der,33224,,
tg,rfd2.0,201281,201460,"Hauptmann von Silberkalb, Kammerherr.",5,besten,ADJA,gut,33224,,
tg,rfd2.0,201281,201460,"Hauptmann von Silberkalb, Kammerherr.",5,Effekt,NN,effekt,33224,,
tg,rfd2.0,201281,201460,"Hauptmann von Silberkalb, Kammerherr.",5,machen,VVINF,machen,33224,,
tg,rfd2.0,201281,201460,"Hauptmann von Silberkalb, Kammerherr.",5,wird,VAFIN,werden,33224,,
tg,rfd2.0,201281,201460,"Hauptmann von Silberkalb, Kammerherr.",5,–,PPER,–,33224,,
tg,rfd2.0,201465,201550,"Laura, deren Pflegetochter.",3,Richtig,ADJD,richtig,33224,,
tg,rfd2.0,201465,201550,"Laura, deren Pflegetochter.",3,–,XY,–,33224,,
tg,rfd2.0,201465,201550,"Laura, deren Pflegetochter.",3,da,ADV,da,33224,,
tg,rfd2.0,201465,201550,"Laura, deren Pflegetochter.",3,nehmen,VVFIN,nehmen,33224,,
tg,rfd2.0,201465,201550,"Laura, deren Pflegetochter.",3,Sie's,NE,sie's,33224,,
tg,rfd2.0,201465,201550,"Laura, deren Pflegetochter.",3,und,KON,und,33224,,
tg,rfd2.0,201465,201550,"Laura, deren Pflegetochter.",3,machen,VVFIN,machen,33224,,
tg,rfd2.0,201465,201550,"Laura, deren Pflegetochter.",3,Sie's,NE,sie's,33224,,
tg,rfd2.0,201465,201550,"Laura, deren Pflegetochter.",3,gut,ADJD,gut,33224,,
tg,rfd2.0,201465,201550,"Laura, deren Pflegetochter.",3,",","$,",--,33224,,
tg,rfd2.0,201465,201550,"Laura, deren Pflegetochter.",3,ja,ADV,ja,33224,,
tg,rfd2.0,201465,201550,"Laura, deren Pflegetochter.",3,?,$.,--,33224,,
tg,rfd2.0,201465,201550,"Laura, deren Pflegetochter.",3,Sie,PPER,sie,33224,,
tg,rfd2.0,201465,201550,"Laura, deren Pflegetochter.",3,wendet,VVFIN,wenden,33224,,
tg,rfd2.0,201465,201550,"Laura, deren Pflegetochter.",3,sich,PRF,sich,33224,,
tg,rfd2.0,201465,201550,"Laura, deren Pflegetochter.",3,zum,APPRART,zu,33224,,
tg,rfd2.0,201465,201550,"Laura, deren Pflegetochter.",3,Gehn,NN,gehn,33224,,
tg,rfd2.0,201465,201550,"Laura, deren Pflegetochter.",3,.,$.,--,33224,,
tg,rfd2.0,201556,201622,"Hauptmann von Silberkalb, Kammerherr.",5,Endlich,ADV,endlich,33224,,
tg,rfd2.0,201556,201622,"Hauptmann von Silberkalb, Kammerherr.",5,–,XY,–,33224,,
tg,rfd2.0,201556,201622,"Hauptmann von Silberkalb, Kammerherr.",5,Laut,APPR,laut,33224,,
tg,rfd2.0,201556,201622,"Hauptmann von Silberkalb, Kammerherr.",5,.,$.,--,33224,,
tg,rfd2.0,201556,201622,"Hauptmann von Silberkalb, Kammerherr.",5,und,KON,und,33224,,
tg,rfd2.0,201556,201622,"Hauptmann von Silberkalb, Kammerherr.",5,das,ART,der,33224,,
tg,rfd2.0,201556,201622,"Hauptmann von Silberkalb, Kammerherr.",5,andere,ADJA,anderer,33224,,
tg,rfd2.0,201556,201622,"Hauptmann von Silberkalb, Kammerherr.",5,–,NN,–,33224,,
tg,rfd2.0,201556,201622,"Hauptmann von Silberkalb, Kammerherr.",5,Fräulein,NN,fräulein,33224,,
tg,rfd2.0,201556,201622,"Hauptmann von Silberkalb, Kammerherr.",5,"!",$.,--,33224,,
tg,rfd2.0,201556,201622,"Hauptmann von Silberkalb, Kammerherr.",5,?,$.,--,33224,,
tg,rfd2.0,201627,201824,"Laura, deren Pflegetochter.",3,O,NE,O,33224,,
tg,rfd2.0,201627,201824,"Laura, deren Pflegetochter.",3,",","$,",--,33224,,
tg,rfd2.0,201627,201824,"Laura, deren Pflegetochter.",3,das,PDS,der,33224,,
tg,rfd2.0,201627,201824,"Laura, deren Pflegetochter.",3,ist,VAFIN,sein,33224,,
tg,rfd2.0,201627,201824,"Laura, deren Pflegetochter.",3,was,PWS,was,33224,,
tg,rfd2.0,201627,201824,"Laura, deren Pflegetochter.",3,andres,ADJA,andres,33224,,
tg,rfd2.0,201627,201824,"Laura, deren Pflegetochter.",3,"!",$.,--,33224,,
tg,rfd2.0,201627,201824,"Laura, deren Pflegetochter.",3,–,XY,–,33224,,
tg,rfd2.0,201627,201824,"Laura, deren Pflegetochter.",3,Ich,PPER,ich,33224,,
tg,rfd2.0,201627,201824,"Laura, deren Pflegetochter.",3,muß,VMFIN,müssen,33224,,
tg,rfd2.0,201627,201824,"Laura, deren Pflegetochter.",3,nun,ADV,nun,33224,,
tg,rfd2.0,201627,201824,"Laura, deren Pflegetochter.",3,wohl,ADV,wohl,33224,,
tg,rfd2.0,201627,201824,"Laura, deren Pflegetochter.",3,in,APPR,in,33224,,
tg,rfd2.0,201627,201824,"Laura, deren Pflegetochter.",3,die,ART,der,33224,,
tg,rfd2.0,201627,201824,"Laura, deren Pflegetochter.",3,Garderobe,NN,garderobe,33224,,
tg,rfd2.0,201627,201824,"Laura, deren Pflegetochter.",3,"!",$.,--,33224,,
tg,rfd2.0,201627,201824,"Laura, deren Pflegetochter.",3,Der,ART,der,33224,,
tg,rfd2.0,201627,201824,"Laura, deren Pflegetochter.",3,zweite,ADJA,zweiter,33224,,
tg,rfd2.0,201627,201824,"Laura, deren Pflegetochter.",3,Akt,NN,Akt,33224,,
tg,rfd2.0,201627,201824,"Laura, deren Pflegetochter.",3,ist,VAFIN,sein,33224,,
tg,rfd2.0,201627,201824,"Laura, deren Pflegetochter.",3,kurz,ADJD,kurz,33224,,
tg,rfd2.0,201627,201824,"Laura, deren Pflegetochter.",3,–,XY,–,33224,,
tg,rfd2.0,201627,201824,"Laura, deren Pflegetochter.",3,Geht,VVFIN,gehen,33224,,
tg,rfd2.0,201627,201824,"Laura, deren Pflegetochter.",3,–,PPER,–,33224,,
tg,rfd2.0,201627,201824,"Laura, deren Pflegetochter.",3,kehrt,VVFIN,kehren,33224,,
tg,rfd2.0,201627,201824,"Laura, deren Pflegetochter.",3,um,PTKVZ,um,33224,,
tg,rfd2.0,201627,201824,"Laura, deren Pflegetochter.",3,.,$.,--,33224,,
tg,rfd2.0,201627,201824,"Laura, deren Pflegetochter.",3,Wenn,KOUS,wenn,33224,,
tg,rfd2.0,201627,201824,"Laura, deren Pflegetochter.",3,wir,PPER,wir,33224,,
tg,rfd2.0,201627,201824,"Laura, deren Pflegetochter.",3,nur,ADV,nur,33224,,
tg,rfd2.0,201627,201824,"Laura, deren Pflegetochter.",3,auch,ADV,auch,33224,,
tg,rfd2.0,201627,201824,"Laura, deren Pflegetochter.",3,wirklich,ADJD,wirklich,33224,,
tg,rfd2.0,201627,201824,"Laura, deren Pflegetochter.",3,was,PWS,was,33224,,
tg,rfd2.0,201627,201824,"Laura, deren Pflegetochter.",3,Gutes,NN,gute,33224,,
tg,rfd2.0,201627,201824,"Laura, deren Pflegetochter.",3,tun,VVFIN,tun,33224,,
tg,rfd2.0,201627,201824,"Laura, deren Pflegetochter.",3,für,APPR,für,33224,,
tg,rfd2.0,201627,201824,"Laura, deren Pflegetochter.",3,den,ART,der,33224,,
tg,rfd2.0,201627,201824,"Laura, deren Pflegetochter.",3,armen,ADJA,arm,33224,,
tg,rfd2.0,201627,201824,"Laura, deren Pflegetochter.",3,Dichter,NN,dichter,33224,,
tg,rfd2.0,201627,201824,"Laura, deren Pflegetochter.",3,;,$.,--,33224,,
tg,rfd2.0,201627,201824,"Laura, deren Pflegetochter.",3,er,PPER,er,33224,,
tg,rfd2.0,201627,201824,"Laura, deren Pflegetochter.",3,hat,VAFIN,haben,33224,,
tg,rfd2.0,201627,201824,"Laura, deren Pflegetochter.",3,soviel,PIAT,soviel,33224,,
tg,rfd2.0,201627,201824,"Laura, deren Pflegetochter.",3,Unglück,NN,unglück,33224,,
tg,rfd2.0,201627,201824,"Laura, deren Pflegetochter.",3,"!",$.,--,33224,,
tg,rfd2.0,201829,201861,"Hauptmann von Silberkalb, Kammerherr.",5,Das,ART,der,33224,,
tg,rfd2.0,201829,201861,"Hauptmann von Silberkalb, Kammerherr.",5,find,ADJD,find,33224,,
tg,rfd2.0,201829,201861,"Hauptmann von Silberkalb, Kammerherr.",5,',$[,--,33224,,
tg,rfd2.0,201829,201861,"Hauptmann von Silberkalb, Kammerherr.",5,ich,PPER,ich,33224,"Hauptmann von Silberkalb, Kammerherr.",5
tg,rfd2.0,201829,201861,"Hauptmann von Silberkalb, Kammerherr.",5,nicht,PTKNEG,nicht,33224,,
tg,rfd2.0,201829,201861,"Hauptmann von Silberkalb, Kammerherr.",5,"!",$.,--,33224,,
tg,rfd2.0,201866,201931,"Laura, deren Pflegetochter.",3,Nein,PTKANT,nein,33224,,
tg,rfd2.0,201866,201931,"Laura, deren Pflegetochter.",3,?,$.,--,33224,,
tg,rfd2.0,201866,201931,"Laura, deren Pflegetochter.",3,Um,KOUI,um,33224,,
tg,rfd2.0,201866,201931,"Laura, deren Pflegetochter.",3,so,ADV,so,33224,,
tg,rfd2.0,201866,201931,"Laura, deren Pflegetochter.",3,besser,ADJD,gut,33224,,
tg,rfd2.0,201866,201931,"Laura, deren Pflegetochter.",3,"!",$.,--,33224,,
tg,rfd2.0,201866,201931,"Laura, deren Pflegetochter.",3,Adieu,ADJD,adieu,33224,,
tg,rfd2.0,201866,201931,"Laura, deren Pflegetochter.",3,"!",$.,--,33224,,
tg,rfd2.0,201866,201931,"Laura, deren Pflegetochter.",3,Hinauf,NN,hinauf,33224,,
tg,rfd2.0,201866,201931,"Laura, deren Pflegetochter.",3,links,ADV,links,33224,,
tg,rfd2.0,201866,201931,"Laura, deren Pflegetochter.",3,.,$.,--,33224,,
tg,rfd2.0,201938,202177,"Hauptmann von Silberkalb, Kammerherr.",5,Soweit,ADV,soweit,33224,,
tg,rfd2.0,201938,202177,"Hauptmann von Silberkalb, Kammerherr.",5,schon,ADV,schon,33224,,
tg,rfd2.0,201938,202177,"Hauptmann von Silberkalb, Kammerherr.",5,ist,VAFIN,sein,33224,,
tg,rfd2.0,201938,202177,"Hauptmann von Silberkalb, Kammerherr.",5,der,ART,der,33224,,
tg,rfd2.0,201938,202177,"Hauptmann von Silberkalb, Kammerherr.",5,Roturier,NN,roturier,33224,,
tg,rfd2.0,201938,202177,"Hauptmann von Silberkalb, Kammerherr.",5,"!",$.,--,33224,,
tg,rfd2.0,201938,202177,"Hauptmann von Silberkalb, Kammerherr.",5,–,XY,–,33224,,
tg,rfd2.0,201938,202177,"Hauptmann von Silberkalb, Kammerherr.",5,Fanfare,NN,fanfare,33224,,
tg,rfd2.0,201938,202177,"Hauptmann von Silberkalb, Kammerherr.",5,links,ADV,links,33224,,
tg,rfd2.0,201938,202177,"Hauptmann von Silberkalb, Kammerherr.",5,.,$.,--,33224,,
tg,rfd2.0,201938,202177,"Hauptmann von Silberkalb, Kammerherr.",5,Was,PWS,was,33224,,
tg,rfd2.0,201938,202177,"Hauptmann von Silberkalb, Kammerherr.",5,ist,VAFIN,sein,33224,,
tg,rfd2.0,201938,202177,"Hauptmann von Silberkalb, Kammerherr.",5,das,PDS,der,33224,,
tg,rfd2.0,201938,202177,"Hauptmann von Silberkalb, Kammerherr.",5,?,$.,--,33224,,
tg,rfd2.0,201938,202177,"Hauptmann von Silberkalb, Kammerherr.",5,Der,ART,der,33224,,
tg,rfd2.0,201938,202177,"Hauptmann von Silberkalb, Kammerherr.",5,Hof,NN,hof,33224,,
tg,rfd2.0,201938,202177,"Hauptmann von Silberkalb, Kammerherr.",5,bricht,VVFIN,brechen,33224,,
tg,rfd2.0,201938,202177,"Hauptmann von Silberkalb, Kammerherr.",5,auf,PTKVZ,auf,33224,,
tg,rfd2.0,201938,202177,"Hauptmann von Silberkalb, Kammerherr.",5,?,$.,--,33224,,
tg,rfd2.0,201938,202177,"Hauptmann von Silberkalb, Kammerherr.",5,Da,ADV,da,33224,,
tg,rfd2.0,201938,202177,"Hauptmann von Silberkalb, Kammerherr.",5,ist,VAFIN,sein,33224,,
tg,rfd2.0,201938,202177,"Hauptmann von Silberkalb, Kammerherr.",5,was,PWS,was,33224,,
tg,rfd2.0,201938,202177,"Hauptmann von Silberkalb, Kammerherr.",5,vorgefallen,ADJA,vorfallen,33224,,
tg,rfd2.0,201938,202177,"Hauptmann von Silberkalb, Kammerherr.",5,–,NN,–,33224,,
tg,rfd2.0,201938,202177,"Hauptmann von Silberkalb, Kammerherr.",5,"!",$.,--,33224,,
tg,rfd2.0,201938,202177,"Hauptmann von Silberkalb, Kammerherr.",5,»,XY,»,33224,,
tg,rfd2.0,201938,202177,"Hauptmann von Silberkalb, Kammerherr.",5,Ich,PPER,ich,33224,,
tg,rfd2.0,201938,202177,"Hauptmann von Silberkalb, Kammerherr.",5,sage,VVFIN,sagen,33224,,
tg,rfd2.0,201938,202177,"Hauptmann von Silberkalb, Kammerherr.",5,nein,PTKANT,nein,33224,,
tg,rfd2.0,201938,202177,"Hauptmann von Silberkalb, Kammerherr.",5,"!",$.,--,33224,,
tg,rfd2.0,201938,202177,"Hauptmann von Silberkalb, Kammerherr.",5,–,XY,–,33224,,
tg,rfd2.0,201938,202177,"Hauptmann von Silberkalb, Kammerherr.",5,Widersprecht,NN,widersprecht,33224,,
tg,rfd2.0,201938,202177,"Hauptmann von Silberkalb, Kammerherr.",5,mir,PPER,sich,33224,"Hauptmann von Silberkalb, Kammerherr.",5
tg,rfd2.0,201938,202177,"Hauptmann von Silberkalb, Kammerherr.",5,nicht,PTKNEG,nicht,33224,,
tg,rfd2.0,201938,202177,"Hauptmann von Silberkalb, Kammerherr.",5,"!",$.,--,33224,,
tg,rfd2.0,201938,202177,"Hauptmann von Silberkalb, Kammerherr.",5,«,XY,«,33224,,
tg,rfd2.0,202182,202305,"Hauptmann von Silberkalb, Kammerherr.",5,Der,ART,der,33224,,
tg,rfd2.0,202182,202305,"Hauptmann von Silberkalb, Kammerherr.",5,Herzog,NE,herzog,33224,,
tg,rfd2.0,202182,202305,"Hauptmann von Silberkalb, Kammerherr.",5,in,APPR,in,33224,,
tg,rfd2.0,202182,202305,"Hauptmann von Silberkalb, Kammerherr.",5,vollem,ADJA,voll,33224,,
tg,rfd2.0,202182,202305,"Hauptmann von Silberkalb, Kammerherr.",5,Schelten,NN,schelt,33224,,
tg,rfd2.0,202182,202305,"Hauptmann von Silberkalb, Kammerherr.",5,–,XY,–,33224,,
tg,rfd2.0,202182,202305,"Hauptmann von Silberkalb, Kammerherr.",5,aus,APPR,aus,33224,,
tg,rfd2.0,202182,202305,"Hauptmann von Silberkalb, Kammerherr.",5,der,ART,der,33224,,
tg,rfd2.0,202182,202305,"Hauptmann von Silberkalb, Kammerherr.",5,Schußlinie,NN,schußlinie,33224,,
tg,rfd2.0,202182,202305,"Hauptmann von Silberkalb, Kammerherr.",5,",","$,",--,33224,,
tg,rfd2.0,202182,202305,"Hauptmann von Silberkalb, Kammerherr.",5,bis,KOUS,bis,33224,,
tg,rfd2.0,202182,202305,"Hauptmann von Silberkalb, Kammerherr.",5,ich,PPER,ich,33224,"Hauptmann von Silberkalb, Kammerherr.",5
tg,rfd2.0,202182,202305,"Hauptmann von Silberkalb, Kammerherr.",5,das,ART,der,33224,,
tg,rfd2.0,202182,202305,"Hauptmann von Silberkalb, Kammerherr.",5,Ziel,NN,ziel,33224,,
tg,rfd2.0,202182,202305,"Hauptmann von Silberkalb, Kammerherr.",5,kenne,VVFIN,kennen,33224,,
tg,rfd2.0,202182,202305,"Hauptmann von Silberkalb, Kammerherr.",5,"!",$.,--,33224,,
tg,rfd2.0,202182,202305,"Hauptmann von Silberkalb, Kammerherr.",5,Will,VMFIN,wollen,33224,,
tg,rfd2.0,202182,202305,"Hauptmann von Silberkalb, Kammerherr.",5,unten,ADV,unten,33224,,
tg,rfd2.0,202182,202305,"Hauptmann von Silberkalb, Kammerherr.",5,in,APPR,in,33224,,
tg,rfd2.0,202182,202305,"Hauptmann von Silberkalb, Kammerherr.",5,die,ART,der,33224,,
tg,rfd2.0,202182,202305,"Hauptmann von Silberkalb, Kammerherr.",5,Mitteltür,NN,mitteltür,33224,,
tg,rfd2.0,202182,202305,"Hauptmann von Silberkalb, Kammerherr.",5,hinein,PTKVZ,hinein,33224,,
tg,rfd2.0,202182,202305,"Hauptmann von Silberkalb, Kammerherr.",5,.,$.,--,33224,,
tg,rfd2.0,202393,202527,Herzog Karl von Württemberg.,0,Ich,PPER,ich,33224,,
tg,rfd2.0,202393,202527,Herzog Karl von Württemberg.,0,sage,VVFIN,sagen,33224,,
tg,rfd2.0,202393,202527,Herzog Karl von Württemberg.,0,nein,PTKANT,nein,33224,,
tg,rfd2.0,202393,202527,Herzog Karl von Württemberg.,0,"!",$.,--,33224,,
tg,rfd2.0,202393,202527,Herzog Karl von Württemberg.,0,Zum,APPRART,zu,33224,,
tg,rfd2.0,202393,202527,Herzog Karl von Württemberg.,0,Hauptmann,NE,hauptmann,33224,,
tg,rfd2.0,202393,202527,Herzog Karl von Württemberg.,0,.,$.,--,33224,,
tg,rfd2.0,202393,202527,Herzog Karl von Württemberg.,0,Halt,NN,halt,33224,,
tg,rfd2.0,202393,202527,Herzog Karl von Württemberg.,0,da,ADV,da,33224,,
tg,rfd2.0,202393,202527,Herzog Karl von Württemberg.,0,"!",$.,--,33224,,
tg,rfd2.0,202393,202527,Herzog Karl von Württemberg.,0,–,XY,–,33224,,
tg,rfd2.0,202393,202527,Herzog Karl von Württemberg.,0,Ich,PPER,ich,33224,,
tg,rfd2.0,202393,202527,Herzog Karl von Württemberg.,0,sage,VVFIN,sagen,33224,,
tg,rfd2.0,202393,202527,Herzog Karl von Württemberg.,0,nein,PTKANT,nein,33224,,
tg,rfd2.0,202393,202527,Herzog Karl von Württemberg.,0,"!",$.,--,33224,,
tg,rfd2.0,202393,202527,Herzog Karl von Württemberg.,0,Es,PPER,es,33224,,
tg,rfd2.0,202393,202527,Herzog Karl von Württemberg.,0,ist,VAFIN,sein,33224,,
tg,rfd2.0,202393,202527,Herzog Karl von Württemberg.,0,ein,ART,ein,33224,,
tg,rfd2.0,202393,202527,Herzog Karl von Württemberg.,0,Skandal,NN,skandal,33224,,
tg,rfd2.0,202393,202527,Herzog Karl von Württemberg.,0,",","$,",--,33224,,
tg,rfd2.0,202393,202527,Herzog Karl von Württemberg.,0,wie,PWAV,wie,33224,,
tg,rfd2.0,202393,202527,Herzog Karl von Württemberg.,0,abscheulich,ADJD,abscheulich,33224,,
tg,rfd2.0,202393,202527,Herzog Karl von Württemberg.,0,der,ART,der,33224,,
tg,rfd2.0,202393,202527,Herzog Karl von Württemberg.,0,Mensch,NN,mensch,33224,,
tg,rfd2.0,202393,202527,Herzog Karl von Württemberg.,0,spielt,VVFIN,spielen,33224,,
tg,rfd2.0,202393,202527,Herzog Karl von Württemberg.,0,.,$.,--,33224,,
tg,rfd2.0,202532,202559,Gräfin Franziska von Hohenheim.,1,Aber,KON,aber,33224,,
tg,rfd2.0,202532,202559,Gräfin Franziska von Hohenheim.,1,",","$,",--,33224,,
tg,rfd2.0,202532,202559,Gräfin Franziska von Hohenheim.,1,lieber,ADV,lieber,33224,,
tg,rfd2.0,202532,202559,Gräfin Franziska von Hohenheim.,1,Karl,NE,karl,33224,,
tg,rfd2.0,202532,202559,Gräfin Franziska von Hohenheim.,1,"!",$.,--,33224,,
tg,rfd2.0,202564,202681,Herzog Karl von Württemberg.,0,Wo,PWAV,wo,33224,,
tg,rfd2.0,202564,202681,Herzog Karl von Württemberg.,0,würde,VAFIN,werden,33224,,
tg,rfd2.0,202564,202681,Herzog Karl von Württemberg.,0,denn,ADV,denn,33224,,
tg,rfd2.0,202564,202681,Herzog Karl von Württemberg.,0,unser,PPOSAT,unser,33224,,
tg,rfd2.0,202564,202681,Herzog Karl von Württemberg.,0,Gast,NN,gast,33224,,
tg,rfd2.0,202564,202681,Herzog Karl von Württemberg.,0,mitten,ADV,mitten,33224,,
tg,rfd2.0,202564,202681,Herzog Karl von Württemberg.,0,in,APPR,in,33224,,
tg,rfd2.0,202564,202681,Herzog Karl von Württemberg.,0,der,ART,der,33224,,
tg,rfd2.0,202564,202681,Herzog Karl von Württemberg.,0,Szene,NN,szene,33224,,
tg,rfd2.0,202564,202681,Herzog Karl von Württemberg.,0,zum,APPRART,zu,33224,,
tg,rfd2.0,202564,202681,Herzog Karl von Württemberg.,0,Aufbruch,NN,aufbruch,33224,,
tg,rfd2.0,202564,202681,Herzog Karl von Württemberg.,0,mahnen,VVINF,mahnen,33224,,
tg,rfd2.0,202564,202681,Herzog Karl von Württemberg.,0,",","$,",--,33224,,
tg,rfd2.0,202564,202681,Herzog Karl von Württemberg.,0,nachdem,KOUS,nachdem,33224,,
tg,rfd2.0,202564,202681,Herzog Karl von Württemberg.,0,er,PPER,er,33224,,
tg,rfd2.0,202564,202681,Herzog Karl von Württemberg.,0,einmal,ADV,einmal,33224,,
tg,rfd2.0,202564,202681,Herzog Karl von Württemberg.,0,über,APPR,über,33224,,
tg,rfd2.0,202564,202681,Herzog Karl von Württemberg.,0,das,ART,der,33224,,
tg,rfd2.0,202564,202681,Herzog Karl von Württemberg.,0,andere,ADJA,anderer,33224,,
tg,rfd2.0,202564,202681,Herzog Karl von Württemberg.,0,gegähnt,VVPP,gähnen,33224,,
tg,rfd2.0,202564,202681,Herzog Karl von Württemberg.,0,"!",$.,--,33224,,
tg,rfd2.0,202686,202726,Generalin Rieger.,2,Mein,PPOSAT,mein,33224,,
tg,rfd2.0,202686,202726,Generalin Rieger.,2,Gott,NN,gott,33224,,
tg,rfd2.0,202686,202726,Generalin Rieger.,2,",","$,",--,33224,,
tg,rfd2.0,202686,202726,Generalin Rieger.,2,er,PPER,er,33224,,
tg,rfd2.0,202686,202726,Generalin Rieger.,2,ist,VAFIN,sein,33224,,
tg,rfd2.0,202686,202726,Generalin Rieger.,2,schläfrig,ADJD,schläfrig,33224,,
tg,rfd2.0,202686,202726,Generalin Rieger.,2,"!",$.,--,33224,,
tg,rfd2.0,202731,202774,Herzog Karl von Württemberg.,0,Was,PWS,was,33224,,
tg,rfd2.0,202731,202774,Herzog Karl von Württemberg.,0,macht,VVFIN,machen,33224,,
tg,rfd2.0,202731,202774,Herzog Karl von Württemberg.,0,Er,PPER,er,33224,,
tg,rfd2.0,202731,202774,Herzog Karl von Württemberg.,0,hier,ADV,hier,33224,,
tg,rfd2.0,202731,202774,Herzog Karl von Württemberg.,0,?,$.,--,33224,,
tg,rfd2.0,202780,202832,"Hauptmann von Silberkalb, Kammerherr.",5,Ich,PPER,ich,33224,,
tg,rfd2.0,202780,202832,"Hauptmann von Silberkalb, Kammerherr.",5,erwarte,VVFIN,erwarten,33224,,
tg,rfd2.0,202780,202832,"Hauptmann von Silberkalb, Kammerherr.",5,die,ART,der,33224,,
tg,rfd2.0,202780,202832,"Hauptmann von Silberkalb, Kammerherr.",5,Befehle,NN,befehl,33224,,
tg,rfd2.0,202780,202832,"Hauptmann von Silberkalb, Kammerherr.",5,Ew,NE,ew,33224,,
tg,rfd2.0,202780,202832,"Hauptmann von Silberkalb, Kammerherr.",5,.,$.,--,33224,,
tg,rfd2.0,202780,202832,"Hauptmann von Silberkalb, Kammerherr.",5,Durchlaucht,NN,durchlaucht,33224,,
tg,rfd2.0,202780,202832,"Hauptmann von Silberkalb, Kammerherr.",5,.,$.,--,33224,,
tg,rfd2.0,202837,203449,Herzog Karl von Württemberg.,0,Wofür,NE,wofür,33224,,
tg,rfd2.0,202837,203449,Herzog Karl von Württemberg.,0,ist,VAFIN,sein,33224,,
tg,rfd2.0,202837,203449,Herzog Karl von Württemberg.,0,Er,PPER,er,33224,,
tg,rfd2.0,202837,203449,Herzog Karl von Württemberg.,0,denn,ADV,denn,33224,,
tg,rfd2.0,202837,203449,Herzog Karl von Württemberg.,0,auf,APPR,auf,33224,,
tg,rfd2.0,202837,203449,Herzog Karl von Württemberg.,0,der,ART,der,33224,,
tg,rfd2.0,202837,203449,Herzog Karl von Württemberg.,0,Welt,NN,welt,33224,,
tg,rfd2.0,202837,203449,Herzog Karl von Württemberg.,0,?,$.,--,33224,,
tg,rfd2.0,202837,203449,Herzog Karl von Württemberg.,0,"!",$.,--,33224,,
tg,rfd2.0,202837,203449,Herzog Karl von Württemberg.,0,Warum,PWAV,warum,33224,,
tg,rfd2.0,202837,203449,Herzog Karl von Württemberg.,0,hat,VAFIN,haben,33224,,
tg,rfd2.0,202837,203449,Herzog Karl von Württemberg.,0,Er,PPER,er,33224,,
tg,rfd2.0,202837,203449,Herzog Karl von Württemberg.,0,sich,PRF,sich,33224,,
tg,rfd2.0,202837,203449,Herzog Karl von Württemberg.,0,denn,ADV,denn,33224,,
tg,rfd2.0,202837,203449,Herzog Karl von Württemberg.,0,nicht,PTKNEG,nicht,33224,,
tg,rfd2.0,202837,203449,Herzog Karl von Württemberg.,0,um,APPR,um,33224,,
tg,rfd2.0,202837,203449,Herzog Karl von Württemberg.,0,die,ART,der,33224,,
tg,rfd2.0,202837,203449,Herzog Karl von Württemberg.,0,Proben,NN,probe,33224,,
tg,rfd2.0,202837,203449,Herzog Karl von Württemberg.,0,gekümmert,VVPP,kümmern,33224,,
tg,rfd2.0,202837,203449,Herzog Karl von Württemberg.,0,?,$.,--,33224,,
tg,rfd2.0,202837,203449,Herzog Karl von Württemberg.,0,Was,PWS,was,33224,,
tg,rfd2.0,202837,203449,Herzog Karl von Württemberg.,0,hat,VAFIN,haben,33224,,
tg,rfd2.0,202837,203449,Herzog Karl von Württemberg.,0,Er,PPER,er,33224,,
tg,rfd2.0,202837,203449,Herzog Karl von Württemberg.,0,denn,ADV,denn,33224,,
tg,rfd2.0,202837,203449,Herzog Karl von Württemberg.,0,sonst,ADV,sonst,33224,,
tg,rfd2.0,202837,203449,Herzog Karl von Württemberg.,0,zu,PTKZU,zu,33224,,
tg,rfd2.0,202837,203449,Herzog Karl von Württemberg.,0,tun,VVINF,tun,33224,,
tg,rfd2.0,202837,203449,Herzog Karl von Württemberg.,0,?,$.,--,33224,,
tg,rfd2.0,202837,203449,Herzog Karl von Württemberg.,0,Statt,KOUI,statt,33224,,
tg,rfd2.0,202837,203449,Herzog Karl von Württemberg.,0,in,APPR,in,33224,,
tg,rfd2.0,202837,203449,Herzog Karl von Württemberg.,0,eignem,PIAT,eign,33224,,
tg,rfd2.0,202837,203449,Herzog Karl von Württemberg.,0,Interesse,NN,interesse,33224,,
tg,rfd2.0,202837,203449,Herzog Karl von Württemberg.,0,zu,PTKZU,zu,33224,,
tg,rfd2.0,202837,203449,Herzog Karl von Württemberg.,0,spionieren,VVINF,spionieren,33224,,
tg,rfd2.0,202837,203449,Herzog Karl von Württemberg.,0,",","$,",--,33224,,
tg,rfd2.0,202837,203449,Herzog Karl von Württemberg.,0,seh,VVFIN,seh,33224,,
tg,rfd2.0,202837,203449,Herzog Karl von Württemberg.,0,Er,PPER,er,33224,,
tg,rfd2.0,202837,203449,Herzog Karl von Württemberg.,0,zum,APPRART,zu,33224,,
tg,rfd2.0,202837,203449,Herzog Karl von Württemberg.,0,Rechten,NN,rechte,33224,,
tg,rfd2.0,202837,203449,Herzog Karl von Württemberg.,0,",","$,",--,33224,,
tg,rfd2.0,202837,203449,Herzog Karl von Württemberg.,0,damit,KOUS,damit,33224,,
tg,rfd2.0,202837,203449,Herzog Karl von Württemberg.,0,man,PIS,man,33224,,
tg,rfd2.0,202837,203449,Herzog Karl von Württemberg.,0,nicht,PTKNEG,nicht,33224,,
tg,rfd2.0,202837,203449,Herzog Karl von Württemberg.,0,solchen,PIDAT,solcher,33224,,
tg,rfd2.0,202837,203449,Herzog Karl von Württemberg.,0,Eklat,NN,eklat,33224,,
tg,rfd2.0,202837,203449,Herzog Karl von Württemberg.,0,zu,PTKZU,zu,33224,,
tg,rfd2.0,202837,203449,Herzog Karl von Württemberg.,0,erleben,VVINF,erleben,33224,,
tg,rfd2.0,202837,203449,Herzog Karl von Württemberg.,0,hat,VAFIN,haben,33224,,
tg,rfd2.0,202837,203449,Herzog Karl von Württemberg.,0,.,$.,--,33224,,
tg,rfd2.0,202837,203449,Herzog Karl von Württemberg.,0,Die,ART,der,33224,,
tg,rfd2.0,202837,203449,Herzog Karl von Württemberg.,0,Vorstellung,NN,vorstellung,33224,,
tg,rfd2.0,202837,203449,Herzog Karl von Württemberg.,0,da,ADV,da,33224,,
tg,rfd2.0,202837,203449,Herzog Karl von Württemberg.,0,oben,ADV,oben,33224,,
tg,rfd2.0,202837,203449,Herzog Karl von Württemberg.,0,ist,VAFIN,sein,33224,,
tg,rfd2.0,202837,203449,Herzog Karl von Württemberg.,0,nicht,PTKNEG,nicht,33224,,
tg,rfd2.0,202837,203449,Herzog Karl von Württemberg.,0,anzusehen,VVIZU,ansehen,33224,,
tg,rfd2.0,202837,203449,Herzog Karl von Württemberg.,0,und,KON,und,33224,,
tg,rfd2.0,202837,203449,Herzog Karl von Württemberg.,0,macht,VVFIN,machen,33224,,
tg,rfd2.0,202837,203449,Herzog Karl von Württemberg.,0,mir,PPER,sich,33224,Herzog Karl von Württemberg.,0
tg,rfd2.0,202837,203449,Herzog Karl von Württemberg.,0,Schande,NN,schande,33224,,
tg,rfd2.0,202837,203449,Herzog Karl von Württemberg.,0,vor,APPR,vor,33224,,
tg,rfd2.0,202837,203449,Herzog Karl von Württemberg.,0,meinen,PPOSAT,mein,33224,Herzog Karl von Württemberg.,0
tg,rfd2.0,202837,203449,Herzog Karl von Württemberg.,0,Gästen,NN,gast,33224,,
tg,rfd2.0,202837,203449,Herzog Karl von Württemberg.,0,.,$.,--,33224,,
tg,rfd2.0,202837,203449,Herzog Karl von Württemberg.,0,Dieser,PDS,dieser,33224,,
tg,rfd2.0,202837,203449,Herzog Karl von Württemberg.,0,Schiller,NE,schiller,33224,SCHILLER,29
tg,rfd2.0,202837,203449,Herzog Karl von Württemberg.,0,ist,VAFIN,sein,33224,,
tg,rfd2.0,202837,203449,Herzog Karl von Württemberg.,0,ein,ART,ein,33224,,
tg,rfd2.0,202837,203449,Herzog Karl von Württemberg.,0,Clavigo,NN,clavigo,33224,,
tg,rfd2.0,202837,203449,Herzog Karl von Württemberg.,0,zum,APPRART,zu,33224,,
tg,rfd2.0,202837,203449,Herzog Karl von Württemberg.,0,Davonlaufen,NN,davonlaufen,33224,,
tg,rfd2.0,202837,203449,Herzog Karl von Württemberg.,0,–,APPR,–,33224,,
tg,rfd2.0,202837,203449,Herzog Karl von Württemberg.,0,der,ART,der,33224,,
tg,rfd2.0,202837,203449,Herzog Karl von Württemberg.,0,Großfürst,NN,großfürst,33224,,
tg,rfd2.0,202837,203449,Herzog Karl von Württemberg.,0,ist,VAFIN,sein,33224,,
tg,rfd2.0,202837,203449,Herzog Karl von Württemberg.,0,mir,PPER,sich,33224,Herzog Karl von Württemberg.,0
tg,rfd2.0,202837,203449,Herzog Karl von Württemberg.,0,auch,ADV,auch,33224,,
tg,rfd2.0,202837,203449,Herzog Karl von Württemberg.,0,davongelaufen,ADJA,davonlaufen,33224,,
tg,rfd2.0,202837,203449,Herzog Karl von Württemberg.,0,–,NN,–,33224,,
tg,rfd2.0,202837,203449,Herzog Karl von Württemberg.,0,Immer,ADV,immer,33224,,
tg,rfd2.0,202837,203449,Herzog Karl von Württemberg.,0,hin,PTKVZ,hin,33224,,
tg,rfd2.0,202837,203449,Herzog Karl von Württemberg.,0,und,KON,und,33224,,
tg,rfd2.0,202837,203449,Herzog Karl von Württemberg.,0,her,APZR,her,33224,,
tg,rfd2.0,202837,203449,Herzog Karl von Württemberg.,0,gehend,ADJD,gehend,33224,,
tg,rfd2.0,202837,203449,Herzog Karl von Württemberg.,0,.,$.,--,33224,,
tg,rfd2.0,202837,203449,Herzog Karl von Württemberg.,0,und,KON,und,33224,,
tg,rfd2.0,202837,203449,Herzog Karl von Württemberg.,0,ich,PPER,ich,33224,Herzog Karl von Württemberg.,0
tg,rfd2.0,202837,203449,Herzog Karl von Württemberg.,0,wüßte,VVFIN,wissen,33224,,
tg,rfd2.0,202837,203449,Herzog Karl von Württemberg.,0,wahrhaftig,ADJD,wahrhaftig,33224,,
tg,rfd2.0,202837,203449,Herzog Karl von Württemberg.,0,nicht,PTKNEG,nicht,33224,,
tg,rfd2.0,202837,203449,Herzog Karl von Württemberg.,0,",","$,",--,33224,,
tg,rfd2.0,202837,203449,Herzog Karl von Württemberg.,0,was,PWS,was,33224,,
tg,rfd2.0,202837,203449,Herzog Karl von Württemberg.,0,mir,PPER,sich,33224,Herzog Karl von Württemberg.,0
tg,rfd2.0,202837,203449,Herzog Karl von Württemberg.,0,Ärgerlicheres,NN,ärgerlichere,33224,,
tg,rfd2.0,202837,203449,Herzog Karl von Württemberg.,0,hätte,VAFIN,haben,33224,,
tg,rfd2.0,202837,203449,Herzog Karl von Württemberg.,0,begegnen,VVINF,begegnen,33224,,
tg,rfd2.0,202837,203449,Herzog Karl von Württemberg.,0,können,VMINF,können,33224,,
tg,rfd2.0,202837,203449,Herzog Karl von Württemberg.,0,–,XY,–,33224,,
tg,rfd2.0,202837,203449,Herzog Karl von Württemberg.,0,dies,PDS,dieser,33224,,
tg,rfd2.0,202837,203449,Herzog Karl von Württemberg.,0,unverständige,ADJA,unverständig,33224,,
tg,rfd2.0,202837,203449,Herzog Karl von Württemberg.,0,Spiel,NN,spiel,33224,,
tg,rfd2.0,202837,203449,Herzog Karl von Württemberg.,0,bringt,VVFIN,bringen,33224,,
tg,rfd2.0,202837,203449,Herzog Karl von Württemberg.,0,meine,PPOSAT,mein,33224,Herzog Karl von Württemberg.,0
tg,rfd2.0,202837,203449,Herzog Karl von Württemberg.,0,ganze,ADJA,ganz,33224,,
tg,rfd2.0,202837,203449,Herzog Karl von Württemberg.,0,Akademie,NN,akademie,33224,,
tg,rfd2.0,202837,203449,Herzog Karl von Württemberg.,0,in,APPR,in,33224,,
tg,rfd2.0,202837,203449,Herzog Karl von Württemberg.,0,Mißkredit,NE,mißkredit,33224,,
tg,rfd2.0,202837,203449,Herzog Karl von Württemberg.,0,–,XY,–,33224,,
tg,rfd2.0,202837,203449,Herzog Karl von Württemberg.,0,"!",$.,--,33224,,
tg,rfd2.0,203456,203484,Gräfin Franziska von Hohenheim.,1,Aber,KON,aber,33224,,
tg,rfd2.0,203456,203484,Gräfin Franziska von Hohenheim.,1,",","$,",--,33224,,
tg,rfd2.0,203456,203484,Gräfin Franziska von Hohenheim.,1,lieber,ADV,lieber,33224,,
tg,rfd2.0,203456,203484,Gräfin Franziska von Hohenheim.,1,Karl,NE,karl,33224,,
tg,rfd2.0,203456,203484,Gräfin Franziska von Hohenheim.,1,–,XY,–,33224,,
tg,rfd2.0,203489,203514,"Hauptmann von Silberkalb, Kammerherr.",5,Durchlaucht,NN,durchlaucht,33224,,
tg,rfd2.0,203489,203514,"Hauptmann von Silberkalb, Kammerherr.",5,–,XY,–,33224,,
tg,rfd2.0,203519,203730,Herzog Karl von Württemberg.,0,Schweigt,VVPP,schweigt,33224,,
tg,rfd2.0,203519,203730,Herzog Karl von Württemberg.,0,still,ADJD,still,33224,,
tg,rfd2.0,203519,203730,Herzog Karl von Württemberg.,0,"!",$.,--,33224,,
tg,rfd2.0,203519,203730,Herzog Karl von Württemberg.,0,Ich,PPER,ich,33224,,
tg,rfd2.0,203519,203730,Herzog Karl von Württemberg.,0,weiß,VVFIN,weiß,33224,,
tg,rfd2.0,203519,203730,Herzog Karl von Württemberg.,0,",","$,",--,33224,,
tg,rfd2.0,203519,203730,Herzog Karl von Württemberg.,0,was,PWS,was,33224,,
tg,rfd2.0,203519,203730,Herzog Karl von Württemberg.,0,ich,PPER,ich,33224,Herzog Karl von Württemberg.,0
tg,rfd2.0,203519,203730,Herzog Karl von Württemberg.,0,weiß,VVFIN,weiß,33224,,
tg,rfd2.0,203519,203730,Herzog Karl von Württemberg.,0,.,$.,--,33224,,
tg,rfd2.0,203519,203730,Herzog Karl von Württemberg.,0,Warum,PWAV,warum,33224,,
tg,rfd2.0,203519,203730,Herzog Karl von Württemberg.,0,laß,VVFIN,lassen,33224,,
tg,rfd2.0,203519,203730,Herzog Karl von Württemberg.,0,ich,PPER,ich,33224,Herzog Karl von Württemberg.,0
tg,rfd2.0,203519,203730,Herzog Karl von Württemberg.,0,mich,PRF,mich,33224,Herzog Karl von Württemberg.,0
tg,rfd2.0,203519,203730,Herzog Karl von Württemberg.,0,auch,ADV,auch,33224,,
tg,rfd2.0,203519,203730,Herzog Karl von Württemberg.,0,darauf,PROAV,darauf,33224,,
tg,rfd2.0,203519,203730,Herzog Karl von Württemberg.,0,ein,PTKVZ,ein,33224,,
tg,rfd2.0,203519,203730,Herzog Karl von Württemberg.,0,",","$,",--,33224,,
tg,rfd2.0,203519,203730,Herzog Karl von Württemberg.,0,mit,APPR,mit,33224,,
tg,rfd2.0,203519,203730,Herzog Karl von Württemberg.,0,diesen,PDAT,dieser,33224,,
tg,rfd2.0,203519,203730,Herzog Karl von Württemberg.,0,deutschen,ADJA,deutsch,33224,,
tg,rfd2.0,203519,203730,Herzog Karl von Württemberg.,0,Tölpeln,NN,tölpel,33224,,
tg,rfd2.0,203519,203730,Herzog Karl von Württemberg.,0,eine,ART,ein,33224,,
tg,rfd2.0,203519,203730,Herzog Karl von Württemberg.,0,Kunst,NN,kunst,33224,,
tg,rfd2.0,203519,203730,Herzog Karl von Württemberg.,0,betreiben,VVINF,betreiben,33224,,
tg,rfd2.0,203519,203730,Herzog Karl von Württemberg.,0,zu,PTKZU,zu,33224,,
tg,rfd2.0,203519,203730,Herzog Karl von Württemberg.,0,wollen,VMINF,wollen,33224,,
tg,rfd2.0,203519,203730,Herzog Karl von Württemberg.,0,",","$,",--,33224,,
tg,rfd2.0,203519,203730,Herzog Karl von Württemberg.,0,zu,APPR,zu,33224,,
tg,rfd2.0,203519,203730,Herzog Karl von Württemberg.,0,der,PRELS,der,33224,,
tg,rfd2.0,203519,203730,Herzog Karl von Württemberg.,0,sie,PPER,sie,33224,,
tg,rfd2.0,203519,203730,Herzog Karl von Württemberg.,0,in,APPR,in,33224,,
tg,rfd2.0,203519,203730,Herzog Karl von Württemberg.,0,Ewigkeit,NN,ewigkeit,33224,,
tg,rfd2.0,203519,203730,Herzog Karl von Württemberg.,0,kein,PIAT,kein,33224,,
tg,rfd2.0,203519,203730,Herzog Karl von Württemberg.,0,Geschick,NN,geschick,33224,,
tg,rfd2.0,203519,203730,Herzog Karl von Württemberg.,0,haben,VAFIN,haben,33224,,
tg,rfd2.0,203519,203730,Herzog Karl von Württemberg.,0,–,PPER,–,33224,,
tg,rfd2.0,203519,203730,Herzog Karl von Württemberg.,0,warum,PWAV,warum,33224,,
tg,rfd2.0,203519,203730,Herzog Karl von Württemberg.,0,geht,VVFIN,gehen,33224,,
tg,rfd2.0,203519,203730,Herzog Karl von Württemberg.,0,Er,PPER,er,33224,,
tg,rfd2.0,203519,203730,Herzog Karl von Württemberg.,0,nicht,PTKNEG,nicht,33224,,
tg,rfd2.0,203519,203730,Herzog Karl von Württemberg.,0,?,$.,--,33224,,
tg,rfd2.0,203735,203760,"Hauptmann von Silberkalb, Kammerherr.",5,Durchlaucht,NN,durchlaucht,33224,,
tg,rfd2.0,203735,203760,"Hauptmann von Silberkalb, Kammerherr.",5,–,XY,–,33224,,
tg,rfd2.0,203766,204053,Herzog Karl von Württemberg.,0,Ein,ART,ein,33224,,
tg,rfd2.0,203766,204053,Herzog Karl von Württemberg.,0,Ende,NN,ende,33224,,
tg,rfd2.0,203766,204053,Herzog Karl von Württemberg.,0,machen,VVINF,machen,33224,,
tg,rfd2.0,203766,204053,Herzog Karl von Württemberg.,0,"!",$.,--,33224,,
tg,rfd2.0,203766,204053,Herzog Karl von Württemberg.,0,Hauptmann,NE,hauptmann,33224,,
tg,rfd2.0,203766,204053,Herzog Karl von Württemberg.,0,fliegt,VVFIN,fliegen,33224,,
tg,rfd2.0,203766,204053,Herzog Karl von Württemberg.,0,hinauf,ADV,hinauf,33224,,
tg,rfd2.0,203766,204053,Herzog Karl von Württemberg.,0,und,KON,und,33224,,
tg,rfd2.0,203766,204053,Herzog Karl von Württemberg.,0,horcht,VVFIN,horchen,33224,,
tg,rfd2.0,203766,204053,Herzog Karl von Württemberg.,0,oben,ADV,oben,33224,,
tg,rfd2.0,203766,204053,Herzog Karl von Württemberg.,0,bis,ADV,bis,33224,,
tg,rfd2.0,203766,204053,Herzog Karl von Württemberg.,0,zu,APPR,zu,33224,,
tg,rfd2.0,203766,204053,Herzog Karl von Württemberg.,0,Ende,NN,ende,33224,,
tg,rfd2.0,203766,204053,Herzog Karl von Württemberg.,0,der,ART,der,33224,,
tg,rfd2.0,203766,204053,Herzog Karl von Württemberg.,0,Rede,NN,rede,33224,,
tg,rfd2.0,203766,204053,Herzog Karl von Württemberg.,0,.,$.,--,33224,,
tg,rfd2.0,203766,204053,Herzog Karl von Württemberg.,0,dieser,PDAT,dieser,33224,,
tg,rfd2.0,203766,204053,Herzog Karl von Württemberg.,0,abgeschmackten,ADJA,abgeschmackt,33224,,
tg,rfd2.0,203766,204053,Herzog Karl von Württemberg.,0,Komödie,NN,komödie,33224,,
tg,rfd2.0,203766,204053,Herzog Karl von Württemberg.,0,"!",$.,--,33224,,
tg,rfd2.0,203766,204053,Herzog Karl von Württemberg.,0,den,ART,der,33224,,
tg,rfd2.0,203766,204053,Herzog Karl von Württemberg.,0,Vorhang,NN,vorhang,33224,,
tg,rfd2.0,203766,204053,Herzog Karl von Württemberg.,0,herunter,PTKVZ,herunter,33224,,
tg,rfd2.0,203766,204053,Herzog Karl von Württemberg.,0,"!",$.,--,33224,,
tg,rfd2.0,203766,204053,Herzog Karl von Württemberg.,0,die,ART,der,33224,,
tg,rfd2.0,203766,204053,Herzog Karl von Württemberg.,0,Bursche,NN,bursche,33224,,
tg,rfd2.0,203766,204053,Herzog Karl von Württemberg.,0,daher,PROAV,daher,33224,,
tg,rfd2.0,203766,204053,Herzog Karl von Württemberg.,0,",","$,",--,33224,,
tg,rfd2.0,203766,204053,Herzog Karl von Württemberg.,0,den,ART,der,33224,,
tg,rfd2.0,203766,204053,Herzog Karl von Württemberg.,0,jämmerlichen,ADJA,jämmerlich,33224,,
tg,rfd2.0,203766,204053,Herzog Karl von Württemberg.,0,Clavigo,NN,clavigo,33224,,
tg,rfd2.0,203766,204053,Herzog Karl von Württemberg.,0,hierher,PROAV,hierher,33224,,
tg,rfd2.0,203766,204053,Herzog Karl von Württemberg.,0,",","$,",--,33224,,
tg,rfd2.0,203766,204053,Herzog Karl von Württemberg.,0,ich,PPER,ich,33224,Herzog Karl von Württemberg.,0
tg,rfd2.0,203766,204053,Herzog Karl von Württemberg.,0,will,VMFIN,wollen,33224,,
tg,rfd2.0,203766,204053,Herzog Karl von Württemberg.,0,ihn,PPER,ihn,33224,,
tg,rfd2.0,203766,204053,Herzog Karl von Württemberg.,0,–,XY,–,33224,,
tg,rfd2.0,203766,204053,Herzog Karl von Württemberg.,0,vorwärts,ADV,vorwärts,33224,,
tg,rfd2.0,203766,204053,Herzog Karl von Württemberg.,0,"!",$.,--,33224,,
tg,rfd2.0,203766,204053,Herzog Karl von Württemberg.,0,Der,ART,der,33224,,
tg,rfd2.0,203766,204053,Herzog Karl von Württemberg.,0,Hauptmann,NN,hauptmann,33224,,
tg,rfd2.0,203766,204053,Herzog Karl von Württemberg.,0,oben,ADV,oben,33224,,
tg,rfd2.0,203766,204053,Herzog Karl von Württemberg.,0,in,APPR,in,33224,,
tg,rfd2.0,203766,204053,Herzog Karl von Württemberg.,0,die,ART,der,33224,,
tg,rfd2.0,203766,204053,Herzog Karl von Württemberg.,0,Mitteltür,NN,mitteltür,33224,,
tg,rfd2.0,203766,204053,Herzog Karl von Württemberg.,0,ab,PTKVZ,ab,33224,,
tg,rfd2.0,203766,204053,Herzog Karl von Württemberg.,0,.,$.,--,33224,,
tg,rfd2.0,203766,204053,Herzog Karl von Württemberg.,0,Der,ART,der,33224,,
tg,rfd2.0,203766,204053,Herzog Karl von Württemberg.,0,Herzog,NE,herzog,33224,,
tg,rfd2.0,203766,204053,Herzog Karl von Württemberg.,0,geht,VVFIN,gehen,33224,,
tg,rfd2.0,203766,204053,Herzog Karl von Württemberg.,0,hin,PTKVZ,hin,33224,,
tg,rfd2.0,203766,204053,Herzog Karl von Württemberg.,0,und,KON,und,33224,,
tg,rfd2.0,203766,204053,Herzog Karl von Württemberg.,0,her,PTKVZ,her,33224,,
tg,rfd2.0,203766,204053,Herzog Karl von Württemberg.,0,.,$.,--,33224,,
tg,rfd2.0,204059,204103,Generalin Rieger.,2,Aber,KON,aber,33224,,
tg,rfd2.0,204059,204103,Generalin Rieger.,2,Franzel,NE,franzel,33224,,
tg,rfd2.0,204059,204103,Generalin Rieger.,2,",","$,",--,33224,,
tg,rfd2.0,204059,204103,Generalin Rieger.,2,hilf,VVFIN,hilf,33224,,
tg,rfd2.0,204059,204103,Generalin Rieger.,2,doch,ADV,doch,33224,,
tg,rfd2.0,204059,204103,Generalin Rieger.,2,"!",$.,--,33224,,
tg,rfd2.0,204108,204255,Gräfin Franziska von Hohenheim.,1,.,$.,--,33224,,
tg,rfd2.0,204108,204255,Gräfin Franziska von Hohenheim.,1,Sei,VAIMP,sein,33224,,
tg,rfd2.0,204108,204255,Gräfin Franziska von Hohenheim.,1,still,ADJD,still,33224,,
tg,rfd2.0,204108,204255,Gräfin Franziska von Hohenheim.,1,",","$,",--,33224,,
tg,rfd2.0,204108,204255,Gräfin Franziska von Hohenheim.,1,er,PPER,er,33224,,
tg,rfd2.0,204108,204255,Gräfin Franziska von Hohenheim.,1,ist,VAFIN,sein,33224,,
tg,rfd2.0,204108,204255,Gräfin Franziska von Hohenheim.,1,wirklich,ADJD,wirklich,33224,,
tg,rfd2.0,204108,204255,Gräfin Franziska von Hohenheim.,1,böse,ADJA,böse,33224,,
tg,rfd2.0,204108,204255,Gräfin Franziska von Hohenheim.,1,;,$.,--,33224,,
tg,rfd2.0,204108,204255,Gräfin Franziska von Hohenheim.,1,jetzt,ADV,jetzt,33224,,
tg,rfd2.0,204108,204255,Gräfin Franziska von Hohenheim.,1,um,APPR,um,33224,,
tg,rfd2.0,204108,204255,Gräfin Franziska von Hohenheim.,1,Gottes,NN,gott,33224,,
tg,rfd2.0,204108,204255,Gräfin Franziska von Hohenheim.,1,willen,APZR,willen,33224,,
tg,rfd2.0,204108,204255,Gräfin Franziska von Hohenheim.,1,keinen,PIAT,kein,33224,,
tg,rfd2.0,204108,204255,Gräfin Franziska von Hohenheim.,1,Widerspruch,NN,widerspruch,33224,,
tg,rfd2.0,204108,204255,Gräfin Franziska von Hohenheim.,1,;,$.,--,33224,,
tg,rfd2.0,204108,204255,Gräfin Franziska von Hohenheim.,1,der,ART,der,33224,,
tg,rfd2.0,204108,204255,Gräfin Franziska von Hohenheim.,1,Schiller,NE,schiller,33224,SCHILLER,29
tg,rfd2.0,204108,204255,Gräfin Franziska von Hohenheim.,1,hat,VAFIN,haben,33224,,
tg,rfd2.0,204108,204255,Gräfin Franziska von Hohenheim.,1,auch,ADV,auch,33224,,
tg,rfd2.0,204108,204255,Gräfin Franziska von Hohenheim.,1,wirklich,ADJD,wirklich,33224,,
tg,rfd2.0,204108,204255,Gräfin Franziska von Hohenheim.,1,abscheulich,ADJD,abscheulich,33224,,
tg,rfd2.0,204108,204255,Gräfin Franziska von Hohenheim.,1,gespielt,VVPP,spielen,33224,,
tg,rfd2.0,204108,204255,Gräfin Franziska von Hohenheim.,1,.,$.,--,33224,,
tg,rfd2.0,204260,204285,Generalin Rieger.,2,Das,PDS,der,33224,,
tg,rfd2.0,204260,204285,Generalin Rieger.,2,ist,VAFIN,sein,33224,,
tg,rfd2.0,204260,204285,Generalin Rieger.,2,wahr,ADJD,wahr,33224,,
tg,rfd2.0,204260,204285,Generalin Rieger.,2,.,$.,--,33224,,
tg,rfd2.0,204440,204480,"Hauptmann von Silberkalb, Kammerherr.",5,Durchlaucht,NN,durlauchen,33224,,
tg,rfd2.0,204440,204480,"Hauptmann von Silberkalb, Kammerherr.",5,haben,VAFIN,haben,33224,,
tg,rfd2.0,204440,204480,"Hauptmann von Silberkalb, Kammerherr.",5,befohlen,VVPP,befehlen,33224,,
tg,rfd2.0,204440,204480,"Hauptmann von Silberkalb, Kammerherr.",5,–,XY,–,33224,,
tg,rfd2.0,204485,204585,Herzog Karl von Württemberg.,0,Herunter,NN,herunter,33224,,
tg,rfd2.0,204485,204585,Herzog Karl von Württemberg.,0,mit,APPR,mit,33224,,
tg,rfd2.0,204485,204585,Herzog Karl von Württemberg.,0,dem,ART,der,33224,,
tg,rfd2.0,204485,204585,Herzog Karl von Württemberg.,0,Clavigo,NN,clavigo,33224,,
tg,rfd2.0,204485,204585,Herzog Karl von Württemberg.,0,"!",$.,--,33224,,
tg,rfd2.0,204485,204585,Herzog Karl von Württemberg.,0,–,XY,–,33224,,
tg,rfd2.0,204485,204585,Herzog Karl von Württemberg.,0,Hin,ADV,hin,33224,,
tg,rfd2.0,204485,204585,Herzog Karl von Württemberg.,0,und,KON,und,33224,,
tg,rfd2.0,204485,204585,Herzog Karl von Württemberg.,0,her,APZR,her,33224,,
tg,rfd2.0,204485,204585,Herzog Karl von Württemberg.,0,gehend,ADJD,gehend,33224,,
tg,rfd2.0,204485,204585,Herzog Karl von Württemberg.,0,.,$.,--,33224,,
tg,rfd2.0,204591,204618,Generalin Rieger.,2,O,NE,O,33224,,
tg,rfd2.0,204591,204618,Generalin Rieger.,2,Gott,NN,gott,33224,,
tg,rfd2.0,204591,204618,Generalin Rieger.,2,",","$,",--,33224,,
tg,rfd2.0,204591,204618,Generalin Rieger.,2,o,ADV,O,33224,,
tg,rfd2.0,204591,204618,Generalin Rieger.,2,Gott,NN,gott,33224,,
tg,rfd2.0,204591,204618,Generalin Rieger.,2,"!",$.,--,33224,,
tg,rfd2.0,204623,204678,Herzog Karl von Württemberg.,0,Daher,PROAV,daher,33224,,
tg,rfd2.0,204623,204678,Herzog Karl von Württemberg.,0,"!",$.,--,33224,,
tg,rfd2.0,204623,204678,Herzog Karl von Württemberg.,0,–,XY,–,33224,,
tg,rfd2.0,204623,204678,Herzog Karl von Württemberg.,0,Er,PPER,er,33224,,
tg,rfd2.0,204623,204678,Herzog Karl von Württemberg.,0,bildet,VVFIN,bilden,33224,,
tg,rfd2.0,204623,204678,Herzog Karl von Württemberg.,0,sich,PRF,sich,33224,,
tg,rfd2.0,204623,204678,Herzog Karl von Württemberg.,0,ein,PTKVZ,ein,33224,,
tg,rfd2.0,204623,204678,Herzog Karl von Württemberg.,0,",","$,",--,33224,,
tg,rfd2.0,204623,204678,Herzog Karl von Württemberg.,0,Talent,NN,talent,33224,,
tg,rfd2.0,204623,204678,Herzog Karl von Württemberg.,0,zu,PTKZU,zu,33224,,
tg,rfd2.0,204623,204678,Herzog Karl von Württemberg.,0,haben,VAINF,haben,33224,,
tg,rfd2.0,204623,204678,Herzog Karl von Württemberg.,0,"!",$.,--,33224,,
tg,rfd2.0,204623,204678,Herzog Karl von Württemberg.,0,?,$.,--,33224,,
tg,rfd2.0,204683,204712,SCHILLER,29,Nein,PTKANT,nein,33224,,
tg,rfd2.0,204683,204712,SCHILLER,29,",","$,",--,33224,,
tg,rfd2.0,204683,204712,SCHILLER,29,Durchlaucht,NN,durchlaucht,33224,,
tg,rfd2.0,204683,204712,SCHILLER,29,.,$.,--,33224,,
tg,rfd2.0,204717,204773,Herzog Karl von Württemberg.,0,Er,PPER,er,33224,,
tg,rfd2.0,204717,204773,Herzog Karl von Württemberg.,0,bildet,VVFIN,bilden,33224,,
tg,rfd2.0,204717,204773,Herzog Karl von Württemberg.,0,sich,PRF,sich,33224,,
tg,rfd2.0,204717,204773,Herzog Karl von Württemberg.,0,ein,PTKVZ,ein,33224,,
tg,rfd2.0,204717,204773,Herzog Karl von Württemberg.,0,",","$,",--,33224,,
tg,rfd2.0,204717,204773,Herzog Karl von Württemberg.,0,Komödie,NN,komödie,33224,,
tg,rfd2.0,204717,204773,Herzog Karl von Württemberg.,0,spielen,VVINF,spielen,33224,,
tg,rfd2.0,204717,204773,Herzog Karl von Württemberg.,0,zu,PTKZU,zu,33224,,
tg,rfd2.0,204717,204773,Herzog Karl von Württemberg.,0,können,VMINF,können,33224,,
tg,rfd2.0,204717,204773,Herzog Karl von Württemberg.,0,"!",$.,--,33224,,
tg,rfd2.0,204717,204773,Herzog Karl von Württemberg.,0,?,$.,--,33224,,
tg,rfd2.0,204778,204808,SCHILLER,29,Nein,PTKANT,nein,33224,,
tg,rfd2.0,204778,204808,SCHILLER,29,–,XY,–,33224,,
tg,rfd2.0,204778,204808,SCHILLER,29,Durchlaucht,VVPP,durchlaucht,33224,,
tg,rfd2.0,204778,204808,SCHILLER,29,.,$.,--,33224,,
tg,rfd2.0,204813,204861,Herzog Karl von Württemberg.,0,Wohl,ADV,wohl,33224,,
tg,rfd2.0,204813,204861,Herzog Karl von Württemberg.,0,gar,ADV,gar,33224,,
tg,rfd2.0,204813,204861,Herzog Karl von Württemberg.,0,",","$,",--,33224,,
tg,rfd2.0,204813,204861,Herzog Karl von Württemberg.,0,Komödien,NN,komödie,33224,,
tg,rfd2.0,204813,204861,Herzog Karl von Württemberg.,0,machen,VVINF,machen,33224,,
tg,rfd2.0,204813,204861,Herzog Karl von Württemberg.,0,zu,PTKZU,zu,33224,,
tg,rfd2.0,204813,204861,Herzog Karl von Württemberg.,0,können,VMINF,können,33224,,
tg,rfd2.0,204813,204861,Herzog Karl von Württemberg.,0,–,XY,–,33224,,
tg,rfd2.0,204813,204861,Herzog Karl von Württemberg.,0,?,$.,--,33224,,
tg,rfd2.0,204813,204861,Herzog Karl von Württemberg.,0,"!",$.,--,33224,,
tg,rfd2.0,204866,204895,SCHILLER,29,Nein,PTKANT,nein,33224,,
tg,rfd2.0,204866,204895,SCHILLER,29,",","$,",--,33224,,
tg,rfd2.0,204866,204895,SCHILLER,29,Durchlaucht,NN,durchlaucht,33224,,
tg,rfd2.0,204866,204895,SCHILLER,29,.,$.,--,33224,,
tg,rfd2.0,204900,204947,Herzog Karl von Württemberg.,0,Er,PPER,er,33224,,
tg,rfd2.0,204900,204947,Herzog Karl von Württemberg.,0,bildet,VVFIN,bilden,33224,,
tg,rfd2.0,204900,204947,Herzog Karl von Württemberg.,0,sich,PRF,sich,33224,,
tg,rfd2.0,204900,204947,Herzog Karl von Württemberg.,0,ein,PTKVZ,ein,33224,,
tg,rfd2.0,204900,204947,Herzog Karl von Württemberg.,0,",","$,",--,33224,,
tg,rfd2.0,204900,204947,Herzog Karl von Württemberg.,0,ein,ART,ein,33224,,
tg,rfd2.0,204900,204947,Herzog Karl von Württemberg.,0,Genie,NN,genie,33224,,
tg,rfd2.0,204900,204947,Herzog Karl von Württemberg.,0,zu,PTKZU,zu,33224,,
tg,rfd2.0,204900,204947,Herzog Karl von Württemberg.,0,sein,VAINF,sein,33224,,
tg,rfd2.0,204900,204947,Herzog Karl von Württemberg.,0,?,$.,--,33224,,
tg,rfd2.0,204952,204981,SCHILLER,29,Nein,PTKANT,nein,33224,,
tg,rfd2.0,204952,204981,SCHILLER,29,",","$,",--,33224,,
tg,rfd2.0,204952,204981,SCHILLER,29,Durchlaucht,NN,durchlaucht,33224,,
tg,rfd2.0,204952,204981,SCHILLER,29,.,$.,--,33224,,
tg,rfd2.0,204986,205495,Herzog Karl von Württemberg.,0,Schweig,ADJD,schweig,33224,,
tg,rfd2.0,204986,205495,Herzog Karl von Württemberg.,0,Er,PPER,er,33224,,
tg,rfd2.0,204986,205495,Herzog Karl von Württemberg.,0,still,ADJD,still,33224,,
tg,rfd2.0,204986,205495,Herzog Karl von Württemberg.,0,",","$,",--,33224,,
tg,rfd2.0,204986,205495,Herzog Karl von Württemberg.,0,mit,APPR,mit,33224,,
tg,rfd2.0,204986,205495,Herzog Karl von Württemberg.,0,Seinem,PPOSAT,sein,33224,,
tg,rfd2.0,204986,205495,Herzog Karl von Württemberg.,0,unverschämten,ADJA,unverschämt,33224,,
tg,rfd2.0,204986,205495,Herzog Karl von Württemberg.,0,Nein,NN,nein,33224,,
tg,rfd2.0,204986,205495,Herzog Karl von Württemberg.,0,",","$,",--,33224,,
tg,rfd2.0,204986,205495,Herzog Karl von Württemberg.,0,was,PWS,was,33224,,
tg,rfd2.0,204986,205495,Herzog Karl von Württemberg.,0,bei,APPR,bei,33224,,
tg,rfd2.0,204986,205495,Herzog Karl von Württemberg.,0,euch,PRF,euch,33224,,
tg,rfd2.0,204986,205495,Herzog Karl von Württemberg.,0,hochmütigen,ADJA,hochmütig,33224,,
tg,rfd2.0,204986,205495,Herzog Karl von Württemberg.,0,Burschen,NN,bursche,33224,,
tg,rfd2.0,204986,205495,Herzog Karl von Württemberg.,0,innerlich,ADJD,innerlich,33224,,
tg,rfd2.0,204986,205495,Herzog Karl von Württemberg.,0,doch,KON,doch,33224,,
tg,rfd2.0,204986,205495,Herzog Karl von Württemberg.,0,Ja,PTKANT,ja,33224,,
tg,rfd2.0,204986,205495,Herzog Karl von Württemberg.,0,heißen,VVINF,heißen,33224,,
tg,rfd2.0,204986,205495,Herzog Karl von Württemberg.,0,soll,VMFIN,sollen,33224,,
tg,rfd2.0,204986,205495,Herzog Karl von Württemberg.,0,–,XY,–,33224,,
tg,rfd2.0,204986,205495,Herzog Karl von Württemberg.,0,ich,PPER,ich,33224,Herzog Karl von Württemberg.,0
tg,rfd2.0,204986,205495,Herzog Karl von Württemberg.,0,sage,VVFIN,sagen,33224,,
tg,rfd2.0,204986,205495,Herzog Karl von Württemberg.,0,Ihm,PPER,ihm,33224,,
tg,rfd2.0,204986,205495,Herzog Karl von Württemberg.,0,:,$.,--,33224,,
tg,rfd2.0,204986,205495,Herzog Karl von Württemberg.,0,Er,PPER,er,33224,,
tg,rfd2.0,204986,205495,Herzog Karl von Württemberg.,0,kann,VMFIN,können,33224,,
tg,rfd2.0,204986,205495,Herzog Karl von Württemberg.,0,gar,ADV,gar,33224,,
tg,rfd2.0,204986,205495,Herzog Karl von Württemberg.,0,nichts,PIS,nichts,33224,,
tg,rfd2.0,204986,205495,Herzog Karl von Württemberg.,0,"!",$.,--,33224,,
tg,rfd2.0,204986,205495,Herzog Karl von Württemberg.,0,Das,PDS,der,33224,,
tg,rfd2.0,204986,205495,Herzog Karl von Württemberg.,0,hab,VAFIN,hab,33224,,
tg,rfd2.0,204986,205495,Herzog Karl von Württemberg.,0,',$[,--,33224,,
tg,rfd2.0,204986,205495,Herzog Karl von Württemberg.,0,ich,PPER,ich,33224,Herzog Karl von Württemberg.,0
tg,rfd2.0,204986,205495,Herzog Karl von Württemberg.,0,aus,APPR,aus,33224,,
tg,rfd2.0,204986,205495,Herzog Karl von Württemberg.,0,Seinem,PPOSAT,sein,33224,,
tg,rfd2.0,204986,205495,Herzog Karl von Württemberg.,0,Clavigospiel,NN,clavigospiel,33224,,
tg,rfd2.0,204986,205495,Herzog Karl von Württemberg.,0,gesehen,VVPP,sehen,33224,,
tg,rfd2.0,204986,205495,Herzog Karl von Württemberg.,0,",","$,",--,33224,,
tg,rfd2.0,204986,205495,Herzog Karl von Württemberg.,0,Er,PPER,er,33224,,
tg,rfd2.0,204986,205495,Herzog Karl von Württemberg.,0,kann,VMFIN,können,33224,,
tg,rfd2.0,204986,205495,Herzog Karl von Württemberg.,0,gar,ADV,gar,33224,,
tg,rfd2.0,204986,205495,Herzog Karl von Württemberg.,0,nichts,PIS,nichts,33224,,
tg,rfd2.0,204986,205495,Herzog Karl von Württemberg.,0,.,$.,--,33224,,
tg,rfd2.0,204986,205495,Herzog Karl von Württemberg.,0,Er,PPER,er,33224,,
tg,rfd2.0,204986,205495,Herzog Karl von Württemberg.,0,hat,VAFIN,haben,33224,,
tg,rfd2.0,204986,205495,Herzog Karl von Württemberg.,0,ja,ADV,ja,33224,,
tg,rfd2.0,204986,205495,Herzog Karl von Württemberg.,0,die,ART,der,33224,,
tg,rfd2.0,204986,205495,Herzog Karl von Württemberg.,0,Rolle,NN,rolle,33224,,
tg,rfd2.0,204986,205495,Herzog Karl von Württemberg.,0,gesprochen,VVPP,sprechen,33224,,
tg,rfd2.0,204986,205495,Herzog Karl von Württemberg.,0,",","$,",--,33224,,
tg,rfd2.0,204986,205495,Herzog Karl von Württemberg.,0,wie,PWAV,wie,33224,,
tg,rfd2.0,204986,205495,Herzog Karl von Württemberg.,0,ein,ART,ein,33224,,
tg,rfd2.0,204986,205495,Herzog Karl von Württemberg.,0,Schulbube,NN,schulbube,33224,,
tg,rfd2.0,204986,205495,Herzog Karl von Württemberg.,0,",","$,",--,33224,,
tg,rfd2.0,204986,205495,Herzog Karl von Württemberg.,0,Er,PPER,er,33224,,
tg,rfd2.0,204986,205495,Herzog Karl von Württemberg.,0,hat,VAFIN,haben,33224,,
tg,rfd2.0,204986,205495,Herzog Karl von Württemberg.,0,sie,PPER,sie,33224,,
tg,rfd2.0,204986,205495,Herzog Karl von Württemberg.,0,geheult,VVPP,heulen,33224,,
tg,rfd2.0,204986,205495,Herzog Karl von Württemberg.,0,",","$,",--,33224,,
tg,rfd2.0,204986,205495,Herzog Karl von Württemberg.,0,statt,KOUI,statt,33224,,
tg,rfd2.0,204986,205495,Herzog Karl von Württemberg.,0,sie,PPER,sie,33224,,
tg,rfd2.0,204986,205495,Herzog Karl von Württemberg.,0,zu,PTKZU,zu,33224,,
tg,rfd2.0,204986,205495,Herzog Karl von Württemberg.,0,sprechen,VVINF,sprechen,33224,,
tg,rfd2.0,204986,205495,Herzog Karl von Württemberg.,0,",","$,",--,33224,,
tg,rfd2.0,204986,205495,Herzog Karl von Württemberg.,0,Er,PPER,er,33224,,
tg,rfd2.0,204986,205495,Herzog Karl von Württemberg.,0,spricht,VVFIN,sprechen,33224,,
tg,rfd2.0,204986,205495,Herzog Karl von Württemberg.,0,schwäbisch,ADJD,schwäbisch,33224,,
tg,rfd2.0,204986,205495,Herzog Karl von Württemberg.,0,statt,APPR,statt,33224,,
tg,rfd2.0,204986,205495,Herzog Karl von Württemberg.,0,deutsch,ADJD,deutsch,33224,,
tg,rfd2.0,204986,205495,Herzog Karl von Württemberg.,0,.,$.,--,33224,,
tg,rfd2.0,204986,205495,Herzog Karl von Württemberg.,0,Er,PPER,er,33224,,
tg,rfd2.0,204986,205495,Herzog Karl von Württemberg.,0,hat,VAFIN,haben,33224,,
tg,rfd2.0,204986,205495,Herzog Karl von Württemberg.,0,keine,PIAT,kein,33224,,
tg,rfd2.0,204986,205495,Herzog Karl von Württemberg.,0,Vorstellung,NN,vorstellung,33224,,
tg,rfd2.0,204986,205495,Herzog Karl von Württemberg.,0,von,APPR,von,33224,,
tg,rfd2.0,204986,205495,Herzog Karl von Württemberg.,0,Übergängen,NN,übergang,33224,,
tg,rfd2.0,204986,205495,Herzog Karl von Württemberg.,0,und,KON,und,33224,,
tg,rfd2.0,204986,205495,Herzog Karl von Württemberg.,0,Nüancen,NN,nüance,33224,,
tg,rfd2.0,204986,205495,Herzog Karl von Württemberg.,0,",","$,",--,33224,,
tg,rfd2.0,204986,205495,Herzog Karl von Württemberg.,0,Er,PPER,er,33224,,
tg,rfd2.0,204986,205495,Herzog Karl von Württemberg.,0,hat,VAFIN,haben,33224,,
tg,rfd2.0,204986,205495,Herzog Karl von Württemberg.,0,also,ADV,also,33224,,
tg,rfd2.0,204986,205495,Herzog Karl von Württemberg.,0,auch,ADV,auch,33224,,
tg,rfd2.0,204986,205495,Herzog Karl von Württemberg.,0,keine,PIAT,kein,33224,,
tg,rfd2.0,204986,205495,Herzog Karl von Württemberg.,0,Vorstellung,NN,vorstellung,33224,,
tg,rfd2.0,204986,205495,Herzog Karl von Württemberg.,0,von,APPR,von,33224,,
tg,rfd2.0,204986,205495,Herzog Karl von Württemberg.,0,einem,ART,ein,33224,,
tg,rfd2.0,204986,205495,Herzog Karl von Württemberg.,0,Kunstwerke,NN,kunstwerk,33224,,
tg,rfd2.0,204986,205495,Herzog Karl von Württemberg.,0,",","$,",--,33224,,
tg,rfd2.0,204986,205495,Herzog Karl von Württemberg.,0,Er,PPER,er,33224,,
tg,rfd2.0,204986,205495,Herzog Karl von Württemberg.,0,ist,VAFIN,sein,33224,,
tg,rfd2.0,204986,205495,Herzog Karl von Württemberg.,0,ein,ART,ein,33224,,
tg,rfd2.0,204986,205495,Herzog Karl von Württemberg.,0,Stümper,NN,stümper,33224,,
tg,rfd2.0,204986,205495,Herzog Karl von Württemberg.,0,in,APPR,in,33224,,
tg,rfd2.0,204986,205495,Herzog Karl von Württemberg.,0,allem,PIS,alle,33224,,
tg,rfd2.0,204986,205495,Herzog Karl von Württemberg.,0,",","$,",--,33224,,
tg,rfd2.0,204986,205495,Herzog Karl von Württemberg.,0,was,PRELS,was,33224,,
tg,rfd2.0,204986,205495,Herzog Karl von Württemberg.,0,er,PPER,er,33224,,
tg,rfd2.0,204986,205495,Herzog Karl von Württemberg.,0,anfängt,VVFIN,anfangen,33224,,
tg,rfd2.0,204986,205495,Herzog Karl von Württemberg.,0,"!",$.,--,33224,,
tg,rfd2.0,205500,205534,SCHILLER,29,Leider,ADV,leider,33224,,
tg,rfd2.0,205500,205534,SCHILLER,29,ja,ADV,ja,33224,,
tg,rfd2.0,205500,205534,SCHILLER,29,",","$,",--,33224,,
tg,rfd2.0,205500,205534,SCHILLER,29,Durchlaucht,NN,durchlaucht,33224,,
tg,rfd2.0,205500,205534,SCHILLER,29,.,$.,--,33224,,
tg,rfd2.0,205539,206099,Herzog Karl von Württemberg.,0,Was,PWS,was,33224,,
tg,rfd2.0,205539,206099,Herzog Karl von Württemberg.,0,?,$.,--,33224,,
tg,rfd2.0,205539,206099,Herzog Karl von Württemberg.,0,Ich,PPER,ich,33224,,
tg,rfd2.0,205539,206099,Herzog Karl von Württemberg.,0,brauch,VVFIN,brauch,33224,,
tg,rfd2.0,205539,206099,Herzog Karl von Württemberg.,0,Seine,PPOSAT,sein,33224,,
tg,rfd2.0,205539,206099,Herzog Karl von Württemberg.,0,Bestätigung,NN,bestätigung,33224,,
tg,rfd2.0,205539,206099,Herzog Karl von Württemberg.,0,nicht,PTKNEG,nicht,33224,,
tg,rfd2.0,205539,206099,Herzog Karl von Württemberg.,0,.,$.,--,33224,,
tg,rfd2.0,205539,206099,Herzog Karl von Württemberg.,0,Ein,ART,ein,33224,,
tg,rfd2.0,205539,206099,Herzog Karl von Württemberg.,0,schlechter,ADJD,schlecht,33224,,
tg,rfd2.0,205539,206099,Herzog Karl von Württemberg.,0,Doktor,NN,doktor,33224,,
tg,rfd2.0,205539,206099,Herzog Karl von Württemberg.,0,ist,VAFIN,sein,33224,,
tg,rfd2.0,205539,206099,Herzog Karl von Württemberg.,0,Er,PPER,er,33224,,
tg,rfd2.0,205539,206099,Herzog Karl von Württemberg.,0,lange,ADV,lange,33224,,
tg,rfd2.0,205539,206099,Herzog Karl von Württemberg.,0,schon,ADV,schon,33224,,
tg,rfd2.0,205539,206099,Herzog Karl von Württemberg.,0,",","$,",--,33224,,
tg,rfd2.0,205539,206099,Herzog Karl von Württemberg.,0,ein,ART,ein,33224,,
tg,rfd2.0,205539,206099,Herzog Karl von Württemberg.,0,gefälliges,ADJA,gefällig,33224,,
tg,rfd2.0,205539,206099,Herzog Karl von Württemberg.,0,Benehmen,NN,benehmen,33224,,
tg,rfd2.0,205539,206099,Herzog Karl von Württemberg.,0,lernt,VVFIN,lernen,33224,,
tg,rfd2.0,205539,206099,Herzog Karl von Württemberg.,0,Er,PPER,er,33224,,
tg,rfd2.0,205539,206099,Herzog Karl von Württemberg.,0,auch,ADV,auch,33224,,
tg,rfd2.0,205539,206099,Herzog Karl von Württemberg.,0,Sein,PPOSAT,sein,33224,,
tg,rfd2.0,205539,206099,Herzog Karl von Württemberg.,0,Lebtage,NN,lebtage,33224,,
tg,rfd2.0,205539,206099,Herzog Karl von Württemberg.,0,nicht,PTKNEG,nicht,33224,,
tg,rfd2.0,205539,206099,Herzog Karl von Württemberg.,0,",","$,",--,33224,,
tg,rfd2.0,205539,206099,Herzog Karl von Württemberg.,0,und,KON,und,33224,,
tg,rfd2.0,205539,206099,Herzog Karl von Württemberg.,0,das,ART,der,33224,,
tg,rfd2.0,205539,206099,Herzog Karl von Württemberg.,0,ganze,ADJA,ganz,33224,,
tg,rfd2.0,205539,206099,Herzog Karl von Württemberg.,0,klägliche,ADJA,kläglich,33224,,
tg,rfd2.0,205539,206099,Herzog Karl von Württemberg.,0,Menschenbild,NN,menschenbild,33224,,
tg,rfd2.0,205539,206099,Herzog Karl von Württemberg.,0,",","$,",--,33224,,
tg,rfd2.0,205539,206099,Herzog Karl von Württemberg.,0,wie,PWAV,wie,33224,,
tg,rfd2.0,205539,206099,Herzog Karl von Württemberg.,0,es,PPER,es,33224,,
tg,rfd2.0,205539,206099,Herzog Karl von Württemberg.,0,dasteht,VVFIN,dastehen,33224,,
tg,rfd2.0,205539,206099,Herzog Karl von Württemberg.,0,",","$,",--,33224,,
tg,rfd2.0,205539,206099,Herzog Karl von Württemberg.,0,steift,VVFIN,steifen,33224,,
tg,rfd2.0,205539,206099,Herzog Karl von Württemberg.,0,sich,PRF,sich,33224,,
tg,rfd2.0,205539,206099,Herzog Karl von Württemberg.,0,seit,APPR,seit,33224,,
tg,rfd2.0,205539,206099,Herzog Karl von Württemberg.,0,Jahren,NN,jahr,33224,,
tg,rfd2.0,205539,206099,Herzog Karl von Württemberg.,0,auf,APPR,auf,33224,,
tg,rfd2.0,205539,206099,Herzog Karl von Württemberg.,0,ästhetische,ADJA,ästhetisch,33224,,
tg,rfd2.0,205539,206099,Herzog Karl von Württemberg.,0,Qualitäten,NN,qualität,33224,,
tg,rfd2.0,205539,206099,Herzog Karl von Württemberg.,0,.,$.,--,33224,,
tg,rfd2.0,205539,206099,Herzog Karl von Württemberg.,0,Ästhetische,ADJA,ästhetisch,33224,,
tg,rfd2.0,205539,206099,Herzog Karl von Württemberg.,0,Qualitäten,NN,qualität,33224,,
tg,rfd2.0,205539,206099,Herzog Karl von Württemberg.,0,"!",$.,--,33224,,
tg,rfd2.0,205539,206099,Herzog Karl von Württemberg.,0,Da,ADV,da,33224,,
tg,rfd2.0,205539,206099,Herzog Karl von Württemberg.,0,haben,VAFIN,haben,33224,,
tg,rfd2.0,205539,206099,Herzog Karl von Württemberg.,0,wir's,ADV,wir,33224,,
tg,rfd2.0,205539,206099,Herzog Karl von Württemberg.,0,denn,ADV,denn,33224,,
tg,rfd2.0,205539,206099,Herzog Karl von Württemberg.,0,auf,APPR,auf,33224,,
tg,rfd2.0,205539,206099,Herzog Karl von Württemberg.,0,einmal,ADV,einmal,33224,,
tg,rfd2.0,205539,206099,Herzog Karl von Württemberg.,0,gesehen,VVPP,sehen,33224,,
tg,rfd2.0,205539,206099,Herzog Karl von Württemberg.,0,",","$,",--,33224,,
tg,rfd2.0,205539,206099,Herzog Karl von Württemberg.,0,wie,PWAV,wie,33224,,
tg,rfd2.0,205539,206099,Herzog Karl von Württemberg.,0,es,PPER,es,33224,,
tg,rfd2.0,205539,206099,Herzog Karl von Württemberg.,0,damit,PROAV,damit,33224,,
tg,rfd2.0,205539,206099,Herzog Karl von Württemberg.,0,beschaffen,VVINF,beschaffen,33224,,
tg,rfd2.0,205539,206099,Herzog Karl von Württemberg.,0,ist,VAFIN,sein,33224,,
tg,rfd2.0,205539,206099,Herzog Karl von Württemberg.,0,;,$.,--,33224,,
tg,rfd2.0,205539,206099,Herzog Karl von Württemberg.,0,geschmackloser,ADJA,geschmacklos,33224,,
tg,rfd2.0,205539,206099,Herzog Karl von Württemberg.,0,Plunder,NN,plunder,33224,,
tg,rfd2.0,205539,206099,Herzog Karl von Württemberg.,0,ist's,VVFIN,ist,33224,,
tg,rfd2.0,205539,206099,Herzog Karl von Württemberg.,0,"!",$.,--,33224,,
tg,rfd2.0,205539,206099,Herzog Karl von Württemberg.,0,Was,PWS,was,33224,,
tg,rfd2.0,205539,206099,Herzog Karl von Württemberg.,0,bleibt,VVFIN,bleiben,33224,,
tg,rfd2.0,205539,206099,Herzog Karl von Württemberg.,0,also,ADV,also,33224,,
tg,rfd2.0,205539,206099,Herzog Karl von Württemberg.,0,übrig,ADJD,übrig,33224,,
tg,rfd2.0,205539,206099,Herzog Karl von Württemberg.,0,an,APPR,an,33224,,
tg,rfd2.0,205539,206099,Herzog Karl von Württemberg.,0,dem,ART,der,33224,,
tg,rfd2.0,205539,206099,Herzog Karl von Württemberg.,0,ganzen,ADJA,ganz,33224,,
tg,rfd2.0,205539,206099,Herzog Karl von Württemberg.,0,Patrone,NN,patrone,33224,,
tg,rfd2.0,205539,206099,Herzog Karl von Württemberg.,0,",","$,",--,33224,,
tg,rfd2.0,205539,206099,Herzog Karl von Württemberg.,0,der,PRELS,der,33224,,
tg,rfd2.0,205539,206099,Herzog Karl von Württemberg.,0,seit,APPR,seit,33224,,
tg,rfd2.0,205539,206099,Herzog Karl von Württemberg.,0,zehn,CARD,zehn,33224,,
tg,rfd2.0,205539,206099,Herzog Karl von Württemberg.,0,Jahren,NN,jahr,33224,,
tg,rfd2.0,205539,206099,Herzog Karl von Württemberg.,0,hier,ADV,hier,33224,,
tg,rfd2.0,205539,206099,Herzog Karl von Württemberg.,0,erzogen,VVPP,erziehen,33224,,
tg,rfd2.0,205539,206099,Herzog Karl von Württemberg.,0,und,KON,und,33224,,
tg,rfd2.0,205539,206099,Herzog Karl von Württemberg.,0,gebildet,VVPP,bilden,33224,,
tg,rfd2.0,205539,206099,Herzog Karl von Württemberg.,0,worden,VAPP,werden,33224,,
tg,rfd2.0,205539,206099,Herzog Karl von Württemberg.,0,ist,VAFIN,sein,33224,,
tg,rfd2.0,205539,206099,Herzog Karl von Württemberg.,0,",","$,",--,33224,,
tg,rfd2.0,205539,206099,Herzog Karl von Württemberg.,0,was,PWS,was,33224,,
tg,rfd2.0,205539,206099,Herzog Karl von Württemberg.,0,?,$.,--,33224,,
tg,rfd2.0,205539,206099,Herzog Karl von Württemberg.,0,Zieh,ADV,zieh,33224,,
tg,rfd2.0,205539,206099,Herzog Karl von Württemberg.,0,',$[,--,33224,,
tg,rfd2.0,205539,206099,Herzog Karl von Württemberg.,0,Er,PPER,er,33224,,
tg,rfd2.0,205539,206099,Herzog Karl von Württemberg.,0,die,ART,der,33224,,
tg,rfd2.0,205539,206099,Herzog Karl von Württemberg.,0,Summe,NN,summe,33224,,
tg,rfd2.0,205539,206099,Herzog Karl von Württemberg.,0,Seiner,PPOSAT,sein,33224,,
tg,rfd2.0,205539,206099,Herzog Karl von Württemberg.,0,Herrlichkeit,NN,herrlichkeit,33224,,
tg,rfd2.0,205539,206099,Herzog Karl von Württemberg.,0,zusammen,PTKVZ,zusammen,33224,,
tg,rfd2.0,205539,206099,Herzog Karl von Württemberg.,0,und,KON,und,33224,,
tg,rfd2.0,205539,206099,Herzog Karl von Württemberg.,0,sprech,ADJD,sprech,33224,,
tg,rfd2.0,205539,206099,Herzog Karl von Württemberg.,0,',$[,--,33224,,
tg,rfd2.0,205539,206099,Herzog Karl von Württemberg.,0,Er,PPER,er,33224,,
tg,rfd2.0,205539,206099,Herzog Karl von Württemberg.,0,sie,PPER,sie,33224,,
tg,rfd2.0,205539,206099,Herzog Karl von Württemberg.,0,aus,APPR,aus,33224,,
tg,rfd2.0,205539,206099,Herzog Karl von Württemberg.,0,"!",$.,--,33224,,
tg,rfd2.0,206104,206282,SCHILLER,29,Ein,ART,ein,33224,,
tg,rfd2.0,206104,206282,SCHILLER,29,verfehltes,ADJA,verfehlt,33224,,
tg,rfd2.0,206104,206282,SCHILLER,29,und,KON,und,33224,,
tg,rfd2.0,206104,206282,SCHILLER,29,verschrobenes,ADJA,verschroben,33224,,
tg,rfd2.0,206104,206282,SCHILLER,29,Menschenbild,NN,menschenbild,33224,,
tg,rfd2.0,206104,206282,SCHILLER,29,",","$,",--,33224,,
tg,rfd2.0,206104,206282,SCHILLER,29,das,PRELS,der,33224,,
tg,rfd2.0,206104,206282,SCHILLER,29,sich,PRF,sich,33224,,
tg,rfd2.0,206104,206282,SCHILLER,29,kein,PIAT,kein,33224,,
tg,rfd2.0,206104,206282,SCHILLER,29,Haar,NN,haar,33224,,
tg,rfd2.0,206104,206282,SCHILLER,29,günstiger,ADJD,günstig,33224,,
tg,rfd2.0,206104,206282,SCHILLER,29,ansieht,VVFIN,ansehen,33224,,
tg,rfd2.0,206104,206282,SCHILLER,29,",","$,",--,33224,,
tg,rfd2.0,206104,206282,SCHILLER,29,als,APPR,als,33224,,
tg,rfd2.0,206104,206282,SCHILLER,29,Durchlaucht,NN,durchlaucht,33224,,
tg,rfd2.0,206104,206282,SCHILLER,29,es,PPER,es,33224,,
tg,rfd2.0,206104,206282,SCHILLER,29,eben,ADV,eben,33224,,
tg,rfd2.0,206104,206282,SCHILLER,29,geschildert,VVPP,schildern,33224,,
tg,rfd2.0,206104,206282,SCHILLER,29,haben,VAFIN,haben,33224,,
tg,rfd2.0,206104,206282,SCHILLER,29,.,$.,--,33224,,
tg,rfd2.0,206287,206300,Herzog Karl von Württemberg.,0,Was,PWS,was,33224,,
tg,rfd2.0,206287,206300,Herzog Karl von Württemberg.,0,?,$.,--,33224,,
tg,rfd2.0,206305,206321,Gräfin Franziska von Hohenheim.,1,O,NE,O,33224,,
tg,rfd2.0,206305,206321,Gräfin Franziska von Hohenheim.,1,Gott,NN,gott,33224,,
tg,rfd2.0,206305,206321,Gräfin Franziska von Hohenheim.,1,"!",$.,--,33224,,
tg,rfd2.0,206326,206347,Generalin Rieger.,2,O,NE,O,33224,,
tg,rfd2.0,206326,206347,Generalin Rieger.,2,Jammer,NE,jammer,33224,,
tg,rfd2.0,206326,206347,Generalin Rieger.,2,"!",$.,--,33224,,
tg,rfd2.0,206352,206741,SCHILLER,29,Ein,ART,ein,33224,,
tg,rfd2.0,206352,206741,SCHILLER,29,verfehltes,ADJA,verfehlt,33224,,
tg,rfd2.0,206352,206741,SCHILLER,29,Menschenbild,NN,menschenbild,33224,,
tg,rfd2.0,206352,206741,SCHILLER,29,",","$,",--,33224,,
tg,rfd2.0,206352,206741,SCHILLER,29,das,PRELS,der,33224,,
tg,rfd2.0,206352,206741,SCHILLER,29,für,APPR,für,33224,,
tg,rfd2.0,206352,206741,SCHILLER,29,ausschweifende,ADJA,ausschweifend,33224,,
tg,rfd2.0,206352,206741,SCHILLER,29,Pläne,NN,plan,33224,,
tg,rfd2.0,206352,206741,SCHILLER,29,nicht,PTKNEG,nicht,33224,,
tg,rfd2.0,206352,206741,SCHILLER,29,Kenntnis,NN,kenntnis,33224,,
tg,rfd2.0,206352,206741,SCHILLER,29,und,KON,und,33224,,
tg,rfd2.0,206352,206741,SCHILLER,29,Talent,NN,talent,33224,,
tg,rfd2.0,206352,206741,SCHILLER,29,genug,ADV,genug,33224,,
tg,rfd2.0,206352,206741,SCHILLER,29,besitzt,VVFIN,besitzen,33224,,
tg,rfd2.0,206352,206741,SCHILLER,29,",","$,",--,33224,,
tg,rfd2.0,206352,206741,SCHILLER,29,für,APPR,für,33224,,
tg,rfd2.0,206352,206741,SCHILLER,29,regelmäßige,ADJA,regelmäßig,33224,,
tg,rfd2.0,206352,206741,SCHILLER,29,Tätigkeit,NN,tätigkeit,33224,,
tg,rfd2.0,206352,206741,SCHILLER,29,aber,ADV,aber,33224,,
tg,rfd2.0,206352,206741,SCHILLER,29,durch,APPR,durch,33224,,
tg,rfd2.0,206352,206741,SCHILLER,29,ausschweifende,ADJA,ausschweifend,33224,,
tg,rfd2.0,206352,206741,SCHILLER,29,Phantasie,NN,phantasie,33224,,
tg,rfd2.0,206352,206741,SCHILLER,29,bereits,ADV,bereits,33224,,
tg,rfd2.0,206352,206741,SCHILLER,29,unrettbar,ADJD,unrettbar,33224,,
tg,rfd2.0,206352,206741,SCHILLER,29,verdorben,VVPP,verderben,33224,,
tg,rfd2.0,206352,206741,SCHILLER,29,ist,VAFIN,sein,33224,,
tg,rfd2.0,206352,206741,SCHILLER,29,",","$,",--,33224,,
tg,rfd2.0,206352,206741,SCHILLER,29,ein,ART,ein,33224,,
tg,rfd2.0,206352,206741,SCHILLER,29,verlornes,ADJA,verlorn,33224,,
tg,rfd2.0,206352,206741,SCHILLER,29,Menschenbild,NN,menschenbild,33224,,
tg,rfd2.0,206352,206741,SCHILLER,29,",","$,",--,33224,,
tg,rfd2.0,206352,206741,SCHILLER,29,das,PRELS,der,33224,,
tg,rfd2.0,206352,206741,SCHILLER,29,man,PIS,man,33224,,
tg,rfd2.0,206352,206741,SCHILLER,29,ins,APPRART,in,33224,,
tg,rfd2.0,206352,206741,SCHILLER,29,Meer,NN,meer,33224,,
tg,rfd2.0,206352,206741,SCHILLER,29,werfen,VVINF,werfen,33224,,
tg,rfd2.0,206352,206741,SCHILLER,29,soll,VMFIN,sollen,33224,,
tg,rfd2.0,206352,206741,SCHILLER,29,",","$,",--,33224,,
tg,rfd2.0,206352,206741,SCHILLER,29,wo,PWAV,wo,33224,,
tg,rfd2.0,206352,206741,SCHILLER,29,es,PPER,es,33224,,
tg,rfd2.0,206352,206741,SCHILLER,29,am,APPRART,an,33224,,
tg,rfd2.0,206352,206741,SCHILLER,29,tiefsten,ADJD,tief,33224,,
tg,rfd2.0,206352,206741,SCHILLER,29,ist,VAFIN,sein,33224,,
tg,rfd2.0,206352,206741,SCHILLER,29,.,$.,--,33224,,
tg,rfd2.0,206352,206741,SCHILLER,29,Die,ART,der,33224,,
tg,rfd2.0,206352,206741,SCHILLER,29,Last,NN,last,33224,,
tg,rfd2.0,206352,206741,SCHILLER,29,meiner,PPOSAT,mein,33224,SCHILLER,29
tg,rfd2.0,206352,206741,SCHILLER,29,Fehler,NN,fehler,33224,,
tg,rfd2.0,206352,206741,SCHILLER,29,wird,VAFIN,werden,33224,,
tg,rfd2.0,206352,206741,SCHILLER,29,dafür,PROAV,dafür,33224,,
tg,rfd2.0,206352,206741,SCHILLER,29,sorgen,VVINF,sorgen,33224,,
tg,rfd2.0,206352,206741,SCHILLER,29,",","$,",--,33224,,
tg,rfd2.0,206352,206741,SCHILLER,29,daß,KOUS,daß,33224,,
tg,rfd2.0,206352,206741,SCHILLER,29,ich,PPER,ich,33224,SCHILLER,29
tg,rfd2.0,206352,206741,SCHILLER,29,nie,ADV,nie,33224,,
tg,rfd2.0,206352,206741,SCHILLER,29,wieder,ADV,wieder,33224,,
tg,rfd2.0,206352,206741,SCHILLER,29,ans,APPRART,an,33224,,
tg,rfd2.0,206352,206741,SCHILLER,29,Tageslicht,NN,tageslicht,33224,,
tg,rfd2.0,206352,206741,SCHILLER,29,komme,VVFIN,kommen,33224,,
tg,rfd2.0,206352,206741,SCHILLER,29,.,$.,--,33224,,
tg,rfd2.0,206747,206849,KOCH,20,Durchlaucht,NN,durchlaucht,33224,,
tg,rfd2.0,206747,206849,KOCH,20,führen,VVFIN,führen,33224,,
tg,rfd2.0,206747,206849,KOCH,20,auf,APPR,auf,33224,,
tg,rfd2.0,206747,206849,KOCH,20,solchem,PIAT,solcher,33224,,
tg,rfd2.0,206747,206849,KOCH,20,Wege,NN,weg,33224,,
tg,rfd2.0,206747,206849,KOCH,20,sich,PRF,sich,33224,,
tg,rfd2.0,206747,206849,KOCH,20,und,KON,und,33224,,
tg,rfd2.0,206747,206849,KOCH,20,den,ART,der,33224,,
tg,rfd2.0,206747,206849,KOCH,20,Schiller,NE,schiller,33224,SCHILLER,29
tg,rfd2.0,206747,206849,KOCH,20,links,ADV,links,33224,,
tg,rfd2.0,206747,206849,KOCH,20,ab,APPR,ab,33224,,
tg,rfd2.0,206747,206849,KOCH,20,von,APPR,von,33224,,
tg,rfd2.0,206747,206849,KOCH,20,der,ART,der,33224,,
tg,rfd2.0,206747,206849,KOCH,20,Wahrheit,NN,wahrheit,33224,,
tg,rfd2.0,206747,206849,KOCH,20,"!",$.,--,33224,,
tg,rfd2.0,206854,206887,Herzog Karl von Württemberg.,0,Was,PWS,was,33224,,
tg,rfd2.0,206854,206887,Herzog Karl von Württemberg.,0,untersteht,VVFIN,unterstehen,33224,,
tg,rfd2.0,206854,206887,Herzog Karl von Württemberg.,0,Er,PPER,er,33224,,
tg,rfd2.0,206854,206887,Herzog Karl von Württemberg.,0,sich,PRF,sich,33224,,
tg,rfd2.0,206854,206887,Herzog Karl von Württemberg.,0,?,$.,--,33224,,
tg,rfd2.0,206854,206887,Herzog Karl von Württemberg.,0,"!",$.,--,33224,,
tg,rfd2.0,206892,207325,KOCH,20,Der,ART,der,33224,,
tg,rfd2.0,206892,207325,KOCH,20,Schiller,NE,schiller,33224,SCHILLER,29
tg,rfd2.0,206892,207325,KOCH,20,kann,VMFIN,können,33224,,
tg,rfd2.0,206892,207325,KOCH,20,ein,ART,ein,33224,,
tg,rfd2.0,206892,207325,KOCH,20,Genie,NN,genie,33224,,
tg,rfd2.0,206892,207325,KOCH,20,sein,VAINF,sein,33224,,
tg,rfd2.0,206892,207325,KOCH,20,",","$,",--,33224,,
tg,rfd2.0,206892,207325,KOCH,20,auch,ADV,auch,33224,,
tg,rfd2.0,206892,207325,KOCH,20,wenn,KOUS,wenn,33224,,
tg,rfd2.0,206892,207325,KOCH,20,er,PPER,er,33224,,
tg,rfd2.0,206892,207325,KOCH,20,schlecht,ADJD,schlecht,33224,,
tg,rfd2.0,206892,207325,KOCH,20,Komödie,NN,komödie,33224,,
tg,rfd2.0,206892,207325,KOCH,20,spielt,VVFIN,spielen,33224,,
tg,rfd2.0,206892,207325,KOCH,20,",","$,",--,33224,,
tg,rfd2.0,206892,207325,KOCH,20,und,KON,und,33224,,
tg,rfd2.0,206892,207325,KOCH,20,wir,PPER,wir,33224,,
tg,rfd2.0,206892,207325,KOCH,20,haben,VAFIN,haben,33224,,
tg,rfd2.0,206892,207325,KOCH,20,alle,PIDAT,aller,33224,ALLE,30
tg,rfd2.0,206892,207325,KOCH,20,schlecht,ADJD,schlecht,33224,,
tg,rfd2.0,206892,207325,KOCH,20,gespielt,VVPP,spielen,33224,,
tg,rfd2.0,206892,207325,KOCH,20,",","$,",--,33224,,
tg,rfd2.0,206892,207325,KOCH,20,weil,KOUS,weil,33224,,
tg,rfd2.0,206892,207325,KOCH,20,wir,PPER,wir,33224,,
tg,rfd2.0,206892,207325,KOCH,20,nicht,PTKNEG,nicht,33224,,
tg,rfd2.0,206892,207325,KOCH,20,geschlafen,VVPP,schlafen,33224,,
tg,rfd2.0,206892,207325,KOCH,20,haben,VAINF,haben,33224,,
tg,rfd2.0,206892,207325,KOCH,20,",","$,",--,33224,,
tg,rfd2.0,206892,207325,KOCH,20,und,KON,und,33224,,
tg,rfd2.0,206892,207325,KOCH,20,weil,KOUS,weil,33224,,
tg,rfd2.0,206892,207325,KOCH,20,wir,PPER,wir,33224,,
tg,rfd2.0,206892,207325,KOCH,20,dazu,PROAV,dazu,33224,,
tg,rfd2.0,206892,207325,KOCH,20,kommandiert,VVPP,kommandieren,33224,,
tg,rfd2.0,206892,207325,KOCH,20,worden,VAPP,werden,33224,,
tg,rfd2.0,206892,207325,KOCH,20,sind,VAFIN,sein,33224,,
tg,rfd2.0,206892,207325,KOCH,20,",","$,",--,33224,,
tg,rfd2.0,206892,207325,KOCH,20,wie,PWAV,wie,33224,,
tg,rfd2.0,206892,207325,KOCH,20,die,ART,der,33224,,
tg,rfd2.0,206892,207325,KOCH,20,Pferde,NN,pferd,33224,,
tg,rfd2.0,206892,207325,KOCH,20,zum,APPRART,zu,33224,,
tg,rfd2.0,206892,207325,KOCH,20,Traben,NN,traben,33224,,
tg,rfd2.0,206892,207325,KOCH,20,–,APPR,–,33224,,
tg,rfd2.0,206892,207325,KOCH,20,den,ART,der,33224,,
tg,rfd2.0,206892,207325,KOCH,20,ersten,ADJA,erster,33224,,
tg,rfd2.0,206892,207325,KOCH,20,Akt,NN,Akt,33224,,
tg,rfd2.0,206892,207325,KOCH,20,hatten,VAFIN,haben,33224,,
tg,rfd2.0,206892,207325,KOCH,20,wir,PPER,wir,33224,,
tg,rfd2.0,206892,207325,KOCH,20,auf,APPR,auf,33224,,
tg,rfd2.0,206892,207325,KOCH,20,der,ART,der,33224,,
tg,rfd2.0,206892,207325,KOCH,20,Zunge,NN,zunge,33224,,
tg,rfd2.0,206892,207325,KOCH,20,",","$,",--,33224,,
tg,rfd2.0,206892,207325,KOCH,20,und,KON,und,33224,,
tg,rfd2.0,206892,207325,KOCH,20,trab,VVFIN,trab,33224,,
tg,rfd2.0,206892,207325,KOCH,20,trab,ADV,trab,33224,,
tg,rfd2.0,206892,207325,KOCH,20,",","$,",--,33224,,
tg,rfd2.0,206892,207325,KOCH,20,heißt,VVFIN,heißen,33224,,
tg,rfd2.0,206892,207325,KOCH,20,es,PPER,es,33224,,
tg,rfd2.0,206892,207325,KOCH,20,auf,APPR,auf,33224,,
tg,rfd2.0,206892,207325,KOCH,20,einmal,ADV,einmal,33224,,
tg,rfd2.0,206892,207325,KOCH,20,zweiter,ADJA,zweiter,33224,,
tg,rfd2.0,206892,207325,KOCH,20,Akt,NN,Akt,33224,,
tg,rfd2.0,206892,207325,KOCH,20,"!",$.,--,33224,,
tg,rfd2.0,206892,207325,KOCH,20,Deshalb,PROAV,deshalb,33224,,
tg,rfd2.0,206892,207325,KOCH,20,hat,VAFIN,haben,33224,,
tg,rfd2.0,206892,207325,KOCH,20,man,PIS,man,33224,,
tg,rfd2.0,206892,207325,KOCH,20,von,APPR,von,33224,,
tg,rfd2.0,206892,207325,KOCH,20,uns,PPER,uns,33224,,
tg,rfd2.0,206892,207325,KOCH,20,nichts,PIS,nichts,33224,,
tg,rfd2.0,206892,207325,KOCH,20,weiter,ADV,weiter,33224,,
tg,rfd2.0,206892,207325,KOCH,20,als,APPR,als,33224,,
tg,rfd2.0,206892,207325,KOCH,20,eine,ART,ein,33224,,
tg,rfd2.0,206892,207325,KOCH,20,Pferdekomödie,NN,pferdekomödie,33224,,
tg,rfd2.0,206892,207325,KOCH,20,erwarten,VVINF,erwarten,33224,,
tg,rfd2.0,206892,207325,KOCH,20,können,VMFIN,können,33224,,
tg,rfd2.0,206892,207325,KOCH,20,.,$.,--,33224,,
tg,rfd2.0,206892,207325,KOCH,20,SCHARPSTEIN,NE,scharpstein,33224,SCHARPSTEIN,16
tg,rfd2.0,206892,207325,KOCH,20,",","$,",--,33224,,
tg,rfd2.0,206892,207325,KOCH,20,HOVER,NE,hover,33224,HOVER,17
tg,rfd2.0,206892,207325,KOCH,20,UND,KON,und,33224,,
tg,rfd2.0,206892,207325,KOCH,20,PFEIFFER,NE,pfeiffer,33224,,
tg,rfd2.0,206892,207325,KOCH,20,.,$.,--,33224,,
tg,rfd2.0,206892,207325,KOCH,20,Ja,PTKANT,ja,33224,,
tg,rfd2.0,206892,207325,KOCH,20,",","$,",--,33224,,
tg,rfd2.0,206892,207325,KOCH,20,ja,PTKANT,ja,33224,,
tg,rfd2.0,206892,207325,KOCH,20,",","$,",--,33224,,
tg,rfd2.0,206892,207325,KOCH,20,ja,ADV,ja,33224,,
tg,rfd2.0,206892,207325,KOCH,20,"!",$.,--,33224,,
tg,rfd2.0,207330,207472,Herzog Karl von Württemberg.,0,Impertinenter,ADJA,impertinent,33224,,
tg,rfd2.0,207330,207472,Herzog Karl von Württemberg.,0,Tiroler,NN,tiroler,33224,,
tg,rfd2.0,207330,207472,Herzog Karl von Württemberg.,0,",","$,",--,33224,,
tg,rfd2.0,207330,207472,Herzog Karl von Württemberg.,0,ich,PPER,ich,33224,Herzog Karl von Württemberg.,0
tg,rfd2.0,207330,207472,Herzog Karl von Württemberg.,0,werde,VAFIN,werden,33224,,
tg,rfd2.0,207330,207472,Herzog Karl von Württemberg.,0,dafür,PROAV,dafür,33224,,
tg,rfd2.0,207330,207472,Herzog Karl von Württemberg.,0,sorgen,VVINF,sorgen,33224,,
tg,rfd2.0,207330,207472,Herzog Karl von Württemberg.,0,",","$,",--,33224,,
tg,rfd2.0,207330,207472,Herzog Karl von Württemberg.,0,daß,KOUS,daß,33224,,
tg,rfd2.0,207330,207472,Herzog Karl von Württemberg.,0,du,PPER,du,33224,,
tg,rfd2.0,207330,207472,Herzog Karl von Württemberg.,0,Schritt,NN,schritt,33224,,
tg,rfd2.0,207330,207472,Herzog Karl von Württemberg.,0,reiten,VVINF,reiten,33224,,
tg,rfd2.0,207330,207472,Herzog Karl von Württemberg.,0,lernst,VVFIN,lernst,33224,,
tg,rfd2.0,207330,207472,Herzog Karl von Württemberg.,0,.,$.,--,33224,,
tg,rfd2.0,207330,207472,Herzog Karl von Württemberg.,0,Vorkommend,ADJD,vorkommend,33224,,
tg,rfd2.0,207330,207472,Herzog Karl von Württemberg.,0,.,$.,--,33224,,
tg,rfd2.0,207330,207472,Herzog Karl von Württemberg.,0,Die,ART,der,33224,,
tg,rfd2.0,207330,207472,Herzog Karl von Württemberg.,0,Jungen,NN,junge,33224,,
tg,rfd2.0,207330,207472,Herzog Karl von Württemberg.,0,wollen,VMFIN,wollen,33224,,
tg,rfd2.0,207330,207472,Herzog Karl von Württemberg.,0,mir,PPER,sich,33224,Herzog Karl von Württemberg.,0
tg,rfd2.0,207330,207472,Herzog Karl von Württemberg.,0,über,APPR,über,33224,,
tg,rfd2.0,207330,207472,Herzog Karl von Württemberg.,0,den,ART,der,33224,,
tg,rfd2.0,207330,207472,Herzog Karl von Württemberg.,0,Kopf,NN,kopf,33224,,
tg,rfd2.0,207330,207472,Herzog Karl von Württemberg.,0,wachsen,VVINF,wachsen,33224,,
tg,rfd2.0,207330,207472,Herzog Karl von Württemberg.,0,.,$.,--,33224,,
tg,rfd2.0,207477,207534,Gräfin Franziska von Hohenheim.,1,Weil,KOUS,weil,33224,,
tg,rfd2.0,207477,207534,Gräfin Franziska von Hohenheim.,1,sie,PPER,sie,33224,,
tg,rfd2.0,207477,207534,Gräfin Franziska von Hohenheim.,1,eben,ADV,eben,33224,,
tg,rfd2.0,207477,207534,Gräfin Franziska von Hohenheim.,1,keine,PIAT,kein,33224,,
tg,rfd2.0,207477,207534,Gräfin Franziska von Hohenheim.,1,Jungen,NN,junge,33224,,
tg,rfd2.0,207477,207534,Gräfin Franziska von Hohenheim.,1,mehr,ADV,mehr,33224,,
tg,rfd2.0,207477,207534,Gräfin Franziska von Hohenheim.,1,sind,VAFIN,sein,33224,,
tg,rfd2.0,207477,207534,Gräfin Franziska von Hohenheim.,1,.,$.,--,33224,,
tg,rfd2.0,207540,207624,Generalin Rieger.,2,Und,KON,und,33224,,
tg,rfd2.0,207540,207624,Generalin Rieger.,2,wie,PWAV,wie,33224,,
tg,rfd2.0,207540,207624,Generalin Rieger.,2,Männer,NN,mann,33224,,
tg,rfd2.0,207540,207624,Generalin Rieger.,2,behandelt,VVPP,behandeln,33224,,
tg,rfd2.0,207540,207624,Generalin Rieger.,2,sein,VAINF,sein,33224,,
tg,rfd2.0,207540,207624,Generalin Rieger.,2,wollen,VMFIN,wollen,33224,,
tg,rfd2.0,207540,207624,Generalin Rieger.,2,.,$.,--,33224,,
tg,rfd2.0,207630,207659,"Hauptmann von Silberkalb, Kammerherr.",5,Ew,NE,ew,33224,,
tg,rfd2.0,207630,207659,"Hauptmann von Silberkalb, Kammerherr.",5,.,$.,--,33224,,
tg,rfd2.0,207630,207659,"Hauptmann von Silberkalb, Kammerherr.",5,Durchlaucht,NN,durchlaucht,33224,,
tg,rfd2.0,207630,207659,"Hauptmann von Silberkalb, Kammerherr.",5,–,XY,–,33224,,
tg,rfd2.0,207664,207697,Herzog Karl von Württemberg.,0,Was,PWS,was,33224,,
tg,rfd2.0,207664,207697,Herzog Karl von Württemberg.,0,will,VMFIN,wollen,33224,,
tg,rfd2.0,207664,207697,Herzog Karl von Württemberg.,0,Er,PPER,er,33224,,
tg,rfd2.0,207664,207697,Herzog Karl von Württemberg.,0,?,$.,--,33224,,
tg,rfd2.0,207702,207981,"Hauptmann von Silberkalb, Kammerherr.",5,Ich,PPER,ich,33224,,
tg,rfd2.0,207702,207981,"Hauptmann von Silberkalb, Kammerherr.",5,habe,VAFIN,haben,33224,,
tg,rfd2.0,207702,207981,"Hauptmann von Silberkalb, Kammerherr.",5,einen,ART,ein,33224,,
tg,rfd2.0,207702,207981,"Hauptmann von Silberkalb, Kammerherr.",5,Auftrag,NN,auftrag,33224,,
tg,rfd2.0,207702,207981,"Hauptmann von Silberkalb, Kammerherr.",5,auszurichten,VVIZU,ausrichten,33224,,
tg,rfd2.0,207702,207981,"Hauptmann von Silberkalb, Kammerherr.",5,",","$,",--,33224,,
tg,rfd2.0,207702,207981,"Hauptmann von Silberkalb, Kammerherr.",5,welcher,ADJA,welcher,33224,,
tg,rfd2.0,207702,207981,"Hauptmann von Silberkalb, Kammerherr.",5,das,PRELS,der,33224,,
tg,rfd2.0,207702,207981,"Hauptmann von Silberkalb, Kammerherr.",5,in,APPR,in,33224,,
tg,rfd2.0,207702,207981,"Hauptmann von Silberkalb, Kammerherr.",5,Rede,NN,rede,33224,,
tg,rfd2.0,207702,207981,"Hauptmann von Silberkalb, Kammerherr.",5,stehende,ADJA,stehend,33224,,
tg,rfd2.0,207702,207981,"Hauptmann von Silberkalb, Kammerherr.",5,Thema,NN,thema,33224,,
tg,rfd2.0,207702,207981,"Hauptmann von Silberkalb, Kammerherr.",5,komplettieren,VVINF,komplettieren,33224,,
tg,rfd2.0,207702,207981,"Hauptmann von Silberkalb, Kammerherr.",5,kann,VMFIN,können,33224,,
tg,rfd2.0,207702,207981,"Hauptmann von Silberkalb, Kammerherr.",5,.,$.,--,33224,,
tg,rfd2.0,207702,207981,"Hauptmann von Silberkalb, Kammerherr.",5,Regimentsmedikus,NE,regimentsmedikus,33224,,
tg,rfd2.0,207702,207981,"Hauptmann von Silberkalb, Kammerherr.",5,Schiller,NE,schiller,33224,SCHILLER,29
tg,rfd2.0,207702,207981,"Hauptmann von Silberkalb, Kammerherr.",5,hat,VAFIN,haben,33224,,
tg,rfd2.0,207702,207981,"Hauptmann von Silberkalb, Kammerherr.",5,sich,PRF,sich,33224,,
tg,rfd2.0,207702,207981,"Hauptmann von Silberkalb, Kammerherr.",5,allerdings,ADV,allerdings,33224,,
tg,rfd2.0,207702,207981,"Hauptmann von Silberkalb, Kammerherr.",5,eines,ART,ein,33224,,
tg,rfd2.0,207702,207981,"Hauptmann von Silberkalb, Kammerherr.",5,Weitern,NN,weiter,33224,,
tg,rfd2.0,207702,207981,"Hauptmann von Silberkalb, Kammerherr.",5,mit,APPR,mit,33224,,
tg,rfd2.0,207702,207981,"Hauptmann von Silberkalb, Kammerherr.",5,dem,ART,der,33224,,
tg,rfd2.0,207702,207981,"Hauptmann von Silberkalb, Kammerherr.",5,Theater,NN,theater,33224,,
tg,rfd2.0,207702,207981,"Hauptmann von Silberkalb, Kammerherr.",5,beschäftigt,VVPP,beschäftigen,33224,,
tg,rfd2.0,207702,207981,"Hauptmann von Silberkalb, Kammerherr.",5,und,KON,und,33224,,
tg,rfd2.0,207702,207981,"Hauptmann von Silberkalb, Kammerherr.",5,",","$,",--,33224,,
tg,rfd2.0,207702,207981,"Hauptmann von Silberkalb, Kammerherr.",5,wie,PWAV,wie,33224,,
tg,rfd2.0,207702,207981,"Hauptmann von Silberkalb, Kammerherr.",5,ich,PPER,ich,33224,"Hauptmann von Silberkalb, Kammerherr.",5
tg,rfd2.0,207702,207981,"Hauptmann von Silberkalb, Kammerherr.",5,gestern,ADV,gestern,33224,,
tg,rfd2.0,207702,207981,"Hauptmann von Silberkalb, Kammerherr.",5,schon,ADV,schon,33224,,
tg,rfd2.0,207702,207981,"Hauptmann von Silberkalb, Kammerherr.",5,anzudeuten,VVFIN,andeuten,33224,,
tg,rfd2.0,207702,207981,"Hauptmann von Silberkalb, Kammerherr.",5,die,ART,der,33224,,
tg,rfd2.0,207702,207981,"Hauptmann von Silberkalb, Kammerherr.",5,Ehre,NN,ehre,33224,,
tg,rfd2.0,207702,207981,"Hauptmann von Silberkalb, Kammerherr.",5,hatte,VAFIN,haben,33224,,
tg,rfd2.0,207702,207981,"Hauptmann von Silberkalb, Kammerherr.",5,",","$,",--,33224,,
tg,rfd2.0,207702,207981,"Hauptmann von Silberkalb, Kammerherr.",5,ein,ART,ein,33224,,
tg,rfd2.0,207702,207981,"Hauptmann von Silberkalb, Kammerherr.",5,förmliches,ADJA,förmlich,33224,,
tg,rfd2.0,207702,207981,"Hauptmann von Silberkalb, Kammerherr.",5,Stück,NN,stück,33224,,
tg,rfd2.0,207702,207981,"Hauptmann von Silberkalb, Kammerherr.",5,geschrieben,VVPP,schreiben,33224,,
tg,rfd2.0,207702,207981,"Hauptmann von Silberkalb, Kammerherr.",5,.,$.,--,33224,,
tg,rfd2.0,207986,208086,Herzog Karl von Württemberg.,0,Fang,NN,fang,33224,,
tg,rfd2.0,207986,208086,Herzog Karl von Württemberg.,0,',$[,--,33224,,
tg,rfd2.0,207986,208086,Herzog Karl von Württemberg.,0,Er,PPER,er,33224,,
tg,rfd2.0,207986,208086,Herzog Karl von Württemberg.,0,nicht,PTKNEG,nicht,33224,,
tg,rfd2.0,207986,208086,Herzog Karl von Württemberg.,0,wieder,ADV,wieder,33224,,
tg,rfd2.0,207986,208086,Herzog Karl von Württemberg.,0,Sein,PPOSAT,sein,33224,,
tg,rfd2.0,207986,208086,Herzog Karl von Württemberg.,0,abgeschmacktes,ADJA,abgeschmackt,33224,,
tg,rfd2.0,207986,208086,Herzog Karl von Württemberg.,0,Spitzbubenzeug,NN,spitzbubenzeug,33224,,
tg,rfd2.0,207986,208086,Herzog Karl von Württemberg.,0,an,PTKVZ,an,33224,,
tg,rfd2.0,207986,208086,Herzog Karl von Württemberg.,0,",","$,",--,33224,,
tg,rfd2.0,207986,208086,Herzog Karl von Württemberg.,0,wenn,KOUS,wenn,33224,,
tg,rfd2.0,207986,208086,Herzog Karl von Württemberg.,0,Er's,NE,er's,33224,,
tg,rfd2.0,207986,208086,Herzog Karl von Württemberg.,0,nicht,PTKNEG,nicht,33224,,
tg,rfd2.0,207986,208086,Herzog Karl von Württemberg.,0,beweisen,VVINF,beweisen,33224,,
tg,rfd2.0,207986,208086,Herzog Karl von Württemberg.,0,kann,VMFIN,können,33224,,
tg,rfd2.0,207986,208086,Herzog Karl von Württemberg.,0,.,$.,--,33224,,
tg,rfd2.0,208091,208137,"Hauptmann von Silberkalb, Kammerherr.",5,Ich,PPER,ich,33224,,
tg,rfd2.0,208091,208137,"Hauptmann von Silberkalb, Kammerherr.",5,kann,VMFIN,können,33224,,
tg,rfd2.0,208091,208137,"Hauptmann von Silberkalb, Kammerherr.",5,es,PPER,es,33224,,
tg,rfd2.0,208091,208137,"Hauptmann von Silberkalb, Kammerherr.",5,beweisen,VVFIN,beweisen,33224,,
tg,rfd2.0,208091,208137,"Hauptmann von Silberkalb, Kammerherr.",5,",","$,",--,33224,,
tg,rfd2.0,208091,208137,"Hauptmann von Silberkalb, Kammerherr.",5,Durchlaucht,NN,durchlaucht,33224,,
tg,rfd2.0,208091,208137,"Hauptmann von Silberkalb, Kammerherr.",5,.,$.,--,33224,,
tg,rfd2.0,208142,208155,Herzog Karl von Württemberg.,0,Was,PWS,was,33224,,
tg,rfd2.0,208142,208155,Herzog Karl von Württemberg.,0,?,$.,--,33224,,
tg,rfd2.0,208160,208302,"Hauptmann von Silberkalb, Kammerherr.",5,Fräulein,NE,fräulein,33224,,
tg,rfd2.0,208160,208302,"Hauptmann von Silberkalb, Kammerherr.",5,Laura,NE,laura,33224,,
tg,rfd2.0,208160,208302,"Hauptmann von Silberkalb, Kammerherr.",5,hat,VAFIN,haben,33224,,
tg,rfd2.0,208160,208302,"Hauptmann von Silberkalb, Kammerherr.",5,mich,PPER,mich,33224,"Hauptmann von Silberkalb, Kammerherr.",5
tg,rfd2.0,208160,208302,"Hauptmann von Silberkalb, Kammerherr.",5,mit,APPR,mit,33224,,
tg,rfd2.0,208160,208302,"Hauptmann von Silberkalb, Kammerherr.",5,den,ART,der,33224,,
tg,rfd2.0,208160,208302,"Hauptmann von Silberkalb, Kammerherr.",5,Beweisen,NN,beweis,33224,,
tg,rfd2.0,208160,208302,"Hauptmann von Silberkalb, Kammerherr.",5,ausgerüstet,VVPP,ausrüsten,33224,,
tg,rfd2.0,208160,208302,"Hauptmann von Silberkalb, Kammerherr.",5,",","$,",--,33224,,
tg,rfd2.0,208160,208302,"Hauptmann von Silberkalb, Kammerherr.",5,weil,KOUS,weil,33224,,
tg,rfd2.0,208160,208302,"Hauptmann von Silberkalb, Kammerherr.",5,sie,PPER,sie,33224,,
tg,rfd2.0,208160,208302,"Hauptmann von Silberkalb, Kammerherr.",5,hoffte,VVFIN,hoffen,33224,,
tg,rfd2.0,208160,208302,"Hauptmann von Silberkalb, Kammerherr.",5,",","$,",--,33224,,
tg,rfd2.0,208160,208302,"Hauptmann von Silberkalb, Kammerherr.",5,den,ART,der,33224,,
tg,rfd2.0,208160,208302,"Hauptmann von Silberkalb, Kammerherr.",5,jungen,ADJA,jung,33224,,
tg,rfd2.0,208160,208302,"Hauptmann von Silberkalb, Kammerherr.",5,Poeten,NN,poet,33224,,
tg,rfd2.0,208160,208302,"Hauptmann von Silberkalb, Kammerherr.",5,dadurch,PROAV,dadurch,33224,,
tg,rfd2.0,208160,208302,"Hauptmann von Silberkalb, Kammerherr.",5,bei,APPR,bei,33224,,
tg,rfd2.0,208160,208302,"Hauptmann von Silberkalb, Kammerherr.",5,Ew,NE,ew,33224,,
tg,rfd2.0,208160,208302,"Hauptmann von Silberkalb, Kammerherr.",5,.,$.,--,33224,,
tg,rfd2.0,208160,208302,"Hauptmann von Silberkalb, Kammerherr.",5,Durchlaucht,NN,durchlaucht,33224,,
tg,rfd2.0,208160,208302,"Hauptmann von Silberkalb, Kammerherr.",5,zu,PTKZU,zu,33224,,
tg,rfd2.0,208160,208302,"Hauptmann von Silberkalb, Kammerherr.",5,empfehlen,VVINF,empfehlen,33224,,
tg,rfd2.0,208160,208302,"Hauptmann von Silberkalb, Kammerherr.",5,.,$.,--,33224,,
tg,rfd2.0,208308,208327,Generalin Rieger.,2,Himmel,NN,himmel,33224,,
tg,rfd2.0,208308,208327,Generalin Rieger.,2,"!",$.,--,33224,,
tg,rfd2.0,208332,208358,Gräfin Franziska von Hohenheim.,1,Der,ART,der,33224,,
tg,rfd2.0,208332,208358,Gräfin Franziska von Hohenheim.,1,Unglückliche,NN,unglücklich,33224,,
tg,rfd2.0,208332,208358,Gräfin Franziska von Hohenheim.,1,"!",$.,--,33224,,
tg,rfd2.0,208363,208387,SCHILLER,29,Das,ART,der,33224,,
tg,rfd2.0,208363,208387,SCHILLER,29,Fräulein,NN,fräulein,33224,,
tg,rfd2.0,208363,208387,SCHILLER,29,"!",$.,--,33224,,
tg,rfd2.0,208392,208410,Herzog Karl von Württemberg.,0,Deutlich,ADV,deutlich,33224,,
tg,rfd2.0,208392,208410,Herzog Karl von Württemberg.,0,"!",$.,--,33224,,
tg,rfd2.0,208415,208648,"Hauptmann von Silberkalb, Kammerherr.",5,Im,APPRART,in,33224,,
tg,rfd2.0,208415,208648,"Hauptmann von Silberkalb, Kammerherr.",5,Namen,NN,name,33224,,
tg,rfd2.0,208415,208648,"Hauptmann von Silberkalb, Kammerherr.",5,dieses,PDAT,dieser,33224,,
tg,rfd2.0,208415,208648,"Hauptmann von Silberkalb, Kammerherr.",5,verkannten,ADJA,verkannt,33224,,
tg,rfd2.0,208415,208648,"Hauptmann von Silberkalb, Kammerherr.",5,Dichters,NN,dichter,33224,,
tg,rfd2.0,208415,208648,"Hauptmann von Silberkalb, Kammerherr.",5,überreicht,VVPP,überreichen,33224,,
tg,rfd2.0,208415,208648,"Hauptmann von Silberkalb, Kammerherr.",5,sie,PPER,sie,33224,,
tg,rfd2.0,208415,208648,"Hauptmann von Silberkalb, Kammerherr.",5,Ew,NE,ew,33224,,
tg,rfd2.0,208415,208648,"Hauptmann von Silberkalb, Kammerherr.",5,.,$.,--,33224,,
tg,rfd2.0,208415,208648,"Hauptmann von Silberkalb, Kammerherr.",5,Durchlaucht,NN,durchlaucht,33224,,
tg,rfd2.0,208415,208648,"Hauptmann von Silberkalb, Kammerherr.",5,durch,APPR,durch,33224,,
tg,rfd2.0,208415,208648,"Hauptmann von Silberkalb, Kammerherr.",5,meine,PPOSAT,mein,33224,"Hauptmann von Silberkalb, Kammerherr.",5
tg,rfd2.0,208415,208648,"Hauptmann von Silberkalb, Kammerherr.",5,unwürdige,ADJA,unwürdig,33224,,
tg,rfd2.0,208415,208648,"Hauptmann von Silberkalb, Kammerherr.",5,Hand,NN,hand,33224,,
tg,rfd2.0,208415,208648,"Hauptmann von Silberkalb, Kammerherr.",5,das,ART,der,33224,,
tg,rfd2.0,208415,208648,"Hauptmann von Silberkalb, Kammerherr.",5,merkwürdige,ADJA,merkwürdig,33224,,
tg,rfd2.0,208415,208648,"Hauptmann von Silberkalb, Kammerherr.",5,Werk,NN,werk,33224,,
tg,rfd2.0,208415,208648,"Hauptmann von Silberkalb, Kammerherr.",5,des,ART,der,33224,,
tg,rfd2.0,208415,208648,"Hauptmann von Silberkalb, Kammerherr.",5,Regimentsmedikus,NN,regimentsmedikus,33224,,
tg,rfd2.0,208415,208648,"Hauptmann von Silberkalb, Kammerherr.",5,Das,ART,der,33224,,
tg,rfd2.0,208415,208648,"Hauptmann von Silberkalb, Kammerherr.",5,Stück,NN,stück,33224,,
tg,rfd2.0,208415,208648,"Hauptmann von Silberkalb, Kammerherr.",5,aufschlagend,ADJD,aufschlagend,33224,,
tg,rfd2.0,208415,208648,"Hauptmann von Silberkalb, Kammerherr.",5,.,$.,--,33224,,
tg,rfd2.0,208415,208648,"Hauptmann von Silberkalb, Kammerherr.",5,betitelt,VVFIN,betiteln,33224,,
tg,rfd2.0,208415,208648,"Hauptmann von Silberkalb, Kammerherr.",5,»,ADJD,»,33224,,
tg,rfd2.0,208415,208648,"Hauptmann von Silberkalb, Kammerherr.",5,Die,ART,der,33224,,
tg,rfd2.0,208415,208648,"Hauptmann von Silberkalb, Kammerherr.",5,Räuber,NN,räuber,33224,,
tg,rfd2.0,208415,208648,"Hauptmann von Silberkalb, Kammerherr.",5,«,VVFIN,«,33224,,
tg,rfd2.0,208415,208648,"Hauptmann von Silberkalb, Kammerherr.",5,",","$,",--,33224,,
tg,rfd2.0,208415,208648,"Hauptmann von Silberkalb, Kammerherr.",5,ein,ART,ein,33224,,
tg,rfd2.0,208415,208648,"Hauptmann von Silberkalb, Kammerherr.",5,Schauspiel,NN,schauspiel,33224,,
tg,rfd2.0,208415,208648,"Hauptmann von Silberkalb, Kammerherr.",5,von,APPR,von,33224,,
tg,rfd2.0,208415,208648,"Hauptmann von Silberkalb, Kammerherr.",5,Friedrich,NE,friedrich,33224,,
tg,rfd2.0,208415,208648,"Hauptmann von Silberkalb, Kammerherr.",5,Schiller,NE,schiller,33224,SCHILLER,29
tg,rfd2.0,208415,208648,"Hauptmann von Silberkalb, Kammerherr.",5,.,$.,--,33224,,
tg,rfd2.0,208653,208671,ALLE,30,Die,ART,der,33224,,
tg,rfd2.0,208653,208671,ALLE,30,Räuber,NN,räuber,33224,,
tg,rfd2.0,208653,208671,ALLE,30,"!",$.,--,33224,,
tg,rfd2.0,208676,208719,SCHILLER,29,Allmächtiger,NN,allmächtig,33224,,
tg,rfd2.0,208676,208719,SCHILLER,29,",","$,",--,33224,,
tg,rfd2.0,208676,208719,SCHILLER,29,und,KON,und,33224,,
tg,rfd2.0,208676,208719,SCHILLER,29,das,PDS,der,33224,,
tg,rfd2.0,208676,208719,SCHILLER,29,von,APPR,von,33224,,
tg,rfd2.0,208676,208719,SCHILLER,29,Laura,NE,laura,33224,,
tg,rfd2.0,208676,208719,SCHILLER,29,"!",$.,--,33224,,
tg,rfd2.0,208724,208756,Gräfin Franziska von Hohenheim.,1,Nun,ADV,nun,33224,,
tg,rfd2.0,208724,208756,Gräfin Franziska von Hohenheim.,1,ist,VAFIN,sein,33224,,
tg,rfd2.0,208724,208756,Gräfin Franziska von Hohenheim.,1,alles,PIS,alle,33224,,
tg,rfd2.0,208724,208756,Gräfin Franziska von Hohenheim.,1,verloren,VVPP,verlieren,33224,,
tg,rfd2.0,208724,208756,Gräfin Franziska von Hohenheim.,1,.,$.,--,33224,,
tg,rfd2.0,208761,208909,Generalin Rieger.,2,Laura,NE,laura,33224,,
tg,rfd2.0,208761,208909,Generalin Rieger.,2,"!",$.,--,33224,,
tg,rfd2.0,208915,208975,Herzog Karl von Württemberg.,0,Das,PDS,der,33224,,
tg,rfd2.0,208915,208975,Herzog Karl von Württemberg.,0,ist,VAFIN,sein,33224,,
tg,rfd2.0,208915,208975,Herzog Karl von Württemberg.,0,wohl,ADV,wohl,33224,,
tg,rfd2.0,208915,208975,Herzog Karl von Württemberg.,0,nicht,PTKNEG,nicht,33224,,
tg,rfd2.0,208915,208975,Herzog Karl von Württemberg.,0,möglich,ADJD,möglich,33224,,
tg,rfd2.0,208915,208975,Herzog Karl von Württemberg.,0,"!",$.,--,33224,,
tg,rfd2.0,208915,208975,Herzog Karl von Württemberg.,0,–,XY,–,33224,,
tg,rfd2.0,208915,208975,Herzog Karl von Württemberg.,0,Er,PPER,er,33224,,
tg,rfd2.0,208915,208975,Herzog Karl von Württemberg.,0,ergreift,VVFIN,ergreifen,33224,,
tg,rfd2.0,208915,208975,Herzog Karl von Württemberg.,0,das,ART,der,33224,,
tg,rfd2.0,208915,208975,Herzog Karl von Württemberg.,0,Buch,NN,buch,33224,,
tg,rfd2.0,208915,208975,Herzog Karl von Württemberg.,0,.,$.,--,33224,,
tg,rfd2.0,208981,209137,"Hauptmann von Silberkalb, Kammerherr.",5,Da,ADV,da,33224,,
tg,rfd2.0,208981,209137,"Hauptmann von Silberkalb, Kammerherr.",5,ist,VAFIN,sein,33224,,
tg,rfd2.0,208981,209137,"Hauptmann von Silberkalb, Kammerherr.",5,auch,ADV,auch,33224,,
tg,rfd2.0,208981,209137,"Hauptmann von Silberkalb, Kammerherr.",5,der,ART,der,33224,,
tg,rfd2.0,208981,209137,"Hauptmann von Silberkalb, Kammerherr.",5,aufsteigende,ADJA,aufsteigend,33224,,
tg,rfd2.0,208981,209137,"Hauptmann von Silberkalb, Kammerherr.",5,Löwe,NN,löwe,33224,,
tg,rfd2.0,208981,209137,"Hauptmann von Silberkalb, Kammerherr.",5,unter,APPR,unter,33224,,
tg,rfd2.0,208981,209137,"Hauptmann von Silberkalb, Kammerherr.",5,dem,ART,der,33224,,
tg,rfd2.0,208981,209137,"Hauptmann von Silberkalb, Kammerherr.",5,Titel,NN,titel,33224,,
tg,rfd2.0,208981,209137,"Hauptmann von Silberkalb, Kammerherr.",5,mit,APPR,mit,33224,,
tg,rfd2.0,208981,209137,"Hauptmann von Silberkalb, Kammerherr.",5,der,ART,der,33224,,
tg,rfd2.0,208981,209137,"Hauptmann von Silberkalb, Kammerherr.",5,Umschrift,NN,umschrift,33224,,
tg,rfd2.0,208981,209137,"Hauptmann von Silberkalb, Kammerherr.",5,»,XY,»,33224,,
tg,rfd2.0,208981,209137,"Hauptmann von Silberkalb, Kammerherr.",5,in,APPR,in,33224,,
tg,rfd2.0,208981,209137,"Hauptmann von Silberkalb, Kammerherr.",5,Tyrannos,NE,tyrannos,33224,,
tg,rfd2.0,208981,209137,"Hauptmann von Silberkalb, Kammerherr.",5,«,XY,«,33224,,
tg,rfd2.0,208981,209137,"Hauptmann von Silberkalb, Kammerherr.",5,–,XY,–,33224,,
tg,rfd2.0,208981,209137,"Hauptmann von Silberkalb, Kammerherr.",5,ganz,ADV,ganz,33224,,
tg,rfd2.0,208981,209137,"Hauptmann von Silberkalb, Kammerherr.",5,wie,KOKOM,wie,33224,,
tg,rfd2.0,208981,209137,"Hauptmann von Silberkalb, Kammerherr.",5,ich,PPER,ich,33224,"Hauptmann von Silberkalb, Kammerherr.",5
tg,rfd2.0,208981,209137,"Hauptmann von Silberkalb, Kammerherr.",5,Durchlaucht,NN,durchlaucht,33224,,
tg,rfd2.0,208981,209137,"Hauptmann von Silberkalb, Kammerherr.",5,gestern,ADV,gestern,33224,,
tg,rfd2.0,208981,209137,"Hauptmann von Silberkalb, Kammerherr.",5,berichtete,VVFIN,berichten,33224,,
tg,rfd2.0,208981,209137,"Hauptmann von Silberkalb, Kammerherr.",5,.,$.,--,33224,,
tg,rfd2.0,209143,209187,Herzog Karl von Württemberg.,0,Ist,VAFIN,sein,33224,,
tg,rfd2.0,209143,209187,Herzog Karl von Württemberg.,0,das,ART,der,33224,,
tg,rfd2.0,209143,209187,Herzog Karl von Württemberg.,0,wirklich,ADJD,wirklich,33224,,
tg,rfd2.0,209143,209187,Herzog Karl von Württemberg.,0,von,APPR,von,33224,,
tg,rfd2.0,209143,209187,Herzog Karl von Württemberg.,0,Ihm,PPER,ihm,33224,,
tg,rfd2.0,209143,209187,Herzog Karl von Württemberg.,0,",","$,",--,33224,,
tg,rfd2.0,209143,209187,Herzog Karl von Württemberg.,0,Schiller,NE,schiller,33224,SCHILLER,29
tg,rfd2.0,209143,209187,Herzog Karl von Württemberg.,0,?,$.,--,33224,,
tg,rfd2.0,209192,209219,SCHILLER,29,Ja,PTKANT,ja,33224,,
tg,rfd2.0,209192,209219,SCHILLER,29,",","$,",--,33224,,
tg,rfd2.0,209192,209219,SCHILLER,29,Durchlaucht,NN,durchlaucht,33224,,
tg,rfd2.0,209192,209219,SCHILLER,29,.,$.,--,33224,,
tg,rfd2.0,209225,209249,Herzog Karl von Württemberg.,0,Und,KON,und,33224,,
tg,rfd2.0,209225,209249,Herzog Karl von Württemberg.,0,gedruckt,VVPP,drucken,33224,,
tg,rfd2.0,209225,209249,Herzog Karl von Württemberg.,0,–,XY,–,33224,,
tg,rfd2.0,209225,209249,Herzog Karl von Württemberg.,0,?,$.,--,33224,,
tg,rfd2.0,209254,209405,"Hauptmann von Silberkalb, Kammerherr.",5,Auch,ADV,auch,33224,,
tg,rfd2.0,209254,209405,"Hauptmann von Silberkalb, Kammerherr.",5,in,APPR,in,33224,,
tg,rfd2.0,209254,209405,"Hauptmann von Silberkalb, Kammerherr.",5,die,ART,der,33224,,
tg,rfd2.0,209254,209405,"Hauptmann von Silberkalb, Kammerherr.",5,Welt,NN,welt,33224,,
tg,rfd2.0,209254,209405,"Hauptmann von Silberkalb, Kammerherr.",5,versendet,VVPP,versenden,33224,,
tg,rfd2.0,209254,209405,"Hauptmann von Silberkalb, Kammerherr.",5,und,KON,und,33224,,
tg,rfd2.0,209254,209405,"Hauptmann von Silberkalb, Kammerherr.",5,dem,ART,der,33224,,
tg,rfd2.0,209254,209405,"Hauptmann von Silberkalb, Kammerherr.",5,kurfürstlichen,ADJA,kurfürstlich,33224,,
tg,rfd2.0,209254,209405,"Hauptmann von Silberkalb, Kammerherr.",5,Theater,NN,theater,33224,,
tg,rfd2.0,209254,209405,"Hauptmann von Silberkalb, Kammerherr.",5,in,APPR,in,33224,,
tg,rfd2.0,209254,209405,"Hauptmann von Silberkalb, Kammerherr.",5,Mannheim,NE,mannheim,33224,,
tg,rfd2.0,209254,209405,"Hauptmann von Silberkalb, Kammerherr.",5,zur,APPRART,zu,33224,,
tg,rfd2.0,209254,209405,"Hauptmann von Silberkalb, Kammerherr.",5,Aufführung,NN,aufführung,33224,,
tg,rfd2.0,209254,209405,"Hauptmann von Silberkalb, Kammerherr.",5,präsentiert,VVPP,präsentieren,33224,,
tg,rfd2.0,209254,209405,"Hauptmann von Silberkalb, Kammerherr.",5,und,KON,und,33224,,
tg,rfd2.0,209254,209405,"Hauptmann von Silberkalb, Kammerherr.",5,dringend,ADJD,dringend,33224,,
tg,rfd2.0,209254,209405,"Hauptmann von Silberkalb, Kammerherr.",5,empfohlen,VVPP,empfehlen,33224,,
tg,rfd2.0,209254,209405,"Hauptmann von Silberkalb, Kammerherr.",5,–,XY,–,33224,,
tg,rfd2.0,209254,209405,"Hauptmann von Silberkalb, Kammerherr.",5,–,XY,–,33224,,
tg,rfd2.0,209411,209443,Herzog Karl von Württemberg.,0,Ist,VAFIN,sein,33224,,
tg,rfd2.0,209411,209443,Herzog Karl von Württemberg.,0,das,ART,der,33224,,
tg,rfd2.0,209411,209443,Herzog Karl von Württemberg.,0,wahr,ADJD,wahr,33224,,
tg,rfd2.0,209411,209443,Herzog Karl von Württemberg.,0,",","$,",--,33224,,
tg,rfd2.0,209411,209443,Herzog Karl von Württemberg.,0,Schiller,NE,schiller,33224,SCHILLER,29
tg,rfd2.0,209411,209443,Herzog Karl von Württemberg.,0,?,$.,--,33224,,
tg,rfd2.0,209448,209475,SCHILLER,29,Ja,PTKANT,ja,33224,,
tg,rfd2.0,209448,209475,SCHILLER,29,",","$,",--,33224,,
tg,rfd2.0,209448,209475,SCHILLER,29,Durchlaucht,NN,durchlaucht,33224,,
tg,rfd2.0,209448,209475,SCHILLER,29,.,$.,--,33224,,
tg,rfd2.0,209480,209591,Herzog Karl von Württemberg.,0,Und,KON,und,33224,,
tg,rfd2.0,209480,209591,Herzog Karl von Württemberg.,0,unter,APPR,unter,33224,,
tg,rfd2.0,209480,209591,Herzog Karl von Württemberg.,0,diesem,PDAT,dieser,33224,,
tg,rfd2.0,209480,209591,Herzog Karl von Württemberg.,0,rohen,ADJA,roh,33224,,
tg,rfd2.0,209480,209591,Herzog Karl von Württemberg.,0,Titel,NN,titel,33224,,
tg,rfd2.0,209480,209591,Herzog Karl von Württemberg.,0,?,$.,--,33224,,
tg,rfd2.0,209480,209591,Herzog Karl von Württemberg.,0,Und,KON,und,33224,,
tg,rfd2.0,209480,209591,Herzog Karl von Württemberg.,0,wahrscheinlich,ADJD,wahrscheinlich,33224,,
tg,rfd2.0,209480,209591,Herzog Karl von Württemberg.,0,von,APPR,von,33224,,
tg,rfd2.0,209480,209591,Herzog Karl von Württemberg.,0,rohem,ADJA,roh,33224,,
tg,rfd2.0,209480,209591,Herzog Karl von Württemberg.,0,",","$,",--,33224,,
tg,rfd2.0,209480,209591,Herzog Karl von Württemberg.,0,exzentrischem,ADJA,exzentrisch,33224,,
tg,rfd2.0,209480,209591,Herzog Karl von Württemberg.,0,",","$,",--,33224,,
tg,rfd2.0,209480,209591,Herzog Karl von Württemberg.,0,verbrecherischem,ADJA,verbrecherisch,33224,,
tg,rfd2.0,209480,209591,Herzog Karl von Württemberg.,0,Inhalte,NN,inhalt,33224,,
tg,rfd2.0,209480,209591,Herzog Karl von Württemberg.,0,–,XY,–,33224,,
tg,rfd2.0,209480,209591,Herzog Karl von Württemberg.,0,?,$.,--,33224,,
tg,rfd2.0,209596,209623,SCHILLER,29,Ja,PTKANT,ja,33224,,
tg,rfd2.0,209596,209623,SCHILLER,29,",","$,",--,33224,,
tg,rfd2.0,209596,209623,SCHILLER,29,Durchlaucht,NN,durchlaucht,33224,,
tg,rfd2.0,209596,209623,SCHILLER,29,.,$.,--,33224,,
tg,rfd2.0,209628,209706,Herzog Karl von Württemberg.,0,Warum,PWAV,warum,33224,,
tg,rfd2.0,209628,209706,Herzog Karl von Württemberg.,0,sagt,VVFIN,sagen,33224,,
tg,rfd2.0,209628,209706,Herzog Karl von Württemberg.,0,Er,PPER,er,33224,,
tg,rfd2.0,209628,209706,Herzog Karl von Württemberg.,0,zu,APPR,zu,33224,,
tg,rfd2.0,209628,209706,Herzog Karl von Württemberg.,0,allem,PIS,alle,33224,,
tg,rfd2.0,209628,209706,Herzog Karl von Württemberg.,0,ja,ADV,ja,33224,,
tg,rfd2.0,209628,209706,Herzog Karl von Württemberg.,0,?,$.,--,33224,,
tg,rfd2.0,209628,209706,Herzog Karl von Württemberg.,0,Was,PWS,was,33224,,
tg,rfd2.0,209628,209706,Herzog Karl von Württemberg.,0,soll,VMFIN,sollen,33224,,
tg,rfd2.0,209628,209706,Herzog Karl von Württemberg.,0,das,ART,der,33224,,
tg,rfd2.0,209628,209706,Herzog Karl von Württemberg.,0,heißen,ADJA,heißen,33224,,
tg,rfd2.0,209628,209706,Herzog Karl von Württemberg.,0,?,$.,--,33224,,
tg,rfd2.0,209711,210114,SCHILLER,29,Ich,PPER,ich,33224,,
tg,rfd2.0,209711,210114,SCHILLER,29,sehe,VVFIN,sehen,33224,,
tg,rfd2.0,209711,210114,SCHILLER,29,plötzlich,ADJD,plötzlich,33224,,
tg,rfd2.0,209711,210114,SCHILLER,29,ein,PTKVZ,ein,33224,,
tg,rfd2.0,209711,210114,SCHILLER,29,",","$,",--,33224,,
tg,rfd2.0,209711,210114,SCHILLER,29,daß,KOUS,daß,33224,,
tg,rfd2.0,209711,210114,SCHILLER,29,alles,PIS,alle,33224,,
tg,rfd2.0,209711,210114,SCHILLER,29,nichtswürdig,ADJD,nichtswürdig,33224,,
tg,rfd2.0,209711,210114,SCHILLER,29,gewesen,VAPP,sein,33224,,
tg,rfd2.0,209711,210114,SCHILLER,29,",","$,",--,33224,,
tg,rfd2.0,209711,210114,SCHILLER,29,worauf,PWAV,worauf,33224,,
tg,rfd2.0,209711,210114,SCHILLER,29,ich,PPER,ich,33224,SCHILLER,29
tg,rfd2.0,209711,210114,SCHILLER,29,eigensinnig,ADJD,eigensinnig,33224,,
tg,rfd2.0,209711,210114,SCHILLER,29,mein,PPOSAT,mein,33224,SCHILLER,29
tg,rfd2.0,209711,210114,SCHILLER,29,phantastisch,ADJD,phantastisch,33224,,
tg,rfd2.0,209711,210114,SCHILLER,29,Leben,NN,leben,33224,,
tg,rfd2.0,209711,210114,SCHILLER,29,aufgebaut,VVPP,aufbauen,33224,,
tg,rfd2.0,209711,210114,SCHILLER,29,.,$.,--,33224,,
tg,rfd2.0,209711,210114,SCHILLER,29,Aus,APPR,aus,33224,,
tg,rfd2.0,209711,210114,SCHILLER,29,dem,ART,der,33224,,
tg,rfd2.0,209711,210114,SCHILLER,29,Spiegel,NN,spiegel,33224,,
tg,rfd2.0,209711,210114,SCHILLER,29,der,ART,der,33224,,
tg,rfd2.0,209711,210114,SCHILLER,29,Welt,NN,welt,33224,,
tg,rfd2.0,209711,210114,SCHILLER,29,grinst,VVFIN,grinst,33224,,
tg,rfd2.0,209711,210114,SCHILLER,29,es,PPER,es,33224,,
tg,rfd2.0,209711,210114,SCHILLER,29,mich,PRF,mich,33224,SCHILLER,29
tg,rfd2.0,209711,210114,SCHILLER,29,an,PTKVZ,an,33224,,
tg,rfd2.0,209711,210114,SCHILLER,29,wie,KOKOM,wie,33224,,
tg,rfd2.0,209711,210114,SCHILLER,29,ein,ART,ein,33224,,
tg,rfd2.0,209711,210114,SCHILLER,29,verzerrtes,ADJA,verzerrt,33224,,
tg,rfd2.0,209711,210114,SCHILLER,29,Gespenst,NN,gespenst,33224,,
tg,rfd2.0,209711,210114,SCHILLER,29,.,$.,--,33224,,
tg,rfd2.0,209711,210114,SCHILLER,29,Ich,PPER,ich,33224,,
tg,rfd2.0,209711,210114,SCHILLER,29,habe,VAFIN,haben,33224,,
tg,rfd2.0,209711,210114,SCHILLER,29,Menschen,NN,mensch,33224,,
tg,rfd2.0,209711,210114,SCHILLER,29,zu,PTKVZ,zu,33224,,
tg,rfd2.0,209711,210114,SCHILLER,29,schildern,VVFIN,schildern,33224,,
tg,rfd2.0,209711,210114,SCHILLER,29,gemeint,VVPP,meinen,33224,,
tg,rfd2.0,209711,210114,SCHILLER,29,und,KON,und,33224,,
tg,rfd2.0,209711,210114,SCHILLER,29,muß,VMFIN,müssen,33224,,
tg,rfd2.0,209711,210114,SCHILLER,29,entdecken,VVINF,entdecken,33224,,
tg,rfd2.0,209711,210114,SCHILLER,29,",","$,",--,33224,,
tg,rfd2.0,209711,210114,SCHILLER,29,daß,KOUS,daß,33224,,
tg,rfd2.0,209711,210114,SCHILLER,29,ich,PPER,ich,33224,SCHILLER,29
tg,rfd2.0,209711,210114,SCHILLER,29,die,ART,der,33224,,
tg,rfd2.0,209711,210114,SCHILLER,29,Menschen,NN,mensch,33224,,
tg,rfd2.0,209711,210114,SCHILLER,29,gar,ADV,gar,33224,,
tg,rfd2.0,209711,210114,SCHILLER,29,nicht,PTKNEG,nicht,33224,,
tg,rfd2.0,209711,210114,SCHILLER,29,gekannt,VVPP,kennen,33224,,
tg,rfd2.0,209711,210114,SCHILLER,29,",","$,",--,33224,,
tg,rfd2.0,209711,210114,SCHILLER,29,ich,PPER,ich,33224,SCHILLER,29
tg,rfd2.0,209711,210114,SCHILLER,29,bin,VAFIN,sein,33224,,
tg,rfd2.0,209711,210114,SCHILLER,29,nichts,PIS,nichts,33224,,
tg,rfd2.0,209711,210114,SCHILLER,29,gewesen,VAPP,sein,33224,,
tg,rfd2.0,209711,210114,SCHILLER,29,als,KOKOM,als,33224,,
tg,rfd2.0,209711,210114,SCHILLER,29,hochmütig,ADJD,hochmütig,33224,,
tg,rfd2.0,209711,210114,SCHILLER,29,",","$,",--,33224,,
tg,rfd2.0,209711,210114,SCHILLER,29,und,KON,und,33224,,
tg,rfd2.0,209711,210114,SCHILLER,29,es,PPER,es,33224,,
tg,rfd2.0,209711,210114,SCHILLER,29,geschieht,VVFIN,geschehen,33224,,
tg,rfd2.0,209711,210114,SCHILLER,29,mir,PPER,sich,33224,SCHILLER,29
tg,rfd2.0,209711,210114,SCHILLER,29,recht,ADJD,recht,33224,,
tg,rfd2.0,209711,210114,SCHILLER,29,",","$,",--,33224,,
tg,rfd2.0,209711,210114,SCHILLER,29,wenn,KOUS,wenn,33224,,
tg,rfd2.0,209711,210114,SCHILLER,29,ich,PPER,ich,33224,SCHILLER,29
tg,rfd2.0,209711,210114,SCHILLER,29,gedemütigt,VVPP,demütigen,33224,,
tg,rfd2.0,209711,210114,SCHILLER,29,und,KON,und,33224,,
tg,rfd2.0,209711,210114,SCHILLER,29,vernichtet,VVPP,vernichten,33224,,
tg,rfd2.0,209711,210114,SCHILLER,29,werde,VAFIN,werden,33224,,
tg,rfd2.0,209711,210114,SCHILLER,29,–,PPER,–,33224,,
tg,rfd2.0,210119,210158,Generalin Rieger.,2,O,NE,O,33224,,
tg,rfd2.0,210119,210158,Generalin Rieger.,2,Gott,NN,gott,33224,,
tg,rfd2.0,210119,210158,Generalin Rieger.,2,"!",$.,--,33224,,
tg,rfd2.0,210163,210227,Herzog Karl von Württemberg.,0,Das,PDS,der,33224,,
tg,rfd2.0,210163,210227,Herzog Karl von Württemberg.,0,heißt,VVFIN,heißen,33224,,
tg,rfd2.0,210163,210227,Herzog Karl von Württemberg.,0,also,ADV,also,33224,,
tg,rfd2.0,210163,210227,Herzog Karl von Württemberg.,0,pater,ADJA,pater,33224,,
tg,rfd2.0,210163,210227,Herzog Karl von Württemberg.,0,peccavi,NN,peccavi,33224,,
tg,rfd2.0,210163,210227,Herzog Karl von Württemberg.,0,",","$,",--,33224,,
tg,rfd2.0,210163,210227,Herzog Karl von Württemberg.,0,und,KON,und,33224,,
tg,rfd2.0,210163,210227,Herzog Karl von Württemberg.,0,Er,PPER,er,33224,,
tg,rfd2.0,210163,210227,Herzog Karl von Württemberg.,0,bittet,VVFIN,bitten,33224,,
tg,rfd2.0,210163,210227,Herzog Karl von Württemberg.,0,um,APPR,um,33224,,
tg,rfd2.0,210163,210227,Herzog Karl von Württemberg.,0,Gnade,NN,gnade,33224,,
tg,rfd2.0,210163,210227,Herzog Karl von Württemberg.,0,–,XY,–,33224,,
tg,rfd2.0,210163,210227,Herzog Karl von Württemberg.,0,?,$.,--,33224,,
tg,rfd2.0,210232,210644,SCHILLER,29,O,NE,O,33224,,
tg,rfd2.0,210232,210644,SCHILLER,29,nein,PTKANT,nein,33224,,
tg,rfd2.0,210232,210644,SCHILLER,29,"!",$.,--,33224,,
tg,rfd2.0,210232,210644,SCHILLER,29,Mir,PPER,sich,33224,,
tg,rfd2.0,210232,210644,SCHILLER,29,nützt,VVFIN,nützen,33224,,
tg,rfd2.0,210232,210644,SCHILLER,29,keine,PIAT,kein,33224,,
tg,rfd2.0,210232,210644,SCHILLER,29,menschliche,ADJA,menschlich,33224,,
tg,rfd2.0,210232,210644,SCHILLER,29,Gnade,NN,gnade,33224,,
tg,rfd2.0,210232,210644,SCHILLER,29,",","$,",--,33224,,
tg,rfd2.0,210232,210644,SCHILLER,29,denn,KON,denn,33224,,
tg,rfd2.0,210232,210644,SCHILLER,29,sie,PPER,sie,33224,,
tg,rfd2.0,210232,210644,SCHILLER,29,kann,VMFIN,können,33224,,
tg,rfd2.0,210232,210644,SCHILLER,29,mir,PPER,sich,33224,SCHILLER,29
tg,rfd2.0,210232,210644,SCHILLER,29,nicht,PTKNEG,nicht,33224,,
tg,rfd2.0,210232,210644,SCHILLER,29,die,ART,der,33224,,
tg,rfd2.0,210232,210644,SCHILLER,29,Schöpfungskraft,NN,schöpfungskraft,33224,,
tg,rfd2.0,210232,210644,SCHILLER,29,verleihen,VVINF,verleihen,33224,,
tg,rfd2.0,210232,210644,SCHILLER,29,",","$,",--,33224,,
tg,rfd2.0,210232,210644,SCHILLER,29,welche,PWAT,welcher,33224,,
tg,rfd2.0,210232,210644,SCHILLER,29,ich,PPER,ich,33224,SCHILLER,29
tg,rfd2.0,210232,210644,SCHILLER,29,zu,PTKZU,zu,33224,,
tg,rfd2.0,210232,210644,SCHILLER,29,besitzen,VVINF,besitzen,33224,,
tg,rfd2.0,210232,210644,SCHILLER,29,wähnte,VVFIN,wähnen,33224,,
tg,rfd2.0,210232,210644,SCHILLER,29,",","$,",--,33224,,
tg,rfd2.0,210232,210644,SCHILLER,29,sie,PPER,sie,33224,,
tg,rfd2.0,210232,210644,SCHILLER,29,kann,VMFIN,können,33224,,
tg,rfd2.0,210232,210644,SCHILLER,29,mir,PPER,sich,33224,SCHILLER,29
tg,rfd2.0,210232,210644,SCHILLER,29,nicht,PTKNEG,nicht,33224,,
tg,rfd2.0,210232,210644,SCHILLER,29,die,ART,der,33224,,
tg,rfd2.0,210232,210644,SCHILLER,29,stolze,ADJA,stolz,33224,,
tg,rfd2.0,210232,210644,SCHILLER,29,Kraft,NN,kraft,33224,,
tg,rfd2.0,210232,210644,SCHILLER,29,meines,PPOSAT,mein,33224,SCHILLER,29
tg,rfd2.0,210232,210644,SCHILLER,29,Geistes,NN,geist,33224,,
tg,rfd2.0,210232,210644,SCHILLER,29,und,KON,und,33224,,
tg,rfd2.0,210232,210644,SCHILLER,29,Herzens,NN,Herz,33224,,
tg,rfd2.0,210232,210644,SCHILLER,29,wiedergeben,VVFIN,wiedergeben,33224,,
tg,rfd2.0,210232,210644,SCHILLER,29,",","$,",--,33224,,
tg,rfd2.0,210232,210644,SCHILLER,29,welche,PWAT,welcher,33224,,
tg,rfd2.0,210232,210644,SCHILLER,29,mich,PRF,mich,33224,SCHILLER,29
tg,rfd2.0,210232,210644,SCHILLER,29,über,APPR,über,33224,,
tg,rfd2.0,210232,210644,SCHILLER,29,alles,PIS,alle,33224,,
tg,rfd2.0,210232,210644,SCHILLER,29,erhob,VVFIN,erheben,33224,,
tg,rfd2.0,210232,210644,SCHILLER,29,–,PPER,–,33224,,
tg,rfd2.0,210232,210644,SCHILLER,29,ich,PPER,ich,33224,SCHILLER,29
tg,rfd2.0,210232,210644,SCHILLER,29,glaube,VVFIN,glauben,33224,,
tg,rfd2.0,210232,210644,SCHILLER,29,nicht,PTKNEG,nicht,33224,,
tg,rfd2.0,210232,210644,SCHILLER,29,mehr,ADV,mehr,33224,,
tg,rfd2.0,210232,210644,SCHILLER,29,an,APPR,an,33224,,
tg,rfd2.0,210232,210644,SCHILLER,29,mich,PPER,mich,33224,SCHILLER,29
tg,rfd2.0,210232,210644,SCHILLER,29,selbst,ADV,selbst,33224,,
tg,rfd2.0,210232,210644,SCHILLER,29,",","$,",--,33224,,
tg,rfd2.0,210232,210644,SCHILLER,29,und,KON,und,33224,,
tg,rfd2.0,210232,210644,SCHILLER,29,damit,PROAV,damit,33224,,
tg,rfd2.0,210232,210644,SCHILLER,29,ist,VAFIN,sein,33224,,
tg,rfd2.0,210232,210644,SCHILLER,29,alles,PIS,alle,33224,,
tg,rfd2.0,210232,210644,SCHILLER,29,verloren,VVPP,verloren,33224,,
tg,rfd2.0,210232,210644,SCHILLER,29,",","$,",--,33224,,
tg,rfd2.0,210232,210644,SCHILLER,29,und,KON,und,33224,,
tg,rfd2.0,210232,210644,SCHILLER,29,was,PWS,was,33224,,
tg,rfd2.0,210232,210644,SCHILLER,29,sonst,ADV,sonst,33224,,
tg,rfd2.0,210232,210644,SCHILLER,29,mit,APPR,mit,33224,,
tg,rfd2.0,210232,210644,SCHILLER,29,mir,PPER,sich,33224,SCHILLER,29
tg,rfd2.0,210232,210644,SCHILLER,29,geschieht,VVFIN,geschehen,33224,,
tg,rfd2.0,210232,210644,SCHILLER,29,",","$,",--,33224,,
tg,rfd2.0,210232,210644,SCHILLER,29,ist,VAFIN,sein,33224,,
tg,rfd2.0,210232,210644,SCHILLER,29,gleichgültig,ADJD,gleichgültig,33224,,
tg,rfd2.0,210232,210644,SCHILLER,29,",","$,",--,33224,,
tg,rfd2.0,210232,210644,SCHILLER,29,da,KOUS,da,33224,,
tg,rfd2.0,210232,210644,SCHILLER,29,ich,PPER,ich,33224,SCHILLER,29
tg,rfd2.0,210232,210644,SCHILLER,29,mir,PRF,sich,33224,SCHILLER,29
tg,rfd2.0,210232,210644,SCHILLER,29,selbst,ADV,selbst,33224,,
tg,rfd2.0,210232,210644,SCHILLER,29,nichts,PIS,nichts,33224,,
tg,rfd2.0,210232,210644,SCHILLER,29,mehr,ADV,mehr,33224,,
tg,rfd2.0,210232,210644,SCHILLER,29,gelte,VVFIN,gelten,33224,,
tg,rfd2.0,210232,210644,SCHILLER,29,.,$.,--,33224,,
tg,rfd2.0,210650,211624,Herzog Karl von Württemberg.,0,Er,PPER,er,33224,,
tg,rfd2.0,210650,211624,Herzog Karl von Württemberg.,0,ist,VAFIN,sein,33224,,
tg,rfd2.0,210650,211624,Herzog Karl von Württemberg.,0,ein,ART,ein,33224,,
tg,rfd2.0,210650,211624,Herzog Karl von Württemberg.,0,wunderlicher,ADJA,wunderlich,33224,,
tg,rfd2.0,210650,211624,Herzog Karl von Württemberg.,0,Heiliger,NN,heilige,33224,,
tg,rfd2.0,210650,211624,Herzog Karl von Württemberg.,0,",","$,",--,33224,,
tg,rfd2.0,210650,211624,Herzog Karl von Württemberg.,0,der,PRELS,der,33224,,
tg,rfd2.0,210650,211624,Herzog Karl von Württemberg.,0,aber,ADV,aber,33224,,
tg,rfd2.0,210650,211624,Herzog Karl von Württemberg.,0,doch,ADV,doch,33224,,
tg,rfd2.0,210650,211624,Herzog Karl von Württemberg.,0,kuriert,VVPP,kurieren,33224,,
tg,rfd2.0,210650,211624,Herzog Karl von Württemberg.,0,werden,VAINF,werden,33224,,
tg,rfd2.0,210650,211624,Herzog Karl von Württemberg.,0,muß,VMFIN,müssen,33224,,
tg,rfd2.0,210650,211624,Herzog Karl von Württemberg.,0,"!",$.,--,33224,,
tg,rfd2.0,210650,211624,Herzog Karl von Württemberg.,0,Ins,APPRART,in,33224,,
tg,rfd2.0,210650,211624,Herzog Karl von Württemberg.,0,Buch,NN,buch,33224,,
tg,rfd2.0,210650,211624,Herzog Karl von Württemberg.,0,sehend,ADJD,sehend,33224,,
tg,rfd2.0,210650,211624,Herzog Karl von Württemberg.,0,.,$.,--,33224,,
tg,rfd2.0,210650,211624,Herzog Karl von Württemberg.,0,Da,ADV,da,33224,,
tg,rfd2.0,210650,211624,Herzog Karl von Württemberg.,0,hat,VAFIN,haben,33224,,
tg,rfd2.0,210650,211624,Herzog Karl von Württemberg.,0,Er,PPER,er,33224,,
tg,rfd2.0,210650,211624,Herzog Karl von Württemberg.,0,ein,ART,ein,33224,,
tg,rfd2.0,210650,211624,Herzog Karl von Württemberg.,0,gutes,ADJA,gut,33224,,
tg,rfd2.0,210650,211624,Herzog Karl von Württemberg.,0,Motto,NN,motto,33224,,
tg,rfd2.0,210650,211624,Herzog Karl von Württemberg.,0,gewählt,VVPP,wählen,33224,,
tg,rfd2.0,210650,211624,Herzog Karl von Württemberg.,0,aus,APPR,aus,33224,,
tg,rfd2.0,210650,211624,Herzog Karl von Württemberg.,0,Hippokrates,NE,hippokrat,33224,,
tg,rfd2.0,210650,211624,Herzog Karl von Württemberg.,0,:,$.,--,33224,,
tg,rfd2.0,210650,211624,Herzog Karl von Württemberg.,0,Was,PWS,was,33224,,
tg,rfd2.0,210650,211624,Herzog Karl von Württemberg.,0,Medikamente,NN,medikament,33224,,
tg,rfd2.0,210650,211624,Herzog Karl von Württemberg.,0,nicht,PTKNEG,nicht,33224,,
tg,rfd2.0,210650,211624,Herzog Karl von Württemberg.,0,heilen,VVINF,heilen,33224,,
tg,rfd2.0,210650,211624,Herzog Karl von Württemberg.,0,",","$,",--,33224,,
tg,rfd2.0,210650,211624,Herzog Karl von Württemberg.,0,das,PRELS,der,33224,,
tg,rfd2.0,210650,211624,Herzog Karl von Württemberg.,0,heilt,VVFIN,heilen,33224,,
tg,rfd2.0,210650,211624,Herzog Karl von Württemberg.,0,Eisen,NN,eisen,33224,,
tg,rfd2.0,210650,211624,Herzog Karl von Württemberg.,0,",","$,",--,33224,,
tg,rfd2.0,210650,211624,Herzog Karl von Württemberg.,0,was,PWS,was,33224,,
tg,rfd2.0,210650,211624,Herzog Karl von Württemberg.,0,Eisen,NN,eisen,33224,,
tg,rfd2.0,210650,211624,Herzog Karl von Württemberg.,0,nicht,PTKNEG,nicht,33224,,
tg,rfd2.0,210650,211624,Herzog Karl von Württemberg.,0,heilt,VVFIN,heilen,33224,,
tg,rfd2.0,210650,211624,Herzog Karl von Württemberg.,0,",","$,",--,33224,,
tg,rfd2.0,210650,211624,Herzog Karl von Württemberg.,0,das,PRELS,der,33224,,
tg,rfd2.0,210650,211624,Herzog Karl von Württemberg.,0,heilt,VVFIN,heilen,33224,,
tg,rfd2.0,210650,211624,Herzog Karl von Württemberg.,0,Feuer,NN,feuer,33224,,
tg,rfd2.0,210650,211624,Herzog Karl von Württemberg.,0,",","$,",--,33224,,
tg,rfd2.0,210650,211624,Herzog Karl von Württemberg.,0,Feuer,NN,feuer,33224,,
tg,rfd2.0,210650,211624,Herzog Karl von Württemberg.,0,und,KON,und,33224,,
tg,rfd2.0,210650,211624,Herzog Karl von Württemberg.,0,Schwert,NN,schwert,33224,,
tg,rfd2.0,210650,211624,Herzog Karl von Württemberg.,0,"!",$.,--,33224,,
tg,rfd2.0,210650,211624,Herzog Karl von Württemberg.,0,Das,PDS,der,33224,,
tg,rfd2.0,210650,211624,Herzog Karl von Württemberg.,0,können,VMFIN,können,33224,,
tg,rfd2.0,210650,211624,Herzog Karl von Württemberg.,0,wir,PPER,wir,33224,,
tg,rfd2.0,210650,211624,Herzog Karl von Württemberg.,0,ja,ADV,ja,33224,,
tg,rfd2.0,210650,211624,Herzog Karl von Württemberg.,0,mit,APPR,mit,33224,,
tg,rfd2.0,210650,211624,Herzog Karl von Württemberg.,0,Ihm,PPER,ihm,33224,,
tg,rfd2.0,210650,211624,Herzog Karl von Württemberg.,0,versuchen,VVINF,versuchen,33224,,
tg,rfd2.0,210650,211624,Herzog Karl von Württemberg.,0,.,$.,--,33224,,
tg,rfd2.0,210650,211624,Herzog Karl von Württemberg.,0,Den,ART,der,33224,,
tg,rfd2.0,210650,211624,Herzog Karl von Württemberg.,0,Skandal,NN,skandal,33224,,
tg,rfd2.0,210650,211624,Herzog Karl von Württemberg.,0,und,KON,und,33224,,
tg,rfd2.0,210650,211624,Herzog Karl von Württemberg.,0,die,ART,der,33224,,
tg,rfd2.0,210650,211624,Herzog Karl von Württemberg.,0,Schande,NN,schande,33224,,
tg,rfd2.0,210650,211624,Herzog Karl von Württemberg.,0,",","$,",--,33224,,
tg,rfd2.0,210650,211624,Herzog Karl von Württemberg.,0,welche,PRELS,welcher,33224,,
tg,rfd2.0,210650,211624,Herzog Karl von Württemberg.,0,er,PPER,er,33224,,
tg,rfd2.0,210650,211624,Herzog Karl von Württemberg.,0,mir,PPER,sich,33224,Herzog Karl von Württemberg.,0
tg,rfd2.0,210650,211624,Herzog Karl von Württemberg.,0,im,APPRART,in,33224,,
tg,rfd2.0,210650,211624,Herzog Karl von Württemberg.,0,Auslande,NN,auslande,33224,,
tg,rfd2.0,210650,211624,Herzog Karl von Württemberg.,0,angerichtet,VVPP,anrichten,33224,,
tg,rfd2.0,210650,211624,Herzog Karl von Württemberg.,0,als,APPR,als,33224,,
tg,rfd2.0,210650,211624,Herzog Karl von Württemberg.,0,Eleve,NN,eleve,33224,,
tg,rfd2.0,210650,211624,Herzog Karl von Württemberg.,0,meiner,PPOSAT,mein,33224,Herzog Karl von Württemberg.,0
tg,rfd2.0,210650,211624,Herzog Karl von Württemberg.,0,Akademie,NN,akademie,33224,,
tg,rfd2.0,210650,211624,Herzog Karl von Württemberg.,0,",","$,",--,33224,,
tg,rfd2.0,210650,211624,Herzog Karl von Württemberg.,0,kann,VMFIN,können,33224,,
tg,rfd2.0,210650,211624,Herzog Karl von Württemberg.,0,ich,PPER,ich,33224,Herzog Karl von Württemberg.,0
tg,rfd2.0,210650,211624,Herzog Karl von Württemberg.,0,freilich,ADV,freilich,33224,,
tg,rfd2.0,210650,211624,Herzog Karl von Württemberg.,0,nicht,PTKNEG,nicht,33224,,
tg,rfd2.0,210650,211624,Herzog Karl von Württemberg.,0,mehr,ADV,mehr,33224,,
tg,rfd2.0,210650,211624,Herzog Karl von Württemberg.,0,ungeschehen,ADJD,ungeschehen,33224,,
tg,rfd2.0,210650,211624,Herzog Karl von Württemberg.,0,machen,VVINF,machen,33224,,
tg,rfd2.0,210650,211624,Herzog Karl von Württemberg.,0,",","$,",--,33224,,
tg,rfd2.0,210650,211624,Herzog Karl von Württemberg.,0,aber,KON,aber,33224,,
tg,rfd2.0,210650,211624,Herzog Karl von Württemberg.,0,ich,PPER,ich,33224,Herzog Karl von Württemberg.,0
tg,rfd2.0,210650,211624,Herzog Karl von Württemberg.,0,kann,VMFIN,können,33224,,
tg,rfd2.0,210650,211624,Herzog Karl von Württemberg.,0,dafür,PROAV,dafür,33224,,
tg,rfd2.0,210650,211624,Herzog Karl von Württemberg.,0,sorgen,VVINF,sorgen,33224,,
tg,rfd2.0,210650,211624,Herzog Karl von Württemberg.,0,",","$,",--,33224,,
tg,rfd2.0,210650,211624,Herzog Karl von Württemberg.,0,daß,KOUS,daß,33224,,
tg,rfd2.0,210650,211624,Herzog Karl von Württemberg.,0,dies,PDS,dieser,33224,,
tg,rfd2.0,210650,211624,Herzog Karl von Württemberg.,0,nicht,PTKNEG,nicht,33224,,
tg,rfd2.0,210650,211624,Herzog Karl von Württemberg.,0,weiter,ADV,weiter,33224,,
tg,rfd2.0,210650,211624,Herzog Karl von Württemberg.,0,vorkommt,VVFIN,vorkommen,33224,,
tg,rfd2.0,210650,211624,Herzog Karl von Württemberg.,0,.,$.,--,33224,,
tg,rfd2.0,210650,211624,Herzog Karl von Württemberg.,0,Kurze,ADJA,kurz,33224,,
tg,rfd2.0,210650,211624,Herzog Karl von Württemberg.,0,Pause,NN,pause,33224,,
tg,rfd2.0,210650,211624,Herzog Karl von Württemberg.,0,.,$.,--,33224,,
tg,rfd2.0,210650,211624,Herzog Karl von Württemberg.,0,Ihr,PPOSAT,ihr,33224,,
tg,rfd2.0,210650,211624,Herzog Karl von Württemberg.,0,da,ADV,da,33224,,
tg,rfd2.0,210650,211624,Herzog Karl von Württemberg.,0,oben,ADV,oben,33224,,
tg,rfd2.0,210650,211624,Herzog Karl von Württemberg.,0,könnt,VVFIN,können,33224,,
tg,rfd2.0,210650,211624,Herzog Karl von Württemberg.,0,zu,APPR,zu,33224,,
tg,rfd2.0,210650,211624,Herzog Karl von Württemberg.,0,Bette,NN,bette,33224,,
tg,rfd2.0,210650,211624,Herzog Karl von Württemberg.,0,gehn,CARD,gehn,33224,,
tg,rfd2.0,210650,211624,Herzog Karl von Württemberg.,0,und,KON,und,33224,,
tg,rfd2.0,210650,211624,Herzog Karl von Württemberg.,0,die,ART,der,33224,,
tg,rfd2.0,210650,211624,Herzog Karl von Württemberg.,0,Ferien,NN,ferien,33224,,
tg,rfd2.0,210650,211624,Herzog Karl von Württemberg.,0,mit,APPR,mit,33224,,
tg,rfd2.0,210650,211624,Herzog Karl von Württemberg.,0,den,ART,der,33224,,
tg,rfd2.0,210650,211624,Herzog Karl von Württemberg.,0,andern,ADJA,anderer,33224,,
tg,rfd2.0,210650,211624,Herzog Karl von Württemberg.,0,genießen,VVINF,genießen,33224,,
tg,rfd2.0,210650,211624,Herzog Karl von Württemberg.,0,",","$,",--,33224,,
tg,rfd2.0,210650,211624,Herzog Karl von Württemberg.,0,solange,KOUS,solange,33224,,
tg,rfd2.0,210650,211624,Herzog Karl von Württemberg.,0,meine,PPOSAT,mein,33224,Herzog Karl von Württemberg.,0
tg,rfd2.0,210650,211624,Herzog Karl von Württemberg.,0,Gäste,NN,gast,33224,,
tg,rfd2.0,210650,211624,Herzog Karl von Württemberg.,0,hier,ADV,hier,33224,,
tg,rfd2.0,210650,211624,Herzog Karl von Württemberg.,0,sind,VAFIN,sein,33224,,
tg,rfd2.0,210650,211624,Herzog Karl von Württemberg.,0,.,$.,--,33224,,
tg,rfd2.0,210650,211624,Herzog Karl von Württemberg.,0,Später,ADJD,spät,33224,,
tg,rfd2.0,210650,211624,Herzog Karl von Württemberg.,0,wollen,VMFIN,wollen,33224,,
tg,rfd2.0,210650,211624,Herzog Karl von Württemberg.,0,wir,PPER,wir,33224,,
tg,rfd2.0,210650,211624,Herzog Karl von Württemberg.,0,über,APPR,über,33224,,
tg,rfd2.0,210650,211624,Herzog Karl von Württemberg.,0,das,ART,der,33224,,
tg,rfd2.0,210650,211624,Herzog Karl von Württemberg.,0,Vorgefallene,NN,vorgefallene,33224,,
tg,rfd2.0,210650,211624,Herzog Karl von Württemberg.,0,sprechen,VVINF,sprechen,33224,,
tg,rfd2.0,210650,211624,Herzog Karl von Württemberg.,0,.,$.,--,33224,,
tg,rfd2.0,210650,211624,Herzog Karl von Württemberg.,0,An,APPR,an,33224,,
tg,rfd2.0,210650,211624,Herzog Karl von Württemberg.,0,dem,ART,der,33224,,
tg,rfd2.0,210650,211624,Herzog Karl von Württemberg.,0,da,ADV,da,33224,,
tg,rfd2.0,210650,211624,Herzog Karl von Württemberg.,0,könnt,VVFIN,können,33224,,
tg,rfd2.0,210650,211624,Herzog Karl von Württemberg.,0,ihr,PPOSAT,ihr,33224,,
tg,rfd2.0,210650,211624,Herzog Karl von Württemberg.,0,euch,PRF,euch,33224,,
tg,rfd2.0,210650,211624,Herzog Karl von Württemberg.,0,unterdes,ADV,unterd,33224,,
tg,rfd2.0,210650,211624,Herzog Karl von Württemberg.,0,ein,ART,ein,33224,,
tg,rfd2.0,210650,211624,Herzog Karl von Württemberg.,0,Beispiel,NN,beispiel,33224,,
tg,rfd2.0,210650,211624,Herzog Karl von Württemberg.,0,nehmen,VVINF,nehmen,33224,,
tg,rfd2.0,210650,211624,Herzog Karl von Württemberg.,0,.,$.,--,33224,,
tg,rfd2.0,210650,211624,Herzog Karl von Württemberg.,0,Kurze,ADJA,kurz,33224,,
tg,rfd2.0,210650,211624,Herzog Karl von Württemberg.,0,Pause,NN,pause,33224,,
tg,rfd2.0,210650,211624,Herzog Karl von Württemberg.,0,.,$.,--,33224,,
tg,rfd2.0,210650,211624,Herzog Karl von Württemberg.,0,Gestern,ADV,gestern,33224,,
tg,rfd2.0,210650,211624,Herzog Karl von Württemberg.,0,abend,ADV,abend,33224,,
tg,rfd2.0,210650,211624,Herzog Karl von Württemberg.,0,hat,VAFIN,haben,33224,,
tg,rfd2.0,210650,211624,Herzog Karl von Württemberg.,0,Er,PPER,er,33224,,
tg,rfd2.0,210650,211624,Herzog Karl von Württemberg.,0,Seinen,PPOSAT,sein,33224,,
tg,rfd2.0,210650,211624,Herzog Karl von Württemberg.,0,Degen,NN,degen,33224,,
tg,rfd2.0,210650,211624,Herzog Karl von Württemberg.,0,eingebüßt,VVFIN,einbüßen,33224,,
tg,rfd2.0,210650,211624,Herzog Karl von Württemberg.,0,",","$,",--,33224,,
tg,rfd2.0,210650,211624,Herzog Karl von Württemberg.,0,heut,ADV,heuen,33224,,
tg,rfd2.0,210650,211624,Herzog Karl von Württemberg.,0,',$[,--,33224,,
tg,rfd2.0,210650,211624,Herzog Karl von Württemberg.,0,büßt,VVFIN,büssen,33224,,
tg,rfd2.0,210650,211624,Herzog Karl von Württemberg.,0,Er,PPER,er,33224,,
tg,rfd2.0,210650,211624,Herzog Karl von Württemberg.,0,Seine,PPOSAT,sein,33224,,
tg,rfd2.0,210650,211624,Herzog Karl von Württemberg.,0,Freiheit,NN,freiheit,33224,,
tg,rfd2.0,210650,211624,Herzog Karl von Württemberg.,0,ein,PTKVZ,ein,33224,,
tg,rfd2.0,210650,211624,Herzog Karl von Württemberg.,0,.,$.,--,33224,,
tg,rfd2.0,210650,211624,Herzog Karl von Württemberg.,0,Er,PPER,er,33224,,
tg,rfd2.0,210650,211624,Herzog Karl von Württemberg.,0,begibt,VVFIN,begeben,33224,,
tg,rfd2.0,210650,211624,Herzog Karl von Württemberg.,0,sich,PRF,sich,33224,,
tg,rfd2.0,210650,211624,Herzog Karl von Württemberg.,0,von,APPR,von,33224,,
tg,rfd2.0,210650,211624,Herzog Karl von Württemberg.,0,hier,ADV,hier,33224,,
tg,rfd2.0,210650,211624,Herzog Karl von Württemberg.,0,auf,APPR,auf,33224,,
tg,rfd2.0,210650,211624,Herzog Karl von Württemberg.,0,die,ART,der,33224,,
tg,rfd2.0,210650,211624,Herzog Karl von Württemberg.,0,Schloßwache,NN,schloßwache,33224,,
tg,rfd2.0,210650,211624,Herzog Karl von Württemberg.,0,.,$.,--,33224,,
tg,rfd2.0,210650,211624,Herzog Karl von Württemberg.,0,Soll,VMFIN,sollen,33224,,
tg,rfd2.0,210650,211624,Herzog Karl von Württemberg.,0,ich,PPER,ich,33224,Herzog Karl von Württemberg.,0
tg,rfd2.0,210650,211624,Herzog Karl von Württemberg.,0,Ihn,CARD,ihn,33224,,
tg,rfd2.0,210650,211624,Herzog Karl von Württemberg.,0,hinführen,VVINF,hinführen,33224,,
tg,rfd2.0,210650,211624,Herzog Karl von Württemberg.,0,lassen,VVINF,lassen,33224,,
tg,rfd2.0,210650,211624,Herzog Karl von Württemberg.,0,",","$,",--,33224,,
tg,rfd2.0,210650,211624,Herzog Karl von Württemberg.,0,oder,KON,oder,33224,,
tg,rfd2.0,210650,211624,Herzog Karl von Württemberg.,0,soll,VMFIN,sollen,33224,,
tg,rfd2.0,210650,211624,Herzog Karl von Württemberg.,0,ich,PPER,ich,33224,Herzog Karl von Württemberg.,0
tg,rfd2.0,210650,211624,Herzog Karl von Württemberg.,0,mich,PRF,mich,33224,Herzog Karl von Württemberg.,0
tg,rfd2.0,210650,211624,Herzog Karl von Württemberg.,0,auf,APPR,auf,33224,,
tg,rfd2.0,210650,211624,Herzog Karl von Württemberg.,0,Sein,PPOSAT,sein,33224,,
tg,rfd2.0,210650,211624,Herzog Karl von Württemberg.,0,Wort,NN,wort,33224,,
tg,rfd2.0,210650,211624,Herzog Karl von Württemberg.,0,verlassen,VVINF,verlassen,33224,,
tg,rfd2.0,210650,211624,Herzog Karl von Württemberg.,0,",","$,",--,33224,,
tg,rfd2.0,210650,211624,Herzog Karl von Württemberg.,0,daß,KOUS,daß,33224,,
tg,rfd2.0,210650,211624,Herzog Karl von Württemberg.,0,Er,PPER,er,33224,,
tg,rfd2.0,210650,211624,Herzog Karl von Württemberg.,0,sich,PRF,sich,33224,,
tg,rfd2.0,210650,211624,Herzog Karl von Württemberg.,0,allein,ADV,allein,33224,,
tg,rfd2.0,210650,211624,Herzog Karl von Württemberg.,0,hinfinden,VVINF,hinfinden,33224,,
tg,rfd2.0,210650,211624,Herzog Karl von Württemberg.,0,wird,VAFIN,werden,33224,,
tg,rfd2.0,210650,211624,Herzog Karl von Württemberg.,0,?,$.,--,33224,,
tg,rfd2.0,211629,211678,SCHILLER,29,Ich,PPER,ich,33224,,
tg,rfd2.0,211629,211678,SCHILLER,29,gehe,VVFIN,gehen,33224,,
tg,rfd2.0,211629,211678,SCHILLER,29,von,APPR,von,33224,,
tg,rfd2.0,211629,211678,SCHILLER,29,hier,ADV,hier,33224,,
tg,rfd2.0,211629,211678,SCHILLER,29,auf,APPR,auf,33224,,
tg,rfd2.0,211629,211678,SCHILLER,29,die,ART,der,33224,,
tg,rfd2.0,211629,211678,SCHILLER,29,Schloßwache,NN,schloßwache,33224,,
tg,rfd2.0,211629,211678,SCHILLER,29,.,$.,--,33224,,
tg,rfd2.0,211683,212104,Herzog Karl von Württemberg.,0,Leg,NN,leg,33224,,
tg,rfd2.0,211683,212104,Herzog Karl von Württemberg.,0,',$[,--,33224,,
tg,rfd2.0,211683,212104,Herzog Karl von Württemberg.,0,Er,PPER,er,33224,,
tg,rfd2.0,211683,212104,Herzog Karl von Württemberg.,0,das,ART,der,33224,,
tg,rfd2.0,211683,212104,Herzog Karl von Württemberg.,0,Buch,NN,buch,33224,,
tg,rfd2.0,211683,212104,Herzog Karl von Württemberg.,0,zu,APPR,zu,33224,,
tg,rfd2.0,211683,212104,Herzog Karl von Württemberg.,0,den,ART,der,33224,,
tg,rfd2.0,211683,212104,Herzog Karl von Württemberg.,0,konfiszierten,ADJA,konfisziert,33224,,
tg,rfd2.0,211683,212104,Herzog Karl von Württemberg.,0,Papieren,NN,papier,33224,,
tg,rfd2.0,211683,212104,Herzog Karl von Württemberg.,0,auf,APPR,auf,33224,,
tg,rfd2.0,211683,212104,Herzog Karl von Württemberg.,0,meinen,PPOSAT,mein,33224,Herzog Karl von Württemberg.,0
tg,rfd2.0,211683,212104,Herzog Karl von Württemberg.,0,Tisch,NN,tisch,33224,,
tg,rfd2.0,211683,212104,Herzog Karl von Württemberg.,0,.,$.,--,33224,,
tg,rfd2.0,211683,212104,Herzog Karl von Württemberg.,0,–,XY,–,33224,,
tg,rfd2.0,211683,212104,Herzog Karl von Württemberg.,0,Sobald,KOUS,sobald,33224,,
tg,rfd2.0,211683,212104,Herzog Karl von Württemberg.,0,ich's,PPER,ich's,33224,,
tg,rfd2.0,211683,212104,Herzog Karl von Württemberg.,0,gelesen,VVPP,lesen,33224,,
tg,rfd2.0,211683,212104,Herzog Karl von Württemberg.,0,Zu,PTKA,zu,33224,,
tg,rfd2.0,211683,212104,Herzog Karl von Württemberg.,0,Schiller,NE,schiller,33224,SCHILLER,29
tg,rfd2.0,211683,212104,Herzog Karl von Württemberg.,0,.,$.,--,33224,,
tg,rfd2.0,211683,212104,Herzog Karl von Württemberg.,0,wird,VAFIN,werden,33224,,
tg,rfd2.0,211683,212104,Herzog Karl von Württemberg.,0,Er,PPER,er,33224,,
tg,rfd2.0,211683,212104,Herzog Karl von Württemberg.,0,meine,PPOSAT,mein,33224,Herzog Karl von Württemberg.,0
tg,rfd2.0,211683,212104,Herzog Karl von Württemberg.,0,Meinung,NN,meinung,33224,,
tg,rfd2.0,211683,212104,Herzog Karl von Württemberg.,0,erfahren,VVPP,erfahren,33224,,
tg,rfd2.0,211683,212104,Herzog Karl von Württemberg.,0,;,$.,--,33224,,
tg,rfd2.0,211683,212104,Herzog Karl von Württemberg.,0,–,XY,–,33224,,
tg,rfd2.0,211683,212104,Herzog Karl von Württemberg.,0,für,APPR,für,33224,,
tg,rfd2.0,211683,212104,Herzog Karl von Württemberg.,0,Seinen,PPOSAT,sein,33224,,
tg,rfd2.0,211683,212104,Herzog Karl von Württemberg.,0,braven,ADJA,braven,33224,,
tg,rfd2.0,211683,212104,Herzog Karl von Württemberg.,0,Vater,NN,vater,33224,,
tg,rfd2.0,211683,212104,Herzog Karl von Württemberg.,0,wünsch,ADJD,wünsch,33224,,
tg,rfd2.0,211683,212104,Herzog Karl von Württemberg.,0,',$[,--,33224,,
tg,rfd2.0,211683,212104,Herzog Karl von Württemberg.,0,ich,PPER,ich,33224,Herzog Karl von Württemberg.,0
tg,rfd2.0,211683,212104,Herzog Karl von Württemberg.,0,",","$,",--,33224,,
tg,rfd2.0,211683,212104,Herzog Karl von Württemberg.,0,daß,KOUS,daß,33224,,
tg,rfd2.0,211683,212104,Herzog Karl von Württemberg.,0,der,ART,der,33224,,
tg,rfd2.0,211683,212104,Herzog Karl von Württemberg.,0,Inhalt,NN,inhalt,33224,,
tg,rfd2.0,211683,212104,Herzog Karl von Württemberg.,0,des,ART,der,33224,,
tg,rfd2.0,211683,212104,Herzog Karl von Württemberg.,0,Buches,ADJA,buch,33224,,
tg,rfd2.0,211683,212104,Herzog Karl von Württemberg.,0,besser,ADJD,gut,33224,,
tg,rfd2.0,211683,212104,Herzog Karl von Württemberg.,0,ist,VAFIN,sein,33224,,
tg,rfd2.0,211683,212104,Herzog Karl von Württemberg.,0,",","$,",--,33224,,
tg,rfd2.0,211683,212104,Herzog Karl von Württemberg.,0,als,APPR,als,33224,,
tg,rfd2.0,211683,212104,Herzog Karl von Württemberg.,0,der,ART,der,33224,,
tg,rfd2.0,211683,212104,Herzog Karl von Württemberg.,0,Titel,NN,titel,33224,,
tg,rfd2.0,211683,212104,Herzog Karl von Württemberg.,0,und,KON,und,33224,,
tg,rfd2.0,211683,212104,Herzog Karl von Württemberg.,0,die,ART,der,33224,,
tg,rfd2.0,211683,212104,Herzog Karl von Württemberg.,0,freche,ADJA,frech,33224,,
tg,rfd2.0,211683,212104,Herzog Karl von Württemberg.,0,Entstehung,NN,entstehung,33224,,
tg,rfd2.0,211683,212104,Herzog Karl von Württemberg.,0,und,KON,und,33224,,
tg,rfd2.0,211683,212104,Herzog Karl von Württemberg.,0,Verbreitung,NN,verbreitung,33224,,
tg,rfd2.0,211683,212104,Herzog Karl von Württemberg.,0,desselben,VVINF,derselbe,33224,,
tg,rfd2.0,211683,212104,Herzog Karl von Württemberg.,0,.,$.,--,33224,,
tg,rfd2.0,211683,212104,Herzog Karl von Württemberg.,0,–,XY,–,33224,,
tg,rfd2.0,211683,212104,Herzog Karl von Württemberg.,0,Zur,APPRART,zu,33224,,
tg,rfd2.0,211683,212104,Herzog Karl von Württemberg.,0,Ruh,NN,ruh,33224,,
tg,rfd2.0,211683,212104,Herzog Karl von Württemberg.,0,"!",$.,--,33224,,
tg,rfd2.0,211683,212104,Herzog Karl von Württemberg.,0,–,XY,–,33224,,
tg,rfd2.0,211683,212104,Herzog Karl von Württemberg.,0,Im,APPRART,in,33224,,
tg,rfd2.0,211683,212104,Herzog Karl von Württemberg.,0,Hinausgehen,NN,hinausgehen,33224,,
tg,rfd2.0,211683,212104,Herzog Karl von Württemberg.,0,einen,ART,ein,33224,,
tg,rfd2.0,211683,212104,Herzog Karl von Württemberg.,0,Augenblick,NN,augenblick,33224,,
tg,rfd2.0,211683,212104,Herzog Karl von Württemberg.,0,vor,APPR,vor,33224,,
tg,rfd2.0,211683,212104,Herzog Karl von Württemberg.,0,Laura,NE,laura,33224,,
tg,rfd2.0,211683,212104,Herzog Karl von Württemberg.,0,stehenbleibend,ADJD,stehenbleibend,33224,,
tg,rfd2.0,211683,212104,Herzog Karl von Württemberg.,0,",","$,",--,33224,,
tg,rfd2.0,211683,212104,Herzog Karl von Württemberg.,0,die,PRELS,der,33224,,
tg,rfd2.0,211683,212104,Herzog Karl von Württemberg.,0,langsam,ADJD,langsam,33224,,
tg,rfd2.0,211683,212104,Herzog Karl von Württemberg.,0,von,APPR,von,33224,,
tg,rfd2.0,211683,212104,Herzog Karl von Württemberg.,0,oben,ADV,oben,33224,,
tg,rfd2.0,211683,212104,Herzog Karl von Württemberg.,0,herabgekommen,VVPP,herabkommen,33224,,
tg,rfd2.0,211683,212104,Herzog Karl von Württemberg.,0,ist,VAFIN,sein,33224,,
tg,rfd2.0,211683,212104,Herzog Karl von Württemberg.,0,",","$,",--,33224,,
tg,rfd2.0,211683,212104,Herzog Karl von Württemberg.,0,dann,ADV,dann,33224,,
tg,rfd2.0,211683,212104,Herzog Karl von Württemberg.,0,ab,PTKVZ,ab,33224,,
tg,rfd2.0,211683,212104,Herzog Karl von Württemberg.,0,.,$.,--,33224,,
tg,rfd2.0,212110,212246,Generalin Rieger.,2,Unglückliches,ADJA,unglücklich,33224,,
tg,rfd2.0,212110,212246,Generalin Rieger.,2,Kind,NN,kind,33224,,
tg,rfd2.0,212110,212246,Generalin Rieger.,2,"!",$.,--,33224,,
tg,rfd2.0,212424,212564,SCHILLER,29,Das,ART,der,33224,,
tg,rfd2.0,212424,212564,SCHILLER,29,Vertrauen,NN,vertrauen,33224,,
tg,rfd2.0,212424,212564,SCHILLER,29,auf,APPR,auf,33224,,
tg,rfd2.0,212424,212564,SCHILLER,29,die,ART,der,33224,,
tg,rfd2.0,212424,212564,SCHILLER,29,Menschen,NN,mensch,33224,,
tg,rfd2.0,212424,212564,SCHILLER,29,dahin,PROAV,dahin,33224,,
tg,rfd2.0,212424,212564,SCHILLER,29,",","$,",--,33224,,
tg,rfd2.0,212424,212564,SCHILLER,29,das,ART,der,33224,,
tg,rfd2.0,212424,212564,SCHILLER,29,Vertrauen,NN,vertrauen,33224,,
tg,rfd2.0,212424,212564,SCHILLER,29,auf,APPR,auf,33224,,
tg,rfd2.0,212424,212564,SCHILLER,29,mich,PRF,mich,33224,SCHILLER,29
tg,rfd2.0,212424,212564,SCHILLER,29,selbst,ADV,selbst,33224,,
tg,rfd2.0,212424,212564,SCHILLER,29,dahin,PROAV,dahin,33224,,
tg,rfd2.0,212424,212564,SCHILLER,29,",","$,",--,33224,,
tg,rfd2.0,212424,212564,SCHILLER,29,alles,PIS,alle,33224,,
tg,rfd2.0,212424,212564,SCHILLER,29,dahin,PROAV,dahin,33224,,
tg,rfd2.0,212424,212564,SCHILLER,29,",","$,",--,33224,,
tg,rfd2.0,212424,212564,SCHILLER,29,und,KON,und,33224,,
tg,rfd2.0,212424,212564,SCHILLER,29,die,ART,der,33224,,
tg,rfd2.0,212424,212564,SCHILLER,29,Öde,NN,öde,33224,,
tg,rfd2.0,212424,212564,SCHILLER,29,und,KON,und,33224,,
tg,rfd2.0,212424,212564,SCHILLER,29,die,ART,der,33224,,
tg,rfd2.0,212424,212564,SCHILLER,29,Verzweiflung,NN,verzweiflung,33224,,
tg,rfd2.0,212424,212564,SCHILLER,29,vor,APPR,vor,33224,,
tg,rfd2.0,212424,212564,SCHILLER,29,mir,PPER,sich,33224,SCHILLER,29
tg,rfd2.0,212424,212564,SCHILLER,29,"!",$.,--,33224,,
tg,rfd2.0,212569,212586,"Laura, deren Pflegetochter.",3,Schiller,NE,schiller,33224,SCHILLER,29
tg,rfd2.0,212569,212586,"Laura, deren Pflegetochter.",3,"!",$.,--,33224,,
tg,rfd2.0,212591,212638,SCHILLER,29,Wer,PWS,wer,33224,,
tg,rfd2.0,212591,212638,SCHILLER,29,da,ADV,da,33224,,
tg,rfd2.0,212591,212638,SCHILLER,29,?,$.,--,33224,,
tg,rfd2.0,212591,212638,SCHILLER,29,–,XY,–,33224,,
tg,rfd2.0,212591,212638,SCHILLER,29,O,NE,O,33224,,
tg,rfd2.0,212591,212638,SCHILLER,29,Gott,NN,gott,33224,,
tg,rfd2.0,212591,212638,SCHILLER,29,",","$,",--,33224,,
tg,rfd2.0,212591,212638,SCHILLER,29,die,PRELS,der,33224,,
tg,rfd2.0,212591,212638,SCHILLER,29,mich,PPER,mich,33224,SCHILLER,29
tg,rfd2.0,212591,212638,SCHILLER,29,verraten,VVPP,verraten,33224,,
tg,rfd2.0,212591,212638,SCHILLER,29,"!",$.,--,33224,,
tg,rfd2.0,212643,212672,"Laura, deren Pflegetochter.",3,Nein,PTKANT,nein,33224,,
tg,rfd2.0,212643,212672,"Laura, deren Pflegetochter.",3,",","$,",--,33224,,
tg,rfd2.0,212643,212672,"Laura, deren Pflegetochter.",3,nein,PTKANT,nein,33224,,
tg,rfd2.0,212643,212672,"Laura, deren Pflegetochter.",3,"!",$.,--,33224,,
tg,rfd2.0,212643,212672,"Laura, deren Pflegetochter.",3,–,XY,–,33224,,
tg,rfd2.0,212643,212672,"Laura, deren Pflegetochter.",3,Ja,PTKANT,ja,33224,,
tg,rfd2.0,212643,212672,"Laura, deren Pflegetochter.",3,",","$,",--,33224,,
tg,rfd2.0,212643,212672,"Laura, deren Pflegetochter.",3,ja,ADV,ja,33224,,
tg,rfd2.0,212643,212672,"Laura, deren Pflegetochter.",3,"!",$.,--,33224,,
tg,rfd2.0,212677,212744,SCHILLER,29,So,ADV,so,33224,,
tg,rfd2.0,212677,212744,SCHILLER,29,jung,ADJD,jung,33224,,
tg,rfd2.0,212677,212744,SCHILLER,29,",","$,",--,33224,,
tg,rfd2.0,212677,212744,SCHILLER,29,so,ADV,so,33224,,
tg,rfd2.0,212677,212744,SCHILLER,29,schön,ADJD,schön,33224,,
tg,rfd2.0,212677,212744,SCHILLER,29,",","$,",--,33224,,
tg,rfd2.0,212677,212744,SCHILLER,29,so,ADV,so,33224,,
tg,rfd2.0,212677,212744,SCHILLER,29,liebenswürdig,ADJD,liebenswürdig,33224,,
tg,rfd2.0,212677,212744,SCHILLER,29,und,KON,und,33224,,
tg,rfd2.0,212677,212744,SCHILLER,29,schon,ADV,schon,33224,,
tg,rfd2.0,212677,212744,SCHILLER,29,so,ADV,so,33224,,
tg,rfd2.0,212677,212744,SCHILLER,29,–,CARD,–,33224,,
tg,rfd2.0,212677,212744,SCHILLER,29,klug,ADJD,klug,33224,,
tg,rfd2.0,212677,212744,SCHILLER,29,.,$.,--,33224,,
tg,rfd2.0,212749,212780,"Laura, deren Pflegetochter.",3,Um,KOUI,um,33224,,
tg,rfd2.0,212749,212780,"Laura, deren Pflegetochter.",3,Gottes,NN,gott,33224,,
tg,rfd2.0,212749,212780,"Laura, deren Pflegetochter.",3,willen,APZR,willen,33224,,
tg,rfd2.0,212749,212780,"Laura, deren Pflegetochter.",3,nicht,PTKNEG,nicht,33224,,
tg,rfd2.0,212749,212780,"Laura, deren Pflegetochter.",3,"!",$.,--,33224,,
tg,rfd2.0,212785,212978,SCHILLER,29,Was,PWS,was,33224,,
tg,rfd2.0,212785,212978,SCHILLER,29,hab,VAFIN,hab,33224,,
tg,rfd2.0,212785,212978,SCHILLER,29,',$[,--,33224,,
tg,rfd2.0,212785,212978,SCHILLER,29,ich,PPER,ich,33224,SCHILLER,29
tg,rfd2.0,212785,212978,SCHILLER,29,Ihnen,PPER,ihnen,33224,,
tg,rfd2.0,212785,212978,SCHILLER,29,getan,VVPP,tun,33224,,
tg,rfd2.0,212785,212978,SCHILLER,29,?,$.,--,33224,,
tg,rfd2.0,212785,212978,SCHILLER,29,Ich,PPER,ich,33224,,
tg,rfd2.0,212785,212978,SCHILLER,29,habe,VAFIN,haben,33224,,
tg,rfd2.0,212785,212978,SCHILLER,29,Sie,PPER,sie,33224,,
tg,rfd2.0,212785,212978,SCHILLER,29,geliebt,VVPP,lieben,33224,,
tg,rfd2.0,212785,212978,SCHILLER,29,"!",$.,--,33224,,
tg,rfd2.0,212785,212978,SCHILLER,29,Ist,VAFIN,sein,33224,,
tg,rfd2.0,212785,212978,SCHILLER,29,es,PPER,es,33224,,
tg,rfd2.0,212785,212978,SCHILLER,29,denn,ADV,denn,33224,,
tg,rfd2.0,212785,212978,SCHILLER,29,gar,ADV,gar,33224,,
tg,rfd2.0,212785,212978,SCHILLER,29,so,ADV,so,33224,,
tg,rfd2.0,212785,212978,SCHILLER,29,beleidigend,ADJD,beleidigend,33224,,
tg,rfd2.0,212785,212978,SCHILLER,29,",","$,",--,33224,,
tg,rfd2.0,212785,212978,SCHILLER,29,von,APPR,von,33224,,
tg,rfd2.0,212785,212978,SCHILLER,29,einem,ART,ein,33224,,
tg,rfd2.0,212785,212978,SCHILLER,29,Menschen,NN,mensch,33224,,
tg,rfd2.0,212785,212978,SCHILLER,29,geliebt,VVPP,lieben,33224,,
tg,rfd2.0,212785,212978,SCHILLER,29,zu,PTKZU,zu,33224,,
tg,rfd2.0,212785,212978,SCHILLER,29,werden,VAINF,werden,33224,,
tg,rfd2.0,212785,212978,SCHILLER,29,",","$,",--,33224,,
tg,rfd2.0,212785,212978,SCHILLER,29,der,PRELS,der,33224,,
tg,rfd2.0,212785,212978,SCHILLER,29,freilich,ADV,freilich,33224,,
tg,rfd2.0,212785,212978,SCHILLER,29,nicht,PTKNEG,nicht,33224,,
tg,rfd2.0,212785,212978,SCHILLER,29,schön,ADJD,schön,33224,,
tg,rfd2.0,212785,212978,SCHILLER,29,ist,VAFIN,sein,33224,,
tg,rfd2.0,212785,212978,SCHILLER,29,und,KON,und,33224,,
tg,rfd2.0,212785,212978,SCHILLER,29,nicht,PTKNEG,nicht,33224,,
tg,rfd2.0,212785,212978,SCHILLER,29,reich,ADJD,reich,33224,,
tg,rfd2.0,212785,212978,SCHILLER,29,und,KON,und,33224,,
tg,rfd2.0,212785,212978,SCHILLER,29,nicht,PTKNEG,nicht,33224,,
tg,rfd2.0,212785,212978,SCHILLER,29,vornehm,ADJD,vornehm,33224,,
tg,rfd2.0,212785,212978,SCHILLER,29,?,$.,--,33224,,
tg,rfd2.0,212983,213002,"Laura, deren Pflegetochter.",3,O,NE,O,33224,,
tg,rfd2.0,212983,213002,"Laura, deren Pflegetochter.",3,Schiller,NE,schiller,33224,SCHILLER,29
tg,rfd2.0,212983,213002,"Laura, deren Pflegetochter.",3,"!",$.,--,33224,,
tg,rfd2.0,213007,213522,SCHILLER,29,Der,ART,der,33224,,
tg,rfd2.0,213007,213522,SCHILLER,29,freilich,ADV,freilich,33224,,
tg,rfd2.0,213007,213522,SCHILLER,29,seine,PPOSAT,sein,33224,,
tg,rfd2.0,213007,213522,SCHILLER,29,Fähigkeiten,NN,fähigkeit,33224,,
tg,rfd2.0,213007,213522,SCHILLER,29,überschätzt,VVPP,überschätzen,33224,,
tg,rfd2.0,213007,213522,SCHILLER,29,hat,VAFIN,haben,33224,,
tg,rfd2.0,213007,213522,SCHILLER,29,und,KON,und,33224,,
tg,rfd2.0,213007,213522,SCHILLER,29,jetzt,ADV,jetzt,33224,,
tg,rfd2.0,213007,213522,SCHILLER,29,erst,ADV,erst,33224,,
tg,rfd2.0,213007,213522,SCHILLER,29,einsieht,VVFIN,einsehen,33224,,
tg,rfd2.0,213007,213522,SCHILLER,29,",","$,",--,33224,,
tg,rfd2.0,213007,213522,SCHILLER,29,daß,KOUS,daß,33224,,
tg,rfd2.0,213007,213522,SCHILLER,29,er,PPER,er,33224,,
tg,rfd2.0,213007,213522,SCHILLER,29,Glücksgüter,NN,glücksgut,33224,,
tg,rfd2.0,213007,213522,SCHILLER,29,begehrt,ADJD,begehren,33224,,
tg,rfd2.0,213007,213522,SCHILLER,29,hat,VAFIN,haben,33224,,
tg,rfd2.0,213007,213522,SCHILLER,29,",","$,",--,33224,,
tg,rfd2.0,213007,213522,SCHILLER,29,welche,PWAT,welcher,33224,,
tg,rfd2.0,213007,213522,SCHILLER,29,ihm,PPER,ihm,33224,,
tg,rfd2.0,213007,213522,SCHILLER,29,nicht,PTKNEG,nicht,33224,,
tg,rfd2.0,213007,213522,SCHILLER,29,gebühren,VVINF,gebühren,33224,,
tg,rfd2.0,213007,213522,SCHILLER,29,.,$.,--,33224,,
tg,rfd2.0,213007,213522,SCHILLER,29,War,VAFIN,sein,33224,,
tg,rfd2.0,213007,213522,SCHILLER,29,es,PPER,es,33224,,
tg,rfd2.0,213007,213522,SCHILLER,29,nötig,ADJD,nötig,33224,,
tg,rfd2.0,213007,213522,SCHILLER,29,",","$,",--,33224,,
tg,rfd2.0,213007,213522,SCHILLER,29,mich,PRF,mich,33224,SCHILLER,29
tg,rfd2.0,213007,213522,SCHILLER,29,so,ADV,so,33224,,
tg,rfd2.0,213007,213522,SCHILLER,29,in,APPR,in,33224,,
tg,rfd2.0,213007,213522,SCHILLER,29,Staub,NN,staub,33224,,
tg,rfd2.0,213007,213522,SCHILLER,29,zu,PTKZU,zu,33224,,
tg,rfd2.0,213007,213522,SCHILLER,29,treten,VVINF,treten,33224,,
tg,rfd2.0,213007,213522,SCHILLER,29,",","$,",--,33224,,
tg,rfd2.0,213007,213522,SCHILLER,29,damit,KOUS,damit,33224,,
tg,rfd2.0,213007,213522,SCHILLER,29,meine,PPOSAT,mein,33224,SCHILLER,29
tg,rfd2.0,213007,213522,SCHILLER,29,Zudringlichkeit,NN,zudringlichkeit,33224,,
tg,rfd2.0,213007,213522,SCHILLER,29,in,APPR,in,33224,,
tg,rfd2.0,213007,213522,SCHILLER,29,Schranken,NN,schranke,33224,,
tg,rfd2.0,213007,213522,SCHILLER,29,gewiesen,VVPP,weisen,33224,,
tg,rfd2.0,213007,213522,SCHILLER,29,werde,VAFIN,werden,33224,,
tg,rfd2.0,213007,213522,SCHILLER,29,",","$,",--,33224,,
tg,rfd2.0,213007,213522,SCHILLER,29,war,VAFIN,sein,33224,,
tg,rfd2.0,213007,213522,SCHILLER,29,es,PPER,es,33224,,
tg,rfd2.0,213007,213522,SCHILLER,29,nötig,ADJD,nötig,33224,,
tg,rfd2.0,213007,213522,SCHILLER,29,–,XY,–,33224,,
tg,rfd2.0,213007,213522,SCHILLER,29,?,$.,--,33224,,
tg,rfd2.0,213007,213522,SCHILLER,29,Ja,PTKANT,ja,33224,,
tg,rfd2.0,213007,213522,SCHILLER,29,",","$,",--,33224,,
tg,rfd2.0,213007,213522,SCHILLER,29,ja,ADV,ja,33224,,
tg,rfd2.0,213007,213522,SCHILLER,29,",","$,",--,33224,,
tg,rfd2.0,213007,213522,SCHILLER,29,es,PPER,es,33224,,
tg,rfd2.0,213007,213522,SCHILLER,29,war,VAFIN,sein,33224,,
tg,rfd2.0,213007,213522,SCHILLER,29,nötig,ADJD,nötig,33224,,
tg,rfd2.0,213007,213522,SCHILLER,29,"!",$.,--,33224,,
tg,rfd2.0,213007,213522,SCHILLER,29,Mein,PPOSAT,mein,33224,,
tg,rfd2.0,213007,213522,SCHILLER,29,Hochmut,NN,hochmut,33224,,
tg,rfd2.0,213007,213522,SCHILLER,29,war,VAFIN,sein,33224,,
tg,rfd2.0,213007,213522,SCHILLER,29,nicht,PTKNEG,nicht,33224,,
tg,rfd2.0,213007,213522,SCHILLER,29,anders,ADV,anders,33224,,
tg,rfd2.0,213007,213522,SCHILLER,29,zu,PTKZU,zu,33224,,
tg,rfd2.0,213007,213522,SCHILLER,29,heilen,VVINF,heilen,33224,,
tg,rfd2.0,213007,213522,SCHILLER,29,.,$.,--,33224,,
tg,rfd2.0,213007,213522,SCHILLER,29,Sie,PPER,sie,33224,,
tg,rfd2.0,213007,213522,SCHILLER,29,sind,VAFIN,sein,33224,,
tg,rfd2.0,213007,213522,SCHILLER,29,ein,ART,ein,33224,,
tg,rfd2.0,213007,213522,SCHILLER,29,kluger,ADJA,klug,33224,,
tg,rfd2.0,213007,213522,SCHILLER,29,Arzt,NN,arzt,33224,,
tg,rfd2.0,213007,213522,SCHILLER,29,gewesen,VAPP,sein,33224,,
tg,rfd2.0,213007,213522,SCHILLER,29,–,XY,–,33224,,
tg,rfd2.0,213007,213522,SCHILLER,29,Gott,NN,gott,33224,,
tg,rfd2.0,213007,213522,SCHILLER,29,verzeih,VVFIN,verzeih,33224,,
tg,rfd2.0,213007,213522,SCHILLER,29,',$[,--,33224,,
tg,rfd2.0,213007,213522,SCHILLER,29,es,PPER,es,33224,,
tg,rfd2.0,213007,213522,SCHILLER,29,Ihnen,PPER,ihnen,33224,,
tg,rfd2.0,213007,213522,SCHILLER,29,",","$,",--,33224,,
tg,rfd2.0,213007,213522,SCHILLER,29,daß,KOUS,daß,33224,,
tg,rfd2.0,213007,213522,SCHILLER,29,Sie,PPER,sie,33224,,
tg,rfd2.0,213007,213522,SCHILLER,29,mir,PPER,sich,33224,SCHILLER,29
tg,rfd2.0,213007,213522,SCHILLER,29,den,ART,der,33224,,
tg,rfd2.0,213007,213522,SCHILLER,29,Verstand,NN,verstand,33224,,
tg,rfd2.0,213007,213522,SCHILLER,29,wiedergegeben,VVPP,wiedergeben,33224,,
tg,rfd2.0,213007,213522,SCHILLER,29,und,KON,und,33224,,
tg,rfd2.0,213007,213522,SCHILLER,29,mir,PPER,sich,33224,SCHILLER,29
tg,rfd2.0,213007,213522,SCHILLER,29,nicht,PTKNEG,nicht,33224,,
tg,rfd2.0,213007,213522,SCHILLER,29,das,ART,der,33224,,
tg,rfd2.0,213007,213522,SCHILLER,29,Leben,NN,leben,33224,,
tg,rfd2.0,213007,213522,SCHILLER,29,",","$,",--,33224,,
tg,rfd2.0,213007,213522,SCHILLER,29,das,PRELS,der,33224,,
tg,rfd2.0,213007,213522,SCHILLER,29,nun,ADV,nun,33224,,
tg,rfd2.0,213007,213522,SCHILLER,29,so,ADV,so,33224,,
tg,rfd2.0,213007,213522,SCHILLER,29,jammervolle,ADJA,jammervoll,33224,,
tg,rfd2.0,213007,213522,SCHILLER,29,Leben,NN,leben,33224,,
tg,rfd2.0,213007,213522,SCHILLER,29,genommen,VVPP,nehmen,33224,,
tg,rfd2.0,213007,213522,SCHILLER,29,haben,VAFIN,haben,33224,,
tg,rfd2.0,213007,213522,SCHILLER,29,"!",$.,--,33224,,
tg,rfd2.0,213007,213522,SCHILLER,29,Er,PPER,er,33224,,
tg,rfd2.0,213007,213522,SCHILLER,29,geht,VVFIN,gehen,33224,,
tg,rfd2.0,213007,213522,SCHILLER,29,nach,APPR,nach,33224,,
tg,rfd2.0,213007,213522,SCHILLER,29,rechts,ADV,rechts,33224,,
tg,rfd2.0,213007,213522,SCHILLER,29,hinten,ADV,hinten,33224,,
tg,rfd2.0,213007,213522,SCHILLER,29,.,$.,--,33224,,
tg,rfd2.0,213528,213576,"Laura, deren Pflegetochter.",3,Schiller,NE,schiller,33224,SCHILLER,29
tg,rfd2.0,213528,213576,"Laura, deren Pflegetochter.",3,",","$,",--,33224,,
tg,rfd2.0,213528,213576,"Laura, deren Pflegetochter.",3,Schiller,NE,schiller,33224,SCHILLER,29
tg,rfd2.0,213528,213576,"Laura, deren Pflegetochter.",3,",","$,",--,33224,,
tg,rfd2.0,213528,213576,"Laura, deren Pflegetochter.",3,Sie,PPER,sie,33224,,
tg,rfd2.0,213528,213576,"Laura, deren Pflegetochter.",3,tun,VVFIN,tun,33224,,
tg,rfd2.0,213528,213576,"Laura, deren Pflegetochter.",3,mir,PPER,sich,33224,"Laura, deren Pflegetochter.",3
tg,rfd2.0,213528,213576,"Laura, deren Pflegetochter.",3,unrecht,ADJD,unrecht,33224,,
tg,rfd2.0,213528,213576,"Laura, deren Pflegetochter.",3,"!",$.,--,33224,,
tg,rfd2.0,213581,213650,SCHILLER,29,Unrecht,NN,unrecht,33224,,
tg,rfd2.0,213581,213650,SCHILLER,29,?,$.,--,33224,,
tg,rfd2.0,213581,213650,SCHILLER,29,Freilich,ADV,freilich,33224,,
tg,rfd2.0,213581,213650,SCHILLER,29,",","$,",--,33224,,
tg,rfd2.0,213581,213650,SCHILLER,29,es,PPER,es,33224,,
tg,rfd2.0,213581,213650,SCHILLER,29,ist,VAFIN,sein,33224,,
tg,rfd2.0,213581,213650,SCHILLER,29,alles,PIS,alle,33224,,
tg,rfd2.0,213581,213650,SCHILLER,29,unrecht,ADJD,unrecht,33224,,
tg,rfd2.0,213581,213650,SCHILLER,29,",","$,",--,33224,,
tg,rfd2.0,213581,213650,SCHILLER,29,was,PWS,was,33224,,
tg,rfd2.0,213581,213650,SCHILLER,29,Schiller,NE,schiller,33224,SCHILLER,29
tg,rfd2.0,213581,213650,SCHILLER,29,tut,VVFIN,tun,33224,,
tg,rfd2.0,213581,213650,SCHILLER,29,"!",$.,--,33224,,
tg,rfd2.0,213655,213788,"Laura, deren Pflegetochter.",3,Nein,PTKANT,nein,33224,,
tg,rfd2.0,213655,213788,"Laura, deren Pflegetochter.",3,",","$,",--,33224,,
tg,rfd2.0,213655,213788,"Laura, deren Pflegetochter.",3,nein,PTKANT,nein,33224,,
tg,rfd2.0,213655,213788,"Laura, deren Pflegetochter.",3,.,$.,--,33224,,
tg,rfd2.0,213655,213788,"Laura, deren Pflegetochter.",3,Unrecht,NN,unrecht,33224,,
tg,rfd2.0,213655,213788,"Laura, deren Pflegetochter.",3,ist,VAFIN,sein,33224,,
tg,rfd2.0,213655,213788,"Laura, deren Pflegetochter.",3,nur,ADV,nur,33224,,
tg,rfd2.0,213655,213788,"Laura, deren Pflegetochter.",3,dieser,PDAT,dieser,33224,,
tg,rfd2.0,213655,213788,"Laura, deren Pflegetochter.",3,Ausgang,NN,ausgang,33224,,
tg,rfd2.0,213655,213788,"Laura, deren Pflegetochter.",3,.,$.,--,33224,,
tg,rfd2.0,213655,213788,"Laura, deren Pflegetochter.",3,Der,ART,der,33224,,
tg,rfd2.0,213655,213788,"Laura, deren Pflegetochter.",3,falsche,ADJA,falsch,33224,,
tg,rfd2.0,213655,213788,"Laura, deren Pflegetochter.",3,Hauptmann,NN,hauptmann,33224,,
tg,rfd2.0,213655,213788,"Laura, deren Pflegetochter.",3,hat,VAFIN,haben,33224,,
tg,rfd2.0,213655,213788,"Laura, deren Pflegetochter.",3,ihn,PPER,ihn,33224,,
tg,rfd2.0,213655,213788,"Laura, deren Pflegetochter.",3,ja,ADV,ja,33224,,
tg,rfd2.0,213655,213788,"Laura, deren Pflegetochter.",3,herbeigeführt,VVPP,herbeiführen,33224,,
tg,rfd2.0,213655,213788,"Laura, deren Pflegetochter.",3,.,$.,--,33224,,
tg,rfd2.0,213655,213788,"Laura, deren Pflegetochter.",3,Er,PPER,er,33224,,
tg,rfd2.0,213655,213788,"Laura, deren Pflegetochter.",3,hat,VAFIN,haben,33224,,
tg,rfd2.0,213655,213788,"Laura, deren Pflegetochter.",3,mich,PPER,mich,33224,"Laura, deren Pflegetochter.",3
tg,rfd2.0,213655,213788,"Laura, deren Pflegetochter.",3,",","$,",--,33224,,
tg,rfd2.0,213655,213788,"Laura, deren Pflegetochter.",3,er,PPER,er,33224,,
tg,rfd2.0,213655,213788,"Laura, deren Pflegetochter.",3,hat,VAFIN,haben,33224,,
tg,rfd2.0,213655,213788,"Laura, deren Pflegetochter.",3,uns,PPER,uns,33224,,
tg,rfd2.0,213655,213788,"Laura, deren Pflegetochter.",3,betrogen,VVPP,betrügen,33224,,
tg,rfd2.0,213655,213788,"Laura, deren Pflegetochter.",3,"!",$.,--,33224,,
tg,rfd2.0,213793,213879,SCHILLER,29,Das,PDS,der,33224,,
tg,rfd2.0,213793,213879,SCHILLER,29,ist,VAFIN,sein,33224,,
tg,rfd2.0,213793,213879,SCHILLER,29,doch,ADV,doch,33224,,
tg,rfd2.0,213793,213879,SCHILLER,29,lieb,ADJD,lieb,33224,,
tg,rfd2.0,213793,213879,SCHILLER,29,von,APPR,von,33224,,
tg,rfd2.0,213793,213879,SCHILLER,29,Ihnen,PPER,ihnen,33224,,
tg,rfd2.0,213793,213879,SCHILLER,29,",","$,",--,33224,,
tg,rfd2.0,213793,213879,SCHILLER,29,daß,KOUS,daß,33224,,
tg,rfd2.0,213793,213879,SCHILLER,29,Sie,PPER,sie,33224,,
tg,rfd2.0,213793,213879,SCHILLER,29,mich,PRF,mich,33224,SCHILLER,29
tg,rfd2.0,213793,213879,SCHILLER,29,einer,ART,ein,33224,,
tg,rfd2.0,213793,213879,SCHILLER,29,Entschuldigung,NN,entschuldigung,33224,,
tg,rfd2.0,213793,213879,SCHILLER,29,wert,ADJD,wert,33224,,
tg,rfd2.0,213793,213879,SCHILLER,29,achten,VVINF,achten,33224,,
tg,rfd2.0,213793,213879,SCHILLER,29,.,$.,--,33224,,
tg,rfd2.0,213884,213945,"Laura, deren Pflegetochter.",3,O,NE,O,33224,,
tg,rfd2.0,213884,213945,"Laura, deren Pflegetochter.",3,nicht,PTKNEG,nicht,33224,,
tg,rfd2.0,213884,213945,"Laura, deren Pflegetochter.",3,so,ADV,so,33224,,
tg,rfd2.0,213884,213945,"Laura, deren Pflegetochter.",3,"!",$.,--,33224,,
tg,rfd2.0,213884,213945,"Laura, deren Pflegetochter.",3,Um,KOUI,um,33224,,
tg,rfd2.0,213884,213945,"Laura, deren Pflegetochter.",3,Ihre,PPOSAT,ihr,33224,,
tg,rfd2.0,213884,213945,"Laura, deren Pflegetochter.",3,Verzeihung,NN,verzeihung,33224,,
tg,rfd2.0,213884,213945,"Laura, deren Pflegetochter.",3,bitt,VVFIN,bitt,33224,,
tg,rfd2.0,213884,213945,"Laura, deren Pflegetochter.",3,',$[,--,33224,,
tg,rfd2.0,213884,213945,"Laura, deren Pflegetochter.",3,ich,PPER,ich,33224,"Laura, deren Pflegetochter.",3
tg,rfd2.0,213884,213945,"Laura, deren Pflegetochter.",3,flehentlich,ADJD,flehentlich,33224,,
tg,rfd2.0,213884,213945,"Laura, deren Pflegetochter.",3,"!",$.,--,33224,,
tg,rfd2.0,213950,214014,SCHILLER,29,Nicht,PTKNEG,nicht,33224,,
tg,rfd2.0,213950,214014,SCHILLER,29,jetzt,ADV,jetzt,33224,,
tg,rfd2.0,213950,214014,SCHILLER,29,noch,ADV,noch,33224,,
tg,rfd2.0,213950,214014,SCHILLER,29,Spott,NN,spott,33224,,
tg,rfd2.0,213950,214014,SCHILLER,29,",","$,",--,33224,,
tg,rfd2.0,213950,214014,SCHILLER,29,es,PPER,es,33224,,
tg,rfd2.0,213950,214014,SCHILLER,29,wäre,VAFIN,sein,33224,,
tg,rfd2.0,213950,214014,SCHILLER,29,entsetzlich,ADJD,entsetzlich,33224,,
tg,rfd2.0,213950,214014,SCHILLER,29,"!",$.,--,33224,,
tg,rfd2.0,214019,214565,"Laura, deren Pflegetochter.",3,Sie,PPER,sie,33224,,
tg,rfd2.0,214019,214565,"Laura, deren Pflegetochter.",3,verstehen,VVFIN,verstehen,33224,,
tg,rfd2.0,214019,214565,"Laura, deren Pflegetochter.",3,mich,PPER,mich,33224,"Laura, deren Pflegetochter.",3
tg,rfd2.0,214019,214565,"Laura, deren Pflegetochter.",3,nicht,PTKNEG,nicht,33224,,
tg,rfd2.0,214019,214565,"Laura, deren Pflegetochter.",3,",","$,",--,33224,,
tg,rfd2.0,214019,214565,"Laura, deren Pflegetochter.",3,wie,PWAV,wie,33224,,
tg,rfd2.0,214019,214565,"Laura, deren Pflegetochter.",3,ich,PPER,ich,33224,"Laura, deren Pflegetochter.",3
tg,rfd2.0,214019,214565,"Laura, deren Pflegetochter.",3,mich,PRF,mich,33224,"Laura, deren Pflegetochter.",3
tg,rfd2.0,214019,214565,"Laura, deren Pflegetochter.",3,selbst,ADV,selbst,33224,,
tg,rfd2.0,214019,214565,"Laura, deren Pflegetochter.",3,nicht,PTKNEG,nicht,33224,,
tg,rfd2.0,214019,214565,"Laura, deren Pflegetochter.",3,verstehe,VVFIN,verstehen,33224,,
tg,rfd2.0,214019,214565,"Laura, deren Pflegetochter.",3,.,$.,--,33224,,
tg,rfd2.0,214019,214565,"Laura, deren Pflegetochter.",3,Das,PDS,der,33224,,
tg,rfd2.0,214019,214565,"Laura, deren Pflegetochter.",3,hat,VAFIN,haben,33224,,
tg,rfd2.0,214019,214565,"Laura, deren Pflegetochter.",3,wohl,ADV,wohl,33224,,
tg,rfd2.0,214019,214565,"Laura, deren Pflegetochter.",3,so,ADV,so,33224,,
tg,rfd2.0,214019,214565,"Laura, deren Pflegetochter.",3,kommen,VVINF,kommen,33224,,
tg,rfd2.0,214019,214565,"Laura, deren Pflegetochter.",3,müssen,VMFIN,müssen,33224,,
tg,rfd2.0,214019,214565,"Laura, deren Pflegetochter.",3,",","$,",--,33224,,
tg,rfd2.0,214019,214565,"Laura, deren Pflegetochter.",3,weil,KOUS,weil,33224,,
tg,rfd2.0,214019,214565,"Laura, deren Pflegetochter.",3,ich,PPER,ich,33224,"Laura, deren Pflegetochter.",3
tg,rfd2.0,214019,214565,"Laura, deren Pflegetochter.",3,so,ADV,so,33224,,
tg,rfd2.0,214019,214565,"Laura, deren Pflegetochter.",3,lange,ADV,lange,33224,,
tg,rfd2.0,214019,214565,"Laura, deren Pflegetochter.",3,leichtsinnig,ADJD,leichtsinnig,33224,,
tg,rfd2.0,214019,214565,"Laura, deren Pflegetochter.",3,und,KON,und,33224,,
tg,rfd2.0,214019,214565,"Laura, deren Pflegetochter.",3,gedankenlos,ADJD,gedankenlos,33224,,
tg,rfd2.0,214019,214565,"Laura, deren Pflegetochter.",3,war,VAFIN,sein,33224,,
tg,rfd2.0,214019,214565,"Laura, deren Pflegetochter.",3,.,$.,--,33224,,
tg,rfd2.0,214019,214565,"Laura, deren Pflegetochter.",3,Jetzt,ADV,jetzt,33224,,
tg,rfd2.0,214019,214565,"Laura, deren Pflegetochter.",3,ist's,ADV,ist's,33224,,
tg,rfd2.0,214019,214565,"Laura, deren Pflegetochter.",3,zu,PTKA,zu,33224,,
tg,rfd2.0,214019,214565,"Laura, deren Pflegetochter.",3,spät,ADJD,spät,33224,,
tg,rfd2.0,214019,214565,"Laura, deren Pflegetochter.",3,–,XY,–,33224,,
tg,rfd2.0,214019,214565,"Laura, deren Pflegetochter.",3,seit,APPR,seit,33224,,
tg,rfd2.0,214019,214565,"Laura, deren Pflegetochter.",3,gestern,ADV,gestern,33224,,
tg,rfd2.0,214019,214565,"Laura, deren Pflegetochter.",3,abend,ADV,abend,33224,,
tg,rfd2.0,214019,214565,"Laura, deren Pflegetochter.",3,–,ITJ,–,33224,,
tg,rfd2.0,214019,214565,"Laura, deren Pflegetochter.",3,ach,PRF,ach,33224,,
tg,rfd2.0,214019,214565,"Laura, deren Pflegetochter.",3,du,PPER,du,33224,,
tg,rfd2.0,214019,214565,"Laura, deren Pflegetochter.",3,lieber,ADJD,lieber,33224,,
tg,rfd2.0,214019,214565,"Laura, deren Pflegetochter.",3,Himmel,NN,himmel,33224,,
tg,rfd2.0,214019,214565,"Laura, deren Pflegetochter.",3,",","$,",--,33224,,
tg,rfd2.0,214019,214565,"Laura, deren Pflegetochter.",3,ich,PPER,ich,33224,"Laura, deren Pflegetochter.",3
tg,rfd2.0,214019,214565,"Laura, deren Pflegetochter.",3,kann,VMFIN,können,33224,,
tg,rfd2.0,214019,214565,"Laura, deren Pflegetochter.",3,es,PPER,es,33224,,
tg,rfd2.0,214019,214565,"Laura, deren Pflegetochter.",3,selbst,ADV,selbst,33224,,
tg,rfd2.0,214019,214565,"Laura, deren Pflegetochter.",3,nicht,PTKNEG,nicht,33224,,
tg,rfd2.0,214019,214565,"Laura, deren Pflegetochter.",3,begreifen,VVINF,begreifen,33224,,
tg,rfd2.0,214019,214565,"Laura, deren Pflegetochter.",3,und,KON,und,33224,,
tg,rfd2.0,214019,214565,"Laura, deren Pflegetochter.",3,noch,ADV,noch,33224,,
tg,rfd2.0,214019,214565,"Laura, deren Pflegetochter.",3,weniger,ADV,weniger,33224,,
tg,rfd2.0,214019,214565,"Laura, deren Pflegetochter.",3,aussprechen,VVFIN,aussprechen,33224,,
tg,rfd2.0,214019,214565,"Laura, deren Pflegetochter.",3,"!",$.,--,33224,,
tg,rfd2.0,214019,214565,"Laura, deren Pflegetochter.",3,Aber,KON,aber,33224,,
tg,rfd2.0,214019,214565,"Laura, deren Pflegetochter.",3,",","$,",--,33224,,
tg,rfd2.0,214019,214565,"Laura, deren Pflegetochter.",3,Schiller,NE,schiller,33224,SCHILLER,29
tg,rfd2.0,214019,214565,"Laura, deren Pflegetochter.",3,",","$,",--,33224,,
tg,rfd2.0,214019,214565,"Laura, deren Pflegetochter.",3,ich,PPER,ich,33224,"Laura, deren Pflegetochter.",3
tg,rfd2.0,214019,214565,"Laura, deren Pflegetochter.",3,könnte,VMFIN,können,33224,,
tg,rfd2.0,214019,214565,"Laura, deren Pflegetochter.",3,Sie,PPER,sie,33224,,
tg,rfd2.0,214019,214565,"Laura, deren Pflegetochter.",3,auf,APPR,auf,33224,,
tg,rfd2.0,214019,214565,"Laura, deren Pflegetochter.",3,den,ART,der,33224,,
tg,rfd2.0,214019,214565,"Laura, deren Pflegetochter.",3,Knien,NN,knie,33224,,
tg,rfd2.0,214019,214565,"Laura, deren Pflegetochter.",3,bitten,VVFIN,bitten,33224,,
tg,rfd2.0,214019,214565,"Laura, deren Pflegetochter.",3,",","$,",--,33224,,
tg,rfd2.0,214019,214565,"Laura, deren Pflegetochter.",3,mir,PPER,sich,33224,"Laura, deren Pflegetochter.",3
tg,rfd2.0,214019,214565,"Laura, deren Pflegetochter.",3,nichts,PIS,nichts,33224,,
tg,rfd2.0,214019,214565,"Laura, deren Pflegetochter.",3,Feindseliges,NN,feindselig,33224,,
tg,rfd2.0,214019,214565,"Laura, deren Pflegetochter.",3,zuzutrauen,VVINF,zutrauen,33224,,
tg,rfd2.0,214019,214565,"Laura, deren Pflegetochter.",3,"!",$.,--,33224,,
tg,rfd2.0,214019,214565,"Laura, deren Pflegetochter.",3,Feindseliges,NN,feindselig,33224,,
tg,rfd2.0,214019,214565,"Laura, deren Pflegetochter.",3,",","$,",--,33224,,
tg,rfd2.0,214019,214565,"Laura, deren Pflegetochter.",3,ich,PPER,ich,33224,"Laura, deren Pflegetochter.",3
tg,rfd2.0,214019,214565,"Laura, deren Pflegetochter.",3,gegen,APPR,gegen,33224,,
tg,rfd2.0,214019,214565,"Laura, deren Pflegetochter.",3,Sie,PPER,sie,33224,,
tg,rfd2.0,214019,214565,"Laura, deren Pflegetochter.",3,",","$,",--,33224,,
tg,rfd2.0,214019,214565,"Laura, deren Pflegetochter.",3,welch,PWAT,welcher,33224,,
tg,rfd2.0,214019,214565,"Laura, deren Pflegetochter.",3,eine,ART,ein,33224,,
tg,rfd2.0,214019,214565,"Laura, deren Pflegetochter.",3,Verirrung,NN,verirrung,33224,,
tg,rfd2.0,214019,214565,"Laura, deren Pflegetochter.",3,"!",$.,--,33224,,
tg,rfd2.0,214019,214565,"Laura, deren Pflegetochter.",3,Ich,PPER,ich,33224,,
tg,rfd2.0,214019,214565,"Laura, deren Pflegetochter.",3,habe,VAFIN,haben,33224,,
tg,rfd2.0,214019,214565,"Laura, deren Pflegetochter.",3,Ihnen,PPER,ihnen,33224,,
tg,rfd2.0,214019,214565,"Laura, deren Pflegetochter.",3,ja,ADV,ja,33224,,
tg,rfd2.0,214019,214565,"Laura, deren Pflegetochter.",3,helfen,VVINF,helfen,33224,,
tg,rfd2.0,214019,214565,"Laura, deren Pflegetochter.",3,wollen,VMFIN,wollen,33224,,
tg,rfd2.0,214019,214565,"Laura, deren Pflegetochter.",3,",","$,",--,33224,,
tg,rfd2.0,214019,214565,"Laura, deren Pflegetochter.",3,und,KON,und,33224,,
tg,rfd2.0,214019,214565,"Laura, deren Pflegetochter.",3,es,PPER,es,33224,,
tg,rfd2.0,214019,214565,"Laura, deren Pflegetochter.",3,ist,VAFIN,sein,33224,,
tg,rfd2.0,214019,214565,"Laura, deren Pflegetochter.",3,ja,ADV,ja,33224,,
tg,rfd2.0,214019,214565,"Laura, deren Pflegetochter.",3,auch,ADV,auch,33224,,
tg,rfd2.0,214019,214565,"Laura, deren Pflegetochter.",3,meine,PPOSAT,mein,33224,"Laura, deren Pflegetochter.",3
tg,rfd2.0,214019,214565,"Laura, deren Pflegetochter.",3,Angst,NN,angst,33224,,
tg,rfd2.0,214019,214565,"Laura, deren Pflegetochter.",3,und,KON,und,33224,,
tg,rfd2.0,214019,214565,"Laura, deren Pflegetochter.",3,Not,NN,not,33224,,
tg,rfd2.0,214019,214565,"Laura, deren Pflegetochter.",3,",","$,",--,33224,,
tg,rfd2.0,214019,214565,"Laura, deren Pflegetochter.",3,daß,KOUS,daß,33224,,
tg,rfd2.0,214019,214565,"Laura, deren Pflegetochter.",3,es,PPER,es,33224,,
tg,rfd2.0,214019,214565,"Laura, deren Pflegetochter.",3,so,ADV,so,33224,,
tg,rfd2.0,214019,214565,"Laura, deren Pflegetochter.",3,schrecklich,ADJD,schrecklich,33224,,
tg,rfd2.0,214019,214565,"Laura, deren Pflegetochter.",3,verunglückt,VVPP,verunglücken,33224,,
tg,rfd2.0,214019,214565,"Laura, deren Pflegetochter.",3,ist,VAFIN,sein,33224,,
tg,rfd2.0,214019,214565,"Laura, deren Pflegetochter.",3,"!",$.,--,33224,,
tg,rfd2.0,214570,214767,SCHILLER,29,Das,PDS,der,33224,,
tg,rfd2.0,214570,214767,SCHILLER,29,klingt,VVFIN,klingen,33224,,
tg,rfd2.0,214570,214767,SCHILLER,29,ja,ADV,ja,33224,,
tg,rfd2.0,214570,214767,SCHILLER,29,nicht,PTKNEG,nicht,33224,,
tg,rfd2.0,214570,214767,SCHILLER,29,wie,KOKOM,wie,33224,,
tg,rfd2.0,214570,214767,SCHILLER,29,Spott,NN,spott,33224,,
tg,rfd2.0,214570,214767,SCHILLER,29,Einige,PIAT,einiger,33224,,
tg,rfd2.0,214570,214767,SCHILLER,29,Schritte,NN,schritt,33224,,
tg,rfd2.0,214570,214767,SCHILLER,29,tretend,ADJD,tretend,33224,,
tg,rfd2.0,214570,214767,SCHILLER,29,.,$.,--,33224,,
tg,rfd2.0,214570,214767,SCHILLER,29,sind,VAFIN,sein,33224,,
tg,rfd2.0,214570,214767,SCHILLER,29,meine,PPOSAT,mein,33224,SCHILLER,29
tg,rfd2.0,214570,214767,SCHILLER,29,Gedanken,NN,gedanke,33224,,
tg,rfd2.0,214570,214767,SCHILLER,29,verwirrt,VVFIN,verwirren,33224,,
tg,rfd2.0,214570,214767,SCHILLER,29,?,$.,--,33224,,
tg,rfd2.0,214570,214767,SCHILLER,29,Sind,VAFIN,sein,33224,,
tg,rfd2.0,214570,214767,SCHILLER,29,Sie,PPER,sie,33224,,
tg,rfd2.0,214570,214767,SCHILLER,29,es,PPER,es,33224,,
tg,rfd2.0,214570,214767,SCHILLER,29,nicht,PTKNEG,nicht,33224,,
tg,rfd2.0,214570,214767,SCHILLER,29,",","$,",--,33224,,
tg,rfd2.0,214570,214767,SCHILLER,29,die,PRELS,der,33224,,
tg,rfd2.0,214570,214767,SCHILLER,29,immer,ADV,immer,33224,,
tg,rfd2.0,214570,214767,SCHILLER,29,nur,ADV,nur,33224,,
tg,rfd2.0,214570,214767,SCHILLER,29,spöttisch,ADJD,spöttisch,33224,,
tg,rfd2.0,214570,214767,SCHILLER,29,lachte,VVFIN,lachen,33224,,
tg,rfd2.0,214570,214767,SCHILLER,29,",","$,",--,33224,,
tg,rfd2.0,214570,214767,SCHILLER,29,wenn,KOUS,wenn,33224,,
tg,rfd2.0,214570,214767,SCHILLER,29,mein,PPOSAT,mein,33224,SCHILLER,29
tg,rfd2.0,214570,214767,SCHILLER,29,Herz,NN,herz,33224,,
tg,rfd2.0,214570,214767,SCHILLER,29,in,APPR,in,33224,,
tg,rfd2.0,214570,214767,SCHILLER,29,schwärmerischen,ADJA,schwärmerisch,33224,,
tg,rfd2.0,214570,214767,SCHILLER,29,Worten,NN,wort,33224,,
tg,rfd2.0,214570,214767,SCHILLER,29,überfloß,VVFIN,überfließen,33224,,
tg,rfd2.0,214570,214767,SCHILLER,29,?,$.,--,33224,,
tg,rfd2.0,214772,214787,"Laura, deren Pflegetochter.",3,Jawohl,NE,jawohl,33224,,
tg,rfd2.0,214772,214787,"Laura, deren Pflegetochter.",3,.,$.,--,33224,,
tg,rfd2.0,214792,214991,SCHILLER,29,Sind,VAFIN,sein,33224,,
tg,rfd2.0,214792,214991,SCHILLER,29,Sie,PPER,sie,33224,,
tg,rfd2.0,214792,214991,SCHILLER,29,es,PPER,es,33224,,
tg,rfd2.0,214792,214991,SCHILLER,29,nicht,PTKNEG,nicht,33224,,
tg,rfd2.0,214792,214991,SCHILLER,29,",","$,",--,33224,,
tg,rfd2.0,214792,214991,SCHILLER,29,welche,PWAT,welcher,33224,,
tg,rfd2.0,214792,214991,SCHILLER,29,gestern,ADV,gestern,33224,,
tg,rfd2.0,214792,214991,SCHILLER,29,abend,ADV,abend,33224,,
tg,rfd2.0,214792,214991,SCHILLER,29,wie,KOKOM,wie,33224,,
tg,rfd2.0,214792,214991,SCHILLER,29,zum,APPRART,zu,33224,,
tg,rfd2.0,214792,214991,SCHILLER,29,Hohne,NN,hohne,33224,,
tg,rfd2.0,214792,214991,SCHILLER,29,Teilnahme,NN,teilnahme,33224,,
tg,rfd2.0,214792,214991,SCHILLER,29,und,KON,und,33224,,
tg,rfd2.0,214792,214991,SCHILLER,29,Mitgefühl,NN,mitgefühl,33224,,
tg,rfd2.0,214792,214991,SCHILLER,29,für,APPR,für,33224,,
tg,rfd2.0,214792,214991,SCHILLER,29,mich,PPER,mich,33224,SCHILLER,29
tg,rfd2.0,214792,214991,SCHILLER,29,an,APPR,an,33224,,
tg,rfd2.0,214792,214991,SCHILLER,29,den,ART,der,33224,,
tg,rfd2.0,214792,214991,SCHILLER,29,Tag,NN,tag,33224,,
tg,rfd2.0,214792,214991,SCHILLER,29,legte,VVFIN,legen,33224,,
tg,rfd2.0,214792,214991,SCHILLER,29,und,KON,und,33224,,
tg,rfd2.0,214792,214991,SCHILLER,29,gleich,ADV,gleich,33224,,
tg,rfd2.0,214792,214991,SCHILLER,29,darauf,PROAV,darauf,33224,,
tg,rfd2.0,214792,214991,SCHILLER,29,dem,ART,der,33224,,
tg,rfd2.0,214792,214991,SCHILLER,29,Herzoge,NN,herzoge,33224,,
tg,rfd2.0,214792,214991,SCHILLER,29,zugestanden,VVPP,zugestehen,33224,,
tg,rfd2.0,214792,214991,SCHILLER,29,hat,VAFIN,haben,33224,,
tg,rfd2.0,214792,214991,SCHILLER,29,",","$,",--,33224,,
tg,rfd2.0,214792,214991,SCHILLER,29,daß,KOUS,daß,33224,,
tg,rfd2.0,214792,214991,SCHILLER,29,dies,PDS,dieser,33224,,
tg,rfd2.0,214792,214991,SCHILLER,29,eine,ART,ein,33224,,
tg,rfd2.0,214792,214991,SCHILLER,29,Verirrung,NN,verirrung,33224,,
tg,rfd2.0,214792,214991,SCHILLER,29,gewesen,VAPP,sein,33224,,
tg,rfd2.0,214792,214991,SCHILLER,29,sei,VAFIN,sein,33224,,
tg,rfd2.0,214792,214991,SCHILLER,29,.,$.,--,33224,,
tg,rfd2.0,214996,215058,"Laura, deren Pflegetochter.",3,Ich,PPER,ich,33224,,
tg,rfd2.0,214996,215058,"Laura, deren Pflegetochter.",3,schwieg,VVFIN,schweigen,33224,,
tg,rfd2.0,214996,215058,"Laura, deren Pflegetochter.",3,wenigstens,ADV,wenigstens,33224,,
tg,rfd2.0,214996,215058,"Laura, deren Pflegetochter.",3,",","$,",--,33224,,
tg,rfd2.0,214996,215058,"Laura, deren Pflegetochter.",3,wo,PWAV,wo,33224,,
tg,rfd2.0,214996,215058,"Laura, deren Pflegetochter.",3,ich,PPER,ich,33224,"Laura, deren Pflegetochter.",3
tg,rfd2.0,214996,215058,"Laura, deren Pflegetochter.",3,nicht,PTKNEG,nicht,33224,,
tg,rfd2.0,214996,215058,"Laura, deren Pflegetochter.",3,schweigen,VVINF,schweigen,33224,,
tg,rfd2.0,214996,215058,"Laura, deren Pflegetochter.",3,sollte,VMFIN,sollen,33224,,
tg,rfd2.0,214996,215058,"Laura, deren Pflegetochter.",3,.,$.,--,33224,,
tg,rfd2.0,215063,215179,SCHILLER,29,Sind,VAFIN,sein,33224,,
tg,rfd2.0,215063,215179,SCHILLER,29,Sie,PPER,sie,33224,,
tg,rfd2.0,215063,215179,SCHILLER,29,es,PPER,es,33224,,
tg,rfd2.0,215063,215179,SCHILLER,29,nicht,PTKNEG,nicht,33224,,
tg,rfd2.0,215063,215179,SCHILLER,29,",","$,",--,33224,,
tg,rfd2.0,215063,215179,SCHILLER,29,welche,PWAT,welcher,33224,,
tg,rfd2.0,215063,215179,SCHILLER,29,sich,PRF,sich,33224,,
tg,rfd2.0,215063,215179,SCHILLER,29,meinen,PPOSAT,mein,33224,SCHILLER,29
tg,rfd2.0,215063,215179,SCHILLER,29,Todfeind,NN,todfeind,33224,,
tg,rfd2.0,215063,215179,SCHILLER,29,",","$,",--,33224,,
tg,rfd2.0,215063,215179,SCHILLER,29,diesen,PDAT,dieser,33224,,
tg,rfd2.0,215063,215179,SCHILLER,29,Hauptmann,NN,hauptmann,33224,,
tg,rfd2.0,215063,215179,SCHILLER,29,",","$,",--,33224,,
tg,rfd2.0,215063,215179,SCHILLER,29,zum,APPRART,zu,33224,,
tg,rfd2.0,215063,215179,SCHILLER,29,Führer,NN,führer,33224,,
tg,rfd2.0,215063,215179,SCHILLER,29,und,KON,und,33224,,
tg,rfd2.0,215063,215179,SCHILLER,29,Leiter,NN,leiter,33224,,
tg,rfd2.0,215063,215179,SCHILLER,29,anempfehlen,VVINF,anempfehlen,33224,,
tg,rfd2.0,215063,215179,SCHILLER,29,ließ,VVFIN,lassen,33224,,
tg,rfd2.0,215063,215179,SCHILLER,29,?,$.,--,33224,,
tg,rfd2.0,215184,215199,"Laura, deren Pflegetochter.",3,Jawohl,NE,jawohl,33224,,
tg,rfd2.0,215184,215199,"Laura, deren Pflegetochter.",3,.,$.,--,33224,,
tg,rfd2.0,215204,215303,SCHILLER,29,Die,ART,der,33224,,
tg,rfd2.0,215204,215303,SCHILLER,29,diesem,PDAT,dieser,33224,,
tg,rfd2.0,215204,215303,SCHILLER,29,Hauptmann,NN,hauptmann,33224,,
tg,rfd2.0,215204,215303,SCHILLER,29,das,ART,der,33224,,
tg,rfd2.0,215204,215303,SCHILLER,29,Buch,NN,buch,33224,,
tg,rfd2.0,215204,215303,SCHILLER,29,einhändigte,VVFIN,einhändigen,33224,,
tg,rfd2.0,215204,215303,SCHILLER,29,",","$,",--,33224,,
tg,rfd2.0,215204,215303,SCHILLER,29,an,APPR,an,33224,,
tg,rfd2.0,215204,215303,SCHILLER,29,dessen,PRELAT,der,33224,,
tg,rfd2.0,215204,215303,SCHILLER,29,Entdeckung,NN,entdeckung,33224,,
tg,rfd2.0,215204,215303,SCHILLER,29,mein,PPOSAT,mein,33224,SCHILLER,29
tg,rfd2.0,215204,215303,SCHILLER,29,Wohl,NN,wohl,33224,,
tg,rfd2.0,215204,215303,SCHILLER,29,und,KON,und,33224,,
tg,rfd2.0,215204,215303,SCHILLER,29,Wehe,NN,wehe,33224,,
tg,rfd2.0,215204,215303,SCHILLER,29,hing,VVFIN,hängen,33224,,
tg,rfd2.0,215204,215303,SCHILLER,29,?,$.,--,33224,,
tg,rfd2.0,215308,215323,"Laura, deren Pflegetochter.",3,Jawohl,NE,jawohl,33224,,
tg,rfd2.0,215308,215323,"Laura, deren Pflegetochter.",3,.,$.,--,33224,,
tg,rfd2.0,215328,215688,SCHILLER,29,Und,KON,und,33224,,
tg,rfd2.0,215328,215688,SCHILLER,29,Sie,PPER,sie,33224,,
tg,rfd2.0,215328,215688,SCHILLER,29,sprechen,VVFIN,sprechen,33224,,
tg,rfd2.0,215328,215688,SCHILLER,29,davon,PROAV,davon,33224,,
tg,rfd2.0,215328,215688,SCHILLER,29,",","$,",--,33224,,
tg,rfd2.0,215328,215688,SCHILLER,29,daß,KOUS,daß,33224,,
tg,rfd2.0,215328,215688,SCHILLER,29,Sie,PPER,sie,33224,,
tg,rfd2.0,215328,215688,SCHILLER,29,mir,PPER,sich,33224,SCHILLER,29
tg,rfd2.0,215328,215688,SCHILLER,29,helfen,VVFIN,helfen,33224,,
tg,rfd2.0,215328,215688,SCHILLER,29,gewollt,VMPP,wollen,33224,,
tg,rfd2.0,215328,215688,SCHILLER,29,?,$.,--,33224,,
tg,rfd2.0,215328,215688,SCHILLER,29,"!",$.,--,33224,,
tg,rfd2.0,215328,215688,SCHILLER,29,O,NE,O,33224,,
tg,rfd2.0,215328,215688,SCHILLER,29,Fräulein,NE,fräulein,33224,,
tg,rfd2.0,215328,215688,SCHILLER,29,",","$,",--,33224,,
tg,rfd2.0,215328,215688,SCHILLER,29,mein,PPOSAT,mein,33224,SCHILLER,29
tg,rfd2.0,215328,215688,SCHILLER,29,Geist,NN,geist,33224,,
tg,rfd2.0,215328,215688,SCHILLER,29,ist,VAFIN,sein,33224,,
tg,rfd2.0,215328,215688,SCHILLER,29,zerbrochen,VVPP,zerbrechen,33224,,
tg,rfd2.0,215328,215688,SCHILLER,29,und,KON,und,33224,,
tg,rfd2.0,215328,215688,SCHILLER,29,weiß,VVFIN,weiß,33224,,
tg,rfd2.0,215328,215688,SCHILLER,29,nicht,PTKNEG,nicht,33224,,
tg,rfd2.0,215328,215688,SCHILLER,29,mehr,ADV,mehr,33224,,
tg,rfd2.0,215328,215688,SCHILLER,29,",","$,",--,33224,,
tg,rfd2.0,215328,215688,SCHILLER,29,was,PWS,was,33224,,
tg,rfd2.0,215328,215688,SCHILLER,29,groß,ADJD,groß,33224,,
tg,rfd2.0,215328,215688,SCHILLER,29,und,KON,und,33224,,
tg,rfd2.0,215328,215688,SCHILLER,29,was,PWS,was,33224,,
tg,rfd2.0,215328,215688,SCHILLER,29,klein,ADJD,klein,33224,,
tg,rfd2.0,215328,215688,SCHILLER,29,ist,VAFIN,sein,33224,,
tg,rfd2.0,215328,215688,SCHILLER,29,in,APPR,in,33224,,
tg,rfd2.0,215328,215688,SCHILLER,29,dieser,PDAT,dieser,33224,,
tg,rfd2.0,215328,215688,SCHILLER,29,Welt,NN,welt,33224,,
tg,rfd2.0,215328,215688,SCHILLER,29,",","$,",--,33224,,
tg,rfd2.0,215328,215688,SCHILLER,29,aber,KON,aber,33224,,
tg,rfd2.0,215328,215688,SCHILLER,29,soviel,PIAT,soviel,33224,,
tg,rfd2.0,215328,215688,SCHILLER,29,Fähigkeit,NN,fähigkeit,33224,,
tg,rfd2.0,215328,215688,SCHILLER,29,der,ART,der,33224,,
tg,rfd2.0,215328,215688,SCHILLER,29,Folgerung,NN,folgerung,33224,,
tg,rfd2.0,215328,215688,SCHILLER,29,ist,VAFIN,sein,33224,,
tg,rfd2.0,215328,215688,SCHILLER,29,doch,ADV,doch,33224,,
tg,rfd2.0,215328,215688,SCHILLER,29,noch,ADV,noch,33224,,
tg,rfd2.0,215328,215688,SCHILLER,29,übrig,ADJD,übrig,33224,,
tg,rfd2.0,215328,215688,SCHILLER,29,geblieben,VVPP,bleiben,33224,,
tg,rfd2.0,215328,215688,SCHILLER,29,in,APPR,in,33224,,
tg,rfd2.0,215328,215688,SCHILLER,29,meinem,PPOSAT,mein,33224,SCHILLER,29
tg,rfd2.0,215328,215688,SCHILLER,29,zerrütteten,ADJA,zerrüttet,33224,,
tg,rfd2.0,215328,215688,SCHILLER,29,Sinn,NN,sinn,33224,,
tg,rfd2.0,215328,215688,SCHILLER,29,",","$,",--,33224,,
tg,rfd2.0,215328,215688,SCHILLER,29,daß,KOUS,daß,33224,,
tg,rfd2.0,215328,215688,SCHILLER,29,ich,PPER,ich,33224,SCHILLER,29
tg,rfd2.0,215328,215688,SCHILLER,29,in,APPR,in,33224,,
tg,rfd2.0,215328,215688,SCHILLER,29,Ihnen,PPER,ihnen,33224,,
tg,rfd2.0,215328,215688,SCHILLER,29,das,ART,der,33224,,
tg,rfd2.0,215328,215688,SCHILLER,29,schimmernde,ADJA,schimmernd,33224,,
tg,rfd2.0,215328,215688,SCHILLER,29,Irrlicht,NN,irrlicht,33224,,
tg,rfd2.0,215328,215688,SCHILLER,29,erkenne,VVFIN,erkennen,33224,,
tg,rfd2.0,215328,215688,SCHILLER,29,",","$,",--,33224,,
tg,rfd2.0,215328,215688,SCHILLER,29,welches,PRELS,welcher,33224,,
tg,rfd2.0,215328,215688,SCHILLER,29,mich,PPER,mich,33224,SCHILLER,29
tg,rfd2.0,215328,215688,SCHILLER,29,geblendet,VVPP,blenden,33224,,
tg,rfd2.0,215328,215688,SCHILLER,29,und,KON,und,33224,,
tg,rfd2.0,215328,215688,SCHILLER,29,ins,APPRART,in,33224,,
tg,rfd2.0,215328,215688,SCHILLER,29,Elend,NN,elend,33224,,
tg,rfd2.0,215328,215688,SCHILLER,29,gelockt,VVPP,locken,33224,,
tg,rfd2.0,215328,215688,SCHILLER,29,hat,VAFIN,haben,33224,,
tg,rfd2.0,215328,215688,SCHILLER,29,.,$.,--,33224,,
tg,rfd2.0,215693,215729,"Laura, deren Pflegetochter.",3,O,NE,O,33224,,
tg,rfd2.0,215693,215729,"Laura, deren Pflegetochter.",3,Schiller,NE,schiller,33224,SCHILLER,29
tg,rfd2.0,215693,215729,"Laura, deren Pflegetochter.",3,",","$,",--,33224,,
tg,rfd2.0,215693,215729,"Laura, deren Pflegetochter.",3,wie,PWAV,wie,33224,,
tg,rfd2.0,215693,215729,"Laura, deren Pflegetochter.",3,schrecklich,ADJD,schrecklich,33224,,
tg,rfd2.0,215693,215729,"Laura, deren Pflegetochter.",3,"!",$.,--,33224,,
tg,rfd2.0,215734,215924,SCHILLER,29,Nein,PTKANT,nein,33224,,
tg,rfd2.0,215734,215924,SCHILLER,29,",","$,",--,33224,,
tg,rfd2.0,215734,215924,SCHILLER,29,nein,PTKANT,nein,33224,,
tg,rfd2.0,215734,215924,SCHILLER,29,",","$,",--,33224,,
tg,rfd2.0,215734,215924,SCHILLER,29,nicht,PTKNEG,nicht,33224,,
tg,rfd2.0,215734,215924,SCHILLER,29,so,ADV,so,33224,,
tg,rfd2.0,215734,215924,SCHILLER,29,"!",$.,--,33224,,
tg,rfd2.0,215734,215924,SCHILLER,29,Auch,ADV,auch,33224,,
tg,rfd2.0,215734,215924,SCHILLER,29,das,PDS,der,33224,,
tg,rfd2.0,215734,215924,SCHILLER,29,ist,VAFIN,sein,33224,,
tg,rfd2.0,215734,215924,SCHILLER,29,falsch,ADJD,falsch,33224,,
tg,rfd2.0,215734,215924,SCHILLER,29,"!",$.,--,33224,,
tg,rfd2.0,215734,215924,SCHILLER,29,Ich,PPER,ich,33224,,
tg,rfd2.0,215734,215924,SCHILLER,29,habe,VAFIN,haben,33224,,
tg,rfd2.0,215734,215924,SCHILLER,29,Ihnen,PPER,ihnen,33224,,
tg,rfd2.0,215734,215924,SCHILLER,29,zu,PTKZU,zu,33224,,
tg,rfd2.0,215734,215924,SCHILLER,29,danken,VVINF,danken,33224,,
tg,rfd2.0,215734,215924,SCHILLER,29,;,$.,--,33224,,
tg,rfd2.0,215734,215924,SCHILLER,29,denn,KON,denn,33224,,
tg,rfd2.0,215734,215924,SCHILLER,29,Ihr,PPOSAT,ihr,33224,,
tg,rfd2.0,215734,215924,SCHILLER,29,Anblick,NN,anblick,33224,,
tg,rfd2.0,215734,215924,SCHILLER,29,hat,VAFIN,haben,33224,,
tg,rfd2.0,215734,215924,SCHILLER,29,meine,PPOSAT,mein,33224,SCHILLER,29
tg,rfd2.0,215734,215924,SCHILLER,29,Seele,NN,seele,33224,,
tg,rfd2.0,215734,215924,SCHILLER,29,erquickt,VVPP,erquicken,33224,,
tg,rfd2.0,215734,215924,SCHILLER,29,"!",$.,--,33224,,
tg,rfd2.0,215734,215924,SCHILLER,29,–,XY,–,33224,,
tg,rfd2.0,215734,215924,SCHILLER,29,Was,PWS,was,33224,,
tg,rfd2.0,215734,215924,SCHILLER,29,können,VMFIN,können,33224,,
tg,rfd2.0,215734,215924,SCHILLER,29,Sie,PPER,sie,33224,,
tg,rfd2.0,215734,215924,SCHILLER,29,dafür,PROAV,dafür,33224,,
tg,rfd2.0,215734,215924,SCHILLER,29,",","$,",--,33224,,
tg,rfd2.0,215734,215924,SCHILLER,29,daß,KOUS,daß,33224,,
tg,rfd2.0,215734,215924,SCHILLER,29,ich,PPER,ich,33224,SCHILLER,29
tg,rfd2.0,215734,215924,SCHILLER,29,mir,PPER,sich,33224,SCHILLER,29
tg,rfd2.0,215734,215924,SCHILLER,29,einbildete,VVFIN,einbilden,33224,,
tg,rfd2.0,215734,215924,SCHILLER,29,ein,ART,ein,33224,,
tg,rfd2.0,215734,215924,SCHILLER,29,Dichter,NN,dichter,33224,,
tg,rfd2.0,215734,215924,SCHILLER,29,zu,PTKZU,zu,33224,,
tg,rfd2.0,215734,215924,SCHILLER,29,sein,VAINF,sein,33224,,
tg,rfd2.0,215734,215924,SCHILLER,29,"!",$.,--,33224,,
tg,rfd2.0,215929,216192,"Laura, deren Pflegetochter.",3,Schiller,NE,schiller,33224,SCHILLER,29
tg,rfd2.0,215929,216192,"Laura, deren Pflegetochter.",3,"!",$.,--,33224,,
tg,rfd2.0,215929,216192,"Laura, deren Pflegetochter.",3,–,XY,–,33224,,
tg,rfd2.0,215929,216192,"Laura, deren Pflegetochter.",3,Kurze,ADJA,kurz,33224,,
tg,rfd2.0,215929,216192,"Laura, deren Pflegetochter.",3,Pause,NN,pause,33224,,
tg,rfd2.0,215929,216192,"Laura, deren Pflegetochter.",3,",","$,",--,33224,,
tg,rfd2.0,215929,216192,"Laura, deren Pflegetochter.",3,dann,ADV,dann,33224,,
tg,rfd2.0,215929,216192,"Laura, deren Pflegetochter.",3,mit,APPR,mit,33224,,
tg,rfd2.0,215929,216192,"Laura, deren Pflegetochter.",3,halber,ADJA,halber,33224,,
tg,rfd2.0,215929,216192,"Laura, deren Pflegetochter.",3,Stimme,NN,stimme,33224,,
tg,rfd2.0,215929,216192,"Laura, deren Pflegetochter.",3,.,$.,--,33224,,
tg,rfd2.0,215929,216192,"Laura, deren Pflegetochter.",3,Wenn,KOUS,wenn,33224,,
tg,rfd2.0,215929,216192,"Laura, deren Pflegetochter.",3,ich,PPER,ich,33224,"Laura, deren Pflegetochter.",3
tg,rfd2.0,215929,216192,"Laura, deren Pflegetochter.",3,nur,ADV,nur,33224,,
tg,rfd2.0,215929,216192,"Laura, deren Pflegetochter.",3,was,PWS,was,33224,,
tg,rfd2.0,215929,216192,"Laura, deren Pflegetochter.",3,wäre,VAFIN,sein,33224,,
tg,rfd2.0,215929,216192,"Laura, deren Pflegetochter.",3,und,KON,und,33224,,
tg,rfd2.0,215929,216192,"Laura, deren Pflegetochter.",3,was,PWS,was,33224,,
tg,rfd2.0,215929,216192,"Laura, deren Pflegetochter.",3,hätte,VAFIN,haben,33224,,
tg,rfd2.0,215929,216192,"Laura, deren Pflegetochter.",3,",","$,",--,33224,,
tg,rfd2.0,215929,216192,"Laura, deren Pflegetochter.",3,um,KOUI,um,33224,,
tg,rfd2.0,215929,216192,"Laura, deren Pflegetochter.",3,Ihnen,PPER,ihnen,33224,,
tg,rfd2.0,215929,216192,"Laura, deren Pflegetochter.",3,einen,ART,ein,33224,,
tg,rfd2.0,215929,216192,"Laura, deren Pflegetochter.",3,Beweis,NN,beweis,33224,,
tg,rfd2.0,215929,216192,"Laura, deren Pflegetochter.",3,zu,PTKZU,zu,33224,,
tg,rfd2.0,215929,216192,"Laura, deren Pflegetochter.",3,geben,VVINF,geben,33224,,
tg,rfd2.0,215929,216192,"Laura, deren Pflegetochter.",3,"!",$.,--,33224,,
tg,rfd2.0,215929,216192,"Laura, deren Pflegetochter.",3,Mit,APPR,mit,33224,,
tg,rfd2.0,215929,216192,"Laura, deren Pflegetochter.",3,Worten,NN,wort,33224,,
tg,rfd2.0,215929,216192,"Laura, deren Pflegetochter.",3,kann,VMFIN,können,33224,,
tg,rfd2.0,215929,216192,"Laura, deren Pflegetochter.",3,ich,PPER,ich,33224,"Laura, deren Pflegetochter.",3
tg,rfd2.0,215929,216192,"Laura, deren Pflegetochter.",3,ja,ADV,ja,33224,,
tg,rfd2.0,215929,216192,"Laura, deren Pflegetochter.",3,nichts,PIS,nichts,33224,,
tg,rfd2.0,215929,216192,"Laura, deren Pflegetochter.",3,beweisen,VVFIN,beweisen,33224,,
tg,rfd2.0,215929,216192,"Laura, deren Pflegetochter.",3,.,$.,--,33224,,
tg,rfd2.0,215929,216192,"Laura, deren Pflegetochter.",3,Hätt,NE,hätt,33224,,
tg,rfd2.0,215929,216192,"Laura, deren Pflegetochter.",3,',$[,--,33224,,
tg,rfd2.0,215929,216192,"Laura, deren Pflegetochter.",3,ich,PPER,ich,33224,"Laura, deren Pflegetochter.",3
tg,rfd2.0,215929,216192,"Laura, deren Pflegetochter.",3,ein,ART,ein,33224,,
tg,rfd2.0,215929,216192,"Laura, deren Pflegetochter.",3,Königreich,NN,königreich,33224,,
tg,rfd2.0,215929,216192,"Laura, deren Pflegetochter.",3,und,KON,und,33224,,
tg,rfd2.0,215929,216192,"Laura, deren Pflegetochter.",3,könnt,VVFIN,können,33224,,
tg,rfd2.0,215929,216192,"Laura, deren Pflegetochter.",3,',$[,--,33224,,
tg,rfd2.0,215929,216192,"Laura, deren Pflegetochter.",3,ich's,PPER,ich,33224,,
tg,rfd2.0,215929,216192,"Laura, deren Pflegetochter.",3,Ihnen,PPER,ihnen,33224,,
tg,rfd2.0,215929,216192,"Laura, deren Pflegetochter.",3,zu,APPR,zu,33224,,
tg,rfd2.0,215929,216192,"Laura, deren Pflegetochter.",3,Füßen,NN,fuß,33224,,
tg,rfd2.0,215929,216192,"Laura, deren Pflegetochter.",3,legen,VVFIN,legen,33224,,
tg,rfd2.0,215929,216192,"Laura, deren Pflegetochter.",3,",","$,",--,33224,,
tg,rfd2.0,215929,216192,"Laura, deren Pflegetochter.",3,vielleicht,ADV,vielleicht,33224,,
tg,rfd2.0,215929,216192,"Laura, deren Pflegetochter.",3,glaubten,VVFIN,glauben,33224,,
tg,rfd2.0,215929,216192,"Laura, deren Pflegetochter.",3,Sie,PPER,sie,33224,,
tg,rfd2.0,215929,216192,"Laura, deren Pflegetochter.",3,mir,PPER,sich,33224,"Laura, deren Pflegetochter.",3
tg,rfd2.0,215929,216192,"Laura, deren Pflegetochter.",3,dann,ADV,dann,33224,,
tg,rfd2.0,215929,216192,"Laura, deren Pflegetochter.",3,.,$.,--,33224,,
tg,rfd2.0,216197,216228,SCHILLER,29,Allmächtiger,ADJA,allmächtig,33224,,
tg,rfd2.0,216197,216228,SCHILLER,29,Gott,NN,gott,33224,,
tg,rfd2.0,216197,216228,SCHILLER,29,–,XY,–,33224,,
tg,rfd2.0,216197,216228,SCHILLER,29,"!",$.,--,33224,,
tg,rfd2.0,216233,216392,"Laura, deren Pflegetochter.",3,Aber,KON,aber,33224,,
tg,rfd2.0,216233,216392,"Laura, deren Pflegetochter.",3,ich,PPER,ich,33224,"Laura, deren Pflegetochter.",3
tg,rfd2.0,216233,216392,"Laura, deren Pflegetochter.",3,bin,VAFIN,sein,33224,,
tg,rfd2.0,216233,216392,"Laura, deren Pflegetochter.",3,und,KON,und,33224,,
tg,rfd2.0,216233,216392,"Laura, deren Pflegetochter.",3,habe,VAFIN,haben,33224,,
tg,rfd2.0,216233,216392,"Laura, deren Pflegetochter.",3,nichts,PIS,nichts,33224,,
tg,rfd2.0,216233,216392,"Laura, deren Pflegetochter.",3,als,APPR,als,33224,,
tg,rfd2.0,216233,216392,"Laura, deren Pflegetochter.",3,den,ART,der,33224,,
tg,rfd2.0,216233,216392,"Laura, deren Pflegetochter.",3,Flitterputz,NN,flitterputz,33224,,
tg,rfd2.0,216233,216392,"Laura, deren Pflegetochter.",3,eines,ART,ein,33224,,
tg,rfd2.0,216233,216392,"Laura, deren Pflegetochter.",3,armen,ADJA,arm,33224,,
tg,rfd2.0,216233,216392,"Laura, deren Pflegetochter.",3,Waisenmädchens,NN,waisenmädchen,33224,,
tg,rfd2.0,216233,216392,"Laura, deren Pflegetochter.",3,",","$,",--,33224,,
tg,rfd2.0,216233,216392,"Laura, deren Pflegetochter.",3,das,ART,der,33224,,
tg,rfd2.0,216233,216392,"Laura, deren Pflegetochter.",3,seinem,PPOSAT,sein,33224,,
tg,rfd2.0,216233,216392,"Laura, deren Pflegetochter.",3,Wohltäter,NN,wohltäter,33224,,
tg,rfd2.0,216233,216392,"Laura, deren Pflegetochter.",3,gefallen,VVINF,gefallen,33224,,
tg,rfd2.0,216233,216392,"Laura, deren Pflegetochter.",3,soll,VMFIN,sollen,33224,,
tg,rfd2.0,216233,216392,"Laura, deren Pflegetochter.",3,",","$,",--,33224,,
tg,rfd2.0,216233,216392,"Laura, deren Pflegetochter.",3,ich,PPER,ich,33224,"Laura, deren Pflegetochter.",3
tg,rfd2.0,216233,216392,"Laura, deren Pflegetochter.",3,habe,VAFIN,haben,33224,,
tg,rfd2.0,216233,216392,"Laura, deren Pflegetochter.",3,nichts,PIS,nichts,33224,,
tg,rfd2.0,216233,216392,"Laura, deren Pflegetochter.",3,zu,PTKZU,zu,33224,,
tg,rfd2.0,216233,216392,"Laura, deren Pflegetochter.",3,verschenken,VVINF,verschenken,33224,,
tg,rfd2.0,216233,216392,"Laura, deren Pflegetochter.",3,–,XY,–,33224,,
tg,rfd2.0,216233,216392,"Laura, deren Pflegetochter.",3,als,KOKOM,als,33224,,
tg,rfd2.0,216233,216392,"Laura, deren Pflegetochter.",3,–,XY,–,33224,,
tg,rfd2.0,216397,216437,SCHILLER,29,Als,APPR,als,33224,,
tg,rfd2.0,216397,216437,SCHILLER,29,–,NN,–,33224,,
tg,rfd2.0,216397,216437,SCHILLER,29,?,$.,--,33224,,
tg,rfd2.0,216442,216518,"Laura, deren Pflegetochter.",3,Als,APPR,als,33224,,
tg,rfd2.0,216442,216518,"Laura, deren Pflegetochter.",3,ein,ART,ein,33224,,
tg,rfd2.0,216442,216518,"Laura, deren Pflegetochter.",3,kindisches,ADJA,kindisch,33224,,
tg,rfd2.0,216442,216518,"Laura, deren Pflegetochter.",3,Herz,NN,herz,33224,,
tg,rfd2.0,216442,216518,"Laura, deren Pflegetochter.",3,",","$,",--,33224,,
tg,rfd2.0,216442,216518,"Laura, deren Pflegetochter.",3,das,PRELS,der,33224,,
tg,rfd2.0,216442,216518,"Laura, deren Pflegetochter.",3,ein,ART,ein,33224,,
tg,rfd2.0,216442,216518,"Laura, deren Pflegetochter.",3,Dichter,NN,dichter,33224,,
tg,rfd2.0,216442,216518,"Laura, deren Pflegetochter.",3,erst,ADV,erst,33224,,
tg,rfd2.0,216442,216518,"Laura, deren Pflegetochter.",3,zu,APPR,zu,33224,,
tg,rfd2.0,216442,216518,"Laura, deren Pflegetochter.",3,etwas,PIAT,etwas,33224,,
tg,rfd2.0,216442,216518,"Laura, deren Pflegetochter.",3,machen,VVINF,machen,33224,,
tg,rfd2.0,216442,216518,"Laura, deren Pflegetochter.",3,müßte,VMFIN,müssen,33224,,
tg,rfd2.0,216442,216518,"Laura, deren Pflegetochter.",3,.,$.,--,33224,,
tg,rfd2.0,216523,216774,SCHILLER,29,Das,PDS,der,33224,,
tg,rfd2.0,216523,216774,SCHILLER,29,einen,ART,ein,33224,,
tg,rfd2.0,216523,216774,SCHILLER,29,Dichter,NN,dichter,33224,,
tg,rfd2.0,216523,216774,SCHILLER,29,zum,APPRART,zu,33224,,
tg,rfd2.0,216523,216774,SCHILLER,29,Gott,NN,gott,33224,,
tg,rfd2.0,216523,216774,SCHILLER,29,erheben,VVINF,erheben,33224,,
tg,rfd2.0,216523,216774,SCHILLER,29,würde,VAFIN,werden,33224,,
tg,rfd2.0,216523,216774,SCHILLER,29,",","$,",--,33224,,
tg,rfd2.0,216523,216774,SCHILLER,29,wenn,KOUS,wenn,33224,,
tg,rfd2.0,216523,216774,SCHILLER,29,man's,VVFIN,man,33224,,
tg,rfd2.0,216523,216774,SCHILLER,29,ihm,PPER,ihm,33224,,
tg,rfd2.0,216523,216774,SCHILLER,29,anvertrauen,VVIZU,anvertrauen,33224,,
tg,rfd2.0,216523,216774,SCHILLER,29,–,XY,–,33224,,
tg,rfd2.0,216523,216774,SCHILLER,29,",","$,",--,33224,,
tg,rfd2.0,216523,216774,SCHILLER,29,mein,PPOSAT,mein,33224,SCHILLER,29
tg,rfd2.0,216523,216774,SCHILLER,29,Fräulein,NN,fräulein,33224,,
tg,rfd2.0,216523,216774,SCHILLER,29,",","$,",--,33224,,
tg,rfd2.0,216523,216774,SCHILLER,29,um,KOUI,um,33224,,
tg,rfd2.0,216523,216774,SCHILLER,29,Gottes,NN,gott,33224,,
tg,rfd2.0,216523,216774,SCHILLER,29,willen,APZR,willen,33224,,
tg,rfd2.0,216523,216774,SCHILLER,29,nur,ADV,nur,33224,,
tg,rfd2.0,216523,216774,SCHILLER,29,jetzt,ADV,jetzt,33224,,
tg,rfd2.0,216523,216774,SCHILLER,29,nicht,PTKNEG,nicht,33224,,
tg,rfd2.0,216523,216774,SCHILLER,29,wieder,ADV,wieder,33224,,
tg,rfd2.0,216523,216774,SCHILLER,29,einen,ART,ein,33224,,
tg,rfd2.0,216523,216774,SCHILLER,29,Irrtum,NN,irrtum,33224,,
tg,rfd2.0,216523,216774,SCHILLER,29,meiner,PPOSAT,mein,33224,SCHILLER,29
tg,rfd2.0,216523,216774,SCHILLER,29,Seele,NN,seele,33224,,
tg,rfd2.0,216523,216774,SCHILLER,29,"!",$.,--,33224,,
tg,rfd2.0,216523,216774,SCHILLER,29,–,XY,–,33224,,
tg,rfd2.0,216523,216774,SCHILLER,29,Wenn,KOUS,wenn,33224,,
tg,rfd2.0,216523,216774,SCHILLER,29,man's,VVFIN,man,33224,,
tg,rfd2.0,216523,216774,SCHILLER,29,ihm,PPER,ihm,33224,,
tg,rfd2.0,216523,216774,SCHILLER,29,anvertrauen,VVIZU,anvertrauen,33224,,
tg,rfd2.0,216523,216774,SCHILLER,29,wollte,VMFIN,wollen,33224,,
tg,rfd2.0,216523,216774,SCHILLER,29,dieses,PDAT,dieser,33224,,
tg,rfd2.0,216523,216774,SCHILLER,29,Herz,NN,herz,33224,,
tg,rfd2.0,216523,216774,SCHILLER,29,"!",$.,--,33224,,
tg,rfd2.0,216523,216774,SCHILLER,29,–,XY,–,33224,,
tg,rfd2.0,216523,216774,SCHILLER,29,Wär,FM,sein,33224,,
tg,rfd2.0,216523,216774,SCHILLER,29,',$[,--,33224,,
tg,rfd2.0,216523,216774,SCHILLER,29,es,PPER,es,33224,,
tg,rfd2.0,216523,216774,SCHILLER,29,möglich,ADJD,möglich,33224,,
tg,rfd2.0,216523,216774,SCHILLER,29,–,XY,–,33224,,
tg,rfd2.0,216523,216774,SCHILLER,29,?,$.,--,33224,,
tg,rfd2.0,216780,216907,"Laura, deren Pflegetochter.",3,Anvertrauen,NN,anvertrauen,33224,,
tg,rfd2.0,216780,216907,"Laura, deren Pflegetochter.",3,"!",$.,--,33224,,
tg,rfd2.0,216780,216907,"Laura, deren Pflegetochter.",3,Wo,PWAV,wo,33224,,
tg,rfd2.0,216780,216907,"Laura, deren Pflegetochter.",3,soll,VMFIN,sollen,33224,,
tg,rfd2.0,216780,216907,"Laura, deren Pflegetochter.",3,ich,PPER,ich,33224,"Laura, deren Pflegetochter.",3
tg,rfd2.0,216780,216907,"Laura, deren Pflegetochter.",3,armes,ADJA,arm,33224,,
tg,rfd2.0,216780,216907,"Laura, deren Pflegetochter.",3,Kind,NN,kind,33224,,
tg,rfd2.0,216780,216907,"Laura, deren Pflegetochter.",3,den,ART,der,33224,,
tg,rfd2.0,216780,216907,"Laura, deren Pflegetochter.",3,Mut,NN,mut,33224,,
tg,rfd2.0,216780,216907,"Laura, deren Pflegetochter.",3,dazu,PROAV,dazu,33224,,
tg,rfd2.0,216780,216907,"Laura, deren Pflegetochter.",3,finden,VVINF,finden,33224,,
tg,rfd2.0,216780,216907,"Laura, deren Pflegetochter.",3,",","$,",--,33224,,
tg,rfd2.0,216780,216907,"Laura, deren Pflegetochter.",3,wenn,KOUS,wenn,33224,,
tg,rfd2.0,216780,216907,"Laura, deren Pflegetochter.",3,der,ART,der,33224,,
tg,rfd2.0,216780,216907,"Laura, deren Pflegetochter.",3,Dichter,NN,dichter,33224,,
tg,rfd2.0,216780,216907,"Laura, deren Pflegetochter.",3,nicht,PTKNEG,nicht,33224,,
tg,rfd2.0,216780,216907,"Laura, deren Pflegetochter.",3,mehr,ADV,mehr,33224,,
tg,rfd2.0,216780,216907,"Laura, deren Pflegetochter.",3,den,ART,der,33224,,
tg,rfd2.0,216780,216907,"Laura, deren Pflegetochter.",3,Mut,NN,mut,33224,,
tg,rfd2.0,216780,216907,"Laura, deren Pflegetochter.",3,hat,VAFIN,haben,33224,,
tg,rfd2.0,216780,216907,"Laura, deren Pflegetochter.",3,",","$,",--,33224,,
tg,rfd2.0,216780,216907,"Laura, deren Pflegetochter.",3,ein,ART,ein,33224,,
tg,rfd2.0,216780,216907,"Laura, deren Pflegetochter.",3,Dichter,NN,dichter,33224,,
tg,rfd2.0,216780,216907,"Laura, deren Pflegetochter.",3,zu,PTKZU,zu,33224,,
tg,rfd2.0,216780,216907,"Laura, deren Pflegetochter.",3,sein,VAINF,sein,33224,,
tg,rfd2.0,216780,216907,"Laura, deren Pflegetochter.",3,?,$.,--,33224,,
tg,rfd2.0,216780,216907,"Laura, deren Pflegetochter.",3,"!",$.,--,33224,,
tg,rfd2.0,216912,217130,SCHILLER,29,Er,PPER,er,33224,,
tg,rfd2.0,216912,217130,SCHILLER,29,findet,VVFIN,finden,33224,,
tg,rfd2.0,216912,217130,SCHILLER,29,ihn,PPER,ihn,33224,,
tg,rfd2.0,216912,217130,SCHILLER,29,wieder,ADV,wieder,33224,,
tg,rfd2.0,216912,217130,SCHILLER,29,",","$,",--,33224,,
tg,rfd2.0,216912,217130,SCHILLER,29,ich,PPER,ich,33224,SCHILLER,29
tg,rfd2.0,216912,217130,SCHILLER,29,fühl's,VVFIN,fühl,33224,,
tg,rfd2.0,216912,217130,SCHILLER,29,",","$,",--,33224,,
tg,rfd2.0,216912,217130,SCHILLER,29,es,PPER,es,33224,,
tg,rfd2.0,216912,217130,SCHILLER,29,strömt,VVFIN,strömen,33224,,
tg,rfd2.0,216912,217130,SCHILLER,29,der,ART,der,33224,,
tg,rfd2.0,216912,217130,SCHILLER,29,Mut,NN,mut,33224,,
tg,rfd2.0,216912,217130,SCHILLER,29,von,APPR,von,33224,,
tg,rfd2.0,216912,217130,SCHILLER,29,Ihnen,PPER,ihnen,33224,,
tg,rfd2.0,216912,217130,SCHILLER,29,wie,KOKOM,wie,33224,,
tg,rfd2.0,216912,217130,SCHILLER,29,strahlendes,ADJA,strahlend,33224,,
tg,rfd2.0,216912,217130,SCHILLER,29,Morgenlicht,NN,morgenlicht,33224,,
tg,rfd2.0,216912,217130,SCHILLER,29,in,APPR,in,33224,,
tg,rfd2.0,216912,217130,SCHILLER,29,meine,PPOSAT,mein,33224,SCHILLER,29
tg,rfd2.0,216912,217130,SCHILLER,29,Seele,NN,seele,33224,,
tg,rfd2.0,216912,217130,SCHILLER,29,",","$,",--,33224,,
tg,rfd2.0,216912,217130,SCHILLER,29,wenn,KOUS,wenn,33224,,
tg,rfd2.0,216912,217130,SCHILLER,29,das,PDS,der,33224,,
tg,rfd2.0,216912,217130,SCHILLER,29,",","$,",--,33224,,
tg,rfd2.0,216912,217130,SCHILLER,29,was,PRELS,was,33224,,
tg,rfd2.0,216912,217130,SCHILLER,29,ich,PPER,ich,33224,SCHILLER,29
tg,rfd2.0,216912,217130,SCHILLER,29,da,ADV,da,33224,,
tg,rfd2.0,216912,217130,SCHILLER,29,höre,VVFIN,hören,33224,,
tg,rfd2.0,216912,217130,SCHILLER,29,und,KON,und,33224,,
tg,rfd2.0,216912,217130,SCHILLER,29,empfinde,VVFIN,empfinden,33224,,
tg,rfd2.0,216912,217130,SCHILLER,29,",","$,",--,33224,,
tg,rfd2.0,216912,217130,SCHILLER,29,kein,PIAT,kein,33224,,
tg,rfd2.0,216912,217130,SCHILLER,29,Traum,NN,traum,33224,,
tg,rfd2.0,216912,217130,SCHILLER,29,ist,VAFIN,sein,33224,,
tg,rfd2.0,216912,217130,SCHILLER,29,"!",$.,--,33224,,
tg,rfd2.0,216912,217130,SCHILLER,29,Ist,VAFIN,sein,33224,,
tg,rfd2.0,216912,217130,SCHILLER,29,es,PPER,es,33224,,
tg,rfd2.0,216912,217130,SCHILLER,29,kein,PIAT,kein,33224,,
tg,rfd2.0,216912,217130,SCHILLER,29,Traum,NN,traum,33224,,
tg,rfd2.0,216912,217130,SCHILLER,29,?,$.,--,33224,,
tg,rfd2.0,216912,217130,SCHILLER,29,Laura,NE,laura,33224,,
tg,rfd2.0,216912,217130,SCHILLER,29,",","$,",--,33224,,
tg,rfd2.0,216912,217130,SCHILLER,29,Laura,NE,laura,33224,,
tg,rfd2.0,216912,217130,SCHILLER,29,",","$,",--,33224,,
tg,rfd2.0,216912,217130,SCHILLER,29,dies,PDS,dieser,33224,,
tg,rfd2.0,216912,217130,SCHILLER,29,Herz,NN,herz,33224,,
tg,rfd2.0,216912,217130,SCHILLER,29,–,XY,–,33224,,
tg,rfd2.0,216912,217130,SCHILLER,29,?,$.,--,33224,,
tg,rfd2.0,217135,217205,"Laura, deren Pflegetochter.",3,Ich,PPER,ich,33224,,
tg,rfd2.0,217135,217205,"Laura, deren Pflegetochter.",3,kann,VMFIN,können,33224,,
tg,rfd2.0,217135,217205,"Laura, deren Pflegetochter.",3,nicht,PTKNEG,nicht,33224,,
tg,rfd2.0,217135,217205,"Laura, deren Pflegetochter.",3,sprechen,VVINF,sprechen,33224,,
tg,rfd2.0,217135,217205,"Laura, deren Pflegetochter.",3,",","$,",--,33224,,
tg,rfd2.0,217135,217205,"Laura, deren Pflegetochter.",3,Schiller,NE,schiller,33224,SCHILLER,29
tg,rfd2.0,217135,217205,"Laura, deren Pflegetochter.",3,.,$.,--,33224,,
tg,rfd2.0,217210,217332,SCHILLER,29,Aber,KON,aber,33224,,
tg,rfd2.0,217210,217332,SCHILLER,29,die,ART,der,33224,,
tg,rfd2.0,217210,217332,SCHILLER,29,Hand,NN,hand,33224,,
tg,rfd2.0,217210,217332,SCHILLER,29,vielleicht,ADV,vielleicht,33224,,
tg,rfd2.0,217210,217332,SCHILLER,29,",","$,",--,33224,,
tg,rfd2.0,217210,217332,SCHILLER,29,die,PRELS,der,33224,,
tg,rfd2.0,217210,217332,SCHILLER,29,ich,PPER,ich,33224,SCHILLER,29
tg,rfd2.0,217210,217332,SCHILLER,29,hier,ADV,hier,33224,,
tg,rfd2.0,217210,217332,SCHILLER,29,ausstrecke,VVFIN,ausstrecken,33224,,
tg,rfd2.0,217210,217332,SCHILLER,29,nach,APPR,nach,33224,,
tg,rfd2.0,217210,217332,SCHILLER,29,dem,ART,der,33224,,
tg,rfd2.0,217210,217332,SCHILLER,29,Himmel,NN,himmel,33224,,
tg,rfd2.0,217210,217332,SCHILLER,29,Ihr,PPOSAT,ihr,33224,,
tg,rfd2.0,217210,217332,SCHILLER,29,zustreckend,ADJD,zustreckend,33224,,
tg,rfd2.0,217210,217332,SCHILLER,29,.,$.,--,33224,,
tg,rfd2.0,217210,217332,SCHILLER,29,diese,PDAT,dieser,33224,,
tg,rfd2.0,217210,217332,SCHILLER,29,Hand,NN,hand,33224,,
tg,rfd2.0,217210,217332,SCHILLER,29,berühren,VVINF,berühren,33224,,
tg,rfd2.0,217210,217332,SCHILLER,29,–,TRUNC,–,33224,,
tg,rfd2.0,217210,217332,SCHILLER,29,und,KON,und,33224,,
tg,rfd2.0,217210,217332,SCHILLER,29,–,NN,–,33224,,
tg,rfd2.0,217210,217332,SCHILLER,29,?,$.,--,33224,,
tg,rfd2.0,217338,217366,"Laura, deren Pflegetochter.",3,Ergreifen,NN,ergreifen,33224,,
tg,rfd2.0,217338,217366,"Laura, deren Pflegetochter.",3,",","$,",--,33224,,
tg,rfd2.0,217338,217366,"Laura, deren Pflegetochter.",3,Schiller,NE,schiller,33224,SCHILLER,29
tg,rfd2.0,217338,217366,"Laura, deren Pflegetochter.",3,.,$.,--,33224,,
tg,rfd2.0,217371,217504,SCHILLER,29,Ergreifen,VVINF,ergreifen,33224,,
tg,rfd2.0,217371,217504,SCHILLER,29,"!",$.,--,33224,,
tg,rfd2.0,217371,217504,SCHILLER,29,–,XY,–,33224,,
tg,rfd2.0,217371,217504,SCHILLER,29,Ihr,PPOSAT,ihr,33224,,
tg,rfd2.0,217371,217504,SCHILLER,29,ewigen,ADJA,ewig,33224,,
tg,rfd2.0,217371,217504,SCHILLER,29,Götter,NN,gott,33224,,
tg,rfd2.0,217371,217504,SCHILLER,29,des,ART,der,33224,,
tg,rfd2.0,217371,217504,SCHILLER,29,Himmels,NN,himmel,33224,,
tg,rfd2.0,217371,217504,SCHILLER,29,",","$,",--,33224,,
tg,rfd2.0,217371,217504,SCHILLER,29,ich,PPER,ich,33224,SCHILLER,29
tg,rfd2.0,217371,217504,SCHILLER,29,bin,VAFIN,sein,33224,,
tg,rfd2.0,217371,217504,SCHILLER,29,geliebt,VVPP,lieben,33224,,
tg,rfd2.0,217371,217504,SCHILLER,29,"!",$.,--,33224,,
tg,rfd2.0,217510,217555,"Laura, deren Pflegetochter.",3,Von,APPR,von,33224,,
tg,rfd2.0,217510,217555,"Laura, deren Pflegetochter.",3,ganzer,ADJA,ganz,33224,,
tg,rfd2.0,217510,217555,"Laura, deren Pflegetochter.",3,Seele,NN,seele,33224,,
tg,rfd2.0,217510,217555,"Laura, deren Pflegetochter.",3,;,$.,--,33224,,
tg,rfd2.0,217510,217555,"Laura, deren Pflegetochter.",3,ich,PPER,ich,33224,"Laura, deren Pflegetochter.",3
tg,rfd2.0,217510,217555,"Laura, deren Pflegetochter.",3,weiß,VVFIN,weißn,33224,,
tg,rfd2.0,217510,217555,"Laura, deren Pflegetochter.",3,es,PPER,es,33224,,
tg,rfd2.0,217510,217555,"Laura, deren Pflegetochter.",3,jetzt,ADV,jetzt,33224,,
tg,rfd2.0,217510,217555,"Laura, deren Pflegetochter.",3,–,XY,–,33224,,
tg,rfd2.0,217560,217763,SCHILLER,29,Ich,PPER,ich,33224,,
tg,rfd2.0,217560,217763,SCHILLER,29,bin,VAFIN,sein,33224,,
tg,rfd2.0,217560,217763,SCHILLER,29,geliebt,VVPP,lieben,33224,,
tg,rfd2.0,217560,217763,SCHILLER,29,"!",$.,--,33224,,
tg,rfd2.0,217560,217763,SCHILLER,29,Aufspringend,NN,aufspringend,33224,,
tg,rfd2.0,217560,217763,SCHILLER,29,.,$.,--,33224,,
tg,rfd2.0,217560,217763,SCHILLER,29,Ich,PPER,ich,33224,,
tg,rfd2.0,217560,217763,SCHILLER,29,bin,VAFIN,sein,33224,,
tg,rfd2.0,217560,217763,SCHILLER,29,geliebt,VVPP,lieben,33224,,
tg,rfd2.0,217560,217763,SCHILLER,29,"!",$.,--,33224,,
tg,rfd2.0,217560,217763,SCHILLER,29,Jubel,NE,jubel,33224,,
tg,rfd2.0,217560,217763,SCHILLER,29,über,APPR,über,33224,,
tg,rfd2.0,217560,217763,SCHILLER,29,Erde,NN,erde,33224,,
tg,rfd2.0,217560,217763,SCHILLER,29,und,KON,und,33224,,
tg,rfd2.0,217560,217763,SCHILLER,29,Himmel,NN,himmel,33224,,
tg,rfd2.0,217560,217763,SCHILLER,29,hinaus,PTKVZ,hinaus,33224,,
tg,rfd2.0,217560,217763,SCHILLER,29,.,$.,--,33224,,
tg,rfd2.0,217560,217763,SCHILLER,29,Kein,PIAT,kein,33224,,
tg,rfd2.0,217560,217763,SCHILLER,29,Königreich,NN,königreich,33224,,
tg,rfd2.0,217560,217763,SCHILLER,29,auf,APPR,auf,33224,,
tg,rfd2.0,217560,217763,SCHILLER,29,Erden,NN,erde,33224,,
tg,rfd2.0,217560,217763,SCHILLER,29,hat,VAFIN,haben,33224,,
tg,rfd2.0,217560,217763,SCHILLER,29,Raum,NN,raum,33224,,
tg,rfd2.0,217560,217763,SCHILLER,29,für,APPR,für,33224,,
tg,rfd2.0,217560,217763,SCHILLER,29,mein,PPOSAT,mein,33224,SCHILLER,29
tg,rfd2.0,217560,217763,SCHILLER,29,Glück,NN,glück,33224,,
tg,rfd2.0,217560,217763,SCHILLER,29,.,$.,--,33224,,
tg,rfd2.0,217560,217763,SCHILLER,29,Ich,PPER,ich,33224,,
tg,rfd2.0,217560,217763,SCHILLER,29,bin,VAFIN,sein,33224,,
tg,rfd2.0,217560,217763,SCHILLER,29,geliebt,VVPP,lieben,33224,,
tg,rfd2.0,217560,217763,SCHILLER,29,",","$,",--,33224,,
tg,rfd2.0,217560,217763,SCHILLER,29,und,KON,und,33224,,
tg,rfd2.0,217560,217763,SCHILLER,29,nun,ADV,nun,33224,,
tg,rfd2.0,217560,217763,SCHILLER,29,bin,VAFIN,sein,33224,,
tg,rfd2.0,217560,217763,SCHILLER,29,ich,PPER,ich,33224,SCHILLER,29
tg,rfd2.0,217560,217763,SCHILLER,29,auch,ADV,auch,33224,,
tg,rfd2.0,217560,217763,SCHILLER,29,ein,ART,ein,33224,,
tg,rfd2.0,217560,217763,SCHILLER,29,Dichter,NN,dichter,33224,,
tg,rfd2.0,217560,217763,SCHILLER,29,"!",$.,--,33224,,
tg,rfd2.0,217768,217849,"Laura, deren Pflegetochter.",3,Das,ART,der,33224,,
tg,rfd2.0,217768,217849,"Laura, deren Pflegetochter.",3,bist,VAFIN,sein,33224,,
tg,rfd2.0,217768,217849,"Laura, deren Pflegetochter.",3,du,PPER,du,33224,,
tg,rfd2.0,217768,217849,"Laura, deren Pflegetochter.",3,gewiß,ADV,gewiß,33224,,
tg,rfd2.0,217768,217849,"Laura, deren Pflegetochter.",3,–,VVFIN,–,33224,,
tg,rfd2.0,217768,217849,"Laura, deren Pflegetochter.",3,aber,ADV,aber,33224,,
tg,rfd2.0,217768,217849,"Laura, deren Pflegetochter.",3,still,ADJD,still,33224,,
tg,rfd2.0,217768,217849,"Laura, deren Pflegetochter.",3,"!",$.,--,33224,,
tg,rfd2.0,217768,217849,"Laura, deren Pflegetochter.",3,–,XY,–,33224,,
tg,rfd2.0,217768,217849,"Laura, deren Pflegetochter.",3,Horchend,ADJD,horchend,33224,,
tg,rfd2.0,217768,217849,"Laura, deren Pflegetochter.",3,;,$.,--,33224,,
tg,rfd2.0,217768,217849,"Laura, deren Pflegetochter.",3,der,ART,der,33224,,
tg,rfd2.0,217768,217849,"Laura, deren Pflegetochter.",3,Hauptmann,NN,hauptmann,33224,,
tg,rfd2.0,217768,217849,"Laura, deren Pflegetochter.",3,erscheint,VVFIN,erscheinen,33224,,
tg,rfd2.0,217768,217849,"Laura, deren Pflegetochter.",3,oben,ADV,oben,33224,,
tg,rfd2.0,217768,217849,"Laura, deren Pflegetochter.",3,.,$.,--,33224,,
tg,rfd2.0,217855,218045,SCHILLER,29,Ich,PPER,ich,33224,,
tg,rfd2.0,217855,218045,SCHILLER,29,bin's,VVFIN,bin'sn,33224,,
tg,rfd2.0,217855,218045,SCHILLER,29,",","$,",--,33224,,
tg,rfd2.0,217855,218045,SCHILLER,29,weil,KOUS,weil,33224,,
tg,rfd2.0,217855,218045,SCHILLER,29,du,PPER,du,33224,,
tg,rfd2.0,217855,218045,SCHILLER,29,es,PPER,es,33224,,
tg,rfd2.0,217855,218045,SCHILLER,29,sagst,VVFIN,sagen,33224,,
tg,rfd2.0,217855,218045,SCHILLER,29,",","$,",--,33224,,
tg,rfd2.0,217855,218045,SCHILLER,29,weil,KOUS,weil,33224,,
tg,rfd2.0,217855,218045,SCHILLER,29,nur,ADV,nur,33224,,
tg,rfd2.0,217855,218045,SCHILLER,29,die,ART,der,33224,,
tg,rfd2.0,217855,218045,SCHILLER,29,Liebe,NN,liebe,33224,,
tg,rfd2.0,217855,218045,SCHILLER,29,zu,PTKVZ,zu,33224,,
tg,rfd2.0,217855,218045,SCHILLER,29,richten,VVFIN,richten,33224,,
tg,rfd2.0,217855,218045,SCHILLER,29,weiß,ADJD,weiß,33224,,
tg,rfd2.0,217855,218045,SCHILLER,29,über,APPR,über,33224,,
tg,rfd2.0,217855,218045,SCHILLER,29,alles,PIS,alle,33224,,
tg,rfd2.0,217855,218045,SCHILLER,29,Himmlische,NN,himmlisch,33224,,
tg,rfd2.0,217855,218045,SCHILLER,29,auf,APPR,auf,33224,,
tg,rfd2.0,217855,218045,SCHILLER,29,Erden,NN,erde,33224,,
tg,rfd2.0,217855,218045,SCHILLER,29,"!",$.,--,33224,,
tg,rfd2.0,217855,218045,SCHILLER,29,Der,ART,der,33224,,
tg,rfd2.0,217855,218045,SCHILLER,29,Hauptmann,NN,hauptmann,33224,,
tg,rfd2.0,217855,218045,SCHILLER,29,tut,VVFIN,tun,33224,,
tg,rfd2.0,217855,218045,SCHILLER,29,erstaunt,ADJD,erstaunen,33224,,
tg,rfd2.0,217855,218045,SCHILLER,29,einen,ART,ein,33224,,
tg,rfd2.0,217855,218045,SCHILLER,29,Schritt,NN,schritt,33224,,
tg,rfd2.0,217855,218045,SCHILLER,29,zurück,PTKVZ,zurück,33224,,
tg,rfd2.0,217855,218045,SCHILLER,29,.,$.,--,33224,,
tg,rfd2.0,218051,218087,"Laura, deren Pflegetochter.",3,Still,NE,still,33224,,
tg,rfd2.0,218051,218087,"Laura, deren Pflegetochter.",3,",","$,",--,33224,,
tg,rfd2.0,218051,218087,"Laura, deren Pflegetochter.",3,man,PIS,man,33224,,
tg,rfd2.0,218051,218087,"Laura, deren Pflegetochter.",3,überrascht,VVFIN,überraschen,33224,,
tg,rfd2.0,218051,218087,"Laura, deren Pflegetochter.",3,uns,PPER,uns,33224,,
tg,rfd2.0,218051,218087,"Laura, deren Pflegetochter.",3,–,XY,–,33224,,
tg,rfd2.0,218051,218087,"Laura, deren Pflegetochter.",3,"!",$.,--,33224,,
tg,rfd2.0,218092,218264,SCHILLER,29,Heerscharen,NN,heerscharen,33224,,
tg,rfd2.0,218092,218264,SCHILLER,29,von,APPR,von,33224,,
tg,rfd2.0,218092,218264,SCHILLER,29,Feinden,NN,feind,33224,,
tg,rfd2.0,218092,218264,SCHILLER,29,mögen,VMFIN,mögen,33224,,
tg,rfd2.0,218092,218264,SCHILLER,29,kommen,VVINF,kommen,33224,,
tg,rfd2.0,218092,218264,SCHILLER,29,"!",$.,--,33224,,
tg,rfd2.0,218092,218264,SCHILLER,29,Sie,PPER,sie,33224,,
tg,rfd2.0,218092,218264,SCHILLER,29,innig,ADJD,innig,33224,,
tg,rfd2.0,218092,218264,SCHILLER,29,ansehend,ADJD,ansehend,33224,,
tg,rfd2.0,218092,218264,SCHILLER,29,.,$.,--,33224,,
tg,rfd2.0,218092,218264,SCHILLER,29,Ein,ART,ein,33224,,
tg,rfd2.0,218092,218264,SCHILLER,29,Augenblick,NN,augenblick,33224,,
tg,rfd2.0,218092,218264,SCHILLER,29,gelebt,VVPP,leben,33224,,
tg,rfd2.0,218092,218264,SCHILLER,29,im,APPRART,in,33224,,
tg,rfd2.0,218092,218264,SCHILLER,29,Paradiese,NN,paradiese,33224,,
tg,rfd2.0,218092,218264,SCHILLER,29,wird,VAFIN,werden,33224,,
tg,rfd2.0,218092,218264,SCHILLER,29,nicht,PTKNEG,nicht,33224,,
tg,rfd2.0,218092,218264,SCHILLER,29,zu,PTKA,zu,33224,,
tg,rfd2.0,218092,218264,SCHILLER,29,teuer,ADJD,teuer,33224,,
tg,rfd2.0,218092,218264,SCHILLER,29,mit,APPR,mit,33224,,
tg,rfd2.0,218092,218264,SCHILLER,29,dem,ART,der,33224,,
tg,rfd2.0,218092,218264,SCHILLER,29,Tode,NN,tod,33224,,
tg,rfd2.0,218092,218264,SCHILLER,29,gebüßt,VVFIN,büßen,33224,,
tg,rfd2.0,218092,218264,SCHILLER,29,"!",$.,--,33224,,
tg,rfd2.0,218566,218721,Generalin Rieger.,2,Die,ART,der,33224,,
tg,rfd2.0,218566,218721,Generalin Rieger.,2,Parade,NN,parade,33224,,
tg,rfd2.0,218566,218721,Generalin Rieger.,2,kann,VMFIN,können,33224,,
tg,rfd2.0,218566,218721,Generalin Rieger.,2,noch,ADV,noch,33224,,
tg,rfd2.0,218566,218721,Generalin Rieger.,2,nicht,PTKNEG,nicht,33224,,
tg,rfd2.0,218566,218721,Generalin Rieger.,2,zu,APPR,zu,33224,,
tg,rfd2.0,218566,218721,Generalin Rieger.,2,Ende,NN,ende,33224,,
tg,rfd2.0,218566,218721,Generalin Rieger.,2,sein,VAINF,sein,33224,,
tg,rfd2.0,218566,218721,Generalin Rieger.,2,"!",$.,--,33224,,
tg,rfd2.0,218566,218721,Generalin Rieger.,2,Rieger,NN,rieger,33224,RIEGER,27
tg,rfd2.0,218566,218721,Generalin Rieger.,2,wollte,VMFIN,wollen,33224,,
tg,rfd2.0,218566,218721,Generalin Rieger.,2,fort,PTKVZ,fort,33224,,
tg,rfd2.0,218566,218721,Generalin Rieger.,2,",","$,",--,33224,,
tg,rfd2.0,218566,218721,Generalin Rieger.,2,so,ADV,so,33224,,
tg,rfd2.0,218566,218721,Generalin Rieger.,2,bald,ADV,bald,33224,,
tg,rfd2.0,218566,218721,Generalin Rieger.,2,er,PPER,er,33224,,
tg,rfd2.0,218566,218721,Generalin Rieger.,2,nur,ADV,nur,33224,,
tg,rfd2.0,218566,218721,Generalin Rieger.,2,die,ART,der,33224,,
tg,rfd2.0,218566,218721,Generalin Rieger.,2,Parole,NN,parole,33224,,
tg,rfd2.0,218566,218721,Generalin Rieger.,2,erfahren,VVPP,erfahren,33224,,
tg,rfd2.0,218566,218721,Generalin Rieger.,2,",","$,",--,33224,,
tg,rfd2.0,218566,218721,Generalin Rieger.,2,und,KON,und,33224,,
tg,rfd2.0,218566,218721,Generalin Rieger.,2,ich,PPER,ich,33224,Generalin Rieger.,2
tg,rfd2.0,218566,218721,Generalin Rieger.,2,hab,VAFIN,hab,33224,,
tg,rfd2.0,218566,218721,Generalin Rieger.,2,',$[,--,33224,,
tg,rfd2.0,218566,218721,Generalin Rieger.,2,ihn,PPER,ihn,33224,,
tg,rfd2.0,218566,218721,Generalin Rieger.,2,noch,ADV,noch,33224,,
tg,rfd2.0,218566,218721,Generalin Rieger.,2,nicht,PTKNEG,nicht,33224,,
tg,rfd2.0,218566,218721,Generalin Rieger.,2,vorbeireiten,ADJA,vorbeireiten,33224,,
tg,rfd2.0,218566,218721,Generalin Rieger.,2,sehn,CARD,sehn,33224,,
tg,rfd2.0,218566,218721,Generalin Rieger.,2,.,$.,--,33224,,
tg,rfd2.0,218726,218859,Gräfin Franziska von Hohenheim.,1,Ich,PPER,ich,33224,,
tg,rfd2.0,218726,218859,Gräfin Franziska von Hohenheim.,1,wollte,VMFIN,wollen,33224,,
tg,rfd2.0,218726,218859,Gräfin Franziska von Hohenheim.,1,",","$,",--,33224,,
tg,rfd2.0,218726,218859,Gräfin Franziska von Hohenheim.,1,er,PPER,er,33224,,
tg,rfd2.0,218726,218859,Gräfin Franziska von Hohenheim.,1,wäre,VAFIN,sein,33224,,
tg,rfd2.0,218726,218859,Gräfin Franziska von Hohenheim.,1,fort,PTKVZ,fort,33224,,
tg,rfd2.0,218726,218859,Gräfin Franziska von Hohenheim.,1,"!",$.,--,33224,,
tg,rfd2.0,218726,218859,Gräfin Franziska von Hohenheim.,1,Mich,PPER,mich,33224,,
tg,rfd2.0,218726,218859,Gräfin Franziska von Hohenheim.,1,peinigt,VVFIN,peinigen,33224,,
tg,rfd2.0,218726,218859,Gräfin Franziska von Hohenheim.,1,eine,ART,ein,33224,,
tg,rfd2.0,218726,218859,Gräfin Franziska von Hohenheim.,1,namenlose,ADJA,namenlos,33224,,
tg,rfd2.0,218726,218859,Gräfin Franziska von Hohenheim.,1,Angst,NN,angst,33224,,
tg,rfd2.0,218726,218859,Gräfin Franziska von Hohenheim.,1,",","$,",--,33224,,
tg,rfd2.0,218726,218859,Gräfin Franziska von Hohenheim.,1,und,KON,und,33224,,
tg,rfd2.0,218726,218859,Gräfin Franziska von Hohenheim.,1,solange,KOUS,solange,33224,,
tg,rfd2.0,218726,218859,Gräfin Franziska von Hohenheim.,1,er,PPER,er,33224,,
tg,rfd2.0,218726,218859,Gräfin Franziska von Hohenheim.,1,da,ADV,da,33224,,
tg,rfd2.0,218726,218859,Gräfin Franziska von Hohenheim.,1,ist,VAFIN,sein,33224,,
tg,rfd2.0,218726,218859,Gräfin Franziska von Hohenheim.,1,",","$,",--,33224,,
tg,rfd2.0,218726,218859,Gräfin Franziska von Hohenheim.,1,fürchte,VVFIN,fürchen,33224,,
tg,rfd2.0,218726,218859,Gräfin Franziska von Hohenheim.,1,ich,PPER,ich,33224,Gräfin Franziska von Hohenheim.,1
tg,rfd2.0,218726,218859,Gräfin Franziska von Hohenheim.,1,das,ART,der,33224,,
tg,rfd2.0,218726,218859,Gräfin Franziska von Hohenheim.,1,Schlimmste,NN,schlimme,33224,,
tg,rfd2.0,218726,218859,Gräfin Franziska von Hohenheim.,1,.,$.,--,33224,,
tg,rfd2.0,218864,218910,Generalin Rieger.,2,Das,ART,der,33224,,
tg,rfd2.0,218864,218910,Generalin Rieger.,2,Buch,NN,buch,33224,,
tg,rfd2.0,218864,218910,Generalin Rieger.,2,ist,VAFIN,sein,33224,,
tg,rfd2.0,218864,218910,Generalin Rieger.,2,also,ADV,also,33224,,
tg,rfd2.0,218864,218910,Generalin Rieger.,2,wirklich,ADJD,wirklich,33224,,
tg,rfd2.0,218864,218910,Generalin Rieger.,2,so,ADV,so,33224,,
tg,rfd2.0,218864,218910,Generalin Rieger.,2,arg,ADJD,arg,33224,,
tg,rfd2.0,218864,218910,Generalin Rieger.,2,?,$.,--,33224,,
tg,rfd2.0,218915,218957,Gräfin Franziska von Hohenheim.,1,Entsetzlich,ADJD,entsetzlich,33224,,
tg,rfd2.0,218915,218957,Gräfin Franziska von Hohenheim.,1,",","$,",--,33224,,
tg,rfd2.0,218915,218957,Gräfin Franziska von Hohenheim.,1,Bäbele,NN,bäbele,33224,,
tg,rfd2.0,218915,218957,Gräfin Franziska von Hohenheim.,1,",","$,",--,33224,,
tg,rfd2.0,218915,218957,Gräfin Franziska von Hohenheim.,1,entsetzlich,ADJD,entsetzlich,33224,,
tg,rfd2.0,218915,218957,Gräfin Franziska von Hohenheim.,1,"!",$.,--,33224,,
tg,rfd2.0,218962,219059,Generalin Rieger.,2,Ach,ITJ,ach,33224,,
tg,rfd2.0,218962,219059,Generalin Rieger.,2,",","$,",--,33224,,
tg,rfd2.0,218962,219059,Generalin Rieger.,2,ihr,PPOSAT,ihr,33224,,
tg,rfd2.0,218962,219059,Generalin Rieger.,2,vornehmen,ADJA,vornehmen,33224,,
tg,rfd2.0,218962,219059,Generalin Rieger.,2,Leute,NN,leute,33224,,
tg,rfd2.0,218962,219059,Generalin Rieger.,2,übertreibt,VVFIN,übertreiben,33224,,
tg,rfd2.0,218962,219059,Generalin Rieger.,2,alles,PIS,alle,33224,,
tg,rfd2.0,218962,219059,Generalin Rieger.,2,–,XY,–,33224,,
tg,rfd2.0,218962,219059,Generalin Rieger.,2,der,ART,der,33224,,
tg,rfd2.0,218962,219059,Generalin Rieger.,2,Schiller,NE,schiller,33224,SCHILLER,29
tg,rfd2.0,218962,219059,Generalin Rieger.,2,kann,VMFIN,können,33224,,
tg,rfd2.0,218962,219059,Generalin Rieger.,2,nichts,PIS,nichts,33224,,
tg,rfd2.0,218962,219059,Generalin Rieger.,2,Böses,NE,böse,33224,,
tg,rfd2.0,218962,219059,Generalin Rieger.,2,schreiben,VVINF,schreiben,33224,,
tg,rfd2.0,218962,219059,Generalin Rieger.,2,.,$.,--,33224,,
tg,rfd2.0,219064,219142,Gräfin Franziska von Hohenheim.,1,Was,PWS,was,33224,,
tg,rfd2.0,219064,219142,Gräfin Franziska von Hohenheim.,1,ist,VAFIN,sein,33224,,
tg,rfd2.0,219064,219142,Gräfin Franziska von Hohenheim.,1,in,APPR,in,33224,,
tg,rfd2.0,219064,219142,Gräfin Franziska von Hohenheim.,1,diesem,PDAT,dieser,33224,,
tg,rfd2.0,219064,219142,Gräfin Franziska von Hohenheim.,1,Falle,NN,fall,33224,,
tg,rfd2.0,219064,219142,Gräfin Franziska von Hohenheim.,1,bös,VVINF,bös,33224,,
tg,rfd2.0,219064,219142,Gräfin Franziska von Hohenheim.,1,?,$.,--,33224,,
tg,rfd2.0,219064,219142,Gräfin Franziska von Hohenheim.,1,Was,PWS,was,33224,,
tg,rfd2.0,219064,219142,Gräfin Franziska von Hohenheim.,1,dafür,PROAV,dafür,33224,,
tg,rfd2.0,219064,219142,Gräfin Franziska von Hohenheim.,1,gilt,VVFIN,gelten,33224,,
tg,rfd2.0,219064,219142,Gräfin Franziska von Hohenheim.,1,"!",$.,--,33224,,
tg,rfd2.0,219064,219142,Gräfin Franziska von Hohenheim.,1,–,XY,–,33224,,
tg,rfd2.0,219064,219142,Gräfin Franziska von Hohenheim.,1,Meine,PPOSAT,mein,33224,,
tg,rfd2.0,219064,219142,Gräfin Franziska von Hohenheim.,1,Meinung,NN,meinung,33224,,
tg,rfd2.0,219064,219142,Gräfin Franziska von Hohenheim.,1,bleibt,VVFIN,bleiben,33224,,
tg,rfd2.0,219064,219142,Gräfin Franziska von Hohenheim.,1,–,PPER,–,33224,,
tg,rfd2.0,219147,219197,Generalin Rieger.,2,Den,ART,der,33224,,
tg,rfd2.0,219147,219197,Generalin Rieger.,2,Schiller,NE,schiller,33224,SCHILLER,29
tg,rfd2.0,219147,219197,Generalin Rieger.,2,heraufbringen,VVINF,heraufbringen,33224,,
tg,rfd2.0,219147,219197,Generalin Rieger.,2,zu,PTKZU,zu,33224,,
tg,rfd2.0,219147,219197,Generalin Rieger.,2,lassen,VVINF,lassen,33224,,
tg,rfd2.0,219147,219197,Generalin Rieger.,2,–,XY,–,33224,,
tg,rfd2.0,219202,219758,Gräfin Franziska von Hohenheim.,1,Das,PDS,der,33224,,
tg,rfd2.0,219202,219758,Gräfin Franziska von Hohenheim.,1,ist,VAFIN,sein,33224,,
tg,rfd2.0,219202,219758,Gräfin Franziska von Hohenheim.,1,jetzt,ADV,jetzt,33224,,
tg,rfd2.0,219202,219758,Gräfin Franziska von Hohenheim.,1,zu,PTKA,zu,33224,,
tg,rfd2.0,219202,219758,Gräfin Franziska von Hohenheim.,1,spät,ADJD,spät,33224,,
tg,rfd2.0,219202,219758,Gräfin Franziska von Hohenheim.,1,Der,ART,der,33224,,
tg,rfd2.0,219202,219758,Gräfin Franziska von Hohenheim.,1,Herzog,NE,herzog,33224,,
tg,rfd2.0,219202,219758,Gräfin Franziska von Hohenheim.,1,könnte,VMFIN,können,33224,,
tg,rfd2.0,219202,219758,Gräfin Franziska von Hohenheim.,1,kommen,VVINF,kommen,33224,,
tg,rfd2.0,219202,219758,Gräfin Franziska von Hohenheim.,1,",","$,",--,33224,,
tg,rfd2.0,219202,219758,Gräfin Franziska von Hohenheim.,1,und,KON,und,33224,,
tg,rfd2.0,219202,219758,Gräfin Franziska von Hohenheim.,1,ihm,PPER,ihm,33224,,
tg,rfd2.0,219202,219758,Gräfin Franziska von Hohenheim.,1,muß,VMFIN,müssen,33224,,
tg,rfd2.0,219202,219758,Gräfin Franziska von Hohenheim.,1,er,PPER,er,33224,,
tg,rfd2.0,219202,219758,Gräfin Franziska von Hohenheim.,1,",","$,",--,33224,,
tg,rfd2.0,219202,219758,Gräfin Franziska von Hohenheim.,1,wenn,KOUS,wenn,33224,,
tg,rfd2.0,219202,219758,Gräfin Franziska von Hohenheim.,1,irgend,ADV,irgend,33224,,
tg,rfd2.0,219202,219758,Gräfin Franziska von Hohenheim.,1,möglich,ADJD,möglich,33224,,
tg,rfd2.0,219202,219758,Gräfin Franziska von Hohenheim.,1,",","$,",--,33224,,
tg,rfd2.0,219202,219758,Gräfin Franziska von Hohenheim.,1,wenigstens,ADV,wenigstens,33224,,
tg,rfd2.0,219202,219758,Gräfin Franziska von Hohenheim.,1,heute,ADV,heute,33224,,
tg,rfd2.0,219202,219758,Gräfin Franziska von Hohenheim.,1,nicht,PTKNEG,nicht,33224,,
tg,rfd2.0,219202,219758,Gräfin Franziska von Hohenheim.,1,ins,APPRART,in,33224,,
tg,rfd2.0,219202,219758,Gräfin Franziska von Hohenheim.,1,Gedächtnis,NN,gedächtnis,33224,,
tg,rfd2.0,219202,219758,Gräfin Franziska von Hohenheim.,1,gerufen,VVPP,rufen,33224,,
tg,rfd2.0,219202,219758,Gräfin Franziska von Hohenheim.,1,werden,VAFIN,werden,33224,,
tg,rfd2.0,219202,219758,Gräfin Franziska von Hohenheim.,1,–,APPR,–,33224,,
tg,rfd2.0,219202,219758,Gräfin Franziska von Hohenheim.,1,der,ART,der,33224,,
tg,rfd2.0,219202,219758,Gräfin Franziska von Hohenheim.,1,Eindruck,NN,eindruck,33224,,
tg,rfd2.0,219202,219758,Gräfin Franziska von Hohenheim.,1,",","$,",--,33224,,
tg,rfd2.0,219202,219758,Gräfin Franziska von Hohenheim.,1,welchen,PWAT,welcher,33224,,
tg,rfd2.0,219202,219758,Gräfin Franziska von Hohenheim.,1,das,ART,der,33224,,
tg,rfd2.0,219202,219758,Gräfin Franziska von Hohenheim.,1,Buch,NN,buch,33224,,
tg,rfd2.0,219202,219758,Gräfin Franziska von Hohenheim.,1,auf,APPR,auf,33224,,
tg,rfd2.0,219202,219758,Gräfin Franziska von Hohenheim.,1,den,ART,der,33224,,
tg,rfd2.0,219202,219758,Gräfin Franziska von Hohenheim.,1,Herzog,NE,herzog,33224,,
tg,rfd2.0,219202,219758,Gräfin Franziska von Hohenheim.,1,gemacht,VVPP,machen,33224,,
tg,rfd2.0,219202,219758,Gräfin Franziska von Hohenheim.,1,hat,VAFIN,haben,33224,,
tg,rfd2.0,219202,219758,Gräfin Franziska von Hohenheim.,1,",","$,",--,33224,,
tg,rfd2.0,219202,219758,Gräfin Franziska von Hohenheim.,1,scheint,VVFIN,scheinen,33224,,
tg,rfd2.0,219202,219758,Gräfin Franziska von Hohenheim.,1,fürchterlich,ADJD,fürchterlich,33224,,
tg,rfd2.0,219202,219758,Gräfin Franziska von Hohenheim.,1,zu,PTKZU,zu,33224,,
tg,rfd2.0,219202,219758,Gräfin Franziska von Hohenheim.,1,sein,VAINF,sein,33224,,
tg,rfd2.0,219202,219758,Gräfin Franziska von Hohenheim.,1,.,$.,--,33224,,
tg,rfd2.0,219202,219758,Gräfin Franziska von Hohenheim.,1,Bäbele,NE,bäbel,33224,,
tg,rfd2.0,219202,219758,Gräfin Franziska von Hohenheim.,1,Deren,PDAT,der,33224,,
tg,rfd2.0,219202,219758,Gräfin Franziska von Hohenheim.,1,Hand,NN,hand,33224,,
tg,rfd2.0,219202,219758,Gräfin Franziska von Hohenheim.,1,ergreifend,ADJD,ergreifend,33224,,
tg,rfd2.0,219202,219758,Gräfin Franziska von Hohenheim.,1,.,$.,--,33224,,
tg,rfd2.0,219202,219758,Gräfin Franziska von Hohenheim.,1,ich,PPER,ich,33224,Gräfin Franziska von Hohenheim.,1
tg,rfd2.0,219202,219758,Gräfin Franziska von Hohenheim.,1,bin,VAFIN,sein,33224,,
tg,rfd2.0,219202,219758,Gräfin Franziska von Hohenheim.,1,doch,ADV,doch,33224,,
tg,rfd2.0,219202,219758,Gräfin Franziska von Hohenheim.,1,an,APPR,an,33224,,
tg,rfd2.0,219202,219758,Gräfin Franziska von Hohenheim.,1,ihn,PPER,ihn,33224,,
tg,rfd2.0,219202,219758,Gräfin Franziska von Hohenheim.,1,gewöhnt,VVPP,gewöhnen,33224,,
tg,rfd2.0,219202,219758,Gräfin Franziska von Hohenheim.,1,;,$.,--,33224,,
tg,rfd2.0,219202,219758,Gräfin Franziska von Hohenheim.,1,aber,KON,aber,33224,,
tg,rfd2.0,219202,219758,Gräfin Franziska von Hohenheim.,1,ich,PPER,ich,33224,Gräfin Franziska von Hohenheim.,1
tg,rfd2.0,219202,219758,Gräfin Franziska von Hohenheim.,1,zittre,VVFIN,zittre,33224,,
tg,rfd2.0,219202,219758,Gräfin Franziska von Hohenheim.,1,jetzt,ADV,jetzt,33224,,
tg,rfd2.0,219202,219758,Gräfin Franziska von Hohenheim.,1,noch,ADV,noch,33224,,
tg,rfd2.0,219202,219758,Gräfin Franziska von Hohenheim.,1,",","$,",--,33224,,
tg,rfd2.0,219202,219758,Gräfin Franziska von Hohenheim.,1,wenn,KOUS,wenn,33224,,
tg,rfd2.0,219202,219758,Gräfin Franziska von Hohenheim.,1,ich,PPER,ich,33224,Gräfin Franziska von Hohenheim.,1
tg,rfd2.0,219202,219758,Gräfin Franziska von Hohenheim.,1,daran,PROAV,daran,33224,,
tg,rfd2.0,219202,219758,Gräfin Franziska von Hohenheim.,1,denke,VVFIN,denken,33224,,
tg,rfd2.0,219202,219758,Gräfin Franziska von Hohenheim.,1,",","$,",--,33224,,
tg,rfd2.0,219202,219758,Gräfin Franziska von Hohenheim.,1,wie,PWAV,wie,33224,,
tg,rfd2.0,219202,219758,Gräfin Franziska von Hohenheim.,1,er,PPER,er,33224,,
tg,rfd2.0,219202,219758,Gräfin Franziska von Hohenheim.,1,mir,PPER,sich,33224,Gräfin Franziska von Hohenheim.,1
tg,rfd2.0,219202,219758,Gräfin Franziska von Hohenheim.,1,heute,ADV,heute,33224,,
tg,rfd2.0,219202,219758,Gräfin Franziska von Hohenheim.,1,morgen,ADV,morgen,33224,,
tg,rfd2.0,219202,219758,Gräfin Franziska von Hohenheim.,1,das,ART,der,33224,,
tg,rfd2.0,219202,219758,Gräfin Franziska von Hohenheim.,1,Buch,NN,buch,33224,,
tg,rfd2.0,219202,219758,Gräfin Franziska von Hohenheim.,1,gab,VVFIN,geben,33224,,
tg,rfd2.0,219202,219758,Gräfin Franziska von Hohenheim.,1,.,$.,--,33224,,
tg,rfd2.0,219202,219758,Gräfin Franziska von Hohenheim.,1,Er,PPER,er,33224,,
tg,rfd2.0,219202,219758,Gräfin Franziska von Hohenheim.,1,hat,VAFIN,haben,33224,,
tg,rfd2.0,219202,219758,Gräfin Franziska von Hohenheim.,1,offenbar,ADJD,offenbar,33224,,
tg,rfd2.0,219202,219758,Gräfin Franziska von Hohenheim.,1,auch,ADV,auch,33224,,
tg,rfd2.0,219202,219758,Gräfin Franziska von Hohenheim.,1,in,APPR,in,33224,,
tg,rfd2.0,219202,219758,Gräfin Franziska von Hohenheim.,1,der,ART,der,33224,,
tg,rfd2.0,219202,219758,Gräfin Franziska von Hohenheim.,1,Früh,ADJD,früh,33224,,
tg,rfd2.0,219202,219758,Gräfin Franziska von Hohenheim.,1,keine,PIAT,kein,33224,,
tg,rfd2.0,219202,219758,Gräfin Franziska von Hohenheim.,1,Auge,NN,auge,33224,,
tg,rfd2.0,219202,219758,Gräfin Franziska von Hohenheim.,1,zugetan,ADV,zutun,33224,,
tg,rfd2.0,219202,219758,Gräfin Franziska von Hohenheim.,1,",","$,",--,33224,,
tg,rfd2.0,219202,219758,Gräfin Franziska von Hohenheim.,1,sondern,KON,sondern,33224,,
tg,rfd2.0,219202,219758,Gräfin Franziska von Hohenheim.,1,nur,ADV,nur,33224,,
tg,rfd2.0,219202,219758,Gräfin Franziska von Hohenheim.,1,gelesen,VVPP,lesen,33224,,
tg,rfd2.0,219202,219758,Gräfin Franziska von Hohenheim.,1,;,$.,--,33224,,
tg,rfd2.0,219202,219758,Gräfin Franziska von Hohenheim.,1,sein,PPOSAT,sein,33224,,
tg,rfd2.0,219202,219758,Gräfin Franziska von Hohenheim.,1,Auge,NN,auge,33224,,
tg,rfd2.0,219202,219758,Gräfin Franziska von Hohenheim.,1,war,VAFIN,sein,33224,,
tg,rfd2.0,219202,219758,Gräfin Franziska von Hohenheim.,1,starr,ADJD,starr,33224,,
tg,rfd2.0,219202,219758,Gräfin Franziska von Hohenheim.,1,",","$,",--,33224,,
tg,rfd2.0,219202,219758,Gräfin Franziska von Hohenheim.,1,seine,PPOSAT,sein,33224,,
tg,rfd2.0,219202,219758,Gräfin Franziska von Hohenheim.,1,Hand,NN,hand,33224,,
tg,rfd2.0,219202,219758,Gräfin Franziska von Hohenheim.,1,heiß,ADJD,heiß,33224,,
tg,rfd2.0,219202,219758,Gräfin Franziska von Hohenheim.,1,",","$,",--,33224,,
tg,rfd2.0,219202,219758,Gräfin Franziska von Hohenheim.,1,seine,PPOSAT,sein,33224,,
tg,rfd2.0,219202,219758,Gräfin Franziska von Hohenheim.,1,Stimme,NN,stimme,33224,,
tg,rfd2.0,219202,219758,Gräfin Franziska von Hohenheim.,1,trocken,ADJD,trocken,33224,,
tg,rfd2.0,219202,219758,Gräfin Franziska von Hohenheim.,1,und,KON,und,33224,,
tg,rfd2.0,219202,219758,Gräfin Franziska von Hohenheim.,1,er,PPER,er,33224,,
tg,rfd2.0,219202,219758,Gräfin Franziska von Hohenheim.,1,sprach,VVFIN,sprechen,33224,,
tg,rfd2.0,219202,219758,Gräfin Franziska von Hohenheim.,1,nur,ADV,nur,33224,,
tg,rfd2.0,219202,219758,Gräfin Franziska von Hohenheim.,1,das,ART,der,33224,,
tg,rfd2.0,219202,219758,Gräfin Franziska von Hohenheim.,1,eine,ART,ein,33224,,
tg,rfd2.0,219202,219758,Gräfin Franziska von Hohenheim.,1,Wort,NN,wort,33224,,
tg,rfd2.0,219202,219758,Gräfin Franziska von Hohenheim.,1,:,$.,--,33224,,
tg,rfd2.0,219202,219758,Gräfin Franziska von Hohenheim.,1,Lies,NN,lies,33224,,
tg,rfd2.0,219202,219758,Gräfin Franziska von Hohenheim.,1,"!",$.,--,33224,,
tg,rfd2.0,219763,219816,Generalin Rieger.,2,Und,KON,und,33224,,
tg,rfd2.0,219763,219816,Generalin Rieger.,2,nun,ADV,nun,33224,,
tg,rfd2.0,219763,219816,Generalin Rieger.,2,wird,VAFIN,werden,33224,,
tg,rfd2.0,219763,219816,Generalin Rieger.,2,er,PPER,er,33224,,
tg,rfd2.0,219763,219816,Generalin Rieger.,2,dein,PPOSAT,dein,33224,,
tg,rfd2.0,219763,219816,Generalin Rieger.,2,Urteil,NN,urteil,33224,,
tg,rfd2.0,219763,219816,Generalin Rieger.,2,hören,VVINF,hören,33224,,
tg,rfd2.0,219763,219816,Generalin Rieger.,2,wollen,VMFIN,wollen,33224,,
tg,rfd2.0,219763,219816,Generalin Rieger.,2,.,$.,--,33224,,
tg,rfd2.0,219821,219834,Gräfin Franziska von Hohenheim.,1,Ja,PTKANT,ja,33224,,
tg,rfd2.0,219821,219834,Gräfin Franziska von Hohenheim.,1,–,ITJ,–,33224,,
tg,rfd2.0,219840,219918,Generalin Rieger.,2,Und,KON,und,33224,,
tg,rfd2.0,219840,219918,Generalin Rieger.,2,du,PPER,du,33224,,
tg,rfd2.0,219840,219918,Generalin Rieger.,2,bist,VAFIN,sein,33224,,
tg,rfd2.0,219840,219918,Generalin Rieger.,2,seit,APPR,seit,33224,,
tg,rfd2.0,219840,219918,Generalin Rieger.,2,kurzem,ADJA,kurz,33224,,
tg,rfd2.0,219840,219918,Generalin Rieger.,2,nicht,PTKNEG,nicht,33224,,
tg,rfd2.0,219840,219918,Generalin Rieger.,2,gut,ADJD,gut,33224,,
tg,rfd2.0,219840,219918,Generalin Rieger.,2,zu,PTKZU,zu,33224,,
tg,rfd2.0,219840,219918,Generalin Rieger.,2,sprechen,VVINF,sprechen,33224,,
tg,rfd2.0,219840,219918,Generalin Rieger.,2,auf,APPR,auf,33224,,
tg,rfd2.0,219840,219918,Generalin Rieger.,2,den,ART,der,33224,,
tg,rfd2.0,219840,219918,Generalin Rieger.,2,jungen,ADJA,jung,33224,,
tg,rfd2.0,219840,219918,Generalin Rieger.,2,Mann,NN,mann,33224,,
tg,rfd2.0,219840,219918,Generalin Rieger.,2,.,$.,--,33224,,
tg,rfd2.0,219923,219947,Gräfin Franziska von Hohenheim.,1,Ach,ITJ,ach,33224,,
tg,rfd2.0,219923,219947,Gräfin Franziska von Hohenheim.,1,nicht,PTKNEG,nicht,33224,,
tg,rfd2.0,219923,219947,Gräfin Franziska von Hohenheim.,1,doch,ADV,doch,33224,,
tg,rfd2.0,219923,219947,Gräfin Franziska von Hohenheim.,1,"!",$.,--,33224,,
tg,rfd2.0,219952,220024,Generalin Rieger.,2,Du,PPER,du,33224,,
tg,rfd2.0,219952,220024,Generalin Rieger.,2,wirst,VAFIN,werden,33224,,
tg,rfd2.0,219952,220024,Generalin Rieger.,2,nicht,PTKNEG,nicht,33224,,
tg,rfd2.0,219952,220024,Generalin Rieger.,2,mit,APPR,mit,33224,,
tg,rfd2.0,219952,220024,Generalin Rieger.,2,besonders,ADV,besonders,33224,,
tg,rfd2.0,219952,220024,Generalin Rieger.,2,günstigem,ADJA,günstig,33224,,
tg,rfd2.0,219952,220024,Generalin Rieger.,2,Auge,NN,auge,33224,,
tg,rfd2.0,219952,220024,Generalin Rieger.,2,gelesen,VVPP,lesen,33224,,
tg,rfd2.0,219952,220024,Generalin Rieger.,2,haben,VAFIN,haben,33224,,
tg,rfd2.0,219952,220024,Generalin Rieger.,2,–,XY,–,33224,,
tg,rfd2.0,219952,220024,Generalin Rieger.,2,"!",$.,--,33224,,
tg,rfd2.0,220029,220286,Gräfin Franziska von Hohenheim.,1,Sei,VAIMP,sein,33224,,
tg,rfd2.0,220029,220286,Gräfin Franziska von Hohenheim.,1,nicht,PTKNEG,nicht,33224,,
tg,rfd2.0,220029,220286,Gräfin Franziska von Hohenheim.,1,töricht,ADJD,töricht,33224,,
tg,rfd2.0,220029,220286,Gräfin Franziska von Hohenheim.,1,",","$,",--,33224,,
tg,rfd2.0,220029,220286,Gräfin Franziska von Hohenheim.,1,Bäbele,NN,bäbele,33224,,
tg,rfd2.0,220029,220286,Gräfin Franziska von Hohenheim.,1,",","$,",--,33224,,
tg,rfd2.0,220029,220286,Gräfin Franziska von Hohenheim.,1,jetzt,ADV,jetzt,33224,,
tg,rfd2.0,220029,220286,Gräfin Franziska von Hohenheim.,1,solcher,PIAT,solcher,33224,,
tg,rfd2.0,220029,220286,Gräfin Franziska von Hohenheim.,1,Spielereien,NN,spielerei,33224,,
tg,rfd2.0,220029,220286,Gräfin Franziska von Hohenheim.,1,zu,APPR,zu,33224,,
tg,rfd2.0,220029,220286,Gräfin Franziska von Hohenheim.,1,gedenken,VVFIN,gedenken,33224,,
tg,rfd2.0,220029,220286,Gräfin Franziska von Hohenheim.,1,.,$.,--,33224,,
tg,rfd2.0,220029,220286,Gräfin Franziska von Hohenheim.,1,Es,PPER,es,33224,,
tg,rfd2.0,220029,220286,Gräfin Franziska von Hohenheim.,1,handelt,VVFIN,handeln,33224,,
tg,rfd2.0,220029,220286,Gräfin Franziska von Hohenheim.,1,sich,PRF,sich,33224,,
tg,rfd2.0,220029,220286,Gräfin Franziska von Hohenheim.,1,um,APPR,um,33224,,
tg,rfd2.0,220029,220286,Gräfin Franziska von Hohenheim.,1,Freiheit,NN,freiheit,33224,,
tg,rfd2.0,220029,220286,Gräfin Franziska von Hohenheim.,1,und,KON,und,33224,,
tg,rfd2.0,220029,220286,Gräfin Franziska von Hohenheim.,1,Leben,NN,leben,33224,,
tg,rfd2.0,220029,220286,Gräfin Franziska von Hohenheim.,1,des,ART,der,33224,,
tg,rfd2.0,220029,220286,Gräfin Franziska von Hohenheim.,1,Schiller,NE,schiller,33224,SCHILLER,29
tg,rfd2.0,220029,220286,Gräfin Franziska von Hohenheim.,1,.,$.,--,33224,,
tg,rfd2.0,220029,220286,Gräfin Franziska von Hohenheim.,1,Er,PPER,er,33224,,
tg,rfd2.0,220029,220286,Gräfin Franziska von Hohenheim.,1,muß,VMFIN,müssen,33224,,
tg,rfd2.0,220029,220286,Gräfin Franziska von Hohenheim.,1,fort,PTKVZ,fort,33224,,
tg,rfd2.0,220029,220286,Gräfin Franziska von Hohenheim.,1,von,APPR,von,33224,,
tg,rfd2.0,220029,220286,Gräfin Franziska von Hohenheim.,1,hier,ADV,hier,33224,,
tg,rfd2.0,220029,220286,Gräfin Franziska von Hohenheim.,1,;,$.,--,33224,,
tg,rfd2.0,220029,220286,Gräfin Franziska von Hohenheim.,1,die,ART,der,33224,,
tg,rfd2.0,220029,220286,Gräfin Franziska von Hohenheim.,1,Flucht,NN,flucht,33224,,
tg,rfd2.0,220029,220286,Gräfin Franziska von Hohenheim.,1,allein,ADV,allein,33224,,
tg,rfd2.0,220029,220286,Gräfin Franziska von Hohenheim.,1,kann,VMFIN,können,33224,,
tg,rfd2.0,220029,220286,Gräfin Franziska von Hohenheim.,1,ihn,PPER,ihn,33224,,
tg,rfd2.0,220029,220286,Gräfin Franziska von Hohenheim.,1,retten,VVINF,retten,33224,,
tg,rfd2.0,220029,220286,Gräfin Franziska von Hohenheim.,1,;,$.,--,33224,,
tg,rfd2.0,220029,220286,Gräfin Franziska von Hohenheim.,1,ich,PPER,ich,33224,Gräfin Franziska von Hohenheim.,1
tg,rfd2.0,220029,220286,Gräfin Franziska von Hohenheim.,1,kann,VMFIN,können,33224,,
tg,rfd2.0,220029,220286,Gräfin Franziska von Hohenheim.,1,ihn,PPER,ihn,33224,,
tg,rfd2.0,220029,220286,Gräfin Franziska von Hohenheim.,1,nicht,PTKNEG,nicht,33224,,
tg,rfd2.0,220029,220286,Gräfin Franziska von Hohenheim.,1,mehr,ADV,mehr,33224,,
tg,rfd2.0,220029,220286,Gräfin Franziska von Hohenheim.,1,retten,VVINF,retten,33224,,
tg,rfd2.0,220029,220286,Gräfin Franziska von Hohenheim.,1,",","$,",--,33224,,
tg,rfd2.0,220029,220286,Gräfin Franziska von Hohenheim.,1,nachdem,KOUS,nachdem,33224,,
tg,rfd2.0,220029,220286,Gräfin Franziska von Hohenheim.,1,der,ART,der,33224,,
tg,rfd2.0,220029,220286,Gräfin Franziska von Hohenheim.,1,Herzog,NE,herzog,33224,,
tg,rfd2.0,220029,220286,Gräfin Franziska von Hohenheim.,1,diese,PDAT,dieser,33224,,
tg,rfd2.0,220029,220286,Gräfin Franziska von Hohenheim.,1,Räuber,NN,räuber,33224,,
tg,rfd2.0,220029,220286,Gräfin Franziska von Hohenheim.,1,gelesen,VVPP,lesen,33224,,
tg,rfd2.0,220029,220286,Gräfin Franziska von Hohenheim.,1,–,XY,–,33224,,
tg,rfd2.0,220291,220320,Generalin Rieger.,2,Du,PPER,du,33224,,
tg,rfd2.0,220291,220320,Generalin Rieger.,2,großer,ADJA,groß,33224,,
tg,rfd2.0,220291,220320,Generalin Rieger.,2,Gott,NN,gott,33224,,
tg,rfd2.0,220291,220320,Generalin Rieger.,2,"!",$.,--,33224,,
tg,rfd2.0,220291,220320,Generalin Rieger.,2,–,XY,–,33224,,
tg,rfd2.0,220325,220346,Gräfin Franziska von Hohenheim.,1,Was,PWS,was,33224,,
tg,rfd2.0,220325,220346,Gräfin Franziska von Hohenheim.,1,ist,VAFIN,sein,33224,,
tg,rfd2.0,220325,220346,Gräfin Franziska von Hohenheim.,1,dir,PPER,dir,33224,,
tg,rfd2.0,220325,220346,Gräfin Franziska von Hohenheim.,1,?,$.,--,33224,,
tg,rfd2.0,220351,220449,Generalin Rieger.,2,Jetzt,ADV,jetzt,33224,,
tg,rfd2.0,220351,220449,Generalin Rieger.,2,hältst,VVFIN,hältsen,33224,,
tg,rfd2.0,220351,220449,Generalin Rieger.,2,auch,ADV,auch,33224,,
tg,rfd2.0,220351,220449,Generalin Rieger.,2,du,PPER,du,33224,,
tg,rfd2.0,220351,220449,Generalin Rieger.,2,die,ART,der,33224,,
tg,rfd2.0,220351,220449,Generalin Rieger.,2,Flucht,NN,flucht,33224,,
tg,rfd2.0,220351,220449,Generalin Rieger.,2,für,APPR,für,33224,,
tg,rfd2.0,220351,220449,Generalin Rieger.,2,nötig,ADJD,nötig,33224,,
tg,rfd2.0,220351,220449,Generalin Rieger.,2,–,XY,–,33224,,
tg,rfd2.0,220351,220449,Generalin Rieger.,2,nun,ADV,nun,33224,,
tg,rfd2.0,220351,220449,Generalin Rieger.,2,muß,VMFIN,müssen,33224,,
tg,rfd2.0,220351,220449,Generalin Rieger.,2,es,PPER,es,33224,,
tg,rfd2.0,220351,220449,Generalin Rieger.,2,schlimm,ADJD,schlimm,33224,,
tg,rfd2.0,220351,220449,Generalin Rieger.,2,aussehn,VVINF,aussehn,33224,,
tg,rfd2.0,220351,220449,Generalin Rieger.,2,.,$.,--,33224,,
tg,rfd2.0,220454,220502,Gräfin Franziska von Hohenheim.,1,Schlimm,ADJD,schlimm,33224,,
tg,rfd2.0,220454,220502,Gräfin Franziska von Hohenheim.,1,?,$.,--,33224,,
tg,rfd2.0,220454,220502,Gräfin Franziska von Hohenheim.,1,Lebensgefährlich,ADJD,lebensgefährlich,33224,,
tg,rfd2.0,220454,220502,Gräfin Franziska von Hohenheim.,1,"!",$.,--,33224,,
tg,rfd2.0,220508,220538,Generalin Rieger.,2,Und,KON,und,33224,,
tg,rfd2.0,220508,220538,Generalin Rieger.,2,er,PPER,er,33224,,
tg,rfd2.0,220508,220538,Generalin Rieger.,2,will,VMFIN,wollen,33224,,
tg,rfd2.0,220508,220538,Generalin Rieger.,2,nicht,PTKNEG,nicht,33224,,
tg,rfd2.0,220508,220538,Generalin Rieger.,2,"!",$.,--,33224,,
tg,rfd2.0,220543,220561,Gräfin Franziska von Hohenheim.,1,Wer,PWS,wer,33224,,
tg,rfd2.0,220543,220561,Gräfin Franziska von Hohenheim.,1,?,$.,--,33224,,
tg,rfd2.0,220543,220561,Gräfin Franziska von Hohenheim.,1,Was,PWS,was,33224,,
tg,rfd2.0,220543,220561,Gräfin Franziska von Hohenheim.,1,?,$.,--,33224,,
tg,rfd2.0,220566,220588,Generalin Rieger.,2,Schiller,NE,schiller,33224,SCHILLER,29
tg,rfd2.0,220566,220588,Generalin Rieger.,2,–,XY,–,33224,,
tg,rfd2.0,220593,220625,Gräfin Franziska von Hohenheim.,1,Du,PPER,du,33224,,
tg,rfd2.0,220593,220625,Gräfin Franziska von Hohenheim.,1,hast,VAFIN,haben,33224,,
tg,rfd2.0,220593,220625,Gräfin Franziska von Hohenheim.,1,ihn,PPER,ihn,33224,,
tg,rfd2.0,220593,220625,Gräfin Franziska von Hohenheim.,1,gesprochen,VVPP,sprechen,33224,,
tg,rfd2.0,220593,220625,Gräfin Franziska von Hohenheim.,1,?,$.,--,33224,,
tg,rfd2.0,220630,220645,Generalin Rieger.,2,Ja,NN,ja,33224,,
tg,rfd2.0,220630,220645,Generalin Rieger.,2,.,$.,--,33224,,
tg,rfd2.0,220650,220681,Gräfin Franziska von Hohenheim.,1,Er,PPER,er,33224,,
tg,rfd2.0,220650,220681,Gräfin Franziska von Hohenheim.,1,will,VMFIN,wollen,33224,,
tg,rfd2.0,220650,220681,Gräfin Franziska von Hohenheim.,1,nicht,PTKNEG,nicht,33224,,
tg,rfd2.0,220650,220681,Gräfin Franziska von Hohenheim.,1,fliehen,VVINF,fliehen,33224,,
tg,rfd2.0,220650,220681,Gräfin Franziska von Hohenheim.,1,?,$.,--,33224,,
tg,rfd2.0,220686,220703,Generalin Rieger.,2,Nein,PTKANT,nein,33224,,
tg,rfd2.0,220686,220703,Generalin Rieger.,2,.,$.,--,33224,,
tg,rfd2.0,220708,220731,Gräfin Franziska von Hohenheim.,1,Ist,VAFIN,sein,33224,,
tg,rfd2.0,220708,220731,Gräfin Franziska von Hohenheim.,1,er,PPER,er,33224,,
tg,rfd2.0,220708,220731,Gräfin Franziska von Hohenheim.,1,rasend,ADJD,rasend,33224,,
tg,rfd2.0,220708,220731,Gräfin Franziska von Hohenheim.,1,?,$.,--,33224,,
tg,rfd2.0,220736,220774,Generalin Rieger.,2,',$[,--,33224,,
tg,rfd2.0,220736,220774,Generalin Rieger.,2,s,PPER,--,33224,,
tg,rfd2.0,220736,220774,Generalin Rieger.,2,ist,VAFIN,sein,33224,,
tg,rfd2.0,220736,220774,Generalin Rieger.,2,so,ADV,so,33224,,
tg,rfd2.0,220736,220774,Generalin Rieger.,2,was,PIS,was,33224,,
tg,rfd2.0,220736,220774,Generalin Rieger.,2,wie,KOKOM,wie,33224,,
tg,rfd2.0,220736,220774,Generalin Rieger.,2,Raserei,NN,raserei,33224,,
tg,rfd2.0,220736,220774,Generalin Rieger.,2,.,$.,--,33224,,
tg,rfd2.0,220779,220797,Gräfin Franziska von Hohenheim.,1,Bäbele,NE,bäbele,33224,,
tg,rfd2.0,220779,220797,Gräfin Franziska von Hohenheim.,1,–,ITJ,–,33224,,
tg,rfd2.0,220779,220797,Gräfin Franziska von Hohenheim.,1,"!",$.,--,33224,,
tg,rfd2.0,220802,220840,Generalin Rieger.,2,Soll,VMFIN,sollen,33224,,
tg,rfd2.0,220802,220840,Generalin Rieger.,2,ich,PPER,ich,33224,Generalin Rieger.,2
tg,rfd2.0,220802,220840,Generalin Rieger.,2,dir's,VVFIN,dir,33224,,
tg,rfd2.0,220802,220840,Generalin Rieger.,2,denn,ADV,denn,33224,,
tg,rfd2.0,220802,220840,Generalin Rieger.,2,sagen,VVINF,sagen,33224,,
tg,rfd2.0,220802,220840,Generalin Rieger.,2,?,$.,--,33224,,
tg,rfd2.0,220845,220911,Gräfin Franziska von Hohenheim.,1,Bäbele,NE,bäbele,33224,,
tg,rfd2.0,220845,220911,Gräfin Franziska von Hohenheim.,1,–,ITJ,–,33224,,
tg,rfd2.0,220845,220911,Gräfin Franziska von Hohenheim.,1,"!",$.,--,33224,,
tg,rfd2.0,220845,220911,Gräfin Franziska von Hohenheim.,1,Wie,PWAV,wie,33224,,
tg,rfd2.0,220845,220911,Gräfin Franziska von Hohenheim.,1,soll,VMFIN,sollen,33224,,
tg,rfd2.0,220845,220911,Gräfin Franziska von Hohenheim.,1,ich,PPER,ich,33224,Gräfin Franziska von Hohenheim.,1
tg,rfd2.0,220845,220911,Gräfin Franziska von Hohenheim.,1,helfen,VVINF,helfen,33224,,
tg,rfd2.0,220845,220911,Gräfin Franziska von Hohenheim.,1,",","$,",--,33224,,
tg,rfd2.0,220845,220911,Gräfin Franziska von Hohenheim.,1,wenn,KOUS,wenn,33224,,
tg,rfd2.0,220845,220911,Gräfin Franziska von Hohenheim.,1,ich,PPER,ich,33224,Gräfin Franziska von Hohenheim.,1
tg,rfd2.0,220845,220911,Gräfin Franziska von Hohenheim.,1,nicht,PTKNEG,nicht,33224,,
tg,rfd2.0,220845,220911,Gräfin Franziska von Hohenheim.,1,alles,PIS,alle,33224,,
tg,rfd2.0,220845,220911,Gräfin Franziska von Hohenheim.,1,weiß,VVFIN,weiß,33224,,
tg,rfd2.0,220845,220911,Gräfin Franziska von Hohenheim.,1,.,$.,--,33224,,
tg,rfd2.0,220916,221243,Generalin Rieger.,2,',$[,--,33224,,
tg,rfd2.0,220916,221243,Generalin Rieger.,2,s,PPER,--,33224,,
tg,rfd2.0,220916,221243,Generalin Rieger.,2,macht,VVFIN,machen,33224,,
tg,rfd2.0,220916,221243,Generalin Rieger.,2,dich,PPER,dich,33224,,
tg,rfd2.0,220916,221243,Generalin Rieger.,2,am,APPRART,an,33224,,
tg,rfd2.0,220916,221243,Generalin Rieger.,2,End,NN,end,33224,,
tg,rfd2.0,220916,221243,Generalin Rieger.,2,',$[,--,33224,,
tg,rfd2.0,220916,221243,Generalin Rieger.,2,wieder,ADV,wieder,33224,,
tg,rfd2.0,220916,221243,Generalin Rieger.,2,bös,ADV,bös,33224,,
tg,rfd2.0,220916,221243,Generalin Rieger.,2,–,VVFIN,–,33224,,
tg,rfd2.0,220916,221243,Generalin Rieger.,2,wir,PPER,wir,33224,,
tg,rfd2.0,220916,221243,Generalin Rieger.,2,haben,VAFIN,haben,33224,,
tg,rfd2.0,220916,221243,Generalin Rieger.,2,das,ART,der,33224,,
tg,rfd2.0,220916,221243,Generalin Rieger.,2,Mädchen,NN,mädchen,33224,,
tg,rfd2.0,220916,221243,Generalin Rieger.,2,verkannt,VVPP,verkennen,33224,,
tg,rfd2.0,220916,221243,Generalin Rieger.,2,",","$,",--,33224,,
tg,rfd2.0,220916,221243,Generalin Rieger.,2,Franzel,NE,franzel,33224,,
tg,rfd2.0,220916,221243,Generalin Rieger.,2,",","$,",--,33224,,
tg,rfd2.0,220916,221243,Generalin Rieger.,2,die,ART,der,33224,,
tg,rfd2.0,220916,221243,Generalin Rieger.,2,Laura,NN,laura,33224,,
tg,rfd2.0,220916,221243,Generalin Rieger.,2,ist,VAFIN,sein,33224,,
tg,rfd2.0,220916,221243,Generalin Rieger.,2,ganz,ADV,ganz,33224,,
tg,rfd2.0,220916,221243,Generalin Rieger.,2,anders,ADV,anders,33224,,
tg,rfd2.0,220916,221243,Generalin Rieger.,2,",","$,",--,33224,,
tg,rfd2.0,220916,221243,Generalin Rieger.,2,als,KOKOM,als,33224,,
tg,rfd2.0,220916,221243,Generalin Rieger.,2,wir,PPER,wir,33224,,
tg,rfd2.0,220916,221243,Generalin Rieger.,2,dachten,VVFIN,denken,33224,,
tg,rfd2.0,220916,221243,Generalin Rieger.,2,.,$.,--,33224,,
tg,rfd2.0,220916,221243,Generalin Rieger.,2,Das,PDS,der,33224,,
tg,rfd2.0,220916,221243,Generalin Rieger.,2,merkte,VVFIN,merken,33224,,
tg,rfd2.0,220916,221243,Generalin Rieger.,2,ich,PPER,ich,33224,Generalin Rieger.,2
tg,rfd2.0,220916,221243,Generalin Rieger.,2,heute,ADV,heute,33224,,
tg,rfd2.0,220916,221243,Generalin Rieger.,2,beim,APPRART,bei,33224,,
tg,rfd2.0,220916,221243,Generalin Rieger.,2,Frühstück,NN,frühstück,33224,,
tg,rfd2.0,220916,221243,Generalin Rieger.,2,.,$.,--,33224,,
tg,rfd2.0,220916,221243,Generalin Rieger.,2,Deshalb,PROAV,deshalb,33224,,
tg,rfd2.0,220916,221243,Generalin Rieger.,2,ging,VVFIN,gehen,33224,,
tg,rfd2.0,220916,221243,Generalin Rieger.,2,ich,PPER,ich,33224,Generalin Rieger.,2
tg,rfd2.0,220916,221243,Generalin Rieger.,2,beizeiten,VVFIN,beizeiten,33224,,
tg,rfd2.0,220916,221243,Generalin Rieger.,2,zum,APPRART,zu,33224,,
tg,rfd2.0,220916,221243,Generalin Rieger.,2,Schiller,NE,schiller,33224,SCHILLER,29
tg,rfd2.0,220916,221243,Generalin Rieger.,2,hinab,VVFIN,hinab,33224,,
tg,rfd2.0,220916,221243,Generalin Rieger.,2,.,$.,--,33224,,
tg,rfd2.0,220916,221243,Generalin Rieger.,2,Der,ART,der,33224,,
tg,rfd2.0,220916,221243,Generalin Rieger.,2,Offizier,NN,offizier,33224,,
tg,rfd2.0,220916,221243,Generalin Rieger.,2,hat,VAFIN,haben,33224,,
tg,rfd2.0,220916,221243,Generalin Rieger.,2,keine,PIAT,kein,33224,,
tg,rfd2.0,220916,221243,Generalin Rieger.,2,besondere,ADJA,besonderer,33224,,
tg,rfd2.0,220916,221243,Generalin Rieger.,2,Order,NN,Order,33224,,
tg,rfd2.0,220916,221243,Generalin Rieger.,2,er,PPER,er,33224,,
tg,rfd2.0,220916,221243,Generalin Rieger.,2,läßt,VVFIN,lassen,33224,,
tg,rfd2.0,220916,221243,Generalin Rieger.,2,ihn,PPER,ihn,33224,,
tg,rfd2.0,220916,221243,Generalin Rieger.,2,frei,ADJD,frei,33224,,
tg,rfd2.0,220916,221243,Generalin Rieger.,2,heraus,PTKVZ,heraus,33224,,
tg,rfd2.0,220916,221243,Generalin Rieger.,2,in,APPR,in,33224,,
tg,rfd2.0,220916,221243,Generalin Rieger.,2,den,ART,der,33224,,
tg,rfd2.0,220916,221243,Generalin Rieger.,2,Bogengang,NN,bogengang,33224,,
tg,rfd2.0,220916,221243,Generalin Rieger.,2,",","$,",--,33224,,
tg,rfd2.0,220916,221243,Generalin Rieger.,2,und,KON,und,33224,,
tg,rfd2.0,220916,221243,Generalin Rieger.,2,wie,PWAV,wie,33224,,
tg,rfd2.0,220916,221243,Generalin Rieger.,2,fand,VVFIN,finden,33224,,
tg,rfd2.0,220916,221243,Generalin Rieger.,2,ich,PPER,ich,33224,Generalin Rieger.,2
tg,rfd2.0,220916,221243,Generalin Rieger.,2,den,ART,der,33224,,
tg,rfd2.0,220916,221243,Generalin Rieger.,2,Schiller,NE,schiller,33224,SCHILLER,29
tg,rfd2.0,220916,221243,Generalin Rieger.,2,?,$.,--,33224,,
tg,rfd2.0,221248,221261,Gräfin Franziska von Hohenheim.,1,Nun,ADV,nun,33224,,
tg,rfd2.0,221248,221261,Gräfin Franziska von Hohenheim.,1,?,$.,--,33224,,
tg,rfd2.0,221266,221341,Generalin Rieger.,2,Unbekümmert,NN,unbekümmert,33224,,
tg,rfd2.0,221266,221341,Generalin Rieger.,2,um,APPR,um,33224,,
tg,rfd2.0,221266,221341,Generalin Rieger.,2,sein,PPOSAT,sein,33224,,
tg,rfd2.0,221266,221341,Generalin Rieger.,2,Schicksal,NN,schicksal,33224,,
tg,rfd2.0,221266,221341,Generalin Rieger.,2,",","$,",--,33224,,
tg,rfd2.0,221266,221341,Generalin Rieger.,2,strahlend,ADJD,strahlend,33224,,
tg,rfd2.0,221266,221341,Generalin Rieger.,2,von,APPR,von,33224,,
tg,rfd2.0,221266,221341,Generalin Rieger.,2,Glück,NN,glück,33224,,
tg,rfd2.0,221266,221341,Generalin Rieger.,2,und,KON,und,33224,,
tg,rfd2.0,221266,221341,Generalin Rieger.,2,Übermut,NN,übermut,33224,,
tg,rfd2.0,221266,221341,Generalin Rieger.,2,.,$.,--,33224,,
tg,rfd2.0,221346,221383,Gräfin Franziska von Hohenheim.,1,Bäbele,NE,bäbele,33224,,
tg,rfd2.0,221346,221383,Gräfin Franziska von Hohenheim.,1,"!",$.,--,33224,,
tg,rfd2.0,221346,221383,Gräfin Franziska von Hohenheim.,1,Die,ART,der,33224,,
tg,rfd2.0,221346,221383,Gräfin Franziska von Hohenheim.,1,jungen,ADJA,jung,33224,,
tg,rfd2.0,221346,221383,Gräfin Franziska von Hohenheim.,1,Leute,NN,leute,33224,,
tg,rfd2.0,221346,221383,Gräfin Franziska von Hohenheim.,1,–,ITJ,–,33224,,
tg,rfd2.0,221346,221383,Gräfin Franziska von Hohenheim.,1,"!",$.,--,33224,,
tg,rfd2.0,221346,221383,Gräfin Franziska von Hohenheim.,1,?,$.,--,33224,,
tg,rfd2.0,221389,221433,Generalin Rieger.,2,Sind,VAFIN,sein,33224,,
tg,rfd2.0,221389,221433,Generalin Rieger.,2,offenbar,ADJD,offenbar,33224,,
tg,rfd2.0,221389,221433,Generalin Rieger.,2,einig,ADJD,einig,33224,,
tg,rfd2.0,221389,221433,Generalin Rieger.,2,miteinander,ADV,miteinander,33224,,
tg,rfd2.0,221389,221433,Generalin Rieger.,2,"!",$.,--,33224,,
tg,rfd2.0,221438,221465,Gräfin Franziska von Hohenheim.,1,Die,ART,der,33224,,
tg,rfd2.0,221438,221465,Gräfin Franziska von Hohenheim.,1,Unglücklichen,ADJA,unglücklich,33224,,
tg,rfd2.0,221438,221465,Gräfin Franziska von Hohenheim.,1,"!",$.,--,33224,,
tg,rfd2.0,221470,221683,Generalin Rieger.,2,Ach,ITJ,ach,33224,,
tg,rfd2.0,221470,221683,Generalin Rieger.,2,",","$,",--,33224,,
tg,rfd2.0,221470,221683,Generalin Rieger.,2,sie,PPER,sie,33224,,
tg,rfd2.0,221470,221683,Generalin Rieger.,2,sind,VAFIN,sein,33224,,
tg,rfd2.0,221470,221683,Generalin Rieger.,2,so,ADV,so,33224,,
tg,rfd2.0,221470,221683,Generalin Rieger.,2,rührend,ADJD,rührend,33224,,
tg,rfd2.0,221470,221683,Generalin Rieger.,2,",","$,",--,33224,,
tg,rfd2.0,221470,221683,Generalin Rieger.,2,das,ART,der,33224,,
tg,rfd2.0,221470,221683,Generalin Rieger.,2,Kind,NN,kind,33224,,
tg,rfd2.0,221470,221683,Generalin Rieger.,2,in,APPR,in,33224,,
tg,rfd2.0,221470,221683,Generalin Rieger.,2,seiner,PPOSAT,sein,33224,,
tg,rfd2.0,221470,221683,Generalin Rieger.,2,stillen,ADJA,still,33224,,
tg,rfd2.0,221470,221683,Generalin Rieger.,2,Seligkeit,NN,seligkeit,33224,,
tg,rfd2.0,221470,221683,Generalin Rieger.,2,",","$,",--,33224,,
tg,rfd2.0,221470,221683,Generalin Rieger.,2,der,PRELS,der,33224,,
tg,rfd2.0,221470,221683,Generalin Rieger.,2,Schiller,NE,schiller,33224,SCHILLER,29
tg,rfd2.0,221470,221683,Generalin Rieger.,2,in,APPR,in,33224,,
tg,rfd2.0,221470,221683,Generalin Rieger.,2,seiner,PPOSAT,sein,33224,,
tg,rfd2.0,221470,221683,Generalin Rieger.,2,lauten,VVINF,laut,33224,,
tg,rfd2.0,221470,221683,Generalin Rieger.,2,Schwärmerei,VAIMP,schwärmerei,33224,,
tg,rfd2.0,221470,221683,Generalin Rieger.,2,–,XY,–,33224,,
tg,rfd2.0,221470,221683,Generalin Rieger.,2,Weint,PTKVZ,weint,33224,,
tg,rfd2.0,221470,221683,Generalin Rieger.,2,.,$.,--,33224,,
tg,rfd2.0,221470,221683,Generalin Rieger.,2,es,PPER,es,33224,,
tg,rfd2.0,221470,221683,Generalin Rieger.,2,könnte,VMFIN,können,33224,,
tg,rfd2.0,221470,221683,Generalin Rieger.,2,einen,ART,ein,33224,,
tg,rfd2.0,221470,221683,Generalin Rieger.,2,Stein,NN,stein,33224,,
tg,rfd2.0,221470,221683,Generalin Rieger.,2,erbarmen,VVINF,erbarmen,33224,,
tg,rfd2.0,221470,221683,Generalin Rieger.,2,",","$,",--,33224,,
tg,rfd2.0,221470,221683,Generalin Rieger.,2,daß,KOUS,daß,33224,,
tg,rfd2.0,221470,221683,Generalin Rieger.,2,diese,PDAT,dieser,33224,,
tg,rfd2.0,221470,221683,Generalin Rieger.,2,beiden,PIDAT,beide,33224,,
tg,rfd2.0,221470,221683,Generalin Rieger.,2,Leute,NN,leute,33224,,
tg,rfd2.0,221470,221683,Generalin Rieger.,2,nicht,PTKNEG,nicht,33224,,
tg,rfd2.0,221470,221683,Generalin Rieger.,2,glücklich,ADJD,glücklich,33224,,
tg,rfd2.0,221470,221683,Generalin Rieger.,2,werden,VAFIN,werden,33224,,
tg,rfd2.0,221470,221683,Generalin Rieger.,2,sollten,VMFIN,sollen,33224,,
tg,rfd2.0,221470,221683,Generalin Rieger.,2,"!",$.,--,33224,,
tg,rfd2.0,221688,221944,Gräfin Franziska von Hohenheim.,1,Die,ART,der,33224,,
tg,rfd2.0,221688,221944,Gräfin Franziska von Hohenheim.,1,Unglücklichen,ADJA,unglücklich,33224,,
tg,rfd2.0,221688,221944,Gräfin Franziska von Hohenheim.,1,–,NN,–,33224,,
tg,rfd2.0,221688,221944,Gräfin Franziska von Hohenheim.,1,wenn,KOUS,wenn,33224,,
tg,rfd2.0,221688,221944,Gräfin Franziska von Hohenheim.,1,der,ART,der,33224,,
tg,rfd2.0,221688,221944,Gräfin Franziska von Hohenheim.,1,Herzog,NE,herzog,33224,,
tg,rfd2.0,221688,221944,Gräfin Franziska von Hohenheim.,1,eine,ART,ein,33224,,
tg,rfd2.0,221688,221944,Gräfin Franziska von Hohenheim.,1,Ahnung,NN,ahnung,33224,,
tg,rfd2.0,221688,221944,Gräfin Franziska von Hohenheim.,1,davon,PROAV,davon,33224,,
tg,rfd2.0,221688,221944,Gräfin Franziska von Hohenheim.,1,hätte,VAFIN,haben,33224,,
tg,rfd2.0,221688,221944,Gräfin Franziska von Hohenheim.,1,",","$,",--,33224,,
tg,rfd2.0,221688,221944,Gräfin Franziska von Hohenheim.,1,so,ADV,so,33224,,
tg,rfd2.0,221688,221944,Gräfin Franziska von Hohenheim.,1,wäre,VAFIN,sein,33224,,
tg,rfd2.0,221688,221944,Gräfin Franziska von Hohenheim.,1,Schiller,NE,schiller,33224,SCHILLER,29
tg,rfd2.0,221688,221944,Gräfin Franziska von Hohenheim.,1,jetzt,ADV,jetzt,33224,,
tg,rfd2.0,221688,221944,Gräfin Franziska von Hohenheim.,1,schon,ADV,schon,33224,,
tg,rfd2.0,221688,221944,Gräfin Franziska von Hohenheim.,1,in,APPR,in,33224,,
tg,rfd2.0,221688,221944,Gräfin Franziska von Hohenheim.,1,Ketten,NN,kette,33224,,
tg,rfd2.0,221688,221944,Gräfin Franziska von Hohenheim.,1,und,KON,und,33224,,
tg,rfd2.0,221688,221944,Gräfin Franziska von Hohenheim.,1,Banden,VVFIN,bande,33224,,
tg,rfd2.0,221688,221944,Gräfin Franziska von Hohenheim.,1,"!",$.,--,33224,,
tg,rfd2.0,221688,221944,Gräfin Franziska von Hohenheim.,1,Nun,ADV,nun,33224,,
tg,rfd2.0,221688,221944,Gräfin Franziska von Hohenheim.,1,bete,VVFIN,beten,33224,,
tg,rfd2.0,221688,221944,Gräfin Franziska von Hohenheim.,1,zu,APPR,zu,33224,,
tg,rfd2.0,221688,221944,Gräfin Franziska von Hohenheim.,1,Gott,NN,gott,33224,,
tg,rfd2.0,221688,221944,Gräfin Franziska von Hohenheim.,1,",","$,",--,33224,,
tg,rfd2.0,221688,221944,Gräfin Franziska von Hohenheim.,1,daß,KOUS,daß,33224,,
tg,rfd2.0,221688,221944,Gräfin Franziska von Hohenheim.,1,der,ART,der,33224,,
tg,rfd2.0,221688,221944,Gräfin Franziska von Hohenheim.,1,Herzog,NE,herzog,33224,,
tg,rfd2.0,221688,221944,Gräfin Franziska von Hohenheim.,1,gleich,ADV,gleich,33224,,
tg,rfd2.0,221688,221944,Gräfin Franziska von Hohenheim.,1,hinausreitet,VVFIN,hinausreiten,33224,,
tg,rfd2.0,221688,221944,Gräfin Franziska von Hohenheim.,1,zur,APPRART,zu,33224,,
tg,rfd2.0,221688,221944,Gräfin Franziska von Hohenheim.,1,Jagd,NN,jagd,33224,,
tg,rfd2.0,221688,221944,Gräfin Franziska von Hohenheim.,1,",","$,",--,33224,,
tg,rfd2.0,221688,221944,Gräfin Franziska von Hohenheim.,1,ohne,KOUI,ohne,33224,,
tg,rfd2.0,221688,221944,Gräfin Franziska von Hohenheim.,1,nach,APPR,nach,33224,,
tg,rfd2.0,221688,221944,Gräfin Franziska von Hohenheim.,1,ihm,PPER,ihm,33224,,
tg,rfd2.0,221688,221944,Gräfin Franziska von Hohenheim.,1,zu,PTKZU,zu,33224,,
tg,rfd2.0,221688,221944,Gräfin Franziska von Hohenheim.,1,fragen,VVINF,fragen,33224,,
tg,rfd2.0,221688,221944,Gräfin Franziska von Hohenheim.,1,–,XY,–,33224,,
tg,rfd2.0,221951,221973,Generalin Rieger.,2,Da,ADV,da,33224,,
tg,rfd2.0,221951,221973,Generalin Rieger.,2,ist,VAFIN,sein,33224,,
tg,rfd2.0,221951,221973,Generalin Rieger.,2,er,PPER,er,33224,,
tg,rfd2.0,221951,221973,Generalin Rieger.,2,"!",$.,--,33224,,
tg,rfd2.0,221978,222262,Gräfin Franziska von Hohenheim.,1,Das,PDS,der,33224,,
tg,rfd2.0,221978,222262,Gräfin Franziska von Hohenheim.,1,ist,VAFIN,sein,33224,,
tg,rfd2.0,221978,222262,Gräfin Franziska von Hohenheim.,1,er,PPER,er,33224,,
tg,rfd2.0,221978,222262,Gräfin Franziska von Hohenheim.,1,"!",$.,--,33224,,
tg,rfd2.0,221978,222262,Gräfin Franziska von Hohenheim.,1,Hinweg,NE,hinweg,33224,,
tg,rfd2.0,221978,222262,Gräfin Franziska von Hohenheim.,1,"!",$.,--,33224,,
tg,rfd2.0,221978,222262,Gräfin Franziska von Hohenheim.,1,Sie,PPER,sie,33224,,
tg,rfd2.0,221978,222262,Gräfin Franziska von Hohenheim.,1,geht,VVFIN,gehen,33224,,
tg,rfd2.0,221978,222262,Gräfin Franziska von Hohenheim.,1,zunächst,ADV,zunächst,33224,,
tg,rfd2.0,221978,222262,Gräfin Franziska von Hohenheim.,1,nach,APPR,nach,33224,,
tg,rfd2.0,221978,222262,Gräfin Franziska von Hohenheim.,1,der,ART,der,33224,,
tg,rfd2.0,221978,222262,Gräfin Franziska von Hohenheim.,1,Glastür,NN,glastür,33224,,
tg,rfd2.0,221978,222262,Gräfin Franziska von Hohenheim.,1,um,APPR,um,33224,,
tg,rfd2.0,221978,222262,Gräfin Franziska von Hohenheim.,1,vorsichtig,ADJD,vorsichtig,33224,,
tg,rfd2.0,221978,222262,Gräfin Franziska von Hohenheim.,1,hinabzusehen,VVIZU,hinabzusehen,33224,,
tg,rfd2.0,221978,222262,Gräfin Franziska von Hohenheim.,1,.,$.,--,33224,,
tg,rfd2.0,221978,222262,Gräfin Franziska von Hohenheim.,1,Wenn,KOUS,wenn,33224,,
tg,rfd2.0,221978,222262,Gräfin Franziska von Hohenheim.,1,ich,PPER,ich,33224,Gräfin Franziska von Hohenheim.,1
tg,rfd2.0,221978,222262,Gräfin Franziska von Hohenheim.,1,ihn,PPER,ihn,33224,,
tg,rfd2.0,221978,222262,Gräfin Franziska von Hohenheim.,1,nur,ADV,nur,33224,,
tg,rfd2.0,221978,222262,Gräfin Franziska von Hohenheim.,1,selbst,ADV,selbst,33224,,
tg,rfd2.0,221978,222262,Gräfin Franziska von Hohenheim.,1,vermeiden,VVINF,vermeiden,33224,,
tg,rfd2.0,221978,222262,Gräfin Franziska von Hohenheim.,1,könnte,VMFIN,können,33224,,
tg,rfd2.0,221978,222262,Gräfin Franziska von Hohenheim.,1,",","$,",--,33224,,
tg,rfd2.0,221978,222262,Gräfin Franziska von Hohenheim.,1,damit,KOUS,damit,33224,,
tg,rfd2.0,221978,222262,Gräfin Franziska von Hohenheim.,1,ich,PPER,ich,33224,Gräfin Franziska von Hohenheim.,1
tg,rfd2.0,221978,222262,Gräfin Franziska von Hohenheim.,1,nichts,PIS,nichts,33224,,
tg,rfd2.0,221978,222262,Gräfin Franziska von Hohenheim.,1,über,APPR,über,33224,,
tg,rfd2.0,221978,222262,Gräfin Franziska von Hohenheim.,1,das,ART,der,33224,,
tg,rfd2.0,221978,222262,Gräfin Franziska von Hohenheim.,1,Buch,NN,buch,33224,,
tg,rfd2.0,221978,222262,Gräfin Franziska von Hohenheim.,1,zu,PTKZU,zu,33224,,
tg,rfd2.0,221978,222262,Gräfin Franziska von Hohenheim.,1,sagen,VVINF,sagen,33224,,
tg,rfd2.0,221978,222262,Gräfin Franziska von Hohenheim.,1,brauchte,VVFIN,brauchen,33224,,
tg,rfd2.0,221978,222262,Gräfin Franziska von Hohenheim.,1,?,$.,--,33224,,
tg,rfd2.0,221978,222262,Gräfin Franziska von Hohenheim.,1,Aber,KON,aber,33224,,
tg,rfd2.0,221978,222262,Gräfin Franziska von Hohenheim.,1,er,PPER,er,33224,,
tg,rfd2.0,221978,222262,Gräfin Franziska von Hohenheim.,1,wird,VAFIN,werden,33224,,
tg,rfd2.0,221978,222262,Gräfin Franziska von Hohenheim.,1,mich,PPER,mich,33224,Gräfin Franziska von Hohenheim.,1
tg,rfd2.0,221978,222262,Gräfin Franziska von Hohenheim.,1,aufsuchen,VVINF,aufsuchen,33224,,
tg,rfd2.0,221978,222262,Gräfin Franziska von Hohenheim.,1,–,XY,–,33224,,
tg,rfd2.0,221978,222262,Gräfin Franziska von Hohenheim.,1,–,XY,–,33224,,
tg,rfd2.0,221978,222262,Gräfin Franziska von Hohenheim.,1,–,XY,–,33224,,
tg,rfd2.0,221978,222262,Gräfin Franziska von Hohenheim.,1,Schiller,NE,schiller,33224,SCHILLER,29
tg,rfd2.0,221978,222262,Gräfin Franziska von Hohenheim.,1,muß,VMFIN,müssen,33224,,
tg,rfd2.0,221978,222262,Gräfin Franziska von Hohenheim.,1,aus,APPR,aus,33224,,
tg,rfd2.0,221978,222262,Gräfin Franziska von Hohenheim.,1,Stuttgart,NE,stuttgart,33224,,
tg,rfd2.0,221978,222262,Gräfin Franziska von Hohenheim.,1,",","$,",--,33224,,
tg,rfd2.0,221978,222262,Gräfin Franziska von Hohenheim.,1,ehe,KOUS,ehe,33224,,
tg,rfd2.0,221978,222262,Gräfin Franziska von Hohenheim.,1,der,ART,der,33224,,
tg,rfd2.0,221978,222262,Gräfin Franziska von Hohenheim.,1,Herzog,NE,herzog,33224,,
tg,rfd2.0,221978,222262,Gräfin Franziska von Hohenheim.,1,von,APPR,von,33224,,
tg,rfd2.0,221978,222262,Gräfin Franziska von Hohenheim.,1,der,ART,der,33224,,
tg,rfd2.0,221978,222262,Gräfin Franziska von Hohenheim.,1,Jagd,NN,jagd,33224,,
tg,rfd2.0,221978,222262,Gräfin Franziska von Hohenheim.,1,heimkehrt,VVFIN,hekehren,33224,,
tg,rfd2.0,221978,222262,Gräfin Franziska von Hohenheim.,1,"!",$.,--,33224,,
tg,rfd2.0,222267,222296,Generalin Rieger.,2,Das,PDS,der,33224,,
tg,rfd2.0,222267,222296,Generalin Rieger.,2,tut,VVFIN,tun,33224,,
tg,rfd2.0,222267,222296,Generalin Rieger.,2,er,PPER,er,33224,,
tg,rfd2.0,222267,222296,Generalin Rieger.,2,nicht,PTKNEG,nicht,33224,,
tg,rfd2.0,222267,222296,Generalin Rieger.,2,"!",$.,--,33224,,
tg,rfd2.0,222301,222489,Gräfin Franziska von Hohenheim.,1,Er,PPER,er,33224,,
tg,rfd2.0,222301,222489,Gräfin Franziska von Hohenheim.,1,muß,VMFIN,müssen,33224,,
tg,rfd2.0,222301,222489,Gräfin Franziska von Hohenheim.,1,–,XY,–,33224,,
tg,rfd2.0,222301,222489,Gräfin Franziska von Hohenheim.,1,da,ADV,da,33224,,
tg,rfd2.0,222301,222489,Gräfin Franziska von Hohenheim.,1,kommt,VVFIN,kommen,33224,,
tg,rfd2.0,222301,222489,Gräfin Franziska von Hohenheim.,1,der,ART,der,33224,,
tg,rfd2.0,222301,222489,Gräfin Franziska von Hohenheim.,1,Herzog,NE,herzog,33224,,
tg,rfd2.0,222301,222489,Gräfin Franziska von Hohenheim.,1,"!",$.,--,33224,,
tg,rfd2.0,222301,222489,Gräfin Franziska von Hohenheim.,1,Ruf,NN,ruf,33224,,
tg,rfd2.0,222301,222489,Gräfin Franziska von Hohenheim.,1,die,ART,der,33224,,
tg,rfd2.0,222301,222489,Gräfin Franziska von Hohenheim.,1,Laura,NN,laura,33224,,
tg,rfd2.0,222301,222489,Gräfin Franziska von Hohenheim.,1,zu,APPR,zu,33224,,
tg,rfd2.0,222301,222489,Gräfin Franziska von Hohenheim.,1,mir,PPER,sich,33224,Gräfin Franziska von Hohenheim.,1
tg,rfd2.0,222301,222489,Gräfin Franziska von Hohenheim.,1,"!",$.,--,33224,,
tg,rfd2.0,222301,222489,Gräfin Franziska von Hohenheim.,1,Gott,NN,gott,33224,,
tg,rfd2.0,222301,222489,Gräfin Franziska von Hohenheim.,1,schütz,VVFIN,schütz,33224,,
tg,rfd2.0,222301,222489,Gräfin Franziska von Hohenheim.,1,',$[,--,33224,,
tg,rfd2.0,222301,222489,Gräfin Franziska von Hohenheim.,1,uns,PPER,uns,33224,,
tg,rfd2.0,222301,222489,Gräfin Franziska von Hohenheim.,1,alle,PIS,aller,33224,ALLE,30
tg,rfd2.0,222301,222489,Gräfin Franziska von Hohenheim.,1,"!",$.,--,33224,,
tg,rfd2.0,222301,222489,Gräfin Franziska von Hohenheim.,1,So,ADV,so,33224,,
tg,rfd2.0,222301,222489,Gräfin Franziska von Hohenheim.,1,sieht,VVFIN,sehen,33224,,
tg,rfd2.0,222301,222489,Gräfin Franziska von Hohenheim.,1,er,PPER,er,33224,,
tg,rfd2.0,222301,222489,Gräfin Franziska von Hohenheim.,1,aus,PTKVZ,aus,33224,,
tg,rfd2.0,222301,222489,Gräfin Franziska von Hohenheim.,1,",","$,",--,33224,,
tg,rfd2.0,222301,222489,Gräfin Franziska von Hohenheim.,1,wenn,KOUS,wenn,33224,,
tg,rfd2.0,222301,222489,Gräfin Franziska von Hohenheim.,1,er,PPER,er,33224,,
tg,rfd2.0,222301,222489,Gräfin Franziska von Hohenheim.,1,ein,ART,ein,33224,,
tg,rfd2.0,222301,222489,Gräfin Franziska von Hohenheim.,1,Todesurteil,NN,todesurteil,33224,,
tg,rfd2.0,222301,222489,Gräfin Franziska von Hohenheim.,1,unterschreiben,VVINF,unterschreiben,33224,,
tg,rfd2.0,222301,222489,Gräfin Franziska von Hohenheim.,1,will,VMFIN,wollen,33224,,
tg,rfd2.0,222301,222489,Gräfin Franziska von Hohenheim.,1,.,$.,--,33224,,
tg,rfd2.0,222301,222489,Gräfin Franziska von Hohenheim.,1,Vorkommend,ADJD,vorkommend,33224,,
tg,rfd2.0,222301,222489,Gräfin Franziska von Hohenheim.,1,.,$.,--,33224,,
tg,rfd2.0,222301,222489,Gräfin Franziska von Hohenheim.,1,Hinweg,NE,hinweg,33224,,
tg,rfd2.0,222301,222489,Gräfin Franziska von Hohenheim.,1,"!",$.,--,33224,,
tg,rfd2.0,222301,222489,Gräfin Franziska von Hohenheim.,1,Und,KON,und,33224,,
tg,rfd2.0,222301,222489,Gräfin Franziska von Hohenheim.,1,ruf,ADV,ruf,33224,,
tg,rfd2.0,222301,222489,Gräfin Franziska von Hohenheim.,1,mir,PPER,sich,33224,Gräfin Franziska von Hohenheim.,1
tg,rfd2.0,222301,222489,Gräfin Franziska von Hohenheim.,1,die,ART,der,33224,,
tg,rfd2.0,222301,222489,Gräfin Franziska von Hohenheim.,1,Laura,NN,laura,33224,,
tg,rfd2.0,222301,222489,Gräfin Franziska von Hohenheim.,1,"!",$.,--,33224,,
tg,rfd2.0,222494,222525,Generalin Rieger.,2,Ja,NN,ja,33224,,
tg,rfd2.0,222494,222525,Generalin Rieger.,2,.,$.,--,33224,,
tg,rfd2.0,222494,222525,Generalin Rieger.,2,Beide,PIDAT,beide,33224,,
tg,rfd2.0,222494,222525,Generalin Rieger.,2,ab,APPR,ab,33224,,
tg,rfd2.0,222494,222525,Generalin Rieger.,2,links,ADV,links,33224,,
tg,rfd2.0,222494,222525,Generalin Rieger.,2,.,$.,--,33224,,
tg,rfd2.0,222734,223286,Herzog Karl von Württemberg.,0,Er,PPER,er,33224,,
tg,rfd2.0,222734,223286,Herzog Karl von Württemberg.,0,ist,VAFIN,sein,33224,,
tg,rfd2.0,222734,223286,Herzog Karl von Württemberg.,0,sehr,ADV,sehr,33224,,
tg,rfd2.0,222734,223286,Herzog Karl von Württemberg.,0,ernst,ADJD,ernst,33224,,
tg,rfd2.0,222734,223286,Herzog Karl von Württemberg.,0,und,KON,und,33224,,
tg,rfd2.0,222734,223286,Herzog Karl von Württemberg.,0,nachdenkend,ADJD,nachdenkend,33224,,
tg,rfd2.0,222734,223286,Herzog Karl von Württemberg.,0,und,KON,und,33224,,
tg,rfd2.0,222734,223286,Herzog Karl von Württemberg.,0,den,ART,der,33224,,
tg,rfd2.0,222734,223286,Herzog Karl von Württemberg.,0,ganzen,ADJA,ganz,33224,,
tg,rfd2.0,222734,223286,Herzog Karl von Württemberg.,0,Akt,NN,Akt,33224,,
tg,rfd2.0,222734,223286,Herzog Karl von Württemberg.,0,hindurch,ADV,hindurch,33224,,
tg,rfd2.0,222734,223286,Herzog Karl von Württemberg.,0,so,ADV,so,33224,,
tg,rfd2.0,222734,223286,Herzog Karl von Württemberg.,0,gewiß,ADV,gewiß,33224,,
tg,rfd2.0,222734,223286,Herzog Karl von Württemberg.,0,verhalten,ADJD,verhalten,33224,,
tg,rfd2.0,222734,223286,Herzog Karl von Württemberg.,0,in,APPR,in,33224,,
tg,rfd2.0,222734,223286,Herzog Karl von Württemberg.,0,Stimme,NN,stimme,33224,,
tg,rfd2.0,222734,223286,Herzog Karl von Württemberg.,0,",","$,",--,33224,,
tg,rfd2.0,222734,223286,Herzog Karl von Württemberg.,0,Bewegung,NN,bewegung,33224,,
tg,rfd2.0,222734,223286,Herzog Karl von Württemberg.,0,und,KON,und,33224,,
tg,rfd2.0,222734,223286,Herzog Karl von Württemberg.,0,ganzem,ADJA,ganz,33224,,
tg,rfd2.0,222734,223286,Herzog Karl von Württemberg.,0,Wesen,NN,wesen,33224,,
tg,rfd2.0,222734,223286,Herzog Karl von Württemberg.,0,",","$,",--,33224,,
tg,rfd2.0,222734,223286,Herzog Karl von Württemberg.,0,daher,PROAV,daher,33224,,
tg,rfd2.0,222734,223286,Herzog Karl von Württemberg.,0,alles,PIS,alle,33224,,
tg,rfd2.0,222734,223286,Herzog Karl von Württemberg.,0,um,APPR,um,33224,,
tg,rfd2.0,222734,223286,Herzog Karl von Württemberg.,0,ihn,PPER,ihn,33224,,
tg,rfd2.0,222734,223286,Herzog Karl von Württemberg.,0,her,PTKVZ,her,33224,,
tg,rfd2.0,222734,223286,Herzog Karl von Württemberg.,0,zu,APPR,zu,33224,,
tg,rfd2.0,222734,223286,Herzog Karl von Württemberg.,0,erhöhter,ADJA,erhöht,33224,,
tg,rfd2.0,222734,223286,Herzog Karl von Württemberg.,0,Furcht,NN,furcht,33224,,
tg,rfd2.0,222734,223286,Herzog Karl von Württemberg.,0,genötigt,VVPP,nötigen,33224,,
tg,rfd2.0,222734,223286,Herzog Karl von Württemberg.,0,wird,VAFIN,werden,33224,,
tg,rfd2.0,222734,223286,Herzog Karl von Württemberg.,0,.,$.,--,33224,,
tg,rfd2.0,222734,223286,Herzog Karl von Württemberg.,0,–,XY,–,33224,,
tg,rfd2.0,222734,223286,Herzog Karl von Württemberg.,0,Er,PPER,er,33224,,
tg,rfd2.0,222734,223286,Herzog Karl von Württemberg.,0,tritt,VVFIN,treten,33224,,
tg,rfd2.0,222734,223286,Herzog Karl von Württemberg.,0,nur,ADV,nur,33224,,
tg,rfd2.0,222734,223286,Herzog Karl von Württemberg.,0,einige,PIAT,einiger,33224,,
tg,rfd2.0,222734,223286,Herzog Karl von Württemberg.,0,Schritte,NN,schritt,33224,,
tg,rfd2.0,222734,223286,Herzog Karl von Württemberg.,0,in,APPR,in,33224,,
tg,rfd2.0,222734,223286,Herzog Karl von Württemberg.,0,den,ART,der,33224,,
tg,rfd2.0,222734,223286,Herzog Karl von Württemberg.,0,Saal,NN,saal,33224,,
tg,rfd2.0,222734,223286,Herzog Karl von Württemberg.,0,",","$,",--,33224,,
tg,rfd2.0,222734,223286,Herzog Karl von Württemberg.,0,bleibt,VVFIN,bleiben,33224,,
tg,rfd2.0,222734,223286,Herzog Karl von Württemberg.,0,dann,ADV,dann,33224,,
tg,rfd2.0,222734,223286,Herzog Karl von Württemberg.,0,stehen,VVFIN,stehen,33224,,
tg,rfd2.0,222734,223286,Herzog Karl von Württemberg.,0,und,KON,und,33224,,
tg,rfd2.0,222734,223286,Herzog Karl von Württemberg.,0,sieht,VVFIN,sehen,33224,,
tg,rfd2.0,222734,223286,Herzog Karl von Württemberg.,0,in,APPR,in,33224,,
tg,rfd2.0,222734,223286,Herzog Karl von Württemberg.,0,das,ART,der,33224,,
tg,rfd2.0,222734,223286,Herzog Karl von Württemberg.,0,»,NN,»,33224,,
tg,rfd2.0,222734,223286,Herzog Karl von Württemberg.,0,Magazin,NN,magazin,33224,,
tg,rfd2.0,222734,223286,Herzog Karl von Württemberg.,0,«,PTKVZ,«,33224,,
tg,rfd2.0,222734,223286,Herzog Karl von Württemberg.,0,.,$.,--,33224,,
tg,rfd2.0,222734,223286,Herzog Karl von Württemberg.,0,Zu,PTKZU,zu,33224,,
tg,rfd2.0,222734,223286,Herzog Karl von Württemberg.,0,Rieger,VVINF,rieger,33224,RIEGER,27
tg,rfd2.0,222734,223286,Herzog Karl von Württemberg.,0,.,$.,--,33224,,
tg,rfd2.0,222734,223286,Herzog Karl von Württemberg.,0,Wartet,NE,warten,33224,,
tg,rfd2.0,222734,223286,Herzog Karl von Württemberg.,0,.,$.,--,33224,,
tg,rfd2.0,222734,223286,Herzog Karl von Württemberg.,0,Rieger,NN,rieger,33224,RIEGER,27
tg,rfd2.0,222734,223286,Herzog Karl von Württemberg.,0,bleibt,VVFIN,bleiben,33224,,
tg,rfd2.0,222734,223286,Herzog Karl von Württemberg.,0,auf,APPR,auf,33224,,
tg,rfd2.0,222734,223286,Herzog Karl von Württemberg.,0,der,ART,der,33224,,
tg,rfd2.0,222734,223286,Herzog Karl von Württemberg.,0,Stelle,NN,stelle,33224,,
tg,rfd2.0,222734,223286,Herzog Karl von Württemberg.,0,stehn,CARD,stehn,33224,,
tg,rfd2.0,222734,223286,Herzog Karl von Württemberg.,0,;,$.,--,33224,,
tg,rfd2.0,222734,223286,Herzog Karl von Württemberg.,0,auf,APPR,auf,33224,,
tg,rfd2.0,222734,223286,Herzog Karl von Württemberg.,0,einen,ART,ein,33224,,
tg,rfd2.0,222734,223286,Herzog Karl von Württemberg.,0,leichten,ADJA,leicht,33224,,
tg,rfd2.0,222734,223286,Herzog Karl von Württemberg.,0,Blick,NN,blick,33224,,
tg,rfd2.0,222734,223286,Herzog Karl von Württemberg.,0,folgt,VVFIN,folgen,33224,,
tg,rfd2.0,222734,223286,Herzog Karl von Württemberg.,0,der,ART,der,33224,,
tg,rfd2.0,222734,223286,Herzog Karl von Württemberg.,0,Hauptmann,NE,hauptmann,33224,,
tg,rfd2.0,222734,223286,Herzog Karl von Württemberg.,0,dem,ART,der,33224,,
tg,rfd2.0,222734,223286,Herzog Karl von Württemberg.,0,Herzog,NE,herzog,33224,,
tg,rfd2.0,222734,223286,Herzog Karl von Württemberg.,0,in,APPR,in,33224,,
tg,rfd2.0,222734,223286,Herzog Karl von Württemberg.,0,den,ART,der,33224,,
tg,rfd2.0,222734,223286,Herzog Karl von Württemberg.,0,Vordergrund,NN,vordergrund,33224,,
tg,rfd2.0,222734,223286,Herzog Karl von Württemberg.,0,.,$.,--,33224,,
tg,rfd2.0,222734,223286,Herzog Karl von Württemberg.,0,Weiß,NE,weiße,33224,,
tg,rfd2.0,222734,223286,Herzog Karl von Württemberg.,0,Er,PPER,er,33224,,
tg,rfd2.0,222734,223286,Herzog Karl von Württemberg.,0,gewiß,ADV,gewiß,33224,,
tg,rfd2.0,222734,223286,Herzog Karl von Württemberg.,0,",","$,",--,33224,,
tg,rfd2.0,222734,223286,Herzog Karl von Württemberg.,0,daß,KOUS,daß,33224,,
tg,rfd2.0,222734,223286,Herzog Karl von Württemberg.,0,Er,PPER,er,33224,,
tg,rfd2.0,222734,223286,Herzog Karl von Württemberg.,0,sich,PRF,sich,33224,,
tg,rfd2.0,222734,223286,Herzog Karl von Württemberg.,0,nicht,PTKNEG,nicht,33224,,
tg,rfd2.0,222734,223286,Herzog Karl von Württemberg.,0,getäuscht,VVPP,täuschen,33224,,
tg,rfd2.0,222734,223286,Herzog Karl von Württemberg.,0,hat,VAFIN,haben,33224,,
tg,rfd2.0,222734,223286,Herzog Karl von Württemberg.,0,?,$.,--,33224,,
tg,rfd2.0,223291,223394,"Hauptmann von Silberkalb, Kammerherr.",5,Gewiß,ADV,gewiß,33224,,
tg,rfd2.0,223291,223394,"Hauptmann von Silberkalb, Kammerherr.",5,",","$,",--,33224,,
tg,rfd2.0,223291,223394,"Hauptmann von Silberkalb, Kammerherr.",5,Durchlaucht,NN,durchlaucht,33224,,
tg,rfd2.0,223291,223394,"Hauptmann von Silberkalb, Kammerherr.",5,.,$.,--,33224,,
tg,rfd2.0,223400,223520,Herzog Karl von Württemberg.,0,Ich,PPER,ich,33224,,
tg,rfd2.0,223400,223520,Herzog Karl von Württemberg.,0,hatte,VAFIN,haben,33224,,
tg,rfd2.0,223400,223520,Herzog Karl von Württemberg.,0,Ihm,PPER,ihm,33224,,
tg,rfd2.0,223400,223520,Herzog Karl von Württemberg.,0,Hoffnung,NN,hoffnung,33224,,
tg,rfd2.0,223400,223520,Herzog Karl von Württemberg.,0,gemacht,VVPP,machen,33224,,
tg,rfd2.0,223400,223520,Herzog Karl von Württemberg.,0,",","$,",--,33224,,
tg,rfd2.0,223400,223520,Herzog Karl von Württemberg.,0,Er,PPER,er,33224,,
tg,rfd2.0,223400,223520,Herzog Karl von Württemberg.,0,kann,VMFIN,können,33224,,
tg,rfd2.0,223400,223520,Herzog Karl von Württemberg.,0,davon,PROAV,davon,33224,,
tg,rfd2.0,223400,223520,Herzog Karl von Württemberg.,0,befangen,VVPP,befangen,33224,,
tg,rfd2.0,223400,223520,Herzog Karl von Württemberg.,0,gewesen,VAPP,sein,33224,,
tg,rfd2.0,223400,223520,Herzog Karl von Württemberg.,0,sein,VAINF,sein,33224,,
tg,rfd2.0,223400,223520,Herzog Karl von Württemberg.,0,:,$.,--,33224,,
tg,rfd2.0,223400,223520,Herzog Karl von Württemberg.,0,die,ART,der,33224,,
tg,rfd2.0,223400,223520,Herzog Karl von Württemberg.,0,Eifersucht,NN,eifersucht,33224,,
tg,rfd2.0,223400,223520,Herzog Karl von Württemberg.,0,sieht,VVFIN,sehen,33224,,
tg,rfd2.0,223400,223520,Herzog Karl von Württemberg.,0,doppelt,ADJD,doppelt,33224,,
tg,rfd2.0,223400,223520,Herzog Karl von Württemberg.,0,und,KON,und,33224,,
tg,rfd2.0,223400,223520,Herzog Karl von Württemberg.,0,dreifach,ADJD,dreifach,33224,,
tg,rfd2.0,223400,223520,Herzog Karl von Württemberg.,0,.,$.,--,33224,,
tg,rfd2.0,223525,223597,"Hauptmann von Silberkalb, Kammerherr.",5,Ich,PPER,ich,33224,,
tg,rfd2.0,223525,223597,"Hauptmann von Silberkalb, Kammerherr.",5,war,VAFIN,sein,33224,,
tg,rfd2.0,223525,223597,"Hauptmann von Silberkalb, Kammerherr.",5,so,ADV,so,33224,,
tg,rfd2.0,223525,223597,"Hauptmann von Silberkalb, Kammerherr.",5,unbefangen,ADJD,unbefangen,33224,,
tg,rfd2.0,223525,223597,"Hauptmann von Silberkalb, Kammerherr.",5,",","$,",--,33224,,
tg,rfd2.0,223525,223597,"Hauptmann von Silberkalb, Kammerherr.",5,daß,KOUS,daß,33224,,
tg,rfd2.0,223525,223597,"Hauptmann von Silberkalb, Kammerherr.",5,ich,PPER,ich,33224,"Hauptmann von Silberkalb, Kammerherr.",5
tg,rfd2.0,223525,223597,"Hauptmann von Silberkalb, Kammerherr.",5,vollständig,ADJD,vollständig,33224,,
tg,rfd2.0,223525,223597,"Hauptmann von Silberkalb, Kammerherr.",5,überrascht,VVPP,überraschen,33224,,
tg,rfd2.0,223525,223597,"Hauptmann von Silberkalb, Kammerherr.",5,wurde,VAFIN,werden,33224,,
tg,rfd2.0,223525,223597,"Hauptmann von Silberkalb, Kammerherr.",5,"!",$.,--,33224,,
tg,rfd2.0,223602,223711,Herzog Karl von Württemberg.,0,Und,KON,und,33224,,
tg,rfd2.0,223602,223711,Herzog Karl von Württemberg.,0,diese,PDAT,dieser,33224,,
tg,rfd2.0,223602,223711,Herzog Karl von Württemberg.,0,öffentliche,ADJA,öffentlich,33224,,
tg,rfd2.0,223602,223711,Herzog Karl von Württemberg.,0,Demonstration,NN,demonstration,33224,,
tg,rfd2.0,223602,223711,Herzog Karl von Württemberg.,0,–,XY,–,33224,,
tg,rfd2.0,223602,223711,Herzog Karl von Württemberg.,0,Auf,APPR,auf,33224,,
tg,rfd2.0,223602,223711,Herzog Karl von Württemberg.,0,das,ART,der,33224,,
tg,rfd2.0,223602,223711,Herzog Karl von Württemberg.,0,»,NN,»,33224,,
tg,rfd2.0,223602,223711,Herzog Karl von Württemberg.,0,Magazin,NN,magazin,33224,,
tg,rfd2.0,223602,223711,Herzog Karl von Württemberg.,0,«,CARD,«,33224,,
tg,rfd2.0,223602,223711,Herzog Karl von Württemberg.,0,weisend,CARD,weisend,33224,,
tg,rfd2.0,223602,223711,Herzog Karl von Württemberg.,0,.,$.,--,33224,,
tg,rfd2.0,223602,223711,Herzog Karl von Württemberg.,0,soll,VMFIN,sollen,33224,,
tg,rfd2.0,223602,223711,Herzog Karl von Württemberg.,0,auch,ADV,auch,33224,,
tg,rfd2.0,223602,223711,Herzog Karl von Württemberg.,0,meiner,PPOSAT,mein,33224,Herzog Karl von Württemberg.,0
tg,rfd2.0,223602,223711,Herzog Karl von Württemberg.,0,Frau,NN,frau,33224,,
tg,rfd2.0,223602,223711,Herzog Karl von Württemberg.,0,bekannt,ADJD,bekannt,33224,,
tg,rfd2.0,223602,223711,Herzog Karl von Württemberg.,0,sein,VAINF,sein,33224,,
tg,rfd2.0,223602,223711,Herzog Karl von Württemberg.,0,?,$.,--,33224,,
tg,rfd2.0,223716,223803,"Hauptmann von Silberkalb, Kammerherr.",5,Wenigstens,ADV,wenigstens,33224,,
tg,rfd2.0,223716,223803,"Hauptmann von Silberkalb, Kammerherr.",5,lag,VVFIN,liegen,33224,,
tg,rfd2.0,223716,223803,"Hauptmann von Silberkalb, Kammerherr.",5,sie,PPER,sie,33224,,
tg,rfd2.0,223716,223803,"Hauptmann von Silberkalb, Kammerherr.",5,auf,APPR,auf,33224,,
tg,rfd2.0,223716,223803,"Hauptmann von Silberkalb, Kammerherr.",5,dem,ART,der,33224,,
tg,rfd2.0,223716,223803,"Hauptmann von Silberkalb, Kammerherr.",5,Sofa,NN,sofa,33224,,
tg,rfd2.0,223716,223803,"Hauptmann von Silberkalb, Kammerherr.",5,der,ART,der,33224,,
tg,rfd2.0,223716,223803,"Hauptmann von Silberkalb, Kammerherr.",5,gnädigsten,ADJA,gnädig,33224,,
tg,rfd2.0,223716,223803,"Hauptmann von Silberkalb, Kammerherr.",5,Frau,NN,frau,33224,,
tg,rfd2.0,223716,223803,"Hauptmann von Silberkalb, Kammerherr.",5,Gräfin,NE,gräfin,33224,,
tg,rfd2.0,223716,223803,"Hauptmann von Silberkalb, Kammerherr.",5,.,$.,--,33224,,
tg,rfd2.0,223809,223871,Herzog Karl von Württemberg.,0,An,APPR,an,33224,,
tg,rfd2.0,223809,223871,Herzog Karl von Württemberg.,0,den,ART,der,33224,,
tg,rfd2.0,223809,223871,Herzog Karl von Württemberg.,0,Freiherrn,NN,freiherr,33224,,
tg,rfd2.0,223809,223871,Herzog Karl von Württemberg.,0,von,APPR,von,33224,,
tg,rfd2.0,223809,223871,Herzog Karl von Württemberg.,0,Dalberg,NE,dalberg,33224,,
tg,rfd2.0,223809,223871,Herzog Karl von Württemberg.,0,hat,VAFIN,haben,33224,,
tg,rfd2.0,223809,223871,Herzog Karl von Württemberg.,0,Er,PPER,er,33224,,
tg,rfd2.0,223809,223871,Herzog Karl von Württemberg.,0,also,ADV,also,33224,,
tg,rfd2.0,223809,223871,Herzog Karl von Württemberg.,0,geschrieben,VVPP,schreiben,33224,,
tg,rfd2.0,223809,223871,Herzog Karl von Württemberg.,0,?,$.,--,33224,,
tg,rfd2.0,223876,223911,"Hauptmann von Silberkalb, Kammerherr.",5,Zu,APPR,zu,33224,,
tg,rfd2.0,223876,223911,"Hauptmann von Silberkalb, Kammerherr.",5,Befehl,NN,befehl,33224,,
tg,rfd2.0,223876,223911,"Hauptmann von Silberkalb, Kammerherr.",5,",","$,",--,33224,,
tg,rfd2.0,223876,223911,"Hauptmann von Silberkalb, Kammerherr.",5,Durchlaucht,NN,durchlaucht,33224,,
tg,rfd2.0,223876,223911,"Hauptmann von Silberkalb, Kammerherr.",5,.,$.,--,33224,,
tg,rfd2.0,223916,223953,Herzog Karl von Württemberg.,0,Und,KON,und,33224,,
tg,rfd2.0,223916,223953,Herzog Karl von Württemberg.,0,hat,VAFIN,haben,33224,,
tg,rfd2.0,223916,223953,Herzog Karl von Württemberg.,0,es,PPER,es,33224,,
tg,rfd2.0,223916,223953,Herzog Karl von Württemberg.,0,dringend,ADJD,dringend,33224,,
tg,rfd2.0,223916,223953,Herzog Karl von Württemberg.,0,gemacht,VVPP,machen,33224,,
tg,rfd2.0,223916,223953,Herzog Karl von Württemberg.,0,?,$.,--,33224,,
tg,rfd2.0,223958,224168,"Hauptmann von Silberkalb, Kammerherr.",5,Überaus,ADV,überaus,33224,,
tg,rfd2.0,223958,224168,"Hauptmann von Silberkalb, Kammerherr.",5,dringend,ADJD,dringend,33224,,
tg,rfd2.0,223958,224168,"Hauptmann von Silberkalb, Kammerherr.",5,.,$.,--,33224,,
tg,rfd2.0,223958,224168,"Hauptmann von Silberkalb, Kammerherr.",5,Ich,PPER,ich,33224,,
tg,rfd2.0,223958,224168,"Hauptmann von Silberkalb, Kammerherr.",5,habe,VAFIN,haben,33224,,
tg,rfd2.0,223958,224168,"Hauptmann von Silberkalb, Kammerherr.",5,die,ART,der,33224,,
tg,rfd2.0,223958,224168,"Hauptmann von Silberkalb, Kammerherr.",5,Ansicht,NN,ansicht,33224,,
tg,rfd2.0,223958,224168,"Hauptmann von Silberkalb, Kammerherr.",5,Ew,NE,ew,33224,,
tg,rfd2.0,223958,224168,"Hauptmann von Silberkalb, Kammerherr.",5,.,$.,--,33224,,
tg,rfd2.0,223958,224168,"Hauptmann von Silberkalb, Kammerherr.",5,Durchlaucht,NN,durchlaucht,33224,,
tg,rfd2.0,223958,224168,"Hauptmann von Silberkalb, Kammerherr.",5,über,APPR,über,33224,,
tg,rfd2.0,223958,224168,"Hauptmann von Silberkalb, Kammerherr.",5,dergleichen,PIS,dergleichen,33224,,
tg,rfd2.0,223958,224168,"Hauptmann von Silberkalb, Kammerherr.",5,ausführlich,ADJD,ausführlich,33224,,
tg,rfd2.0,223958,224168,"Hauptmann von Silberkalb, Kammerherr.",5,geschildert,VVPP,schildern,33224,,
tg,rfd2.0,223958,224168,"Hauptmann von Silberkalb, Kammerherr.",5,",","$,",--,33224,,
tg,rfd2.0,223958,224168,"Hauptmann von Silberkalb, Kammerherr.",5,und,KON,und,33224,,
tg,rfd2.0,223958,224168,"Hauptmann von Silberkalb, Kammerherr.",5,wie,PWAV,wie,33224,,
tg,rfd2.0,223958,224168,"Hauptmann von Silberkalb, Kammerherr.",5,Hochdieselben,NN,hochdieselbe,33224,,
tg,rfd2.0,223958,224168,"Hauptmann von Silberkalb, Kammerherr.",5,es,PPER,es,33224,,
tg,rfd2.0,223958,224168,"Hauptmann von Silberkalb, Kammerherr.",5,äußerst,ADV,äußerst,33224,,
tg,rfd2.0,223958,224168,"Hauptmann von Silberkalb, Kammerherr.",5,ungnädig,ADJD,ungnädig,33224,,
tg,rfd2.0,223958,224168,"Hauptmann von Silberkalb, Kammerherr.",5,vermerken,VVINF,vermerken,33224,,
tg,rfd2.0,223958,224168,"Hauptmann von Silberkalb, Kammerherr.",5,müßten,VMFIN,müssen,33224,,
tg,rfd2.0,223958,224168,"Hauptmann von Silberkalb, Kammerherr.",5,",","$,",--,33224,,
tg,rfd2.0,223958,224168,"Hauptmann von Silberkalb, Kammerherr.",5,wenn,KOUS,wenn,33224,,
tg,rfd2.0,223958,224168,"Hauptmann von Silberkalb, Kammerherr.",5,ein,ART,ein,33224,,
tg,rfd2.0,223958,224168,"Hauptmann von Silberkalb, Kammerherr.",5,offenbar,ADJD,offenbar,33224,,
tg,rfd2.0,223958,224168,"Hauptmann von Silberkalb, Kammerherr.",5,unreifes,ADJA,unreif,33224,,
tg,rfd2.0,223958,224168,"Hauptmann von Silberkalb, Kammerherr.",5,Theaterstück,NN,theaterstück,33224,,
tg,rfd2.0,223958,224168,"Hauptmann von Silberkalb, Kammerherr.",5,–,XY,–,33224,,
tg,rfd2.0,224173,224210,Herzog Karl von Württemberg.,0,Weniger,PIAT,weniger,33224,,
tg,rfd2.0,224173,224210,Herzog Karl von Württemberg.,0,und,KON,und,33224,,
tg,rfd2.0,224173,224210,Herzog Karl von Württemberg.,0,mehr,ADV,mehr,33224,,
tg,rfd2.0,224173,224210,Herzog Karl von Württemberg.,0,als,KOKOM,als,33224,,
tg,rfd2.0,224173,224210,Herzog Karl von Württemberg.,0,unreif,ADJD,unreif,33224,,
tg,rfd2.0,224173,224210,Herzog Karl von Württemberg.,0,.,$.,--,33224,,
tg,rfd2.0,224215,224353,"Hauptmann von Silberkalb, Kammerherr.",5,Von,APPR,von,33224,,
tg,rfd2.0,224215,224353,"Hauptmann von Silberkalb, Kammerherr.",5,einem,ART,ein,33224,,
tg,rfd2.0,224215,224353,"Hauptmann von Silberkalb, Kammerherr.",5,Ihrer,PPOSAT,ihr,33224,,
tg,rfd2.0,224215,224353,"Hauptmann von Silberkalb, Kammerherr.",5,Karlsschüler,NN,karlsschüler,33224,,
tg,rfd2.0,224215,224353,"Hauptmann von Silberkalb, Kammerherr.",5,öffentlich,ADJD,öffentlich,33224,,
tg,rfd2.0,224215,224353,"Hauptmann von Silberkalb, Kammerherr.",5,aufgeführt,VVPP,aufführen,33224,,
tg,rfd2.0,224215,224353,"Hauptmann von Silberkalb, Kammerherr.",5,werden,VAINF,werden,33224,,
tg,rfd2.0,224215,224353,"Hauptmann von Silberkalb, Kammerherr.",5,sollte,VMFIN,sollen,33224,,
tg,rfd2.0,224215,224353,"Hauptmann von Silberkalb, Kammerherr.",5,.,$.,--,33224,,
tg,rfd2.0,224215,224353,"Hauptmann von Silberkalb, Kammerherr.",5,Das,ART,der,33224,,
tg,rfd2.0,224215,224353,"Hauptmann von Silberkalb, Kammerherr.",5,Stück,NN,stück,33224,,
tg,rfd2.0,224215,224353,"Hauptmann von Silberkalb, Kammerherr.",5,sei,VAFIN,sein,33224,,
tg,rfd2.0,224215,224353,"Hauptmann von Silberkalb, Kammerherr.",5,übrigens,ADV,übrigens,33224,,
tg,rfd2.0,224215,224353,"Hauptmann von Silberkalb, Kammerherr.",5,Wurzel,NN,wurzel,33224,,
tg,rfd2.0,224215,224353,"Hauptmann von Silberkalb, Kammerherr.",5,und,KON,und,33224,,
tg,rfd2.0,224215,224353,"Hauptmann von Silberkalb, Kammerherr.",5,Stamm,NN,stamm,33224,,
tg,rfd2.0,224215,224353,"Hauptmann von Silberkalb, Kammerherr.",5,einer,ART,ein,33224,,
tg,rfd2.0,224215,224353,"Hauptmann von Silberkalb, Kammerherr.",5,Konspiration,NN,konspiration,33224,,
tg,rfd2.0,224215,224353,"Hauptmann von Silberkalb, Kammerherr.",5,–,XY,–,33224,,
tg,rfd2.0,224421,224521,"Hauptmann von Silberkalb, Kammerherr.",5,Und,KON,und,33224,,
tg,rfd2.0,224421,224521,"Hauptmann von Silberkalb, Kammerherr.",5,könne,VMFIN,können,33224,,
tg,rfd2.0,224421,224521,"Hauptmann von Silberkalb, Kammerherr.",5,nur,ADV,nur,33224,,
tg,rfd2.0,224421,224521,"Hauptmann von Silberkalb, Kammerherr.",5,üblen,ADJA,übel,33224,,
tg,rfd2.0,224421,224521,"Hauptmann von Silberkalb, Kammerherr.",5,Leumund,NN,leumund,33224,,
tg,rfd2.0,224421,224521,"Hauptmann von Silberkalb, Kammerherr.",5,über,APPR,über,33224,,
tg,rfd2.0,224421,224521,"Hauptmann von Silberkalb, Kammerherr.",5,Erziehung,NN,erziehung,33224,,
tg,rfd2.0,224421,224521,"Hauptmann von Silberkalb, Kammerherr.",5,und,KON,und,33224,,
tg,rfd2.0,224421,224521,"Hauptmann von Silberkalb, Kammerherr.",5,Geistesrichtung,NN,geistesrichtung,33224,,
tg,rfd2.0,224421,224521,"Hauptmann von Silberkalb, Kammerherr.",5,in,APPR,in,33224,,
tg,rfd2.0,224421,224521,"Hauptmann von Silberkalb, Kammerherr.",5,Württemberg,NE,württemberg,33224,,
tg,rfd2.0,224421,224521,"Hauptmann von Silberkalb, Kammerherr.",5,erzeugen,VVINF,erzeugen,33224,,
tg,rfd2.0,224421,224521,"Hauptmann von Silberkalb, Kammerherr.",5,–,VAFIN,–,33224,,
tg,rfd2.0,224526,224640,Herzog Karl von Württemberg.,0,Sehr,ADV,sehr,33224,,
tg,rfd2.0,224526,224640,Herzog Karl von Württemberg.,0,richtig,ADJD,richtig,33224,,
tg,rfd2.0,224526,224640,Herzog Karl von Württemberg.,0,"!",$.,--,33224,,
tg,rfd2.0,224526,224640,Herzog Karl von Württemberg.,0,Es,PPER,es,33224,,
tg,rfd2.0,224526,224640,Herzog Karl von Württemberg.,0,macht,VVFIN,machen,33224,,
tg,rfd2.0,224526,224640,Herzog Karl von Württemberg.,0,diese,PDAT,dieser,33224,,
tg,rfd2.0,224526,224640,Herzog Karl von Württemberg.,0,Voraussicht,NN,voraussicht,33224,,
tg,rfd2.0,224526,224640,Herzog Karl von Württemberg.,0,Seinem,PPOSAT,sein,33224,,
tg,rfd2.0,224526,224640,Herzog Karl von Württemberg.,0,Scharfsinne,NN,scharfsinn,33224,,
tg,rfd2.0,224526,224640,Herzog Karl von Württemberg.,0,Ehre,NN,ehre,33224,,
tg,rfd2.0,224526,224640,Herzog Karl von Württemberg.,0,",","$,",--,33224,,
tg,rfd2.0,224526,224640,Herzog Karl von Württemberg.,0,da,ADV,da,33224,,
tg,rfd2.0,224526,224640,Herzog Karl von Württemberg.,0,Er,PPER,er,33224,,
tg,rfd2.0,224526,224640,Herzog Karl von Württemberg.,0,ja,ADV,ja,33224,,
tg,rfd2.0,224526,224640,Herzog Karl von Württemberg.,0,das,ART,der,33224,,
tg,rfd2.0,224526,224640,Herzog Karl von Württemberg.,0,Stück,NN,stück,33224,,
tg,rfd2.0,224526,224640,Herzog Karl von Württemberg.,0,nicht,PTKNEG,nicht,33224,,
tg,rfd2.0,224526,224640,Herzog Karl von Württemberg.,0,gelesen,VVPP,lesen,33224,,
tg,rfd2.0,224526,224640,Herzog Karl von Württemberg.,0,hatte,VAFIN,haben,33224,,
tg,rfd2.0,224526,224640,Herzog Karl von Württemberg.,0,.,$.,--,33224,,
tg,rfd2.0,224645,224773,"Hauptmann von Silberkalb, Kammerherr.",5,Ich,PPER,ich,33224,,
tg,rfd2.0,224645,224773,"Hauptmann von Silberkalb, Kammerherr.",5,wußte,VVFIN,wissen,33224,,
tg,rfd2.0,224645,224773,"Hauptmann von Silberkalb, Kammerherr.",5,doch,ADV,doch,33224,,
tg,rfd2.0,224645,224773,"Hauptmann von Silberkalb, Kammerherr.",5,",","$,",--,33224,,
tg,rfd2.0,224645,224773,"Hauptmann von Silberkalb, Kammerherr.",5,Durchlaucht,NN,durchlaucht,33224,,
tg,rfd2.0,224645,224773,"Hauptmann von Silberkalb, Kammerherr.",5,",","$,",--,33224,,
tg,rfd2.0,224645,224773,"Hauptmann von Silberkalb, Kammerherr.",5,was,PRELS,was,33224,,
tg,rfd2.0,224645,224773,"Hauptmann von Silberkalb, Kammerherr.",5,es,PPER,es,33224,,
tg,rfd2.0,224645,224773,"Hauptmann von Silberkalb, Kammerherr.",5,mit,APPR,mit,33224,,
tg,rfd2.0,224645,224773,"Hauptmann von Silberkalb, Kammerherr.",5,diesen,PDAT,dieser,33224,,
tg,rfd2.0,224645,224773,"Hauptmann von Silberkalb, Kammerherr.",5,sogenannten,ADJA,sogenannter,33224,,
tg,rfd2.0,224645,224773,"Hauptmann von Silberkalb, Kammerherr.",5,Genies,NN,genie,33224,,
tg,rfd2.0,224645,224773,"Hauptmann von Silberkalb, Kammerherr.",5,der,ART,der,33224,,
tg,rfd2.0,224645,224773,"Hauptmann von Silberkalb, Kammerherr.",5,bourgeoisie,NN,bourgeoisie,33224,,
tg,rfd2.0,224645,224773,"Hauptmann von Silberkalb, Kammerherr.",5,für,APPR,für,33224,,
tg,rfd2.0,224645,224773,"Hauptmann von Silberkalb, Kammerherr.",5,eine,ART,ein,33224,,
tg,rfd2.0,224645,224773,"Hauptmann von Silberkalb, Kammerherr.",5,Bewandtnis,NN,bewandtnis,33224,,
tg,rfd2.0,224645,224773,"Hauptmann von Silberkalb, Kammerherr.",5,haben,VAFIN,haben,33224,,
tg,rfd2.0,224645,224773,"Hauptmann von Silberkalb, Kammerherr.",5,konnte,VMFIN,können,33224,,
tg,rfd2.0,224645,224773,"Hauptmann von Silberkalb, Kammerherr.",5,–,XY,–,33224,,
tg,rfd2.0,224823,224963,"Hauptmann von Silberkalb, Kammerherr.",5,Und,KON,und,33224,,
tg,rfd2.0,224823,224963,"Hauptmann von Silberkalb, Kammerherr.",5,ich,PPER,ich,33224,"Hauptmann von Silberkalb, Kammerherr.",5
tg,rfd2.0,224823,224963,"Hauptmann von Silberkalb, Kammerherr.",5,konnte,VMFIN,können,33224,,
tg,rfd2.0,224823,224963,"Hauptmann von Silberkalb, Kammerherr.",5,hinzusetzen,VVIZU,hinzusetzen,33224,,
tg,rfd2.0,224823,224963,"Hauptmann von Silberkalb, Kammerherr.",5,",","$,",--,33224,,
tg,rfd2.0,224823,224963,"Hauptmann von Silberkalb, Kammerherr.",5,daß,KOUS,daß,33224,,
tg,rfd2.0,224823,224963,"Hauptmann von Silberkalb, Kammerherr.",5,alles,PIS,alle,33224,,
tg,rfd2.0,224823,224963,"Hauptmann von Silberkalb, Kammerherr.",5,auf,APPR,auf,33224,,
tg,rfd2.0,224823,224963,"Hauptmann von Silberkalb, Kammerherr.",5,einen,ART,ein,33224,,
tg,rfd2.0,224823,224963,"Hauptmann von Silberkalb, Kammerherr.",5,Skandal,NN,skandal,33224,,
tg,rfd2.0,224823,224963,"Hauptmann von Silberkalb, Kammerherr.",5,hinauslaufen,VVINF,hinauslaufen,33224,,
tg,rfd2.0,224823,224963,"Hauptmann von Silberkalb, Kammerherr.",5,müßte,VMFIN,müssen,33224,,
tg,rfd2.0,224823,224963,"Hauptmann von Silberkalb, Kammerherr.",5,",","$,",--,33224,,
tg,rfd2.0,224823,224963,"Hauptmann von Silberkalb, Kammerherr.",5,dem,PRELS,der,33224,,
tg,rfd2.0,224823,224963,"Hauptmann von Silberkalb, Kammerherr.",5,ein,ART,ein,33224,,
tg,rfd2.0,224823,224963,"Hauptmann von Silberkalb, Kammerherr.",5,Hoftheater,NN,hoftheater,33224,,
tg,rfd2.0,224823,224963,"Hauptmann von Silberkalb, Kammerherr.",5,nimmermehr,VVFIN,nimmermehr,33224,,
tg,rfd2.0,224823,224963,"Hauptmann von Silberkalb, Kammerherr.",5,die,ART,der,33224,,
tg,rfd2.0,224823,224963,"Hauptmann von Silberkalb, Kammerherr.",5,Hand,NN,hand,33224,,
tg,rfd2.0,224823,224963,"Hauptmann von Silberkalb, Kammerherr.",5,bieten,VVINF,bieten,33224,,
tg,rfd2.0,224823,224963,"Hauptmann von Silberkalb, Kammerherr.",5,werde,VAFIN,werden,33224,,
tg,rfd2.0,224823,224963,"Hauptmann von Silberkalb, Kammerherr.",5,.,$.,--,33224,,
tg,rfd2.0,224968,224992,Herzog Karl von Württemberg.,0,Und,KON,und,33224,,
tg,rfd2.0,224968,224992,Herzog Karl von Württemberg.,0,Er,PPER,er,33224,,
tg,rfd2.0,224968,224992,Herzog Karl von Württemberg.,0,hofft,VVFIN,hoffen,33224,,
tg,rfd2.0,224968,224992,Herzog Karl von Württemberg.,0,–,XY,–,33224,,
tg,rfd2.0,224968,224992,Herzog Karl von Württemberg.,0,?,$.,--,33224,,
tg,rfd2.0,224997,225212,"Hauptmann von Silberkalb, Kammerherr.",5,Ich,PPER,ich,33224,,
tg,rfd2.0,224997,225212,"Hauptmann von Silberkalb, Kammerherr.",5,bin,VAFIN,sein,33224,,
tg,rfd2.0,224997,225212,"Hauptmann von Silberkalb, Kammerherr.",5,fest,ADJD,fest,33224,,
tg,rfd2.0,224997,225212,"Hauptmann von Silberkalb, Kammerherr.",5,versichert,VVFIN,versichern,33224,,
tg,rfd2.0,224997,225212,"Hauptmann von Silberkalb, Kammerherr.",5,",","$,",--,33224,,
tg,rfd2.0,224997,225212,"Hauptmann von Silberkalb, Kammerherr.",5,daß,KOUS,daß,33224,,
tg,rfd2.0,224997,225212,"Hauptmann von Silberkalb, Kammerherr.",5,Herr,NN,herr,33224,,
tg,rfd2.0,224997,225212,"Hauptmann von Silberkalb, Kammerherr.",5,von,APPR,von,33224,,
tg,rfd2.0,224997,225212,"Hauptmann von Silberkalb, Kammerherr.",5,Dalberg,NE,dalberg,33224,,
tg,rfd2.0,224997,225212,"Hauptmann von Silberkalb, Kammerherr.",5,",","$,",--,33224,,
tg,rfd2.0,224997,225212,"Hauptmann von Silberkalb, Kammerherr.",5,ein,ART,ein,33224,,
tg,rfd2.0,224997,225212,"Hauptmann von Silberkalb, Kammerherr.",5,Kavalier,NN,kavalier,33224,,
tg,rfd2.0,224997,225212,"Hauptmann von Silberkalb, Kammerherr.",5,von,APPR,von,33224,,
tg,rfd2.0,224997,225212,"Hauptmann von Silberkalb, Kammerherr.",5,Geschmack,NN,geschmack,33224,,
tg,rfd2.0,224997,225212,"Hauptmann von Silberkalb, Kammerherr.",5,und,KON,und,33224,,
tg,rfd2.0,224997,225212,"Hauptmann von Silberkalb, Kammerherr.",5,großer,ADJA,groß,33224,,
tg,rfd2.0,224997,225212,"Hauptmann von Silberkalb, Kammerherr.",5,Ergebenheit,NN,ergebenheit,33224,,
tg,rfd2.0,224997,225212,"Hauptmann von Silberkalb, Kammerherr.",5,für,APPR,für,33224,,
tg,rfd2.0,224997,225212,"Hauptmann von Silberkalb, Kammerherr.",5,Ew,NE,ew,33224,,
tg,rfd2.0,224997,225212,"Hauptmann von Silberkalb, Kammerherr.",5,.,$.,--,33224,,
tg,rfd2.0,224997,225212,"Hauptmann von Silberkalb, Kammerherr.",5,Durchlaucht,NN,durchlaucht,33224,,
tg,rfd2.0,224997,225212,"Hauptmann von Silberkalb, Kammerherr.",5,",","$,",--,33224,,
tg,rfd2.0,224997,225212,"Hauptmann von Silberkalb, Kammerherr.",5,uns,PPER,uns,33224,,
tg,rfd2.0,224997,225212,"Hauptmann von Silberkalb, Kammerherr.",5,sogleich,ADV,sogleich,33224,,
tg,rfd2.0,224997,225212,"Hauptmann von Silberkalb, Kammerherr.",5,willfahren,VVPP,willfahren,33224,,
tg,rfd2.0,224997,225212,"Hauptmann von Silberkalb, Kammerherr.",5,und,KON,und,33224,,
tg,rfd2.0,224997,225212,"Hauptmann von Silberkalb, Kammerherr.",5,die,ART,der,33224,,
tg,rfd2.0,224997,225212,"Hauptmann von Silberkalb, Kammerherr.",5,Piece,NN,--,33224,,
tg,rfd2.0,224997,225212,"Hauptmann von Silberkalb, Kammerherr.",5,mit,APPR,mit,33224,,
tg,rfd2.0,224997,225212,"Hauptmann von Silberkalb, Kammerherr.",5,meinem,PPOSAT,mein,33224,"Hauptmann von Silberkalb, Kammerherr.",5
tg,rfd2.0,224997,225212,"Hauptmann von Silberkalb, Kammerherr.",5,Kurier,NN,kurier,33224,,
tg,rfd2.0,224997,225212,"Hauptmann von Silberkalb, Kammerherr.",5,heute,ADV,heute,33224,,
tg,rfd2.0,224997,225212,"Hauptmann von Silberkalb, Kammerherr.",5,noch,ADV,noch,33224,,
tg,rfd2.0,224997,225212,"Hauptmann von Silberkalb, Kammerherr.",5,remittieren,VVINF,remittieren,33224,,
tg,rfd2.0,224997,225212,"Hauptmann von Silberkalb, Kammerherr.",5,werde,VAFIN,werden,33224,,
tg,rfd2.0,224997,225212,"Hauptmann von Silberkalb, Kammerherr.",5,.,$.,--,33224,,
tg,rfd2.0,225218,225636,Herzog Karl von Württemberg.,0,Ich,PPER,ich,33224,,
tg,rfd2.0,225218,225636,Herzog Karl von Württemberg.,0,danke,VVFIN,danken,33224,,
tg,rfd2.0,225218,225636,Herzog Karl von Württemberg.,0,Ihm,PPER,ihm,33224,,
tg,rfd2.0,225218,225636,Herzog Karl von Württemberg.,0,",","$,",--,33224,,
tg,rfd2.0,225218,225636,Herzog Karl von Württemberg.,0,Hauptmann,NE,hauptmann,33224,,
tg,rfd2.0,225218,225636,Herzog Karl von Württemberg.,0,",","$,",--,33224,,
tg,rfd2.0,225218,225636,Herzog Karl von Württemberg.,0,für,APPR,für,33224,,
tg,rfd2.0,225218,225636,Herzog Karl von Württemberg.,0,diese,PDAT,dieser,33224,,
tg,rfd2.0,225218,225636,Herzog Karl von Württemberg.,0,Fürsorge,NN,fürsorge,33224,,
tg,rfd2.0,225218,225636,Herzog Karl von Württemberg.,0,.,$.,--,33224,,
tg,rfd2.0,225218,225636,Herzog Karl von Württemberg.,0,Er,PPER,er,33224,,
tg,rfd2.0,225218,225636,Herzog Karl von Württemberg.,0,hat,VAFIN,haben,33224,,
tg,rfd2.0,225218,225636,Herzog Karl von Württemberg.,0,mir,PPER,sich,33224,Herzog Karl von Württemberg.,0
tg,rfd2.0,225218,225636,Herzog Karl von Württemberg.,0,einen,ART,ein,33224,,
tg,rfd2.0,225218,225636,Herzog Karl von Württemberg.,0,großen,ADJA,groß,33224,,
tg,rfd2.0,225218,225636,Herzog Karl von Württemberg.,0,Dienst,NN,dienst,33224,,
tg,rfd2.0,225218,225636,Herzog Karl von Württemberg.,0,damit,PROAV,damit,33224,,
tg,rfd2.0,225218,225636,Herzog Karl von Württemberg.,0,geleistet,VVPP,leisten,33224,,
tg,rfd2.0,225218,225636,Herzog Karl von Württemberg.,0,.,$.,--,33224,,
tg,rfd2.0,225218,225636,Herzog Karl von Württemberg.,0,Die,ART,der,33224,,
tg,rfd2.0,225218,225636,Herzog Karl von Württemberg.,0,Aufführung,NN,aufführung,33224,,
tg,rfd2.0,225218,225636,Herzog Karl von Württemberg.,0,dieses,PDAT,dieser,33224,,
tg,rfd2.0,225218,225636,Herzog Karl von Württemberg.,0,Stücks,NN,stück,33224,,
tg,rfd2.0,225218,225636,Herzog Karl von Württemberg.,0,hätte,VAFIN,haben,33224,,
tg,rfd2.0,225218,225636,Herzog Karl von Württemberg.,0,mein,PPOSAT,mein,33224,Herzog Karl von Württemberg.,0
tg,rfd2.0,225218,225636,Herzog Karl von Württemberg.,0,Institut,NN,institut,33224,,
tg,rfd2.0,225218,225636,Herzog Karl von Württemberg.,0,und,KON,und,33224,,
tg,rfd2.0,225218,225636,Herzog Karl von Württemberg.,0,mein,PPOSAT,mein,33224,Herzog Karl von Württemberg.,0
tg,rfd2.0,225218,225636,Herzog Karl von Württemberg.,0,Württemberg,NN,württemberg,33224,,
tg,rfd2.0,225218,225636,Herzog Karl von Württemberg.,0,vor,APPR,vor,33224,,
tg,rfd2.0,225218,225636,Herzog Karl von Württemberg.,0,dem,ART,der,33224,,
tg,rfd2.0,225218,225636,Herzog Karl von Württemberg.,0,ganzen,ADJA,ganz,33224,,
tg,rfd2.0,225218,225636,Herzog Karl von Württemberg.,0,Reiche,NN,reiche,33224,,
tg,rfd2.0,225218,225636,Herzog Karl von Württemberg.,0,prostituiert,VVPP,prostituieren,33224,,
tg,rfd2.0,225218,225636,Herzog Karl von Württemberg.,0,und,KON,und,33224,,
tg,rfd2.0,225218,225636,Herzog Karl von Württemberg.,0,mir,PPER,sich,33224,Herzog Karl von Württemberg.,0
tg,rfd2.0,225218,225636,Herzog Karl von Württemberg.,0,unbeschreiblichen,ADJA,unbeschreiblich,33224,,
tg,rfd2.0,225218,225636,Herzog Karl von Württemberg.,0,Kummer,NN,kummer,33224,,
tg,rfd2.0,225218,225636,Herzog Karl von Württemberg.,0,gemacht,VVPP,machen,33224,,
tg,rfd2.0,225218,225636,Herzog Karl von Württemberg.,0,",","$,",--,33224,,
tg,rfd2.0,225218,225636,Herzog Karl von Württemberg.,0,ich,PPER,ich,33224,Herzog Karl von Württemberg.,0
tg,rfd2.0,225218,225636,Herzog Karl von Württemberg.,0,danke,VVFIN,danken,33224,,
tg,rfd2.0,225218,225636,Herzog Karl von Württemberg.,0,Ihm,PPER,ihm,33224,,
tg,rfd2.0,225218,225636,Herzog Karl von Württemberg.,0,.,$.,--,33224,,
tg,rfd2.0,225218,225636,Herzog Karl von Württemberg.,0,–,XY,–,33224,,
tg,rfd2.0,225218,225636,Herzog Karl von Württemberg.,0,Unterrichte,NN,unterricht,33224,,
tg,rfd2.0,225218,225636,Herzog Karl von Württemberg.,0,Er,PPER,er,33224,,
tg,rfd2.0,225218,225636,Herzog Karl von Württemberg.,0,mich,PRF,mich,33224,Herzog Karl von Württemberg.,0
tg,rfd2.0,225218,225636,Herzog Karl von Württemberg.,0,sogleich,ADV,sogleich,33224,,
tg,rfd2.0,225218,225636,Herzog Karl von Württemberg.,0,",","$,",--,33224,,
tg,rfd2.0,225218,225636,Herzog Karl von Württemberg.,0,wenn,KOUS,wenn,33224,,
tg,rfd2.0,225218,225636,Herzog Karl von Württemberg.,0,der,ART,der,33224,,
tg,rfd2.0,225218,225636,Herzog Karl von Württemberg.,0,Kurier,NN,kurier,33224,,
tg,rfd2.0,225218,225636,Herzog Karl von Württemberg.,0,kommt,VVFIN,kommen,33224,,
tg,rfd2.0,225218,225636,Herzog Karl von Württemberg.,0,.,$.,--,33224,,
tg,rfd2.0,225218,225636,Herzog Karl von Württemberg.,0,Geht,VVFIN,gehen,33224,,
tg,rfd2.0,225218,225636,Herzog Karl von Württemberg.,0,langsam,ADJD,langsam,33224,,
tg,rfd2.0,225218,225636,Herzog Karl von Württemberg.,0,und,KON,und,33224,,
tg,rfd2.0,225218,225636,Herzog Karl von Württemberg.,0,unsicher,ADJD,unsicher,33224,,
tg,rfd2.0,225218,225636,Herzog Karl von Württemberg.,0,auf,APPR,auf,33224,,
tg,rfd2.0,225218,225636,Herzog Karl von Württemberg.,0,sein,PPOSAT,sein,33224,,
tg,rfd2.0,225218,225636,Herzog Karl von Württemberg.,0,Zimmer,NN,zimmer,33224,,
tg,rfd2.0,225218,225636,Herzog Karl von Württemberg.,0,",","$,",--,33224,,
tg,rfd2.0,225218,225636,Herzog Karl von Württemberg.,0,erste,ADJA,erster,33224,,
tg,rfd2.0,225218,225636,Herzog Karl von Württemberg.,0,Tür,NN,tür,33224,,
tg,rfd2.0,225218,225636,Herzog Karl von Württemberg.,0,rechts,ADV,rechts,33224,,
tg,rfd2.0,225218,225636,Herzog Karl von Württemberg.,0,",","$,",--,33224,,
tg,rfd2.0,225218,225636,Herzog Karl von Württemberg.,0,zu,PTKVZ,zu,33224,,
tg,rfd2.0,225218,225636,Herzog Karl von Württemberg.,0,und,KON,und,33224,,
tg,rfd2.0,225218,225636,Herzog Karl von Württemberg.,0,bleibt,VVFIN,bleiben,33224,,
tg,rfd2.0,225218,225636,Herzog Karl von Württemberg.,0,davor,PROAV,davor,33224,,
tg,rfd2.0,225218,225636,Herzog Karl von Württemberg.,0,stehen,VVINF,stehen,33224,,
tg,rfd2.0,225218,225636,Herzog Karl von Württemberg.,0,.,$.,--,33224,,
tg,rfd2.0,225218,225636,Herzog Karl von Württemberg.,0,Sergeant,ADJD,sergeant,33224,,
tg,rfd2.0,225218,225636,Herzog Karl von Württemberg.,0,"!",$.,--,33224,,
tg,rfd2.0,225641,225696,BLEISTIFT,31,Sire,NN,sire,33224,,
tg,rfd2.0,225641,225696,BLEISTIFT,31,"!",$.,--,33224,,
tg,rfd2.0,225701,225758,Herzog Karl von Württemberg.,0,Die,ART,der,33224,,
tg,rfd2.0,225701,225758,Herzog Karl von Württemberg.,0,Jagdpferde,NN,jagdpferde,33224,,
tg,rfd2.0,225701,225758,Herzog Karl von Württemberg.,0,satteln,VVFIN,satteln,33224,,
tg,rfd2.0,225701,225758,Herzog Karl von Württemberg.,0,lassen,VVINF,lassen,33224,,
tg,rfd2.0,225701,225758,Herzog Karl von Württemberg.,0,und,KON,und,33224,,
tg,rfd2.0,225701,225758,Herzog Karl von Württemberg.,0,fertig,ADJD,fertig,33224,,
tg,rfd2.0,225701,225758,Herzog Karl von Württemberg.,0,halten,VVINF,halten,33224,,
tg,rfd2.0,225701,225758,Herzog Karl von Württemberg.,0,"!",$.,--,33224,,
tg,rfd2.0,225763,225793,BLEISTIFT,31,Service,NN,service,33224,,
tg,rfd2.0,225763,225793,BLEISTIFT,31,",","$,",--,33224,,
tg,rfd2.0,225763,225793,BLEISTIFT,31,Sire,NN,sire,33224,,
tg,rfd2.0,225763,225793,BLEISTIFT,31,"!",$.,--,33224,,
tg,rfd2.0,225763,225793,BLEISTIFT,31,Ab,APPR,ab,33224,,
tg,rfd2.0,225763,225793,BLEISTIFT,31,.,$.,--,33224,,
tg,rfd2.0,225799,225899,"Hauptmann von Silberkalb, Kammerherr.",5,Ich,PPER,ich,33224,,
tg,rfd2.0,225799,225899,"Hauptmann von Silberkalb, Kammerherr.",5,erlaube,VVFIN,erlauben,33224,,
tg,rfd2.0,225799,225899,"Hauptmann von Silberkalb, Kammerherr.",5,mir,PPER,sich,33224,"Hauptmann von Silberkalb, Kammerherr.",5
tg,rfd2.0,225799,225899,"Hauptmann von Silberkalb, Kammerherr.",5,",","$,",--,33224,,
tg,rfd2.0,225799,225899,"Hauptmann von Silberkalb, Kammerherr.",5,Durchlaucht,NN,durchlaucht,33224,,
tg,rfd2.0,225799,225899,"Hauptmann von Silberkalb, Kammerherr.",5,darauf,PROAV,darauf,33224,,
tg,rfd2.0,225799,225899,"Hauptmann von Silberkalb, Kammerherr.",5,aufmerksam,ADJD,aufmerksam,33224,,
tg,rfd2.0,225799,225899,"Hauptmann von Silberkalb, Kammerherr.",5,zu,PTKZU,zu,33224,,
tg,rfd2.0,225799,225899,"Hauptmann von Silberkalb, Kammerherr.",5,machen,VVINF,machen,33224,,
tg,rfd2.0,225799,225899,"Hauptmann von Silberkalb, Kammerherr.",5,",","$,",--,33224,,
tg,rfd2.0,225799,225899,"Hauptmann von Silberkalb, Kammerherr.",5,daß,KOUS,daß,33224,,
tg,rfd2.0,225799,225899,"Hauptmann von Silberkalb, Kammerherr.",5,ein,ART,ein,33224,,
tg,rfd2.0,225799,225899,"Hauptmann von Silberkalb, Kammerherr.",5,Wetter,NN,wetter,33224,,
tg,rfd2.0,225799,225899,"Hauptmann von Silberkalb, Kammerherr.",5,im,APPRART,in,33224,,
tg,rfd2.0,225799,225899,"Hauptmann von Silberkalb, Kammerherr.",5,Anzuge,NN,anzuge,33224,,
tg,rfd2.0,225799,225899,"Hauptmann von Silberkalb, Kammerherr.",5,ist,VAFIN,sein,33224,,
tg,rfd2.0,225799,225899,"Hauptmann von Silberkalb, Kammerherr.",5,–,XY,–,33224,,
tg,rfd2.0,225973,226061,"Hauptmann von Silberkalb, Kammerherr.",5,Und,KON,und,33224,,
tg,rfd2.0,225973,226061,"Hauptmann von Silberkalb, Kammerherr.",5,daß,KOUS,daß,33224,,
tg,rfd2.0,225973,226061,"Hauptmann von Silberkalb, Kammerherr.",5,vielleicht,ADV,vielleicht,33224,,
tg,rfd2.0,225973,226061,"Hauptmann von Silberkalb, Kammerherr.",5,auch,ADV,auch,33224,,
tg,rfd2.0,225973,226061,"Hauptmann von Silberkalb, Kammerherr.",5,eventuelle,ADJA,eventuell,33224,,
tg,rfd2.0,225973,226061,"Hauptmann von Silberkalb, Kammerherr.",5,Orders,NN,order,33224,,
tg,rfd2.0,225973,226061,"Hauptmann von Silberkalb, Kammerherr.",5,wegen,APPR,wegen,33224,,
tg,rfd2.0,225973,226061,"Hauptmann von Silberkalb, Kammerherr.",5,des,ART,der,33224,,
tg,rfd2.0,225973,226061,"Hauptmann von Silberkalb, Kammerherr.",5,Feuerwerks,NN,feuerwerk,33224,,
tg,rfd2.0,225973,226061,"Hauptmann von Silberkalb, Kammerherr.",5,nötig,ADJD,nötig,33224,,
tg,rfd2.0,225973,226061,"Hauptmann von Silberkalb, Kammerherr.",5,wären,VAFIN,sein,33224,,
tg,rfd2.0,225973,226061,"Hauptmann von Silberkalb, Kammerherr.",5,–,XY,–,33224,,
tg,rfd2.0,226066,226273,Herzog Karl von Württemberg.,0,Wetter,NN,wetter,33224,,
tg,rfd2.0,226066,226273,Herzog Karl von Württemberg.,0,gegen,APPR,gegen,33224,,
tg,rfd2.0,226066,226273,Herzog Karl von Württemberg.,0,Wetter,NN,wetter,33224,,
tg,rfd2.0,226066,226273,Herzog Karl von Württemberg.,0,"!",$.,--,33224,,
tg,rfd2.0,226066,226273,Herzog Karl von Württemberg.,0,Sturm,NN,sturm,33224,,
tg,rfd2.0,226066,226273,Herzog Karl von Württemberg.,0,gegen,APPR,gegen,33224,,
tg,rfd2.0,226066,226273,Herzog Karl von Württemberg.,0,eine,ART,ein,33224,,
tg,rfd2.0,226066,226273,Herzog Karl von Württemberg.,0,Wolke,NN,wolke,33224,,
tg,rfd2.0,226066,226273,Herzog Karl von Württemberg.,0,",","$,",--,33224,,
tg,rfd2.0,226066,226273,Herzog Karl von Württemberg.,0,und,KON,und,33224,,
tg,rfd2.0,226066,226273,Herzog Karl von Württemberg.,0,das,ART,der,33224,,
tg,rfd2.0,226066,226273,Herzog Karl von Württemberg.,0,beizeiten,NN,beizeiten,33224,,
tg,rfd2.0,226066,226273,Herzog Karl von Württemberg.,0,",","$,",--,33224,,
tg,rfd2.0,226066,226273,Herzog Karl von Württemberg.,0,solange,KOUS,solange,33224,,
tg,rfd2.0,226066,226273,Herzog Karl von Württemberg.,0,die,ART,der,33224,,
tg,rfd2.0,226066,226273,Herzog Karl von Württemberg.,0,Wolke,NN,wolke,33224,,
tg,rfd2.0,226066,226273,Herzog Karl von Württemberg.,0,einzeln,ADJD,einzeln,33224,,
tg,rfd2.0,226066,226273,Herzog Karl von Württemberg.,0,ist,VAFIN,sein,33224,,
tg,rfd2.0,226066,226273,Herzog Karl von Württemberg.,0,.,$.,--,33224,,
tg,rfd2.0,226066,226273,Herzog Karl von Württemberg.,0,–,XY,–,33224,,
tg,rfd2.0,226066,226273,Herzog Karl von Württemberg.,0,Sich,PRF,sich,33224,,
tg,rfd2.0,226066,226273,Herzog Karl von Württemberg.,0,umwendend,ADJD,umwendend,33224,,
tg,rfd2.0,226066,226273,Herzog Karl von Württemberg.,0,.,$.,--,33224,,
tg,rfd2.0,226066,226273,Herzog Karl von Württemberg.,0,Adieu,ADJD,adieu,33224,,
tg,rfd2.0,226066,226273,Herzog Karl von Württemberg.,0,"!",$.,--,33224,,
tg,rfd2.0,226279,226319,Herzog Karl von Württemberg.,0,Rieger,NN,rieger,33224,RIEGER,27
tg,rfd2.0,226279,226319,Herzog Karl von Württemberg.,0,"!",$.,--,33224,,
tg,rfd2.0,226324,226361,RIEGER,27,Durchlaucht,NN,durchlaucht,33224,,
tg,rfd2.0,226324,226361,RIEGER,27,–,XY,–,33224,,
tg,rfd2.0,226366,226651,Herzog Karl von Württemberg.,0,Du,PPER,du,33224,,
tg,rfd2.0,226366,226651,Herzog Karl von Württemberg.,0,sollst,VVFIN,sollen,33224,,
tg,rfd2.0,226366,226651,Herzog Karl von Württemberg.,0,dabei,PROAV,dabei,33224,,
tg,rfd2.0,226366,226651,Herzog Karl von Württemberg.,0,jedes,PIDAT,jeder,33224,,
tg,rfd2.0,226366,226651,Herzog Karl von Württemberg.,0,Aufsehn,NN,aufsehn,33224,,
tg,rfd2.0,226366,226651,Herzog Karl von Württemberg.,0,vermeiden,VVINF,vermeiden,33224,,
tg,rfd2.0,226366,226651,Herzog Karl von Württemberg.,0,–,XY,–,33224,,
tg,rfd2.0,226366,226651,Herzog Karl von Württemberg.,0,wegen,APPR,wegen,33224,,
tg,rfd2.0,226366,226651,Herzog Karl von Württemberg.,0,der,ART,der,33224,,
tg,rfd2.0,226366,226651,Herzog Karl von Württemberg.,0,Fremden,NN,fremde,33224,,
tg,rfd2.0,226366,226651,Herzog Karl von Württemberg.,0,.,$.,--,33224,,
tg,rfd2.0,226366,226651,Herzog Karl von Württemberg.,0,Ich,PPER,ich,33224,,
tg,rfd2.0,226366,226651,Herzog Karl von Württemberg.,0,bin,VAFIN,sein,33224,,
tg,rfd2.0,226366,226651,Herzog Karl von Württemberg.,0,vor,APPR,vor,33224,,
tg,rfd2.0,226366,226651,Herzog Karl von Württemberg.,0,abend,ADV,abend,33224,,
tg,rfd2.0,226366,226651,Herzog Karl von Württemberg.,0,wieder,ADV,wieder,33224,,
tg,rfd2.0,226366,226651,Herzog Karl von Württemberg.,0,hier,ADV,hier,33224,,
tg,rfd2.0,226366,226651,Herzog Karl von Württemberg.,0,",","$,",--,33224,,
tg,rfd2.0,226366,226651,Herzog Karl von Württemberg.,0,um,KOUI,um,33224,,
tg,rfd2.0,226366,226651,Herzog Karl von Württemberg.,0,die,ART,der,33224,,
tg,rfd2.0,226366,226651,Herzog Karl von Württemberg.,0,Gräfin,NN,gräfin,33224,,
tg,rfd2.0,226366,226651,Herzog Karl von Württemberg.,0,abzuholen,VVINF,abholen,33224,,
tg,rfd2.0,226366,226651,Herzog Karl von Württemberg.,0,.,$.,--,33224,,
tg,rfd2.0,226366,226651,Herzog Karl von Württemberg.,0,Bis,APPR,bis,33224,,
tg,rfd2.0,226366,226651,Herzog Karl von Württemberg.,0,dahin,PROAV,dahin,33224,,
tg,rfd2.0,226366,226651,Herzog Karl von Württemberg.,0,triff,VVFIN,treifen,33224,,
tg,rfd2.0,226366,226651,Herzog Karl von Württemberg.,0,deine,PPOSAT,dein,33224,,
tg,rfd2.0,226366,226651,Herzog Karl von Württemberg.,0,Vorbereitungen,NN,vorbereitung,33224,,
tg,rfd2.0,226366,226651,Herzog Karl von Württemberg.,0,nur,ADV,nur,33224,,
tg,rfd2.0,226366,226651,Herzog Karl von Württemberg.,0,in,APPR,in,33224,,
tg,rfd2.0,226366,226651,Herzog Karl von Württemberg.,0,aller,PIDAT,aller,33224,,
tg,rfd2.0,226366,226651,Herzog Karl von Württemberg.,0,Stille,NN,stille,33224,,
tg,rfd2.0,226366,226651,Herzog Karl von Württemberg.,0,.,$.,--,33224,,
tg,rfd2.0,226366,226651,Herzog Karl von Württemberg.,0,Erst,ADV,erst,33224,,
tg,rfd2.0,226366,226651,Herzog Karl von Württemberg.,0,wenn,KOUS,wenn,33224,,
tg,rfd2.0,226366,226651,Herzog Karl von Württemberg.,0,du,PPER,du,33224,,
tg,rfd2.0,226366,226651,Herzog Karl von Württemberg.,0,das,ART,der,33224,,
tg,rfd2.0,226366,226651,Herzog Karl von Württemberg.,0,Signal,NN,Signal,33224,,
tg,rfd2.0,226366,226651,Herzog Karl von Württemberg.,0,zum,APPRART,zu,33224,,
tg,rfd2.0,226366,226651,Herzog Karl von Württemberg.,0,Feuerwerke,NN,feuerwerk,33224,,
tg,rfd2.0,226366,226651,Herzog Karl von Württemberg.,0,vom,APPRART,von,33224,,
tg,rfd2.0,226366,226651,Herzog Karl von Württemberg.,0,Jagdhause,NN,jagdhause,33224,,
tg,rfd2.0,226366,226651,Herzog Karl von Württemberg.,0,aufsteigen,VVINF,aufsteigen,33224,,
tg,rfd2.0,226366,226651,Herzog Karl von Württemberg.,0,siehst,VVFIN,sehen,33224,,
tg,rfd2.0,226366,226651,Herzog Karl von Württemberg.,0,",","$,",--,33224,,
tg,rfd2.0,226366,226651,Herzog Karl von Württemberg.,0,dann,ADV,dann,33224,,
tg,rfd2.0,226366,226651,Herzog Karl von Württemberg.,0,erst,ADV,erst,33224,,
tg,rfd2.0,226366,226651,Herzog Karl von Württemberg.,0,richt,VVFIN,rechen,33224,,
tg,rfd2.0,226366,226651,Herzog Karl von Württemberg.,0,',$[,--,33224,,
tg,rfd2.0,226366,226651,Herzog Karl von Württemberg.,0,es,PPER,es,33224,,
tg,rfd2.0,226366,226651,Herzog Karl von Württemberg.,0,ins,APPRART,in,33224,,
tg,rfd2.0,226366,226651,Herzog Karl von Württemberg.,0,Werk,NN,werk,33224,,
tg,rfd2.0,226366,226651,Herzog Karl von Württemberg.,0,.,$.,--,33224,,
tg,rfd2.0,226656,226739,RIEGER,27,Wenn,KOUS,wenn,33224,,
tg,rfd2.0,226656,226739,RIEGER,27,aber,ADV,aber,33224,,
tg,rfd2.0,226656,226739,RIEGER,27,der,ART,der,33224,,
tg,rfd2.0,226656,226739,RIEGER,27,Jerobeam,NE,jerobeam,33224,,
tg,rfd2.0,226656,226739,RIEGER,27,das,ART,der,33224,,
tg,rfd2.0,226656,226739,RIEGER,27,Anzünden,NN,anzünden,33224,,
tg,rfd2.0,226656,226739,RIEGER,27,der,ART,der,33224,,
tg,rfd2.0,226656,226739,RIEGER,27,Stoppeln,NN,stoppel,33224,,
tg,rfd2.0,226656,226739,RIEGER,27,merkt,VVFIN,merken,33224,,
tg,rfd2.0,226656,226739,RIEGER,27,und,KON,und,33224,,
tg,rfd2.0,226656,226739,RIEGER,27,hinwegtrachtet,VVFIN,hinwegtrachten,33224,,
tg,rfd2.0,226656,226739,RIEGER,27,?,$.,--,33224,,
tg,rfd2.0,226744,227129,Herzog Karl von Württemberg.,0,Ach,ITJ,ach,33224,,
tg,rfd2.0,226744,227129,Herzog Karl von Württemberg.,0,was,PWS,was,33224,,
tg,rfd2.0,226744,227129,Herzog Karl von Württemberg.,0,"!",$.,--,33224,,
tg,rfd2.0,226744,227129,Herzog Karl von Württemberg.,0,Wofür,NN,wofür,33224,,
tg,rfd2.0,226744,227129,Herzog Karl von Württemberg.,0,sind,VAFIN,sein,33224,,
tg,rfd2.0,226744,227129,Herzog Karl von Württemberg.,0,die,ART,der,33224,,
tg,rfd2.0,226744,227129,Herzog Karl von Württemberg.,0,Torwachen,NN,torwache,33224,,
tg,rfd2.0,226744,227129,Herzog Karl von Württemberg.,0,da,ADV,da,33224,,
tg,rfd2.0,226744,227129,Herzog Karl von Württemberg.,0,",","$,",--,33224,,
tg,rfd2.0,226744,227129,Herzog Karl von Württemberg.,0,und,KON,und,33224,,
tg,rfd2.0,226744,227129,Herzog Karl von Württemberg.,0,wären,VAFIN,sein,33224,,
tg,rfd2.0,226744,227129,Herzog Karl von Württemberg.,0,diese,PDAT,dieser,33224,,
tg,rfd2.0,226744,227129,Herzog Karl von Württemberg.,0,blind,ADJD,blind,33224,,
tg,rfd2.0,226744,227129,Herzog Karl von Württemberg.,0,",","$,",--,33224,,
tg,rfd2.0,226744,227129,Herzog Karl von Württemberg.,0,so,ADV,so,33224,,
tg,rfd2.0,226744,227129,Herzog Karl von Württemberg.,0,hätten,VAFIN,haben,33224,,
tg,rfd2.0,226744,227129,Herzog Karl von Württemberg.,0,ihn,PPER,ihn,33224,,
tg,rfd2.0,226744,227129,Herzog Karl von Württemberg.,0,ja,ADV,ja,33224,,
tg,rfd2.0,226744,227129,Herzog Karl von Württemberg.,0,die,ART,der,33224,,
tg,rfd2.0,226744,227129,Herzog Karl von Württemberg.,0,Reiterpatrouillen,NN,reiterpatrouille,33224,,
tg,rfd2.0,226744,227129,Herzog Karl von Württemberg.,0,in,APPR,in,33224,,
tg,rfd2.0,226744,227129,Herzog Karl von Württemberg.,0,fünf,CARD,fünf,33224,,
tg,rfd2.0,226744,227129,Herzog Karl von Württemberg.,0,Minuten,NN,minute,33224,,
tg,rfd2.0,226744,227129,Herzog Karl von Württemberg.,0,–,VVFIN,–,33224,,
tg,rfd2.0,226744,227129,Herzog Karl von Württemberg.,0,er,PPER,er,33224,,
tg,rfd2.0,226744,227129,Herzog Karl von Württemberg.,0,hat,VAFIN,haben,33224,,
tg,rfd2.0,226744,227129,Herzog Karl von Württemberg.,0,auch,ADV,auch,33224,,
tg,rfd2.0,226744,227129,Herzog Karl von Württemberg.,0,ganz,ADV,ganz,33224,,
tg,rfd2.0,226744,227129,Herzog Karl von Württemberg.,0,anderes,PIS,anderer,33224,,
tg,rfd2.0,226744,227129,Herzog Karl von Württemberg.,0,im,APPRART,in,33224,,
tg,rfd2.0,226744,227129,Herzog Karl von Württemberg.,0,Sinne,NN,sinn,33224,,
tg,rfd2.0,226744,227129,Herzog Karl von Württemberg.,0,.,$.,--,33224,,
tg,rfd2.0,226744,227129,Herzog Karl von Württemberg.,0,Also,ADV,also,33224,,
tg,rfd2.0,226744,227129,Herzog Karl von Württemberg.,0,mit,APPR,mit,33224,,
tg,rfd2.0,226744,227129,Herzog Karl von Württemberg.,0,einbrechendem,ADJA,einbrechend,33224,,
tg,rfd2.0,226744,227129,Herzog Karl von Württemberg.,0,Abende,NN,abend,33224,,
tg,rfd2.0,226744,227129,Herzog Karl von Württemberg.,0,.,$.,--,33224,,
tg,rfd2.0,226744,227129,Herzog Karl von Württemberg.,0,Adieu,NE,adieu,33224,,
tg,rfd2.0,226744,227129,Herzog Karl von Württemberg.,0,.,$.,--,33224,,
tg,rfd2.0,226744,227129,Herzog Karl von Württemberg.,0,Warte,ADJA,warte,33224,,
tg,rfd2.0,226744,227129,Herzog Karl von Württemberg.,0,dort,ADV,dort,33224,,
tg,rfd2.0,226744,227129,Herzog Karl von Württemberg.,0,im,APPRART,in,33224,,
tg,rfd2.0,226744,227129,Herzog Karl von Württemberg.,0,Dienstzimmer,NN,dienstzimmer,33224,,
tg,rfd2.0,226744,227129,Herzog Karl von Württemberg.,0,",","$,",--,33224,,
tg,rfd2.0,226744,227129,Herzog Karl von Württemberg.,0,bis,APPR,bis,33224,,
tg,rfd2.0,226744,227129,Herzog Karl von Württemberg.,0,du,PPER,du,33224,,
tg,rfd2.0,226744,227129,Herzog Karl von Württemberg.,0,mich,PRF,mich,33224,Herzog Karl von Württemberg.,0
tg,rfd2.0,226744,227129,Herzog Karl von Württemberg.,0,fortreiten,ADJA,fortreiten,33224,,
tg,rfd2.0,226744,227129,Herzog Karl von Württemberg.,0,siehst,VVFIN,sehen,33224,,
tg,rfd2.0,226744,227129,Herzog Karl von Württemberg.,0,.,$.,--,33224,,
tg,rfd2.0,227200,227388,Herzog Karl von Württemberg.,0,Franziska,NE,franziska,33224,,
tg,rfd2.0,227200,227388,Herzog Karl von Württemberg.,0,"!",$.,--,33224,,
tg,rfd2.0,227200,227388,Herzog Karl von Württemberg.,0,–,XY,–,33224,,
tg,rfd2.0,227200,227388,Herzog Karl von Württemberg.,0,Ruft,NN,ruft,33224,,
tg,rfd2.0,227200,227388,Herzog Karl von Württemberg.,0,Eure,ADJA,euer,33224,,
tg,rfd2.0,227200,227388,Herzog Karl von Württemberg.,0,Herrin,NN,herrin,33224,,
tg,rfd2.0,227200,227388,Herzog Karl von Württemberg.,0,"!",$.,--,33224,,
tg,rfd2.0,227200,227388,Herzog Karl von Württemberg.,0,Ich,PPER,ich,33224,,
tg,rfd2.0,227200,227388,Herzog Karl von Württemberg.,0,lasse,VVFIN,lassen,33224,,
tg,rfd2.0,227200,227388,Herzog Karl von Württemberg.,0,sie,PPER,sie,33224,,
tg,rfd2.0,227200,227388,Herzog Karl von Württemberg.,0,bitten,VVFIN,bitten,33224,,
tg,rfd2.0,227200,227388,Herzog Karl von Württemberg.,0,–,PPER,–,33224,,
tg,rfd2.0,227200,227388,Herzog Karl von Württemberg.,0,Geht,VVFIN,gehen,33224,,
tg,rfd2.0,227200,227388,Herzog Karl von Württemberg.,0,nach,APPR,nach,33224,,
tg,rfd2.0,227200,227388,Herzog Karl von Württemberg.,0,rechts,ADV,rechts,33224,,
tg,rfd2.0,227200,227388,Herzog Karl von Württemberg.,0,in,APPR,in,33224,,
tg,rfd2.0,227200,227388,Herzog Karl von Württemberg.,0,den,ART,der,33224,,
tg,rfd2.0,227200,227388,Herzog Karl von Württemberg.,0,Vordergrund,NN,vordergrund,33224,,
tg,rfd2.0,227200,227388,Herzog Karl von Württemberg.,0,und,KON,und,33224,,
tg,rfd2.0,227200,227388,Herzog Karl von Württemberg.,0,stützt,VVFIN,stützen,33224,,
tg,rfd2.0,227200,227388,Herzog Karl von Württemberg.,0,sich,PRF,sich,33224,,
tg,rfd2.0,227200,227388,Herzog Karl von Württemberg.,0,auf,APPR,auf,33224,,
tg,rfd2.0,227200,227388,Herzog Karl von Württemberg.,0,die,ART,der,33224,,
tg,rfd2.0,227200,227388,Herzog Karl von Württemberg.,0,Lehne,NN,lehne,33224,,
tg,rfd2.0,227200,227388,Herzog Karl von Württemberg.,0,eines,ART,ein,33224,,
tg,rfd2.0,227200,227388,Herzog Karl von Württemberg.,0,Sessels,NN,sessel,33224,,
tg,rfd2.0,227200,227388,Herzog Karl von Württemberg.,0,.,$.,--,33224,,
tg,rfd2.0,227394,227434,Gräfin Franziska von Hohenheim.,1,Du,PPER,du,33224,,
tg,rfd2.0,227394,227434,Gräfin Franziska von Hohenheim.,1,hast,VAFIN,haben,33224,,
tg,rfd2.0,227394,227434,Gräfin Franziska von Hohenheim.,1,befohlen,VVPP,befehlen,33224,,
tg,rfd2.0,227394,227434,Gräfin Franziska von Hohenheim.,1,–,ITJ,–,33224,,
tg,rfd2.0,227439,227514,Herzog Karl von Württemberg.,0,Willst,VAFIN,willen,33224,,
tg,rfd2.0,227439,227514,Herzog Karl von Württemberg.,0,du,PPER,du,33224,,
tg,rfd2.0,227439,227514,Herzog Karl von Württemberg.,0,der,ART,der,33224,,
tg,rfd2.0,227439,227514,Herzog Karl von Württemberg.,0,Jagd,NN,jagd,33224,,
tg,rfd2.0,227439,227514,Herzog Karl von Württemberg.,0,zusehen,VVINF,zusehen,33224,,
tg,rfd2.0,227439,227514,Herzog Karl von Württemberg.,0,–,XY,–,33224,,
tg,rfd2.0,227439,227514,Herzog Karl von Württemberg.,0,?,$.,--,33224,,
tg,rfd2.0,227519,227604,Gräfin Franziska von Hohenheim.,1,Du,PPER,du,33224,,
tg,rfd2.0,227519,227604,Gräfin Franziska von Hohenheim.,1,weißt,VVFIN,weißen,33224,,
tg,rfd2.0,227519,227604,Gräfin Franziska von Hohenheim.,1,",","$,",--,33224,,
tg,rfd2.0,227519,227604,Gräfin Franziska von Hohenheim.,1,daß,KOUS,daß,33224,,
tg,rfd2.0,227519,227604,Gräfin Franziska von Hohenheim.,1,ich,PPER,ich,33224,Gräfin Franziska von Hohenheim.,1
tg,rfd2.0,227519,227604,Gräfin Franziska von Hohenheim.,1,dieses,PDAT,dieser,33224,,
tg,rfd2.0,227519,227604,Gräfin Franziska von Hohenheim.,1,grausame,ADJA,grausam,33224,,
tg,rfd2.0,227519,227604,Gräfin Franziska von Hohenheim.,1,Töten,NN,töten,33224,,
tg,rfd2.0,227519,227604,Gräfin Franziska von Hohenheim.,1,in,APPR,in,33224,,
tg,rfd2.0,227519,227604,Gräfin Franziska von Hohenheim.,1,Masse,NN,masse,33224,,
tg,rfd2.0,227519,227604,Gräfin Franziska von Hohenheim.,1,nicht,PTKNEG,nicht,33224,,
tg,rfd2.0,227519,227604,Gräfin Franziska von Hohenheim.,1,gern,ADV,gern,33224,,
tg,rfd2.0,227519,227604,Gräfin Franziska von Hohenheim.,1,vor,APPR,vor,33224,,
tg,rfd2.0,227519,227604,Gräfin Franziska von Hohenheim.,1,Augen,NN,auge,33224,,
tg,rfd2.0,227519,227604,Gräfin Franziska von Hohenheim.,1,habe,VAFIN,haben,33224,,
tg,rfd2.0,227519,227604,Gräfin Franziska von Hohenheim.,1,–,XY,–,33224,,
tg,rfd2.0,227609,227828,Herzog Karl von Württemberg.,0,Es,PPER,es,33224,,
tg,rfd2.0,227609,227828,Herzog Karl von Württemberg.,0,wird,VAFIN,werden,33224,,
tg,rfd2.0,227609,227828,Herzog Karl von Württemberg.,0,rasch,ADJD,rasch,33224,,
tg,rfd2.0,227609,227828,Herzog Karl von Württemberg.,0,vorüber,ADV,vorüber,33224,,
tg,rfd2.0,227609,227828,Herzog Karl von Württemberg.,0,sein,VAINF,sein,33224,,
tg,rfd2.0,227609,227828,Herzog Karl von Württemberg.,0,.,$.,--,33224,,
tg,rfd2.0,227609,227828,Herzog Karl von Württemberg.,0,Halte,ADJA,halten,33224,,
tg,rfd2.0,227609,227828,Herzog Karl von Württemberg.,0,dich,PRF,dich,33224,,
tg,rfd2.0,227609,227828,Herzog Karl von Württemberg.,0,also,ADV,also,33224,,
tg,rfd2.0,227609,227828,Herzog Karl von Württemberg.,0,jedenfalls,ADV,jedenfalls,33224,,
tg,rfd2.0,227609,227828,Herzog Karl von Württemberg.,0,bereit,ADJD,bereit,33224,,
tg,rfd2.0,227609,227828,Herzog Karl von Württemberg.,0,mit,APPR,mit,33224,,
tg,rfd2.0,227609,227828,Herzog Karl von Württemberg.,0,Anbruch,NN,anbruch,33224,,
tg,rfd2.0,227609,227828,Herzog Karl von Württemberg.,0,des,ART,der,33224,,
tg,rfd2.0,227609,227828,Herzog Karl von Württemberg.,0,Abends,NN,abend,33224,,
tg,rfd2.0,227609,227828,Herzog Karl von Württemberg.,0,hinauszufahren,VVFIN,hinausfahren,33224,,
tg,rfd2.0,227609,227828,Herzog Karl von Württemberg.,0,zum,APPRART,zu,33224,,
tg,rfd2.0,227609,227828,Herzog Karl von Württemberg.,0,Feuerwerk,NN,feuerwerk,33224,,
tg,rfd2.0,227609,227828,Herzog Karl von Württemberg.,0,",","$,",--,33224,,
tg,rfd2.0,227609,227828,Herzog Karl von Württemberg.,0,dann,ADV,dann,33224,,
tg,rfd2.0,227609,227828,Herzog Karl von Württemberg.,0,zum,APPRART,zu,33224,,
tg,rfd2.0,227609,227828,Herzog Karl von Württemberg.,0,Souper,NN,souper,33224,,
tg,rfd2.0,227609,227828,Herzog Karl von Württemberg.,0,und,KON,und,33224,,
tg,rfd2.0,227609,227828,Herzog Karl von Württemberg.,0,Balle,NE,balle,33224,,
tg,rfd2.0,227609,227828,Herzog Karl von Württemberg.,0,–,VVFIN,–,33224,,
tg,rfd2.0,227609,227828,Herzog Karl von Württemberg.,0,ich,PPER,ich,33224,Herzog Karl von Württemberg.,0
tg,rfd2.0,227609,227828,Herzog Karl von Württemberg.,0,werde,VAFIN,werden,33224,,
tg,rfd2.0,227609,227828,Herzog Karl von Württemberg.,0,dich,PRF,dich,33224,,
tg,rfd2.0,227609,227828,Herzog Karl von Württemberg.,0,selbst,ADV,selbst,33224,,
tg,rfd2.0,227609,227828,Herzog Karl von Württemberg.,0,abholen,VVINF,abholen,33224,,
tg,rfd2.0,227609,227828,Herzog Karl von Württemberg.,0,.,$.,--,33224,,
tg,rfd2.0,227833,227878,Gräfin Franziska von Hohenheim.,1,Könnte,VMFIN,können,33224,,
tg,rfd2.0,227833,227878,Gräfin Franziska von Hohenheim.,1,ich,PPER,ich,33224,Gräfin Franziska von Hohenheim.,1
tg,rfd2.0,227833,227878,Gräfin Franziska von Hohenheim.,1,diesmal,ADV,diesmal,33224,,
tg,rfd2.0,227833,227878,Gräfin Franziska von Hohenheim.,1,nicht,PTKNEG,nicht,33224,,
tg,rfd2.0,227833,227878,Gräfin Franziska von Hohenheim.,1,wegbleiben,VVINF,wegbleiben,33224,,
tg,rfd2.0,227833,227878,Gräfin Franziska von Hohenheim.,1,?,$.,--,33224,,
tg,rfd2.0,227883,227923,Herzog Karl von Württemberg.,0,Nein,PTKANT,nein,33224,,
tg,rfd2.0,227883,227923,Herzog Karl von Württemberg.,0,–,XY,–,33224,,
tg,rfd2.0,227883,227923,Herzog Karl von Württemberg.,0,und,KON,und,33224,,
tg,rfd2.0,227883,227923,Herzog Karl von Württemberg.,0,warum,PWAV,warum,33224,,
tg,rfd2.0,227883,227923,Herzog Karl von Württemberg.,0,willst,VMFIN,wollen,33224,,
tg,rfd2.0,227883,227923,Herzog Karl von Württemberg.,0,du,PPER,du,33224,,
tg,rfd2.0,227883,227923,Herzog Karl von Württemberg.,0,das,PDS,der,33224,,
tg,rfd2.0,227883,227923,Herzog Karl von Württemberg.,0,?,$.,--,33224,,
tg,rfd2.0,227928,227989,Gräfin Franziska von Hohenheim.,1,Ich,PPER,ich,33224,,
tg,rfd2.0,227928,227989,Gräfin Franziska von Hohenheim.,1,fühle,VVFIN,fühlen,33224,,
tg,rfd2.0,227928,227989,Gräfin Franziska von Hohenheim.,1,mich,PRF,mich,33224,Gräfin Franziska von Hohenheim.,1
tg,rfd2.0,227928,227989,Gräfin Franziska von Hohenheim.,1,gar,ADV,gar,33224,,
tg,rfd2.0,227928,227989,Gräfin Franziska von Hohenheim.,1,nicht,PTKNEG,nicht,33224,,
tg,rfd2.0,227928,227989,Gräfin Franziska von Hohenheim.,1,gestimmt,VVPP,stimmen,33224,,
tg,rfd2.0,227928,227989,Gräfin Franziska von Hohenheim.,1,zu,APPR,zu,33224,,
tg,rfd2.0,227928,227989,Gräfin Franziska von Hohenheim.,1,Festlichkeiten,NN,festlichkeit,33224,,
tg,rfd2.0,227928,227989,Gräfin Franziska von Hohenheim.,1,.,$.,--,33224,,
tg,rfd2.0,227994,228079,Herzog Karl von Württemberg.,0,Wenn,KOUS,wenn,33224,,
tg,rfd2.0,227994,228079,Herzog Karl von Württemberg.,0,du,PPER,du,33224,,
tg,rfd2.0,227994,228079,Herzog Karl von Württemberg.,0,eine,ART,ein,33224,,
tg,rfd2.0,227994,228079,Herzog Karl von Württemberg.,0,Fürstin,NN,fürstin,33224,,
tg,rfd2.0,227994,228079,Herzog Karl von Württemberg.,0,sein,VAINF,sein,33224,,
tg,rfd2.0,227994,228079,Herzog Karl von Württemberg.,0,willst,VMFIN,wollen,33224,,
tg,rfd2.0,227994,228079,Herzog Karl von Württemberg.,0,",","$,",--,33224,,
tg,rfd2.0,227994,228079,Herzog Karl von Württemberg.,0,mußt,VMFIN,mussen,33224,,
tg,rfd2.0,227994,228079,Herzog Karl von Württemberg.,0,du,PPER,du,33224,,
tg,rfd2.0,227994,228079,Herzog Karl von Württemberg.,0,deine,PPOSAT,dein,33224,,
tg,rfd2.0,227994,228079,Herzog Karl von Württemberg.,0,Stimmung,NN,stimmung,33224,,
tg,rfd2.0,227994,228079,Herzog Karl von Württemberg.,0,unterordnen,VVINF,unterordnen,33224,,
tg,rfd2.0,227994,228079,Herzog Karl von Württemberg.,0,können,VMFIN,können,33224,,
tg,rfd2.0,227994,228079,Herzog Karl von Württemberg.,0,.,$.,--,33224,,
tg,rfd2.0,228104,228470,Herzog Karl von Württemberg.,0,Und,KON,und,33224,,
tg,rfd2.0,228104,228470,Herzog Karl von Württemberg.,0,besonders,ADV,besonders,33224,,
tg,rfd2.0,228104,228470,Herzog Karl von Württemberg.,0,diesen,PDAT,dieser,33224,,
tg,rfd2.0,228104,228470,Herzog Karl von Württemberg.,0,Fremden,NN,fremde,33224,,
tg,rfd2.0,228104,228470,Herzog Karl von Württemberg.,0,gegenüber,APPR,gegenüber,33224,,
tg,rfd2.0,228104,228470,Herzog Karl von Württemberg.,0,darf,VMFIN,dürfen,33224,,
tg,rfd2.0,228104,228470,Herzog Karl von Württemberg.,0,nichts,PIS,nichts,33224,,
tg,rfd2.0,228104,228470,Herzog Karl von Württemberg.,0,unterbleiben,VVIZU,unterbleiben,33224,,
tg,rfd2.0,228104,228470,Herzog Karl von Württemberg.,0,",","$,",--,33224,,
tg,rfd2.0,228104,228470,Herzog Karl von Württemberg.,0,was,PWS,was,33224,,
tg,rfd2.0,228104,228470,Herzog Karl von Württemberg.,0,deine,PPOSAT,dein,33224,,
tg,rfd2.0,228104,228470,Herzog Karl von Württemberg.,0,Stellung,NN,stellung,33224,,
tg,rfd2.0,228104,228470,Herzog Karl von Württemberg.,0,neben,APPR,neben,33224,,
tg,rfd2.0,228104,228470,Herzog Karl von Württemberg.,0,mir,PPER,sich,33224,Herzog Karl von Württemberg.,0
tg,rfd2.0,228104,228470,Herzog Karl von Württemberg.,0,in,APPR,in,33224,,
tg,rfd2.0,228104,228470,Herzog Karl von Württemberg.,0,Zweifel,NN,zweifel,33224,,
tg,rfd2.0,228104,228470,Herzog Karl von Württemberg.,0,lassen,VVINF,lassen,33224,,
tg,rfd2.0,228104,228470,Herzog Karl von Württemberg.,0,könnte,VMFIN,können,33224,,
tg,rfd2.0,228104,228470,Herzog Karl von Württemberg.,0,.,$.,--,33224,,
tg,rfd2.0,228104,228470,Herzog Karl von Württemberg.,0,Ich,PPER,ich,33224,,
tg,rfd2.0,228104,228470,Herzog Karl von Württemberg.,0,kann,VMFIN,können,33224,,
tg,rfd2.0,228104,228470,Herzog Karl von Württemberg.,0,dich,PRF,dich,33224,,
tg,rfd2.0,228104,228470,Herzog Karl von Württemberg.,0,nicht,PTKNEG,nicht,33224,,
tg,rfd2.0,228104,228470,Herzog Karl von Württemberg.,0,ebenbürtig,ADJD,ebenbürtig,33224,,
tg,rfd2.0,228104,228470,Herzog Karl von Württemberg.,0,machen,VVINF,machen,33224,,
tg,rfd2.0,228104,228470,Herzog Karl von Württemberg.,0,",","$,",--,33224,,
tg,rfd2.0,228104,228470,Herzog Karl von Württemberg.,0,aber,KON,aber,33224,,
tg,rfd2.0,228104,228470,Herzog Karl von Württemberg.,0,ich,PPER,ich,33224,Herzog Karl von Württemberg.,0
tg,rfd2.0,228104,228470,Herzog Karl von Württemberg.,0,kann,VMFIN,können,33224,,
tg,rfd2.0,228104,228470,Herzog Karl von Württemberg.,0,zeigen,VVINF,zeigen,33224,,
tg,rfd2.0,228104,228470,Herzog Karl von Württemberg.,0,",","$,",--,33224,,
tg,rfd2.0,228104,228470,Herzog Karl von Württemberg.,0,daß,KOUS,daß,33224,,
tg,rfd2.0,228104,228470,Herzog Karl von Württemberg.,0,du,PPER,du,33224,,
tg,rfd2.0,228104,228470,Herzog Karl von Württemberg.,0,gesetzlich,ADJD,gesetzlich,33224,,
tg,rfd2.0,228104,228470,Herzog Karl von Württemberg.,0,die,ART,der,33224,,
tg,rfd2.0,228104,228470,Herzog Karl von Württemberg.,0,Gattin,NN,gattin,33224,,
tg,rfd2.0,228104,228470,Herzog Karl von Württemberg.,0,meiner,PPOSAT,mein,33224,Herzog Karl von Württemberg.,0
tg,rfd2.0,228104,228470,Herzog Karl von Württemberg.,0,Wahl,NN,wahl,33224,,
tg,rfd2.0,228104,228470,Herzog Karl von Württemberg.,0,bist,VAFIN,sein,33224,,
tg,rfd2.0,228104,228470,Herzog Karl von Württemberg.,0,",","$,",--,33224,,
tg,rfd2.0,228104,228470,Herzog Karl von Württemberg.,0,und,KON,und,33224,,
tg,rfd2.0,228104,228470,Herzog Karl von Württemberg.,0,daß,KOUS,daß,33224,,
tg,rfd2.0,228104,228470,Herzog Karl von Württemberg.,0,ich,PPER,ich,33224,Herzog Karl von Württemberg.,0
tg,rfd2.0,228104,228470,Herzog Karl von Württemberg.,0,Respekt,NN,respekt,33224,,
tg,rfd2.0,228104,228470,Herzog Karl von Württemberg.,0,verlange,VVFIN,verlangen,33224,,
tg,rfd2.0,228104,228470,Herzog Karl von Württemberg.,0,für,APPR,für,33224,,
tg,rfd2.0,228104,228470,Herzog Karl von Württemberg.,0,mein,PPOSAT,mein,33224,Herzog Karl von Württemberg.,0
tg,rfd2.0,228104,228470,Herzog Karl von Württemberg.,0,Gesetz,NN,gesetz,33224,,
tg,rfd2.0,228104,228470,Herzog Karl von Württemberg.,0,und,KON,und,33224,,
tg,rfd2.0,228104,228470,Herzog Karl von Württemberg.,0,meine,PPOSAT,mein,33224,Herzog Karl von Württemberg.,0
tg,rfd2.0,228104,228470,Herzog Karl von Württemberg.,0,Wahl,NN,wahl,33224,,
tg,rfd2.0,228104,228470,Herzog Karl von Württemberg.,0,.,$.,--,33224,,
tg,rfd2.0,228104,228470,Herzog Karl von Württemberg.,0,Pause,NN,pause,33224,,
tg,rfd2.0,228104,228470,Herzog Karl von Württemberg.,0,.,$.,--,33224,,
tg,rfd2.0,228104,228470,Herzog Karl von Württemberg.,0,Mit,APPR,mit,33224,,
tg,rfd2.0,228104,228470,Herzog Karl von Württemberg.,0,tieferer,ADJA,tiefer,33224,,
tg,rfd2.0,228104,228470,Herzog Karl von Württemberg.,0,Stimme,NN,stimme,33224,,
tg,rfd2.0,228104,228470,Herzog Karl von Württemberg.,0,.,$.,--,33224,,
tg,rfd2.0,228104,228470,Herzog Karl von Württemberg.,0,Hast,VAFIN,haben,33224,,
tg,rfd2.0,228104,228470,Herzog Karl von Württemberg.,0,du,PPER,du,33224,,
tg,rfd2.0,228104,228470,Herzog Karl von Württemberg.,0,das,ART,der,33224,,
tg,rfd2.0,228104,228470,Herzog Karl von Württemberg.,0,Buch,NN,buch,33224,,
tg,rfd2.0,228104,228470,Herzog Karl von Württemberg.,0,von,APPR,von,33224,,
tg,rfd2.0,228104,228470,Herzog Karl von Württemberg.,0,Schiller,NE,schiller,33224,SCHILLER,29
tg,rfd2.0,228104,228470,Herzog Karl von Württemberg.,0,gelesen,VVPP,lesen,33224,,
tg,rfd2.0,228104,228470,Herzog Karl von Württemberg.,0,–,XY,–,33224,,
tg,rfd2.0,228104,228470,Herzog Karl von Württemberg.,0,?,$.,--,33224,,
tg,rfd2.0,228475,228487,Gräfin Franziska von Hohenheim.,1,Ja,NN,ja,33224,,
tg,rfd2.0,228475,228487,Gräfin Franziska von Hohenheim.,1,.,$.,--,33224,,
tg,rfd2.0,228492,228506,Herzog Karl von Württemberg.,0,Ganz,ADV,ganz,33224,,
tg,rfd2.0,228492,228506,Herzog Karl von Württemberg.,0,?,$.,--,33224,,
tg,rfd2.0,228511,228525,Gräfin Franziska von Hohenheim.,1,Gauz,NE,gauz,33224,,
tg,rfd2.0,228511,228525,Gräfin Franziska von Hohenheim.,1,.,$.,--,33224,,
tg,rfd2.0,228530,228548,Herzog Karl von Württemberg.,0,So,ADV,so,33224,,
tg,rfd2.0,228530,228548,Herzog Karl von Württemberg.,0,rasch,ADJD,rasch,33224,,
tg,rfd2.0,228530,228548,Herzog Karl von Württemberg.,0,?,$.,--,33224,,
tg,rfd2.0,228553,228598,Gräfin Franziska von Hohenheim.,1,Es,PPER,es,33224,,
tg,rfd2.0,228553,228598,Gräfin Franziska von Hohenheim.,1,fesselt,VVFIN,fesseln,33224,,
tg,rfd2.0,228553,228598,Gräfin Franziska von Hohenheim.,1,wie,KOKOM,wie,33224,,
tg,rfd2.0,228553,228598,Gräfin Franziska von Hohenheim.,1,mit,APPR,mit,33224,,
tg,rfd2.0,228553,228598,Gräfin Franziska von Hohenheim.,1,glühenden,ADJA,glühend,33224,,
tg,rfd2.0,228553,228598,Gräfin Franziska von Hohenheim.,1,Ketten,NN,kette,33224,,
tg,rfd2.0,228553,228598,Gräfin Franziska von Hohenheim.,1,.,$.,--,33224,,
tg,rfd2.0,228603,228710,Herzog Karl von Württemberg.,0,Wie,PWAV,wie,33224,,
tg,rfd2.0,228603,228710,Herzog Karl von Württemberg.,0,mit,APPR,mit,33224,,
tg,rfd2.0,228603,228710,Herzog Karl von Württemberg.,0,glühenden,ADJA,glühend,33224,,
tg,rfd2.0,228603,228710,Herzog Karl von Württemberg.,0,Ketten,NN,kette,33224,,
tg,rfd2.0,228603,228710,Herzog Karl von Württemberg.,0,",","$,",--,33224,,
tg,rfd2.0,228603,228710,Herzog Karl von Württemberg.,0,die,PRELS,der,33224,,
tg,rfd2.0,228603,228710,Herzog Karl von Württemberg.,0,den,ART,der,33224,,
tg,rfd2.0,228603,228710,Herzog Karl von Württemberg.,0,Gefangenen,NN,gefangener,33224,,
tg,rfd2.0,228603,228710,Herzog Karl von Württemberg.,0,bis,APPR,bis,33224,,
tg,rfd2.0,228603,228710,Herzog Karl von Württemberg.,0,aufs,APPRART,auf,33224,,
tg,rfd2.0,228603,228710,Herzog Karl von Württemberg.,0,Mark,NN,mark,33224,,
tg,rfd2.0,228603,228710,Herzog Karl von Württemberg.,0,verbrennen,VVINF,verbrennen,33224,,
tg,rfd2.0,228603,228710,Herzog Karl von Württemberg.,0,–,XY,–,33224,,
tg,rfd2.0,228603,228710,Herzog Karl von Württemberg.,0,was,PWS,was,33224,,
tg,rfd2.0,228603,228710,Herzog Karl von Württemberg.,0,sagst,VVFIN,sagen,33224,,
tg,rfd2.0,228603,228710,Herzog Karl von Württemberg.,0,du,PPER,du,33224,,
tg,rfd2.0,228603,228710,Herzog Karl von Württemberg.,0,zu,APPR,zu,33224,,
tg,rfd2.0,228603,228710,Herzog Karl von Württemberg.,0,dem,ART,der,33224,,
tg,rfd2.0,228603,228710,Herzog Karl von Württemberg.,0,Buche,NN,buch,33224,,
tg,rfd2.0,228603,228710,Herzog Karl von Württemberg.,0,?,$.,--,33224,,
tg,rfd2.0,228715,228814,Gräfin Franziska von Hohenheim.,1,Mir,PPER,sich,33224,,
tg,rfd2.0,228715,228814,Gräfin Franziska von Hohenheim.,1,stürmt,VVFIN,stürmen,33224,,
tg,rfd2.0,228715,228814,Gräfin Franziska von Hohenheim.,1,und,KON,und,33224,,
tg,rfd2.0,228715,228814,Gräfin Franziska von Hohenheim.,1,tobt,VVFIN,toben,33224,,
tg,rfd2.0,228715,228814,Gräfin Franziska von Hohenheim.,1,es,PPER,es,33224,,
tg,rfd2.0,228715,228814,Gräfin Franziska von Hohenheim.,1,durch,APPR,durch,33224,,
tg,rfd2.0,228715,228814,Gräfin Franziska von Hohenheim.,1,Haupt,NN,haupt,33224,,
tg,rfd2.0,228715,228814,Gräfin Franziska von Hohenheim.,1,und,KON,und,33224,,
tg,rfd2.0,228715,228814,Gräfin Franziska von Hohenheim.,1,Adern,NN,ader,33224,,
tg,rfd2.0,228715,228814,Gräfin Franziska von Hohenheim.,1,–,XY,–,33224,,
tg,rfd2.0,228715,228814,Gräfin Franziska von Hohenheim.,1,mein,PPOSAT,mein,33224,Gräfin Franziska von Hohenheim.,1
tg,rfd2.0,228715,228814,Gräfin Franziska von Hohenheim.,1,Verstand,NN,verstand,33224,,
tg,rfd2.0,228715,228814,Gräfin Franziska von Hohenheim.,1,hat,VAFIN,haben,33224,,
tg,rfd2.0,228715,228814,Gräfin Franziska von Hohenheim.,1,noch,ADV,noch,33224,,
tg,rfd2.0,228715,228814,Gräfin Franziska von Hohenheim.,1,kein,PIAT,kein,33224,,
tg,rfd2.0,228715,228814,Gräfin Franziska von Hohenheim.,1,Urteil,NN,urteil,33224,,
tg,rfd2.0,228715,228814,Gräfin Franziska von Hohenheim.,1,darüber,PROAV,darüber,33224,,
tg,rfd2.0,228715,228814,Gräfin Franziska von Hohenheim.,1,.,$.,--,33224,,
tg,rfd2.0,228819,228840,Herzog Karl von Württemberg.,0,Kein,PIAT,kein,33224,,
tg,rfd2.0,228819,228840,Herzog Karl von Württemberg.,0,Urteil,NN,urteil,33224,,
tg,rfd2.0,228819,228840,Herzog Karl von Württemberg.,0,?,$.,--,33224,,
tg,rfd2.0,228846,229006,Gräfin Franziska von Hohenheim.,1,Ich,PPER,ich,33224,,
tg,rfd2.0,228846,229006,Gräfin Franziska von Hohenheim.,1,bin,VAFIN,sein,33224,,
tg,rfd2.0,228846,229006,Gräfin Franziska von Hohenheim.,1,auch,ADV,auch,33224,,
tg,rfd2.0,228846,229006,Gräfin Franziska von Hohenheim.,1,parteiisch,ADJD,parteiisch,33224,,
tg,rfd2.0,228846,229006,Gräfin Franziska von Hohenheim.,1,befangen,ADJA,befangen,33224,,
tg,rfd2.0,228846,229006,Gräfin Franziska von Hohenheim.,1,–,NN,–,33224,,
tg,rfd2.0,228846,229006,Gräfin Franziska von Hohenheim.,1,noch,ADV,noch,33224,,
tg,rfd2.0,228846,229006,Gräfin Franziska von Hohenheim.,1,gestern,ADV,gestern,33224,,
tg,rfd2.0,228846,229006,Gräfin Franziska von Hohenheim.,1,war,VAFIN,sein,33224,,
tg,rfd2.0,228846,229006,Gräfin Franziska von Hohenheim.,1,ich,PPER,ich,33224,Gräfin Franziska von Hohenheim.,1
tg,rfd2.0,228846,229006,Gräfin Franziska von Hohenheim.,1,schwach,ADJD,schwach,33224,,
tg,rfd2.0,228846,229006,Gräfin Franziska von Hohenheim.,1,genug,ADV,genug,33224,,
tg,rfd2.0,228846,229006,Gräfin Franziska von Hohenheim.,1,",","$,",--,33224,,
tg,rfd2.0,228846,229006,Gräfin Franziska von Hohenheim.,1,mich,PRF,mich,33224,Gräfin Franziska von Hohenheim.,1
tg,rfd2.0,228846,229006,Gräfin Franziska von Hohenheim.,1,auf,APPR,auf,33224,,
tg,rfd2.0,228846,229006,Gräfin Franziska von Hohenheim.,1,Versen,NN,versen,33224,,
tg,rfd2.0,228846,229006,Gräfin Franziska von Hohenheim.,1,dieses,PDAT,dieser,33224,,
tg,rfd2.0,228846,229006,Gräfin Franziska von Hohenheim.,1,Dichters,NN,dichter,33224,,
tg,rfd2.0,228846,229006,Gräfin Franziska von Hohenheim.,1,zu,PTKZU,zu,33224,,
tg,rfd2.0,228846,229006,Gräfin Franziska von Hohenheim.,1,wiegen,VVINF,wiegen,33224,,
tg,rfd2.0,228846,229006,Gräfin Franziska von Hohenheim.,1,",","$,",--,33224,,
tg,rfd2.0,228846,229006,Gräfin Franziska von Hohenheim.,1,welche,PWAT,welcher,33224,,
tg,rfd2.0,228846,229006,Gräfin Franziska von Hohenheim.,1,ich,PPER,ich,33224,Gräfin Franziska von Hohenheim.,1
tg,rfd2.0,228846,229006,Gräfin Franziska von Hohenheim.,1,an,APPR,an,33224,,
tg,rfd2.0,228846,229006,Gräfin Franziska von Hohenheim.,1,mich,PPER,mich,33224,Gräfin Franziska von Hohenheim.,1
tg,rfd2.0,228846,229006,Gräfin Franziska von Hohenheim.,1,gerichtet,VVPP,richten,33224,,
tg,rfd2.0,228846,229006,Gräfin Franziska von Hohenheim.,1,glaubte,VVFIN,glauben,33224,,
tg,rfd2.0,228846,229006,Gräfin Franziska von Hohenheim.,1,.,$.,--,33224,,
tg,rfd2.0,229011,229041,Herzog Karl von Württemberg.,0,Du,PPER,du,33224,,
tg,rfd2.0,229011,229041,Herzog Karl von Württemberg.,0,bist,VAFIN,sein,33224,,
tg,rfd2.0,229011,229041,Herzog Karl von Württemberg.,0,–,PPER,–,33224,,
tg,rfd2.0,229011,229041,Herzog Karl von Württemberg.,0,aufrichtig,ADJD,aufrichtig,33224,,
tg,rfd2.0,229011,229041,Herzog Karl von Württemberg.,0,.,$.,--,33224,,
tg,rfd2.0,229046,229067,Gräfin Franziska von Hohenheim.,1,Das,PDS,der,33224,,
tg,rfd2.0,229046,229067,Gräfin Franziska von Hohenheim.,1,bin,VAFIN,sein,33224,,
tg,rfd2.0,229046,229067,Gräfin Franziska von Hohenheim.,1,ich,PPER,ich,33224,Gräfin Franziska von Hohenheim.,1
tg,rfd2.0,229046,229067,Gräfin Franziska von Hohenheim.,1,.,$.,--,33224,,
tg,rfd2.0,229072,229144,Herzog Karl von Württemberg.,0,Kennst,VVFIN,kennst,33224,,
tg,rfd2.0,229072,229144,Herzog Karl von Württemberg.,0,also,ADV,also,33224,,
tg,rfd2.0,229072,229144,Herzog Karl von Württemberg.,0,auch,ADV,auch,33224,,
tg,rfd2.0,229072,229144,Herzog Karl von Württemberg.,0,die,ART,der,33224,,
tg,rfd2.0,229072,229144,Herzog Karl von Württemberg.,0,andern,ADJA,anderer,33224,,
tg,rfd2.0,229072,229144,Herzog Karl von Württemberg.,0,Verse,NN,vers,33224,,
tg,rfd2.0,229072,229144,Herzog Karl von Württemberg.,0,?,$.,--,33224,,
tg,rfd2.0,229072,229144,Herzog Karl von Württemberg.,0,Das,ART,der,33224,,
tg,rfd2.0,229072,229144,Herzog Karl von Württemberg.,0,»,NN,»,33224,,
tg,rfd2.0,229072,229144,Herzog Karl von Württemberg.,0,Magazin,NN,magazin,33224,,
tg,rfd2.0,229072,229144,Herzog Karl von Württemberg.,0,«,CARD,«,33224,,
tg,rfd2.0,229072,229144,Herzog Karl von Württemberg.,0,hervorziehend,ADJD,hervorziehend,33224,,
tg,rfd2.0,229072,229144,Herzog Karl von Württemberg.,0,.,$.,--,33224,,
tg,rfd2.0,229150,229173,Gräfin Franziska von Hohenheim.,1,Ich,PPER,ich,33224,,
tg,rfd2.0,229150,229173,Gräfin Franziska von Hohenheim.,1,kenne,VVFIN,kennen,33224,,
tg,rfd2.0,229150,229173,Gräfin Franziska von Hohenheim.,1,sie,PPER,sie,33224,,
tg,rfd2.0,229150,229173,Gräfin Franziska von Hohenheim.,1,.,$.,--,33224,,
tg,rfd2.0,229178,229243,Herzog Karl von Württemberg.,0,Kennst,VVFIN,kennen,33224,,
tg,rfd2.0,229178,229243,Herzog Karl von Württemberg.,0,den,ART,der,33224,,
tg,rfd2.0,229178,229243,Herzog Karl von Württemberg.,0,Abgrund,NN,abgrund,33224,,
tg,rfd2.0,229178,229243,Herzog Karl von Württemberg.,0,",","$,",--,33224,,
tg,rfd2.0,229178,229243,Herzog Karl von Württemberg.,0,für,APPR,für,33224,,
tg,rfd2.0,229178,229243,Herzog Karl von Württemberg.,0,welchen,PWAT,welcher,33224,,
tg,rfd2.0,229178,229243,Herzog Karl von Württemberg.,0,sie,PPER,sie,33224,,
tg,rfd2.0,229178,229243,Herzog Karl von Württemberg.,0,die,ART,der,33224,,
tg,rfd2.0,229178,229243,Herzog Karl von Württemberg.,0,Brücke,NN,brücke,33224,,
tg,rfd2.0,229178,229243,Herzog Karl von Württemberg.,0,gebildet,VVPP,bilden,33224,,
tg,rfd2.0,229178,229243,Herzog Karl von Württemberg.,0,?,$.,--,33224,,
tg,rfd2.0,229248,229262,Gräfin Franziska von Hohenheim.,1,Nein,PTKANT,nein,33224,,
tg,rfd2.0,229248,229262,Gräfin Franziska von Hohenheim.,1,.,$.,--,33224,,
tg,rfd2.0,229267,229394,Herzog Karl von Württemberg.,0,Solch,PIDAT,solch,33224,,
tg,rfd2.0,229267,229394,Herzog Karl von Württemberg.,0,ein,ART,ein,33224,,
tg,rfd2.0,229267,229394,Herzog Karl von Württemberg.,0,Räuberpoet,NN,räuberpoet,33224,,
tg,rfd2.0,229267,229394,Herzog Karl von Württemberg.,0,ist,VAFIN,sein,33224,,
tg,rfd2.0,229267,229394,Herzog Karl von Württemberg.,0,nicht,PTKNEG,nicht,33224,,
tg,rfd2.0,229267,229394,Herzog Karl von Württemberg.,0,blöde,ADJD,blöde,33224,,
tg,rfd2.0,229267,229394,Herzog Karl von Württemberg.,0,.,$.,--,33224,,
tg,rfd2.0,229267,229394,Herzog Karl von Württemberg.,0,Wieder,ADV,wieder,33224,,
tg,rfd2.0,229267,229394,Herzog Karl von Württemberg.,0,übergehend,ADJD,übergehend,33224,,
tg,rfd2.0,229267,229394,Herzog Karl von Württemberg.,0,zu,APPR,zu,33224,,
tg,rfd2.0,229267,229394,Herzog Karl von Württemberg.,0,tieferem,ADJA,tiefer,33224,,
tg,rfd2.0,229267,229394,Herzog Karl von Württemberg.,0,Stimmentone,NN,stimmentone,33224,,
tg,rfd2.0,229267,229394,Herzog Karl von Württemberg.,0,.,$.,--,33224,,
tg,rfd2.0,229267,229394,Herzog Karl von Württemberg.,0,Wie,PWAV,wie,33224,,
tg,rfd2.0,229267,229394,Herzog Karl von Württemberg.,0,lautet,VVFIN,lauten,33224,,
tg,rfd2.0,229267,229394,Herzog Karl von Württemberg.,0,dein,PPOSAT,dein,33224,,
tg,rfd2.0,229267,229394,Herzog Karl von Württemberg.,0,Urteil,NN,urteil,33224,,
tg,rfd2.0,229267,229394,Herzog Karl von Württemberg.,0,über,APPR,über,33224,,
tg,rfd2.0,229267,229394,Herzog Karl von Württemberg.,0,das,ART,der,33224,,
tg,rfd2.0,229267,229394,Herzog Karl von Württemberg.,0,Buch,NN,buch,33224,,
tg,rfd2.0,229267,229394,Herzog Karl von Württemberg.,0,?,$.,--,33224,,
tg,rfd2.0,229399,229442,Gräfin Franziska von Hohenheim.,1,Ich,PPER,ich,33224,,
tg,rfd2.0,229399,229442,Gräfin Franziska von Hohenheim.,1,wag,VAFIN,wag,33224,,
tg,rfd2.0,229399,229442,Gräfin Franziska von Hohenheim.,1,',$[,--,33224,,
tg,rfd2.0,229399,229442,Gräfin Franziska von Hohenheim.,1,es,PPER,es,33224,,
tg,rfd2.0,229399,229442,Gräfin Franziska von Hohenheim.,1,nicht,PTKNEG,nicht,33224,,
tg,rfd2.0,229399,229442,Gräfin Franziska von Hohenheim.,1,",","$,",--,33224,,
tg,rfd2.0,229399,229442,Gräfin Franziska von Hohenheim.,1,eins,CARD,eins,33224,,
tg,rfd2.0,229399,229442,Gräfin Franziska von Hohenheim.,1,zu,PTKZU,zu,33224,,
tg,rfd2.0,229399,229442,Gräfin Franziska von Hohenheim.,1,fällen,VVINF,fällen,33224,,
tg,rfd2.0,229399,229442,Gräfin Franziska von Hohenheim.,1,"!",$.,--,33224,,
tg,rfd2.0,229447,229515,Herzog Karl von Württemberg.,0,Du,PPER,du,33224,,
tg,rfd2.0,229447,229515,Herzog Karl von Württemberg.,0,wagst,VAFIN,wagen,33224,,
tg,rfd2.0,229447,229515,Herzog Karl von Württemberg.,0,es,PPER,es,33224,,
tg,rfd2.0,229447,229515,Herzog Karl von Württemberg.,0,nicht,PTKNEG,nicht,33224,,
tg,rfd2.0,229447,229515,Herzog Karl von Württemberg.,0,?,$.,--,33224,,
tg,rfd2.0,229447,229515,Herzog Karl von Württemberg.,0,Du,PPER,du,33224,,
tg,rfd2.0,229447,229515,Herzog Karl von Württemberg.,0,findest,VVFIN,findest,33224,,
tg,rfd2.0,229447,229515,Herzog Karl von Württemberg.,0,das,ART,der,33224,,
tg,rfd2.0,229447,229515,Herzog Karl von Württemberg.,0,Buch,NN,buch,33224,,
tg,rfd2.0,229447,229515,Herzog Karl von Württemberg.,0,nicht,PTKNEG,nicht,33224,,
tg,rfd2.0,229447,229515,Herzog Karl von Württemberg.,0,–,XY,–,33224,,
tg,rfd2.0,229447,229515,Herzog Karl von Württemberg.,0,entsetzlich,ADJD,entsetzlich,33224,,
tg,rfd2.0,229447,229515,Herzog Karl von Württemberg.,0,?,$.,--,33224,,
tg,rfd2.0,229520,229546,Gräfin Franziska von Hohenheim.,1,Entsetzlich,ADJD,entsetzlich,33224,,
tg,rfd2.0,229520,229546,Gräfin Franziska von Hohenheim.,1,–,VVFIN,–,33224,,
tg,rfd2.0,229520,229546,Gräfin Franziska von Hohenheim.,1,ja,ADV,ja,33224,,
tg,rfd2.0,229520,229546,Gräfin Franziska von Hohenheim.,1,.,$.,--,33224,,
tg,rfd2.0,229551,229951,Herzog Karl von Württemberg.,0,Nun,ADV,nun,33224,,
tg,rfd2.0,229551,229951,Herzog Karl von Württemberg.,0,also,ADV,also,33224,,
tg,rfd2.0,229551,229951,Herzog Karl von Württemberg.,0,"!",$.,--,33224,,
tg,rfd2.0,229551,229951,Herzog Karl von Württemberg.,0,Pause,NN,pause,33224,,
tg,rfd2.0,229551,229951,Herzog Karl von Württemberg.,0,–,CARD,–,33224,,
tg,rfd2.0,229551,229951,Herzog Karl von Württemberg.,0,halblaut,VVPP,halblaut,33224,,
tg,rfd2.0,229551,229951,Herzog Karl von Württemberg.,0,.,$.,--,33224,,
tg,rfd2.0,229551,229951,Herzog Karl von Württemberg.,0,Was,PWS,was,33224,,
tg,rfd2.0,229551,229951,Herzog Karl von Württemberg.,0,ist,VAFIN,sein,33224,,
tg,rfd2.0,229551,229951,Herzog Karl von Württemberg.,0,mir,PPER,sich,33224,Herzog Karl von Württemberg.,0
tg,rfd2.0,229551,229951,Herzog Karl von Württemberg.,0,alles,PIS,alle,33224,,
tg,rfd2.0,229551,229951,Herzog Karl von Württemberg.,0,begegnet,VVFIN,begegnen,33224,,
tg,rfd2.0,229551,229951,Herzog Karl von Württemberg.,0,",","$,",--,33224,,
tg,rfd2.0,229551,229951,Herzog Karl von Württemberg.,0,seit,KOUS,seit,33224,,
tg,rfd2.0,229551,229951,Herzog Karl von Württemberg.,0,ich,PPER,ich,33224,Herzog Karl von Württemberg.,0
tg,rfd2.0,229551,229951,Herzog Karl von Württemberg.,0,das,ART,der,33224,,
tg,rfd2.0,229551,229951,Herzog Karl von Württemberg.,0,Land,NN,land,33224,,
tg,rfd2.0,229551,229951,Herzog Karl von Württemberg.,0,regiere,VVFIN,regieren,33224,,
tg,rfd2.0,229551,229951,Herzog Karl von Württemberg.,0,",","$,",--,33224,,
tg,rfd2.0,229551,229951,Herzog Karl von Württemberg.,0,was,PWS,was,33224,,
tg,rfd2.0,229551,229951,Herzog Karl von Württemberg.,0,hab,VAFIN,hab,33224,,
tg,rfd2.0,229551,229951,Herzog Karl von Württemberg.,0,',$[,--,33224,,
tg,rfd2.0,229551,229951,Herzog Karl von Württemberg.,0,ich,PPER,ich,33224,Herzog Karl von Württemberg.,0
tg,rfd2.0,229551,229951,Herzog Karl von Württemberg.,0,zu,PTKZU,zu,33224,,
tg,rfd2.0,229551,229951,Herzog Karl von Württemberg.,0,leiden,VVINF,leiden,33224,,
tg,rfd2.0,229551,229951,Herzog Karl von Württemberg.,0,",","$,",--,33224,,
tg,rfd2.0,229551,229951,Herzog Karl von Württemberg.,0,zu,PTKZU,zu,33224,,
tg,rfd2.0,229551,229951,Herzog Karl von Württemberg.,0,kämpfen,VVINF,kämpfen,33224,,
tg,rfd2.0,229551,229951,Herzog Karl von Württemberg.,0,",","$,",--,33224,,
tg,rfd2.0,229551,229951,Herzog Karl von Württemberg.,0,zu,PTKZU,zu,33224,,
tg,rfd2.0,229551,229951,Herzog Karl von Württemberg.,0,zürnen,VVINF,zürnen,33224,,
tg,rfd2.0,229551,229951,Herzog Karl von Württemberg.,0,",","$,",--,33224,,
tg,rfd2.0,229551,229951,Herzog Karl von Württemberg.,0,zu,APPR,zu,33224,,
tg,rfd2.0,229551,229951,Herzog Karl von Württemberg.,0,strafen,ADJA,strafen,33224,,
tg,rfd2.0,229551,229951,Herzog Karl von Württemberg.,0,gehabt,VAPP,haben,33224,,
tg,rfd2.0,229551,229951,Herzog Karl von Württemberg.,0,mit,APPR,mit,33224,,
tg,rfd2.0,229551,229951,Herzog Karl von Württemberg.,0,dieser,PDAT,dieser,33224,,
tg,rfd2.0,229551,229951,Herzog Karl von Württemberg.,0,Landschaft,NN,landschaft,33224,,
tg,rfd2.0,229551,229951,Herzog Karl von Württemberg.,0,",","$,",--,33224,,
tg,rfd2.0,229551,229951,Herzog Karl von Württemberg.,0,und,KON,und,33224,,
tg,rfd2.0,229551,229951,Herzog Karl von Württemberg.,0,nichts,PIS,nichts,33224,,
tg,rfd2.0,229551,229951,Herzog Karl von Württemberg.,0,",","$,",--,33224,,
tg,rfd2.0,229551,229951,Herzog Karl von Württemberg.,0,nichts,PIS,nichts,33224,,
tg,rfd2.0,229551,229951,Herzog Karl von Württemberg.,0,hat,VAFIN,haben,33224,,
tg,rfd2.0,229551,229951,Herzog Karl von Württemberg.,0,mich,PPER,mich,33224,Herzog Karl von Württemberg.,0
tg,rfd2.0,229551,229951,Herzog Karl von Württemberg.,0,so,ADV,so,33224,,
tg,rfd2.0,229551,229951,Herzog Karl von Württemberg.,0,furchtbar,ADJD,furchtbar,33224,,
tg,rfd2.0,229551,229951,Herzog Karl von Württemberg.,0,betroffen,VVPP,betreffen,33224,,
tg,rfd2.0,229551,229951,Herzog Karl von Württemberg.,0,als,KOKOM,als,33224,,
tg,rfd2.0,229551,229951,Herzog Karl von Württemberg.,0,dieses,PDAT,dieser,33224,,
tg,rfd2.0,229551,229951,Herzog Karl von Württemberg.,0,Buch,NN,buch,33224,,
tg,rfd2.0,229551,229951,Herzog Karl von Württemberg.,0,.,$.,--,33224,,
tg,rfd2.0,229551,229951,Herzog Karl von Württemberg.,0,–,XY,–,33224,,
tg,rfd2.0,229551,229951,Herzog Karl von Württemberg.,0,Gleichsam,ADJD,gleichsam,33224,,
tg,rfd2.0,229551,229951,Herzog Karl von Württemberg.,0,in,APPR,in,33224,,
tg,rfd2.0,229551,229951,Herzog Karl von Württemberg.,0,meinem,PPOSAT,mein,33224,Herzog Karl von Württemberg.,0
tg,rfd2.0,229551,229951,Herzog Karl von Württemberg.,0,Schoße,NN,schoße,33224,,
tg,rfd2.0,229551,229951,Herzog Karl von Württemberg.,0,ist,VAFIN,sein,33224,,
tg,rfd2.0,229551,229951,Herzog Karl von Württemberg.,0,es,PPER,es,33224,,
tg,rfd2.0,229551,229951,Herzog Karl von Württemberg.,0,entstanden,VVPP,entstehen,33224,,
tg,rfd2.0,229551,229951,Herzog Karl von Württemberg.,0,",","$,",--,33224,,
tg,rfd2.0,229551,229951,Herzog Karl von Württemberg.,0,ein,ART,ein,33224,,
tg,rfd2.0,229551,229951,Herzog Karl von Württemberg.,0,Hohn,CARD,hohn,33224,,
tg,rfd2.0,229551,229951,Herzog Karl von Württemberg.,0,meines,PPOSAT,mein,33224,Herzog Karl von Württemberg.,0
tg,rfd2.0,229551,229951,Herzog Karl von Württemberg.,0,ganzen,ADJA,ganz,33224,,
tg,rfd2.0,229551,229951,Herzog Karl von Württemberg.,0,Lebens,NN,leben,33224,,
tg,rfd2.0,229551,229951,Herzog Karl von Württemberg.,0,;,$.,--,33224,,
tg,rfd2.0,229551,229951,Herzog Karl von Württemberg.,0,–,XY,–,33224,,
tg,rfd2.0,229551,229951,Herzog Karl von Württemberg.,0,–,XY,–,33224,,
tg,rfd2.0,229551,229951,Herzog Karl von Württemberg.,0,–,XY,–,33224,,
tg,rfd2.0,229551,229951,Herzog Karl von Württemberg.,0,–,XY,–,33224,,
tg,rfd2.0,229551,229951,Herzog Karl von Württemberg.,0,Halblaut,VVPP,halblaut,33224,,
tg,rfd2.0,229551,229951,Herzog Karl von Württemberg.,0,.,$.,--,33224,,
tg,rfd2.0,229551,229951,Herzog Karl von Württemberg.,0,ebenso,ADV,ebenso,33224,,
tg,rfd2.0,229551,229951,Herzog Karl von Württemberg.,0,furchtbar,ADJD,furchtbar,33224,,
tg,rfd2.0,229551,229951,Herzog Karl von Württemberg.,0,muß,VMFIN,müssen,33224,,
tg,rfd2.0,229551,229951,Herzog Karl von Württemberg.,0,die,ART,der,33224,,
tg,rfd2.0,229551,229951,Herzog Karl von Württemberg.,0,Strafe,NN,strafe,33224,,
tg,rfd2.0,229551,229951,Herzog Karl von Württemberg.,0,sein,PPOSAT,sein,33224,,
tg,rfd2.0,229551,229951,Herzog Karl von Württemberg.,0,an,APPR,an,33224,,
tg,rfd2.0,229551,229951,Herzog Karl von Württemberg.,0,Buch,NN,buch,33224,,
tg,rfd2.0,229551,229951,Herzog Karl von Württemberg.,0,und,KON,und,33224,,
tg,rfd2.0,229551,229951,Herzog Karl von Württemberg.,0,Autor,NN,autor,33224,,
tg,rfd2.0,229551,229951,Herzog Karl von Württemberg.,0,"!",$.,--,33224,,
tg,rfd2.0,229956,229972,Gräfin Franziska von Hohenheim.,1,Karl,NE,karl,33224,,
tg,rfd2.0,229956,229972,Gräfin Franziska von Hohenheim.,1,–,ITJ,–,33224,,
tg,rfd2.0,229956,229972,Gräfin Franziska von Hohenheim.,1,"!",$.,--,33224,,
tg,rfd2.0,229977,230135,Herzog Karl von Württemberg.,0,Wenn,KOUS,wenn,33224,,
tg,rfd2.0,229977,230135,Herzog Karl von Württemberg.,0,ich,PPER,ich,33224,Herzog Karl von Württemberg.,0
tg,rfd2.0,229977,230135,Herzog Karl von Württemberg.,0,meinem,PPOSAT,mein,33224,Herzog Karl von Württemberg.,0
tg,rfd2.0,229977,230135,Herzog Karl von Württemberg.,0,eigenen,ADJA,eigen,33224,,
tg,rfd2.0,229977,230135,Herzog Karl von Württemberg.,0,Leben,NN,leben,33224,,
tg,rfd2.0,229977,230135,Herzog Karl von Württemberg.,0,",","$,",--,33224,,
tg,rfd2.0,229977,230135,Herzog Karl von Württemberg.,0,meiner,PPOSAT,mein,33224,Herzog Karl von Württemberg.,0
tg,rfd2.0,229977,230135,Herzog Karl von Württemberg.,0,Stellung,NN,stellung,33224,,
tg,rfd2.0,229977,230135,Herzog Karl von Württemberg.,0,",","$,",--,33224,,
tg,rfd2.0,229977,230135,Herzog Karl von Württemberg.,0,der,ART,der,33224,,
tg,rfd2.0,229977,230135,Herzog Karl von Württemberg.,0,ganzen,ADJA,ganz,33224,,
tg,rfd2.0,229977,230135,Herzog Karl von Württemberg.,0,Welt,NN,welt,33224,,
tg,rfd2.0,229977,230135,Herzog Karl von Württemberg.,0,des,ART,der,33224,,
tg,rfd2.0,229977,230135,Herzog Karl von Württemberg.,0,gesetzlichen,ADJA,gesetzlich,33224,,
tg,rfd2.0,229977,230135,Herzog Karl von Württemberg.,0,Bestandes,NN,bestand,33224,,
tg,rfd2.0,229977,230135,Herzog Karl von Württemberg.,0,gerecht,ADJD,gerecht,33224,,
tg,rfd2.0,229977,230135,Herzog Karl von Württemberg.,0,sein,VAINF,sein,33224,,
tg,rfd2.0,229977,230135,Herzog Karl von Württemberg.,0,will,VMFIN,wollen,33224,,
tg,rfd2.0,229977,230135,Herzog Karl von Württemberg.,0,.,$.,--,33224,,
tg,rfd2.0,230140,230157,Gräfin Franziska von Hohenheim.,1,Karl,NE,karl,33224,,
tg,rfd2.0,230140,230157,Gräfin Franziska von Hohenheim.,1,–,ITJ,–,33224,,
tg,rfd2.0,230140,230157,Gräfin Franziska von Hohenheim.,1,"!",$.,--,33224,,
tg,rfd2.0,230140,230157,Gräfin Franziska von Hohenheim.,1,"!",$.,--,33224,,
tg,rfd2.0,230162,230213,Herzog Karl von Württemberg.,0,Dem,ART,der,33224,,
tg,rfd2.0,230162,230213,Herzog Karl von Württemberg.,0,Henker,NN,henker,33224,,
tg,rfd2.0,230162,230213,Herzog Karl von Württemberg.,0,muß,VMFIN,müssen,33224,,
tg,rfd2.0,230162,230213,Herzog Karl von Württemberg.,0,Buch,NN,buch,33224,,
tg,rfd2.0,230162,230213,Herzog Karl von Württemberg.,0,und,KON,und,33224,,
tg,rfd2.0,230162,230213,Herzog Karl von Württemberg.,0,Autor,NN,autor,33224,,
tg,rfd2.0,230162,230213,Herzog Karl von Württemberg.,0,verfallen,VVINF,verfallen,33224,,
tg,rfd2.0,230162,230213,Herzog Karl von Württemberg.,0,"!",$.,--,33224,,
tg,rfd2.0,230162,230213,Herzog Karl von Württemberg.,0,–,XY,–,33224,,
tg,rfd2.0,230218,230255,Gräfin Franziska von Hohenheim.,1,Karl,NE,karl,33224,,
tg,rfd2.0,230218,230255,Gräfin Franziska von Hohenheim.,1,",","$,",--,33224,,
tg,rfd2.0,230218,230255,Gräfin Franziska von Hohenheim.,1,das,ART,der,33224,,
tg,rfd2.0,230218,230255,Gräfin Franziska von Hohenheim.,1,wirst,VAFIN,werden,33224,,
tg,rfd2.0,230218,230255,Gräfin Franziska von Hohenheim.,1,du,PPER,du,33224,,
tg,rfd2.0,230218,230255,Gräfin Franziska von Hohenheim.,1,nicht,PTKNEG,nicht,33224,,
tg,rfd2.0,230218,230255,Gräfin Franziska von Hohenheim.,1,–,ITJ,–,33224,,
tg,rfd2.0,230218,230255,Gräfin Franziska von Hohenheim.,1,"!",$.,--,33224,,
tg,rfd2.0,230218,230255,Gräfin Franziska von Hohenheim.,1,"!",$.,--,33224,,
tg,rfd2.0,230260,230532,Herzog Karl von Württemberg.,0,Wenn,KOUS,wenn,33224,,
tg,rfd2.0,230260,230532,Herzog Karl von Württemberg.,0,hieran,ADV,hieran,33224,,
tg,rfd2.0,230260,230532,Herzog Karl von Württemberg.,0,nicht,PTKNEG,nicht,33224,,
tg,rfd2.0,230260,230532,Herzog Karl von Württemberg.,0,ein,ART,ein,33224,,
tg,rfd2.0,230260,230532,Herzog Karl von Württemberg.,0,Exempel,NN,exempel,33224,,
tg,rfd2.0,230260,230532,Herzog Karl von Württemberg.,0,statuiert,VVPP,statuieren,33224,,
tg,rfd2.0,230260,230532,Herzog Karl von Württemberg.,0,wird,VAFIN,werden,33224,,
tg,rfd2.0,230260,230532,Herzog Karl von Württemberg.,0,",","$,",--,33224,,
tg,rfd2.0,230260,230532,Herzog Karl von Württemberg.,0,so,ADV,so,33224,,
tg,rfd2.0,230260,230532,Herzog Karl von Württemberg.,0,bricht,VVFIN,brechen,33224,,
tg,rfd2.0,230260,230532,Herzog Karl von Württemberg.,0,die,ART,der,33224,,
tg,rfd2.0,230260,230532,Herzog Karl von Württemberg.,0,Sintflut,NN,sintflut,33224,,
tg,rfd2.0,230260,230532,Herzog Karl von Württemberg.,0,über,APPR,über,33224,,
tg,rfd2.0,230260,230532,Herzog Karl von Württemberg.,0,uns,PPER,uns,33224,,
tg,rfd2.0,230260,230532,Herzog Karl von Württemberg.,0,herein,PTKVZ,herein,33224,,
tg,rfd2.0,230260,230532,Herzog Karl von Württemberg.,0,und,KON,und,33224,,
tg,rfd2.0,230260,230532,Herzog Karl von Württemberg.,0,verschlingt,VVFIN,verschlingen,33224,,
tg,rfd2.0,230260,230532,Herzog Karl von Württemberg.,0,die,ART,der,33224,,
tg,rfd2.0,230260,230532,Herzog Karl von Württemberg.,0,bestehende,ADJA,bestehend,33224,,
tg,rfd2.0,230260,230532,Herzog Karl von Württemberg.,0,Herrschaft,NN,herrschaft,33224,,
tg,rfd2.0,230260,230532,Herzog Karl von Württemberg.,0,",","$,",--,33224,,
tg,rfd2.0,230260,230532,Herzog Karl von Württemberg.,0,und,KON,und,33224,,
tg,rfd2.0,230260,230532,Herzog Karl von Württemberg.,0,wir,PPER,wir,33224,,
tg,rfd2.0,230260,230532,Herzog Karl von Württemberg.,0,verdienen,VVFIN,verdienen,33224,,
tg,rfd2.0,230260,230532,Herzog Karl von Württemberg.,0,unsern,ADJD,unsern,33224,,
tg,rfd2.0,230260,230532,Herzog Karl von Württemberg.,0,Untergang,NN,untergang,33224,,
tg,rfd2.0,230260,230532,Herzog Karl von Württemberg.,0,",","$,",--,33224,,
tg,rfd2.0,230260,230532,Herzog Karl von Württemberg.,0,da,KOUS,da,33224,,
tg,rfd2.0,230260,230532,Herzog Karl von Württemberg.,0,wir,PPER,wir,33224,,
tg,rfd2.0,230260,230532,Herzog Karl von Württemberg.,0,unsern,VVFIN,unsern,33224,,
tg,rfd2.0,230260,230532,Herzog Karl von Württemberg.,0,Erbfeind,NE,erbfeind,33224,,
tg,rfd2.0,230260,230532,Herzog Karl von Württemberg.,0,erkannt,VVPP,erkennen,33224,,
tg,rfd2.0,230260,230532,Herzog Karl von Württemberg.,0,und,KON,und,33224,,
tg,rfd2.0,230260,230532,Herzog Karl von Württemberg.,0,nicht,PTKNEG,nicht,33224,,
tg,rfd2.0,230260,230532,Herzog Karl von Württemberg.,0,erschlagen,VVPP,erschlagen,33224,,
tg,rfd2.0,230260,230532,Herzog Karl von Württemberg.,0,haben,VAINF,haben,33224,,
tg,rfd2.0,230260,230532,Herzog Karl von Württemberg.,0,.,$.,--,33224,,
tg,rfd2.0,230537,230584,Gräfin Franziska von Hohenheim.,1,Mir,PPER,sich,33224,,
tg,rfd2.0,230537,230584,Gräfin Franziska von Hohenheim.,1,schwindelt,VVFIN,schwindeln,33224,,
tg,rfd2.0,230537,230584,Gräfin Franziska von Hohenheim.,1,.,$.,--,33224,,
tg,rfd2.0,230537,230584,Gräfin Franziska von Hohenheim.,1,Du,PPER,du,33224,,
tg,rfd2.0,230537,230584,Gräfin Franziska von Hohenheim.,1,hast,VAFIN,haben,33224,,
tg,rfd2.0,230537,230584,Gräfin Franziska von Hohenheim.,1,unrecht,ADJD,unrecht,33224,,
tg,rfd2.0,230537,230584,Gräfin Franziska von Hohenheim.,1,",","$,",--,33224,,
tg,rfd2.0,230537,230584,Gräfin Franziska von Hohenheim.,1,Karl,NE,karl,33224,,
tg,rfd2.0,230537,230584,Gräfin Franziska von Hohenheim.,1,.,$.,--,33224,,
tg,rfd2.0,230589,230618,Herzog Karl von Württemberg.,0,So,ADV,so,33224,,
tg,rfd2.0,230589,230618,Herzog Karl von Württemberg.,0,?,$.,--,33224,,
tg,rfd2.0,230624,230870,Gräfin Franziska von Hohenheim.,1,Du,PPER,du,33224,,
tg,rfd2.0,230624,230870,Gräfin Franziska von Hohenheim.,1,mußt,VMFIN,mussen,33224,,
tg,rfd2.0,230624,230870,Gräfin Franziska von Hohenheim.,1,die,ART,der,33224,,
tg,rfd2.0,230624,230870,Gräfin Franziska von Hohenheim.,1,Spreu,NN,spreu,33224,,
tg,rfd2.0,230624,230870,Gräfin Franziska von Hohenheim.,1,von,APPR,von,33224,,
tg,rfd2.0,230624,230870,Gräfin Franziska von Hohenheim.,1,dem,ART,der,33224,,
tg,rfd2.0,230624,230870,Gräfin Franziska von Hohenheim.,1,Weizen,NN,weizen,33224,,
tg,rfd2.0,230624,230870,Gräfin Franziska von Hohenheim.,1,sondern,KON,sondern,33224,,
tg,rfd2.0,230624,230870,Gräfin Franziska von Hohenheim.,1,.,$.,--,33224,,
tg,rfd2.0,230624,230870,Gräfin Franziska von Hohenheim.,1,Das,ART,der,33224,,
tg,rfd2.0,230624,230870,Gräfin Franziska von Hohenheim.,1,Buch,NN,buch,33224,,
tg,rfd2.0,230624,230870,Gräfin Franziska von Hohenheim.,1,hat,VAFIN,haben,33224,,
tg,rfd2.0,230624,230870,Gräfin Franziska von Hohenheim.,1,neben,APPR,neben,33224,,
tg,rfd2.0,230624,230870,Gräfin Franziska von Hohenheim.,1,den,ART,der,33224,,
tg,rfd2.0,230624,230870,Gräfin Franziska von Hohenheim.,1,entsetzlichsten,ADJA,entsetzlich,33224,,
tg,rfd2.0,230624,230870,Gräfin Franziska von Hohenheim.,1,Dingen,NN,ding,33224,,
tg,rfd2.0,230624,230870,Gräfin Franziska von Hohenheim.,1,Züge,NN,zug,33224,,
tg,rfd2.0,230624,230870,Gräfin Franziska von Hohenheim.,1,von,APPR,von,33224,,
tg,rfd2.0,230624,230870,Gräfin Franziska von Hohenheim.,1,Größe,NN,größe,33224,,
tg,rfd2.0,230624,230870,Gräfin Franziska von Hohenheim.,1,",","$,",--,33224,,
tg,rfd2.0,230624,230870,Gräfin Franziska von Hohenheim.,1,welche,PWAT,welcher,33224,,
tg,rfd2.0,230624,230870,Gräfin Franziska von Hohenheim.,1,nur,ADV,nur,33224,,
tg,rfd2.0,230624,230870,Gräfin Franziska von Hohenheim.,1,den,ART,der,33224,,
tg,rfd2.0,230624,230870,Gräfin Franziska von Hohenheim.,1,auserwählten,ADJA,auserwählt,33224,,
tg,rfd2.0,230624,230870,Gräfin Franziska von Hohenheim.,1,Menschen,NN,mensch,33224,,
tg,rfd2.0,230624,230870,Gräfin Franziska von Hohenheim.,1,eigentümlich,ADJD,eigentümlich,33224,,
tg,rfd2.0,230624,230870,Gräfin Franziska von Hohenheim.,1,sind,VAFIN,sein,33224,,
tg,rfd2.0,230624,230870,Gräfin Franziska von Hohenheim.,1,",","$,",--,33224,,
tg,rfd2.0,230624,230870,Gräfin Franziska von Hohenheim.,1,ja,ADV,ja,33224,,
tg,rfd2.0,230624,230870,Gräfin Franziska von Hohenheim.,1,das,ART,der,33224,,
tg,rfd2.0,230624,230870,Gräfin Franziska von Hohenheim.,1,Geschmacklose,NN,geschmacklose,33224,,
tg,rfd2.0,230624,230870,Gräfin Franziska von Hohenheim.,1,",","$,",--,33224,,
tg,rfd2.0,230624,230870,Gräfin Franziska von Hohenheim.,1,das,ART,der,33224,,
tg,rfd2.0,230624,230870,Gräfin Franziska von Hohenheim.,1,Entsetzliche,NN,entsetzliche,33224,,
tg,rfd2.0,230624,230870,Gräfin Franziska von Hohenheim.,1,selbst,ADV,selbst,33224,,
tg,rfd2.0,230624,230870,Gräfin Franziska von Hohenheim.,1,darin,PROAV,darin,33224,,
tg,rfd2.0,230624,230870,Gräfin Franziska von Hohenheim.,1,ist,VAFIN,sein,33224,,
tg,rfd2.0,230624,230870,Gräfin Franziska von Hohenheim.,1,von,APPR,von,33224,,
tg,rfd2.0,230624,230870,Gräfin Franziska von Hohenheim.,1,verwegener,ADJA,verwegen,33224,,
tg,rfd2.0,230624,230870,Gräfin Franziska von Hohenheim.,1,Größe,NN,größe,33224,,
tg,rfd2.0,230624,230870,Gräfin Franziska von Hohenheim.,1,.,$.,--,33224,,
tg,rfd2.0,230875,231360,Herzog Karl von Württemberg.,0,Wenn,KOUS,wenn,33224,,
tg,rfd2.0,230875,231360,Herzog Karl von Württemberg.,0,man,PIS,man,33224,,
tg,rfd2.0,230875,231360,Herzog Karl von Württemberg.,0,die,ART,der,33224,,
tg,rfd2.0,230875,231360,Herzog Karl von Württemberg.,0,Frechheit,NN,frechheit,33224,,
tg,rfd2.0,230875,231360,Herzog Karl von Württemberg.,0,hat,VAFIN,haben,33224,,
tg,rfd2.0,230875,231360,Herzog Karl von Württemberg.,0,",","$,",--,33224,,
tg,rfd2.0,230875,231360,Herzog Karl von Württemberg.,0,jeder,PIDAT,jeder,33224,,
tg,rfd2.0,230875,231360,Herzog Karl von Württemberg.,0,Sitte,NN,sitte,33224,,
tg,rfd2.0,230875,231360,Herzog Karl von Württemberg.,0,",","$,",--,33224,,
tg,rfd2.0,230875,231360,Herzog Karl von Württemberg.,0,jedem,PIDAT,jeder,33224,,
tg,rfd2.0,230875,231360,Herzog Karl von Württemberg.,0,Gesetze,NN,gesetz,33224,,
tg,rfd2.0,230875,231360,Herzog Karl von Württemberg.,0,",","$,",--,33224,,
tg,rfd2.0,230875,231360,Herzog Karl von Württemberg.,0,jedem,PIDAT,jeder,33224,,
tg,rfd2.0,230875,231360,Herzog Karl von Württemberg.,0,Glauben,NN,glaube,33224,,
tg,rfd2.0,230875,231360,Herzog Karl von Württemberg.,0,Hohn,NE,hohn,33224,,
tg,rfd2.0,230875,231360,Herzog Karl von Württemberg.,0,zu,PTKZU,zu,33224,,
tg,rfd2.0,230875,231360,Herzog Karl von Württemberg.,0,bieten,VVINF,bieten,33224,,
tg,rfd2.0,230875,231360,Herzog Karl von Württemberg.,0,",","$,",--,33224,,
tg,rfd2.0,230875,231360,Herzog Karl von Württemberg.,0,dann,ADV,dann,33224,,
tg,rfd2.0,230875,231360,Herzog Karl von Württemberg.,0,ist,VAFIN,sein,33224,,
tg,rfd2.0,230875,231360,Herzog Karl von Württemberg.,0,es,PPER,es,33224,,
tg,rfd2.0,230875,231360,Herzog Karl von Württemberg.,0,keine,PIAT,kein,33224,,
tg,rfd2.0,230875,231360,Herzog Karl von Württemberg.,0,Kunst,NN,kunst,33224,,
tg,rfd2.0,230875,231360,Herzog Karl von Württemberg.,0,",","$,",--,33224,,
tg,rfd2.0,230875,231360,Herzog Karl von Württemberg.,0,einen,ART,ein,33224,,
tg,rfd2.0,230875,231360,Herzog Karl von Württemberg.,0,Augenblick,NN,augenblick,33224,,
tg,rfd2.0,230875,231360,Herzog Karl von Württemberg.,0,groß,ADJD,groß,33224,,
tg,rfd2.0,230875,231360,Herzog Karl von Württemberg.,0,zu,PTKZU,zu,33224,,
tg,rfd2.0,230875,231360,Herzog Karl von Württemberg.,0,erscheinen,VVINF,erscheinen,33224,,
tg,rfd2.0,230875,231360,Herzog Karl von Württemberg.,0,;,$.,--,33224,,
tg,rfd2.0,230875,231360,Herzog Karl von Württemberg.,0,denn,KON,denn,33224,,
tg,rfd2.0,230875,231360,Herzog Karl von Württemberg.,0,man,PIS,man,33224,,
tg,rfd2.0,230875,231360,Herzog Karl von Württemberg.,0,ist,VAFIN,sein,33224,,
tg,rfd2.0,230875,231360,Herzog Karl von Württemberg.,0,wie,KOKOM,wie,33224,,
tg,rfd2.0,230875,231360,Herzog Karl von Württemberg.,0,das,ART,der,33224,,
tg,rfd2.0,230875,231360,Herzog Karl von Württemberg.,0,Raubtier,NN,raubtier,33224,,
tg,rfd2.0,230875,231360,Herzog Karl von Württemberg.,0,den,ART,der,33224,,
tg,rfd2.0,230875,231360,Herzog Karl von Württemberg.,0,edelsten,ADJA,edel,33224,,
tg,rfd2.0,230875,231360,Herzog Karl von Württemberg.,0,Wesen,NN,wesen,33224,,
tg,rfd2.0,230875,231360,Herzog Karl von Württemberg.,0,auf,APPR,auf,33224,,
tg,rfd2.0,230875,231360,Herzog Karl von Württemberg.,0,Hals,NN,hals,33224,,
tg,rfd2.0,230875,231360,Herzog Karl von Württemberg.,0,und,KON,und,33224,,
tg,rfd2.0,230875,231360,Herzog Karl von Württemberg.,0,Haupt,NN,haupt,33224,,
tg,rfd2.0,230875,231360,Herzog Karl von Württemberg.,0,gesprungen,VVPP,gesprung,33224,,
tg,rfd2.0,230875,231360,Herzog Karl von Württemberg.,0,und,KON,und,33224,,
tg,rfd2.0,230875,231360,Herzog Karl von Württemberg.,0,erscheint,VVFIN,erscheinen,33224,,
tg,rfd2.0,230875,231360,Herzog Karl von Württemberg.,0,groß,ADJD,groß,33224,,
tg,rfd2.0,230875,231360,Herzog Karl von Württemberg.,0,",","$,",--,33224,,
tg,rfd2.0,230875,231360,Herzog Karl von Württemberg.,0,weil,KOUS,weil,33224,,
tg,rfd2.0,230875,231360,Herzog Karl von Württemberg.,0,die,ART,der,33224,,
tg,rfd2.0,230875,231360,Herzog Karl von Württemberg.,0,erkorene,ADJA,erkoren,33224,,
tg,rfd2.0,230875,231360,Herzog Karl von Württemberg.,0,Beute,NN,beute,33224,,
tg,rfd2.0,230875,231360,Herzog Karl von Württemberg.,0,hoch,ADJD,hoch,33224,,
tg,rfd2.0,230875,231360,Herzog Karl von Württemberg.,0,gewachsen,VVPP,gewachsen,33224,,
tg,rfd2.0,230875,231360,Herzog Karl von Württemberg.,0,ist,VAFIN,sein,33224,,
tg,rfd2.0,230875,231360,Herzog Karl von Württemberg.,0,.,$.,--,33224,,
tg,rfd2.0,230875,231360,Herzog Karl von Württemberg.,0,Gelingt,VVFIN,gelingen,33224,,
tg,rfd2.0,230875,231360,Herzog Karl von Württemberg.,0,der,ART,der,33224,,
tg,rfd2.0,230875,231360,Herzog Karl von Württemberg.,0,Biß,NN,biß,33224,,
tg,rfd2.0,230875,231360,Herzog Karl von Württemberg.,0,",","$,",--,33224,,
tg,rfd2.0,230875,231360,Herzog Karl von Württemberg.,0,dann,ADV,dann,33224,,
tg,rfd2.0,230875,231360,Herzog Karl von Württemberg.,0,stürzt,VVFIN,stürzen,33224,,
tg,rfd2.0,230875,231360,Herzog Karl von Württemberg.,0,das,ART,der,33224,,
tg,rfd2.0,230875,231360,Herzog Karl von Württemberg.,0,Raubtier,NN,raubtier,33224,,
tg,rfd2.0,230875,231360,Herzog Karl von Württemberg.,0,mit,APPR,mit,33224,,
tg,rfd2.0,230875,231360,Herzog Karl von Württemberg.,0,der,ART,der,33224,,
tg,rfd2.0,230875,231360,Herzog Karl von Württemberg.,0,niedergeworfenen,ADJA,niedergeworfen,33224,,
tg,rfd2.0,230875,231360,Herzog Karl von Württemberg.,0,Größe,NN,größe,33224,,
tg,rfd2.0,230875,231360,Herzog Karl von Württemberg.,0,in,APPR,in,33224,,
tg,rfd2.0,230875,231360,Herzog Karl von Württemberg.,0,den,ART,der,33224,,
tg,rfd2.0,230875,231360,Herzog Karl von Württemberg.,0,Staub,NN,staub,33224,,
tg,rfd2.0,230875,231360,Herzog Karl von Württemberg.,0,",","$,",--,33224,,
tg,rfd2.0,230875,231360,Herzog Karl von Württemberg.,0,und,KON,und,33224,,
tg,rfd2.0,230875,231360,Herzog Karl von Württemberg.,0,es,PPER,es,33224,,
tg,rfd2.0,230875,231360,Herzog Karl von Württemberg.,0,wälzt,VVFIN,wälzen,33224,,
tg,rfd2.0,230875,231360,Herzog Karl von Württemberg.,0,sich,PRF,sich,33224,,
tg,rfd2.0,230875,231360,Herzog Karl von Württemberg.,0,Hoch,ADJD,hoch,33224,,
tg,rfd2.0,230875,231360,Herzog Karl von Württemberg.,0,und,KON,und,33224,,
tg,rfd2.0,230875,231360,Herzog Karl von Württemberg.,0,Niedrig,ADJD,niedrig,33224,,
tg,rfd2.0,230875,231360,Herzog Karl von Württemberg.,0,in,APPR,in,33224,,
tg,rfd2.0,230875,231360,Herzog Karl von Württemberg.,0,gleichmäßiger,ADJA,gleichmäßig,33224,,
tg,rfd2.0,230875,231360,Herzog Karl von Württemberg.,0,schmutziger,ADJA,schmutzig,33224,,
tg,rfd2.0,230875,231360,Herzog Karl von Württemberg.,0,Niedrigkeit,NN,niedrigkeit,33224,,
tg,rfd2.0,230875,231360,Herzog Karl von Württemberg.,0,umher,PTKVZ,umher,33224,,
tg,rfd2.0,230875,231360,Herzog Karl von Württemberg.,0,.,$.,--,33224,,
tg,rfd2.0,231366,231687,Gräfin Franziska von Hohenheim.,1,Ich,PPER,ich,33224,,
tg,rfd2.0,231366,231687,Gräfin Franziska von Hohenheim.,1,kann,VMFIN,können,33224,,
tg,rfd2.0,231366,231687,Gräfin Franziska von Hohenheim.,1,deinen,PPOSAT,dein,33224,,
tg,rfd2.0,231366,231687,Gräfin Franziska von Hohenheim.,1,politischen,ADJA,politisch,33224,,
tg,rfd2.0,231366,231687,Gräfin Franziska von Hohenheim.,1,Ideen,NN,idee,33224,,
tg,rfd2.0,231366,231687,Gräfin Franziska von Hohenheim.,1,nicht,PTKNEG,nicht,33224,,
tg,rfd2.0,231366,231687,Gräfin Franziska von Hohenheim.,1,folgen,VVFIN,folgen,33224,,
tg,rfd2.0,231366,231687,Gräfin Franziska von Hohenheim.,1,",","$,",--,33224,,
tg,rfd2.0,231366,231687,Gräfin Franziska von Hohenheim.,1,ich,PPER,ich,33224,Gräfin Franziska von Hohenheim.,1
tg,rfd2.0,231366,231687,Gräfin Franziska von Hohenheim.,1,bin,VAFIN,sein,33224,,
tg,rfd2.0,231366,231687,Gräfin Franziska von Hohenheim.,1,eine,ART,ein,33224,,
tg,rfd2.0,231366,231687,Gräfin Franziska von Hohenheim.,1,Frau,NN,frau,33224,,
tg,rfd2.0,231366,231687,Gräfin Franziska von Hohenheim.,1,.,$.,--,33224,,
tg,rfd2.0,231366,231687,Gräfin Franziska von Hohenheim.,1,Als,APPR,als,33224,,
tg,rfd2.0,231366,231687,Gräfin Franziska von Hohenheim.,1,solche,PIDAT,solcher,33224,,
tg,rfd2.0,231366,231687,Gräfin Franziska von Hohenheim.,1,empfinde,ADJA,empfinden,33224,,
tg,rfd2.0,231366,231687,Gräfin Franziska von Hohenheim.,1,ich,PPER,ich,33224,Gräfin Franziska von Hohenheim.,1
tg,rfd2.0,231366,231687,Gräfin Franziska von Hohenheim.,1,aber,ADV,aber,33224,,
tg,rfd2.0,231366,231687,Gräfin Franziska von Hohenheim.,1,",","$,",--,33224,,
tg,rfd2.0,231366,231687,Gräfin Franziska von Hohenheim.,1,daß,KOUS,daß,33224,,
tg,rfd2.0,231366,231687,Gräfin Franziska von Hohenheim.,1,mitten,APPR,mitten,33224,,
tg,rfd2.0,231366,231687,Gräfin Franziska von Hohenheim.,1,unter,APPR,unter,33224,,
tg,rfd2.0,231366,231687,Gräfin Franziska von Hohenheim.,1,allem,PIS,alle,33224,,
tg,rfd2.0,231366,231687,Gräfin Franziska von Hohenheim.,1,Entsetzen,NN,entsetzen,33224,,
tg,rfd2.0,231366,231687,Gräfin Franziska von Hohenheim.,1,eine,ART,ein,33224,,
tg,rfd2.0,231366,231687,Gräfin Franziska von Hohenheim.,1,Seele,NN,seele,33224,,
tg,rfd2.0,231366,231687,Gräfin Franziska von Hohenheim.,1,in,APPR,in,33224,,
tg,rfd2.0,231366,231687,Gräfin Franziska von Hohenheim.,1,diesem,PDAT,dieser,33224,,
tg,rfd2.0,231366,231687,Gräfin Franziska von Hohenheim.,1,Buche,NN,buch,33224,,
tg,rfd2.0,231366,231687,Gräfin Franziska von Hohenheim.,1,waltet,VVFIN,walten,33224,,
tg,rfd2.0,231366,231687,Gräfin Franziska von Hohenheim.,1,",","$,",--,33224,,
tg,rfd2.0,231366,231687,Gräfin Franziska von Hohenheim.,1,welche,PWAT,welcher,33224,,
tg,rfd2.0,231366,231687,Gräfin Franziska von Hohenheim.,1,voll,ADJD,voll,33224,,
tg,rfd2.0,231366,231687,Gräfin Franziska von Hohenheim.,1,edler,ADJA,edel,33224,,
tg,rfd2.0,231366,231687,Gräfin Franziska von Hohenheim.,1,Wallungen,NN,wallung,33224,,
tg,rfd2.0,231366,231687,Gräfin Franziska von Hohenheim.,1,ist,VAFIN,sein,33224,,
tg,rfd2.0,231366,231687,Gräfin Franziska von Hohenheim.,1,.,$.,--,33224,,
tg,rfd2.0,231366,231687,Gräfin Franziska von Hohenheim.,1,Deshalb,PROAV,deshalb,33224,,
tg,rfd2.0,231366,231687,Gräfin Franziska von Hohenheim.,1,wiederhole,VVFIN,wiederholen,33224,,
tg,rfd2.0,231366,231687,Gräfin Franziska von Hohenheim.,1,ich,PPER,ich,33224,Gräfin Franziska von Hohenheim.,1
tg,rfd2.0,231366,231687,Gräfin Franziska von Hohenheim.,1,:,$.,--,33224,,
tg,rfd2.0,231366,231687,Gräfin Franziska von Hohenheim.,1,Du,PPER,du,33224,,
tg,rfd2.0,231366,231687,Gräfin Franziska von Hohenheim.,1,tust,VAFIN,tun,33224,,
tg,rfd2.0,231366,231687,Gräfin Franziska von Hohenheim.,1,unrecht,ADJD,unrecht,33224,,
tg,rfd2.0,231366,231687,Gräfin Franziska von Hohenheim.,1,",","$,",--,33224,,
tg,rfd2.0,231366,231687,Gräfin Franziska von Hohenheim.,1,Karl,NE,karl,33224,,
tg,rfd2.0,231366,231687,Gräfin Franziska von Hohenheim.,1,",","$,",--,33224,,
tg,rfd2.0,231366,231687,Gräfin Franziska von Hohenheim.,1,wenn,KOUS,wenn,33224,,
tg,rfd2.0,231366,231687,Gräfin Franziska von Hohenheim.,1,du,PPER,du,33224,,
tg,rfd2.0,231366,231687,Gräfin Franziska von Hohenheim.,1,auf,APPR,auf,33224,,
tg,rfd2.0,231366,231687,Gräfin Franziska von Hohenheim.,1,strenge,ADJA,streng,33224,,
tg,rfd2.0,231366,231687,Gräfin Franziska von Hohenheim.,1,oder,KON,oder,33224,,
tg,rfd2.0,231366,231687,Gräfin Franziska von Hohenheim.,1,gar,ADV,gar,33224,,
tg,rfd2.0,231366,231687,Gräfin Franziska von Hohenheim.,1,gemeine,ADJA,gemein,33224,,
tg,rfd2.0,231366,231687,Gräfin Franziska von Hohenheim.,1,Strafe,NN,strafe,33224,,
tg,rfd2.0,231366,231687,Gräfin Franziska von Hohenheim.,1,sinnst,VVFIN,sinnst,33224,,
tg,rfd2.0,231366,231687,Gräfin Franziska von Hohenheim.,1,gegen,APPR,gegen,33224,,
tg,rfd2.0,231366,231687,Gräfin Franziska von Hohenheim.,1,den,ART,der,33224,,
tg,rfd2.0,231366,231687,Gräfin Franziska von Hohenheim.,1,Autor,NN,autor,33224,,
tg,rfd2.0,231366,231687,Gräfin Franziska von Hohenheim.,1,.,$.,--,33224,,
tg,rfd2.0,231692,232864,Herzog Karl von Württemberg.,0,Unrecht,NN,unrecht,33224,,
tg,rfd2.0,231692,232864,Herzog Karl von Württemberg.,0,?,$.,--,33224,,
tg,rfd2.0,231692,232864,Herzog Karl von Württemberg.,0,–,XY,–,33224,,
tg,rfd2.0,231692,232864,Herzog Karl von Württemberg.,0,Milder,NN,mild,33224,,
tg,rfd2.0,231692,232864,Herzog Karl von Württemberg.,0,.,$.,--,33224,,
tg,rfd2.0,231692,232864,Herzog Karl von Württemberg.,0,Du,PPER,du,33224,,
tg,rfd2.0,231692,232864,Herzog Karl von Württemberg.,0,hast,VAFIN,haben,33224,,
tg,rfd2.0,231692,232864,Herzog Karl von Württemberg.,0,Verstand,NN,verstand,33224,,
tg,rfd2.0,231692,232864,Herzog Karl von Württemberg.,0,genug,ADV,genug,33224,,
tg,rfd2.0,231692,232864,Herzog Karl von Württemberg.,0,",","$,",--,33224,,
tg,rfd2.0,231692,232864,Herzog Karl von Württemberg.,0,die,ART,der,33224,,
tg,rfd2.0,231692,232864,Herzog Karl von Württemberg.,0,politische,ADJA,politisch,33224,,
tg,rfd2.0,231692,232864,Herzog Karl von Württemberg.,0,Lage,NN,lage,33224,,
tg,rfd2.0,231692,232864,Herzog Karl von Württemberg.,0,der,ART,der,33224,,
tg,rfd2.0,231692,232864,Herzog Karl von Württemberg.,0,Welt,NN,welt,33224,,
tg,rfd2.0,231692,232864,Herzog Karl von Württemberg.,0,zu,PTKZU,zu,33224,,
tg,rfd2.0,231692,232864,Herzog Karl von Württemberg.,0,würdigen,VVINF,würdigen,33224,,
tg,rfd2.0,231692,232864,Herzog Karl von Württemberg.,0,",","$,",--,33224,,
tg,rfd2.0,231692,232864,Herzog Karl von Württemberg.,0,du,PPER,du,33224,,
tg,rfd2.0,231692,232864,Herzog Karl von Württemberg.,0,hast,VAFIN,haben,33224,,
tg,rfd2.0,231692,232864,Herzog Karl von Württemberg.,0,mir's,ADV,mir,33224,,
tg,rfd2.0,231692,232864,Herzog Karl von Württemberg.,0,seit,APPR,seit,33224,,
tg,rfd2.0,231692,232864,Herzog Karl von Württemberg.,0,Jahren,NN,jahr,33224,,
tg,rfd2.0,231692,232864,Herzog Karl von Württemberg.,0,in,APPR,in,33224,,
tg,rfd2.0,231692,232864,Herzog Karl von Württemberg.,0,täglicher,ADJA,täglich,33224,,
tg,rfd2.0,231692,232864,Herzog Karl von Württemberg.,0,Unterredung,NN,unterredung,33224,,
tg,rfd2.0,231692,232864,Herzog Karl von Württemberg.,0,bewiesen,VVPP,beweisen,33224,,
tg,rfd2.0,231692,232864,Herzog Karl von Württemberg.,0,.,$.,--,33224,,
tg,rfd2.0,231692,232864,Herzog Karl von Württemberg.,0,Verstocke,NN,verstocken,33224,,
tg,rfd2.0,231692,232864,Herzog Karl von Württemberg.,0,dich,PPER,dich,33224,,
tg,rfd2.0,231692,232864,Herzog Karl von Württemberg.,0,nicht,PTKNEG,nicht,33224,,
tg,rfd2.0,231692,232864,Herzog Karl von Württemberg.,0,hierbei,PROAV,hierbei,33224,,
tg,rfd2.0,231692,232864,Herzog Karl von Württemberg.,0,aus,APPR,aus,33224,,
tg,rfd2.0,231692,232864,Herzog Karl von Württemberg.,0,persönlicher,ADJA,persönlich,33224,,
tg,rfd2.0,231692,232864,Herzog Karl von Württemberg.,0,Sentimentalität,NN,sentimentalität,33224,,
tg,rfd2.0,231692,232864,Herzog Karl von Württemberg.,0,für,APPR,für,33224,,
tg,rfd2.0,231692,232864,Herzog Karl von Württemberg.,0,dies,PDS,dieser,33224,,
tg,rfd2.0,231692,232864,Herzog Karl von Württemberg.,0,unglückselige,ADJA,unglückselig,33224,,
tg,rfd2.0,231692,232864,Herzog Karl von Württemberg.,0,Menschenkind,NN,menschenkind,33224,,
tg,rfd2.0,231692,232864,Herzog Karl von Württemberg.,0,",","$,",--,33224,,
tg,rfd2.0,231692,232864,Herzog Karl von Württemberg.,0,welches,PRELS,welcher,33224,,
tg,rfd2.0,231692,232864,Herzog Karl von Württemberg.,0,eine,ART,ein,33224,,
tg,rfd2.0,231692,232864,Herzog Karl von Württemberg.,0,alltägliche,ADJA,alltäglich,33224,,
tg,rfd2.0,231692,232864,Herzog Karl von Württemberg.,0,Weiberseele,NN,weiberseele,33224,,
tg,rfd2.0,231692,232864,Herzog Karl von Württemberg.,0,durch,APPR,durch,33224,,
tg,rfd2.0,231692,232864,Herzog Karl von Württemberg.,0,schimmernde,ADJA,schimmernd,33224,,
tg,rfd2.0,231692,232864,Herzog Karl von Württemberg.,0,Phrasen,NN,phrase,33224,,
tg,rfd2.0,231692,232864,Herzog Karl von Württemberg.,0,bestechen,VVINF,bestechen,33224,,
tg,rfd2.0,231692,232864,Herzog Karl von Württemberg.,0,mag,VMFIN,mögen,33224,,
tg,rfd2.0,231692,232864,Herzog Karl von Württemberg.,0,.,$.,--,33224,,
tg,rfd2.0,231692,232864,Herzog Karl von Württemberg.,0,Es,PPER,es,33224,,
tg,rfd2.0,231692,232864,Herzog Karl von Württemberg.,0,ist,VAFIN,sein,33224,,
tg,rfd2.0,231692,232864,Herzog Karl von Württemberg.,0,kein,PIAT,kein,33224,,
tg,rfd2.0,231692,232864,Herzog Karl von Württemberg.,0,Schülerspaß,NN,schülerspaß,33224,,
tg,rfd2.0,231692,232864,Herzog Karl von Württemberg.,0,mehr,ADV,mehr,33224,,
tg,rfd2.0,231692,232864,Herzog Karl von Württemberg.,0,",","$,",--,33224,,
tg,rfd2.0,231692,232864,Herzog Karl von Württemberg.,0,der,ART,der,33224,,
tg,rfd2.0,231692,232864,Herzog Karl von Württemberg.,0,verscharrt,ADJD,verscharren,33224,,
tg,rfd2.0,231692,232864,Herzog Karl von Württemberg.,0,und,KON,und,33224,,
tg,rfd2.0,231692,232864,Herzog Karl von Württemberg.,0,vergessen,VVPP,vergessen,33224,,
tg,rfd2.0,231692,232864,Herzog Karl von Württemberg.,0,werden,VAINF,werden,33224,,
tg,rfd2.0,231692,232864,Herzog Karl von Württemberg.,0,kann,VMFIN,können,33224,,
tg,rfd2.0,231692,232864,Herzog Karl von Württemberg.,0,:,$.,--,33224,,
tg,rfd2.0,231692,232864,Herzog Karl von Württemberg.,0,das,ART,der,33224,,
tg,rfd2.0,231692,232864,Herzog Karl von Württemberg.,0,Buch,NN,buch,33224,,
tg,rfd2.0,231692,232864,Herzog Karl von Württemberg.,0,ist,VAFIN,sein,33224,,
tg,rfd2.0,231692,232864,Herzog Karl von Württemberg.,0,hinausgeworfen,VVPP,hinauswerfen,33224,,
tg,rfd2.0,231692,232864,Herzog Karl von Württemberg.,0,in,APPR,in,33224,,
tg,rfd2.0,231692,232864,Herzog Karl von Württemberg.,0,die,ART,der,33224,,
tg,rfd2.0,231692,232864,Herzog Karl von Württemberg.,0,Welt,NN,welt,33224,,
tg,rfd2.0,231692,232864,Herzog Karl von Württemberg.,0,",","$,",--,33224,,
tg,rfd2.0,231692,232864,Herzog Karl von Württemberg.,0,es,PPER,es,33224,,
tg,rfd2.0,231692,232864,Herzog Karl von Württemberg.,0,wird,VAFIN,werden,33224,,
tg,rfd2.0,231692,232864,Herzog Karl von Württemberg.,0,sein,PPOSAT,sein,33224,,
tg,rfd2.0,231692,232864,Herzog Karl von Württemberg.,0,lautes,ADJA,laut,33224,,
tg,rfd2.0,231692,232864,Herzog Karl von Württemberg.,0,Echo,NN,echo,33224,,
tg,rfd2.0,231692,232864,Herzog Karl von Württemberg.,0,finden,VVINF,finden,33224,,
tg,rfd2.0,231692,232864,Herzog Karl von Württemberg.,0,",","$,",--,33224,,
tg,rfd2.0,231692,232864,Herzog Karl von Württemberg.,0,wie,PWAV,wie,33224,,
tg,rfd2.0,231692,232864,Herzog Karl von Württemberg.,0,jeder,PIDAT,jeder,33224,,
tg,rfd2.0,231692,232864,Herzog Karl von Württemberg.,0,wilde,ADJA,wild,33224,,
tg,rfd2.0,231692,232864,Herzog Karl von Württemberg.,0,Schrei,NN,schrei,33224,,
tg,rfd2.0,231692,232864,Herzog Karl von Württemberg.,0,;,$.,--,33224,,
tg,rfd2.0,231692,232864,Herzog Karl von Württemberg.,0,denn,KON,denn,33224,,
tg,rfd2.0,231692,232864,Herzog Karl von Württemberg.,0,das,ART,der,33224,,
tg,rfd2.0,231692,232864,Herzog Karl von Württemberg.,0,Publikum,NN,publikum,33224,,
tg,rfd2.0,231692,232864,Herzog Karl von Württemberg.,0,ist,VAFIN,sein,33224,,
tg,rfd2.0,231692,232864,Herzog Karl von Württemberg.,0,ein,ART,ein,33224,,
tg,rfd2.0,231692,232864,Herzog Karl von Württemberg.,0,gedankenloser,ADJA,gedankenlos,33224,,
tg,rfd2.0,231692,232864,Herzog Karl von Württemberg.,0,Berg,NN,berg,33224,,
tg,rfd2.0,231692,232864,Herzog Karl von Württemberg.,0,",","$,",--,33224,,
tg,rfd2.0,231692,232864,Herzog Karl von Württemberg.,0,der,ART,der,33224,,
tg,rfd2.0,231692,232864,Herzog Karl von Württemberg.,0,jedem,PIDAT,jeder,33224,,
tg,rfd2.0,231692,232864,Herzog Karl von Württemberg.,0,heftigen,ADJA,heftig,33224,,
tg,rfd2.0,231692,232864,Herzog Karl von Württemberg.,0,Anprall,NN,anprall,33224,,
tg,rfd2.0,231692,232864,Herzog Karl von Württemberg.,0,antwortet,VVFIN,antworten,33224,,
tg,rfd2.0,231692,232864,Herzog Karl von Württemberg.,0,;,$.,--,33224,,
tg,rfd2.0,231692,232864,Herzog Karl von Württemberg.,0,um,APPR,um,33224,,
tg,rfd2.0,231692,232864,Herzog Karl von Württemberg.,0,so,ADV,so,33224,,
tg,rfd2.0,231692,232864,Herzog Karl von Württemberg.,0,lauter,ADJD,lauter,33224,,
tg,rfd2.0,231692,232864,Herzog Karl von Württemberg.,0,und,KON,und,33224,,
tg,rfd2.0,231692,232864,Herzog Karl von Württemberg.,0,stärker,ADJD,stark,33224,,
tg,rfd2.0,231692,232864,Herzog Karl von Württemberg.,0,antwortet,VVFIN,antworten,33224,,
tg,rfd2.0,231692,232864,Herzog Karl von Württemberg.,0,",","$,",--,33224,,
tg,rfd2.0,231692,232864,Herzog Karl von Württemberg.,0,je,ADV,je,33224,,
tg,rfd2.0,231692,232864,Herzog Karl von Württemberg.,0,wilder,VVFIN,wild,33224,,
tg,rfd2.0,231692,232864,Herzog Karl von Württemberg.,0,der,ART,der,33224,,
tg,rfd2.0,231692,232864,Herzog Karl von Württemberg.,0,Schrei,NN,schrei,33224,,
tg,rfd2.0,231692,232864,Herzog Karl von Württemberg.,0,.,$.,--,33224,,
tg,rfd2.0,231692,232864,Herzog Karl von Württemberg.,0,Freilich,ADV,freilich,33224,,
tg,rfd2.0,231692,232864,Herzog Karl von Württemberg.,0,ist,VAFIN,sein,33224,,
tg,rfd2.0,231692,232864,Herzog Karl von Württemberg.,0,Talent,NN,talent,33224,,
tg,rfd2.0,231692,232864,Herzog Karl von Württemberg.,0,in,APPR,in,33224,,
tg,rfd2.0,231692,232864,Herzog Karl von Württemberg.,0,dem,ART,der,33224,,
tg,rfd2.0,231692,232864,Herzog Karl von Württemberg.,0,Patrone,NN,patrone,33224,,
tg,rfd2.0,231692,232864,Herzog Karl von Württemberg.,0,"!",$.,--,33224,,
tg,rfd2.0,231692,232864,Herzog Karl von Württemberg.,0,Was,PWS,was,33224,,
tg,rfd2.0,231692,232864,Herzog Karl von Württemberg.,0,du,PPER,du,33224,,
tg,rfd2.0,231692,232864,Herzog Karl von Württemberg.,0,als,APPR,als,33224,,
tg,rfd2.0,231692,232864,Herzog Karl von Württemberg.,0,befangenes,ADJA,befangen,33224,,
tg,rfd2.0,231692,232864,Herzog Karl von Württemberg.,0,Weib,NN,weib,33224,,
tg,rfd2.0,231692,232864,Herzog Karl von Württemberg.,0,die,ART,der,33224,,
tg,rfd2.0,231692,232864,Herzog Karl von Württemberg.,0,Seele,NN,seele,33224,,
tg,rfd2.0,231692,232864,Herzog Karl von Württemberg.,0,nennst,ADV,nennen,33224,,
tg,rfd2.0,231692,232864,Herzog Karl von Württemberg.,0,",","$,",--,33224,,
tg,rfd2.0,231692,232864,Herzog Karl von Württemberg.,0,das,PDS,der,33224,,
tg,rfd2.0,231692,232864,Herzog Karl von Württemberg.,0,ist,VAFIN,sein,33224,,
tg,rfd2.0,231692,232864,Herzog Karl von Württemberg.,0,sein,PPOSAT,sein,33224,,
tg,rfd2.0,231692,232864,Herzog Karl von Württemberg.,0,Talent,NN,talent,33224,,
tg,rfd2.0,231692,232864,Herzog Karl von Württemberg.,0,.,$.,--,33224,,
tg,rfd2.0,231692,232864,Herzog Karl von Württemberg.,0,Hätte,VVFIN,haben,33224,,
tg,rfd2.0,231692,232864,Herzog Karl von Württemberg.,0,er,PPER,er,33224,,
tg,rfd2.0,231692,232864,Herzog Karl von Württemberg.,0,dies,PDS,dieser,33224,,
tg,rfd2.0,231692,232864,Herzog Karl von Württemberg.,0,nicht,PTKNEG,nicht,33224,,
tg,rfd2.0,231692,232864,Herzog Karl von Württemberg.,0,",","$,",--,33224,,
tg,rfd2.0,231692,232864,Herzog Karl von Württemberg.,0,was,PWS,was,33224,,
tg,rfd2.0,231692,232864,Herzog Karl von Württemberg.,0,würde,VAFIN,werden,33224,,
tg,rfd2.0,231692,232864,Herzog Karl von Württemberg.,0,ich,PPER,ich,33224,Herzog Karl von Württemberg.,0
tg,rfd2.0,231692,232864,Herzog Karl von Württemberg.,0,mich,PRF,mich,33224,Herzog Karl von Württemberg.,0
tg,rfd2.0,231692,232864,Herzog Karl von Württemberg.,0,bekümmern,VVINF,bekümmern,33224,,
tg,rfd2.0,231692,232864,Herzog Karl von Württemberg.,0,und,KON,und,33224,,
tg,rfd2.0,231692,232864,Herzog Karl von Württemberg.,0,betrüben,VVFIN,betrüben,33224,,
tg,rfd2.0,231692,232864,Herzog Karl von Württemberg.,0,um,APPR,um,33224,,
tg,rfd2.0,231692,232864,Herzog Karl von Württemberg.,0,die,ART,der,33224,,
tg,rfd2.0,231692,232864,Herzog Karl von Württemberg.,0,Fratze,NN,fratz,33224,,
tg,rfd2.0,231692,232864,Herzog Karl von Württemberg.,0,"!",$.,--,33224,,
tg,rfd2.0,231692,232864,Herzog Karl von Württemberg.,0,?,$.,--,33224,,
tg,rfd2.0,231692,232864,Herzog Karl von Württemberg.,0,Dies,PDS,dieser,33224,,
tg,rfd2.0,231692,232864,Herzog Karl von Württemberg.,0,Talent,NN,talent,33224,,
tg,rfd2.0,231692,232864,Herzog Karl von Württemberg.,0,eben,ADV,eben,33224,,
tg,rfd2.0,231692,232864,Herzog Karl von Württemberg.,0,wird,VAFIN,werden,33224,,
tg,rfd2.0,231692,232864,Herzog Karl von Württemberg.,0,die,ART,der,33224,,
tg,rfd2.0,231692,232864,Herzog Karl von Württemberg.,0,Menschen,NN,mensch,33224,,
tg,rfd2.0,231692,232864,Herzog Karl von Württemberg.,0,verführen,VVINF,verführen,33224,,
tg,rfd2.0,231692,232864,Herzog Karl von Württemberg.,0,",","$,",--,33224,,
tg,rfd2.0,231692,232864,Herzog Karl von Württemberg.,0,daß,KOUS,daß,33224,,
tg,rfd2.0,231692,232864,Herzog Karl von Württemberg.,0,sie,PPER,sie,33224,,
tg,rfd2.0,231692,232864,Herzog Karl von Württemberg.,0,das,ART,der,33224,,
tg,rfd2.0,231692,232864,Herzog Karl von Württemberg.,0,Verbrecherische,ADJA,verbrecherisch,33224,,
tg,rfd2.0,231692,232864,Herzog Karl von Württemberg.,0,ebenso,ADV,ebenso,33224,,
tg,rfd2.0,231692,232864,Herzog Karl von Württemberg.,0,beifällig,ADJD,beifällig,33224,,
tg,rfd2.0,231692,232864,Herzog Karl von Württemberg.,0,aufnehmen,VVINF,aufnehmen,33224,,
tg,rfd2.0,231692,232864,Herzog Karl von Württemberg.,0,wie,KOKOM,wie,33224,,
tg,rfd2.0,231692,232864,Herzog Karl von Württemberg.,0,das,ART,der,33224,,
tg,rfd2.0,231692,232864,Herzog Karl von Württemberg.,0,Harmlose,NN,harmlose,33224,,
tg,rfd2.0,231692,232864,Herzog Karl von Württemberg.,0,",","$,",--,33224,,
tg,rfd2.0,231692,232864,Herzog Karl von Württemberg.,0,und,KON,und,33224,,
tg,rfd2.0,231692,232864,Herzog Karl von Württemberg.,0,darum,PROAV,darum,33224,,
tg,rfd2.0,231692,232864,Herzog Karl von Württemberg.,0,ist,VAFIN,sein,33224,,
tg,rfd2.0,231692,232864,Herzog Karl von Württemberg.,0,es,PPER,es,33224,,
tg,rfd2.0,231692,232864,Herzog Karl von Württemberg.,0,meine,PPOSAT,mein,33224,Herzog Karl von Württemberg.,0
tg,rfd2.0,231692,232864,Herzog Karl von Württemberg.,0,Pflicht,NN,pflicht,33224,,
tg,rfd2.0,231692,232864,Herzog Karl von Württemberg.,0,",","$,",--,33224,,
tg,rfd2.0,231692,232864,Herzog Karl von Württemberg.,0,an,APPR,an,33224,,
tg,rfd2.0,231692,232864,Herzog Karl von Württemberg.,0,Autor,NN,autor,33224,,
tg,rfd2.0,231692,232864,Herzog Karl von Württemberg.,0,und,KON,und,33224,,
tg,rfd2.0,231692,232864,Herzog Karl von Württemberg.,0,Buch,NN,buch,33224,,
tg,rfd2.0,231692,232864,Herzog Karl von Württemberg.,0,ein,ART,ein,33224,,
tg,rfd2.0,231692,232864,Herzog Karl von Württemberg.,0,warnendes,ADJA,warnend,33224,,
tg,rfd2.0,231692,232864,Herzog Karl von Württemberg.,0,Beispiel,NN,beispiel,33224,,
tg,rfd2.0,231692,232864,Herzog Karl von Württemberg.,0,aufzustellen,VVIZU,aufstellen,33224,,
tg,rfd2.0,231692,232864,Herzog Karl von Württemberg.,0,.,$.,--,33224,,
tg,rfd2.0,231692,232864,Herzog Karl von Württemberg.,0,Dies,PDS,dieser,33224,,
tg,rfd2.0,231692,232864,Herzog Karl von Württemberg.,0,schreckende,ADJA,schreckend,33224,,
tg,rfd2.0,231692,232864,Herzog Karl von Württemberg.,0,Beispiel,NN,beispiel,33224,,
tg,rfd2.0,231692,232864,Herzog Karl von Württemberg.,0,allein,ADV,allein,33224,,
tg,rfd2.0,231692,232864,Herzog Karl von Württemberg.,0,kann,VMFIN,können,33224,,
tg,rfd2.0,231692,232864,Herzog Karl von Württemberg.,0,die,ART,der,33224,,
tg,rfd2.0,231692,232864,Herzog Karl von Württemberg.,0,Menschen,NN,mensch,33224,,
tg,rfd2.0,231692,232864,Herzog Karl von Württemberg.,0,belehren,VVFIN,belehren,33224,,
tg,rfd2.0,231692,232864,Herzog Karl von Württemberg.,0,",","$,",--,33224,,
tg,rfd2.0,231692,232864,Herzog Karl von Württemberg.,0,daß,KOUS,daß,33224,,
tg,rfd2.0,231692,232864,Herzog Karl von Württemberg.,0,hier,ADV,hier,33224,,
tg,rfd2.0,231692,232864,Herzog Karl von Württemberg.,0,ein,ART,ein,33224,,
tg,rfd2.0,231692,232864,Herzog Karl von Württemberg.,0,Verbrechen,NN,verbrechen,33224,,
tg,rfd2.0,231692,232864,Herzog Karl von Württemberg.,0,vorliege,VVFIN,vorliegen,33224,,
tg,rfd2.0,231692,232864,Herzog Karl von Württemberg.,0,",","$,",--,33224,,
tg,rfd2.0,231692,232864,Herzog Karl von Württemberg.,0,welchem,PWAT,welcher,33224,,
tg,rfd2.0,231692,232864,Herzog Karl von Württemberg.,0,man,PIS,man,33224,,
tg,rfd2.0,231692,232864,Herzog Karl von Württemberg.,0,aus,APPR,aus,33224,,
tg,rfd2.0,231692,232864,Herzog Karl von Württemberg.,0,dem,ART,der,33224,,
tg,rfd2.0,231692,232864,Herzog Karl von Württemberg.,0,Wege,NN,weg,33224,,
tg,rfd2.0,231692,232864,Herzog Karl von Württemberg.,0,gehn,CARD,gehn,33224,,
tg,rfd2.0,231692,232864,Herzog Karl von Württemberg.,0,solle,VMFIN,sollen,33224,,
tg,rfd2.0,231692,232864,Herzog Karl von Württemberg.,0,–,XY,–,33224,,
tg,rfd2.0,232870,232908,Gräfin Franziska von Hohenheim.,1,Schiller,NE,schiller,33224,SCHILLER,29
tg,rfd2.0,232870,232908,Gräfin Franziska von Hohenheim.,1,ist,VAFIN,sein,33224,,
tg,rfd2.0,232870,232908,Gräfin Franziska von Hohenheim.,1,kein,PIAT,kein,33224,,
tg,rfd2.0,232870,232908,Gräfin Franziska von Hohenheim.,1,Verbrecher,NN,verbrecher,33224,,
tg,rfd2.0,232870,232908,Gräfin Franziska von Hohenheim.,1,"!",$.,--,33224,,
tg,rfd2.0,232913,233473,Herzog Karl von Württemberg.,0,Aber,KON,aber,33224,,
tg,rfd2.0,232913,233473,Herzog Karl von Württemberg.,0,sein,PPOSAT,sein,33224,,
tg,rfd2.0,232913,233473,Herzog Karl von Württemberg.,0,Buch,NN,buch,33224,,
tg,rfd2.0,232913,233473,Herzog Karl von Württemberg.,0,ist,VAFIN,sein,33224,,
tg,rfd2.0,232913,233473,Herzog Karl von Württemberg.,0,ein,ART,ein,33224,,
tg,rfd2.0,232913,233473,Herzog Karl von Württemberg.,0,Verbrechen,NN,verbrechen,33224,,
tg,rfd2.0,232913,233473,Herzog Karl von Württemberg.,0,"!",$.,--,33224,,
tg,rfd2.0,232913,233473,Herzog Karl von Württemberg.,0,–,XY,–,33224,,
tg,rfd2.0,232913,233473,Herzog Karl von Württemberg.,0,Du,PPER,du,33224,,
tg,rfd2.0,232913,233473,Herzog Karl von Württemberg.,0,kennst,VVFIN,kennen,33224,,
tg,rfd2.0,232913,233473,Herzog Karl von Württemberg.,0,die,ART,der,33224,,
tg,rfd2.0,232913,233473,Herzog Karl von Württemberg.,0,drohende,ADJA,drohend,33224,,
tg,rfd2.0,232913,233473,Herzog Karl von Württemberg.,0,Lage,NN,lage,33224,,
tg,rfd2.0,232913,233473,Herzog Karl von Württemberg.,0,der,ART,der,33224,,
tg,rfd2.0,232913,233473,Herzog Karl von Württemberg.,0,Welt,NN,welt,33224,,
tg,rfd2.0,232913,233473,Herzog Karl von Württemberg.,0,so,ADV,so,33224,,
tg,rfd2.0,232913,233473,Herzog Karl von Württemberg.,0,gut,ADJD,gut,33224,,
tg,rfd2.0,232913,233473,Herzog Karl von Württemberg.,0,als,KOKOM,als,33224,,
tg,rfd2.0,232913,233473,Herzog Karl von Württemberg.,0,ich,PPER,ich,33224,Herzog Karl von Württemberg.,0
tg,rfd2.0,232913,233473,Herzog Karl von Württemberg.,0,",","$,",--,33224,,
tg,rfd2.0,232913,233473,Herzog Karl von Württemberg.,0,kennst,VVFIN,kennen,33224,,
tg,rfd2.0,232913,233473,Herzog Karl von Württemberg.,0,das,ART,der,33224,,
tg,rfd2.0,232913,233473,Herzog Karl von Württemberg.,0,schreckliche,ADJA,schrecklich,33224,,
tg,rfd2.0,232913,233473,Herzog Karl von Württemberg.,0,Gewitter,NN,gewitter,33224,,
tg,rfd2.0,232913,233473,Herzog Karl von Württemberg.,0,",","$,",--,33224,,
tg,rfd2.0,232913,233473,Herzog Karl von Württemberg.,0,welches,PRELS,welcher,33224,,
tg,rfd2.0,232913,233473,Herzog Karl von Württemberg.,0,jenseit,NN,jenseit,33224,,
tg,rfd2.0,232913,233473,Herzog Karl von Württemberg.,0,des,ART,der,33224,,
tg,rfd2.0,232913,233473,Herzog Karl von Württemberg.,0,Ozeans,NN,ozean,33224,,
tg,rfd2.0,232913,233473,Herzog Karl von Württemberg.,0,donnert,VVFIN,donnern,33224,,
tg,rfd2.0,232913,233473,Herzog Karl von Württemberg.,0,und,KON,und,33224,,
tg,rfd2.0,232913,233473,Herzog Karl von Württemberg.,0,blitzt,VVFIN,blitzen,33224,,
tg,rfd2.0,232913,233473,Herzog Karl von Württemberg.,0,und,KON,und,33224,,
tg,rfd2.0,232913,233473,Herzog Karl von Württemberg.,0,hagelt,VVFIN,hageln,33224,,
tg,rfd2.0,232913,233473,Herzog Karl von Württemberg.,0,und,KON,und,33224,,
tg,rfd2.0,232913,233473,Herzog Karl von Württemberg.,0,alles,PIS,alle,33224,,
tg,rfd2.0,232913,233473,Herzog Karl von Württemberg.,0,das,ART,der,33224,,
tg,rfd2.0,232913,233473,Herzog Karl von Württemberg.,0,verwüstet,VVPP,verwüsten,33224,,
tg,rfd2.0,232913,233473,Herzog Karl von Württemberg.,0,",","$,",--,33224,,
tg,rfd2.0,232913,233473,Herzog Karl von Württemberg.,0,was,PWS,was,33224,,
tg,rfd2.0,232913,233473,Herzog Karl von Württemberg.,0,unsere,PPOSAT,unser,33224,,
tg,rfd2.0,232913,233473,Herzog Karl von Württemberg.,0,Vorfahren,NN,vorfahren,33224,,
tg,rfd2.0,232913,233473,Herzog Karl von Württemberg.,0,seit,APPR,seit,33224,,
tg,rfd2.0,232913,233473,Herzog Karl von Württemberg.,0,Jahrhunderten,NN,jahrhundert,33224,,
tg,rfd2.0,232913,233473,Herzog Karl von Württemberg.,0,mühsam,ADJD,mühsam,33224,,
tg,rfd2.0,232913,233473,Herzog Karl von Württemberg.,0,aufgebaut,VVPP,aufbauen,33224,,
tg,rfd2.0,232913,233473,Herzog Karl von Württemberg.,0,in,APPR,in,33224,,
tg,rfd2.0,232913,233473,Herzog Karl von Württemberg.,0,Europa,NE,europa,33224,,
tg,rfd2.0,232913,233473,Herzog Karl von Württemberg.,0,.,$.,--,33224,,
tg,rfd2.0,232913,233473,Herzog Karl von Württemberg.,0,Alles,PIS,alle,33224,,
tg,rfd2.0,232913,233473,Herzog Karl von Württemberg.,0,das,PDS,der,33224,,
tg,rfd2.0,232913,233473,Herzog Karl von Württemberg.,0,wird,VAFIN,werden,33224,,
tg,rfd2.0,232913,233473,Herzog Karl von Württemberg.,0,von,APPR,von,33224,,
tg,rfd2.0,232913,233473,Herzog Karl von Württemberg.,0,Grund,NN,grund,33224,,
tg,rfd2.0,232913,233473,Herzog Karl von Württemberg.,0,aus,APZR,aus,33224,,
tg,rfd2.0,232913,233473,Herzog Karl von Württemberg.,0,zerstört,VVPP,zerstören,33224,,
tg,rfd2.0,232913,233473,Herzog Karl von Württemberg.,0,in,APPR,in,33224,,
tg,rfd2.0,232913,233473,Herzog Karl von Württemberg.,0,jenem,PDAT,jener,33224,,
tg,rfd2.0,232913,233473,Herzog Karl von Württemberg.,0,Nordamerika,NE,nordamerika,33224,,
tg,rfd2.0,232913,233473,Herzog Karl von Württemberg.,0,",","$,",--,33224,,
tg,rfd2.0,232913,233473,Herzog Karl von Württemberg.,0,und,KON,und,33224,,
tg,rfd2.0,232913,233473,Herzog Karl von Württemberg.,0,jener,PDAT,jener,33224,,
tg,rfd2.0,232913,233473,Herzog Karl von Württemberg.,0,Washington,NE,Washington,33224,,
tg,rfd2.0,232913,233473,Herzog Karl von Württemberg.,0,sichert,VVFIN,sichern,33224,,
tg,rfd2.0,232913,233473,Herzog Karl von Württemberg.,0,der,ART,der,33224,,
tg,rfd2.0,232913,233473,Herzog Karl von Württemberg.,0,Neuerung,NN,neuerung,33224,,
tg,rfd2.0,232913,233473,Herzog Karl von Württemberg.,0,eine,ART,ein,33224,,
tg,rfd2.0,232913,233473,Herzog Karl von Württemberg.,0,für,APPR,für,33224,,
tg,rfd2.0,232913,233473,Herzog Karl von Württemberg.,0,uns,PPER,uns,33224,,
tg,rfd2.0,232913,233473,Herzog Karl von Württemberg.,0,verderbliche,ADJA,verderblich,33224,,
tg,rfd2.0,232913,233473,Herzog Karl von Württemberg.,0,Dauer,NN,dauer,33224,,
tg,rfd2.0,232913,233473,Herzog Karl von Württemberg.,0,.,$.,--,33224,,
tg,rfd2.0,232913,233473,Herzog Karl von Württemberg.,0,Die,ART,der,33224,,
tg,rfd2.0,232913,233473,Herzog Karl von Württemberg.,0,wildesten,ADJA,wildest,33224,,
tg,rfd2.0,232913,233473,Herzog Karl von Württemberg.,0,Gedanken,NN,gedanke,33224,,
tg,rfd2.0,232913,233473,Herzog Karl von Württemberg.,0,er,PPER,er,33224,,
tg,rfd2.0,232913,233473,Herzog Karl von Württemberg.,0,Neuerung,NN,neuerung,33224,,
tg,rfd2.0,232913,233473,Herzog Karl von Württemberg.,0,sind,VAFIN,sein,33224,,
tg,rfd2.0,232913,233473,Herzog Karl von Württemberg.,0,bereits,ADV,bereits,33224,,
tg,rfd2.0,232913,233473,Herzog Karl von Württemberg.,0,nach,APPR,nach,33224,,
tg,rfd2.0,232913,233473,Herzog Karl von Württemberg.,0,Europa,NE,europa,33224,,
tg,rfd2.0,232913,233473,Herzog Karl von Württemberg.,0,ausgestreut,VVPP,ausstreuen,33224,,
tg,rfd2.0,232913,233473,Herzog Karl von Württemberg.,0,worden,VAPP,werden,33224,,
tg,rfd2.0,232913,233473,Herzog Karl von Württemberg.,0,durch,APPR,durch,33224,,
tg,rfd2.0,232913,233473,Herzog Karl von Württemberg.,0,Franzosen,NN,franzose,33224,,
tg,rfd2.0,232913,233473,Herzog Karl von Württemberg.,0,und,KON,und,33224,,
tg,rfd2.0,232913,233473,Herzog Karl von Württemberg.,0,Polen,NN,polen,33224,,
tg,rfd2.0,232913,233473,Herzog Karl von Württemberg.,0,und,KON,und,33224,,
tg,rfd2.0,232913,233473,Herzog Karl von Württemberg.,0,durch,APPR,durch,33224,,
tg,rfd2.0,232913,233473,Herzog Karl von Württemberg.,0,unsre,ADJA,unsr,33224,,
tg,rfd2.0,232913,233473,Herzog Karl von Württemberg.,0,eignen,ADJA,eignen,33224,,
tg,rfd2.0,232913,233473,Herzog Karl von Württemberg.,0,Hilfstruppen,NN,hilfstruppe,33224,,
tg,rfd2.0,232913,233473,Herzog Karl von Württemberg.,0,–,ADJD,–,33224,,
tg,rfd2.0,233478,233511,Gräfin Franziska von Hohenheim.,1,Die,ART,der,33224,,
tg,rfd2.0,233478,233511,Gräfin Franziska von Hohenheim.,1,ihr,PPER,ihr,33224,,
tg,rfd2.0,233478,233511,Gräfin Franziska von Hohenheim.,1,verkauft,VVFIN,verkaufen,33224,,
tg,rfd2.0,233478,233511,Gräfin Franziska von Hohenheim.,1,habt,VAFIN,haben,33224,,
tg,rfd2.0,233478,233511,Gräfin Franziska von Hohenheim.,1,–,XY,–,33224,,
tg,rfd2.0,233478,233511,Gräfin Franziska von Hohenheim.,1,"!",$.,--,33224,,
tg,rfd2.0,233516,235407,Herzog Karl von Württemberg.,0,Und,KON,und,33224,,
tg,rfd2.0,233516,235407,Herzog Karl von Württemberg.,0,diese,PDAT,dieser,33224,,
tg,rfd2.0,233516,235407,Herzog Karl von Württemberg.,0,wilden,ADJA,wild,33224,,
tg,rfd2.0,233516,235407,Herzog Karl von Württemberg.,0,Gedanken,NN,gedanke,33224,,
tg,rfd2.0,233516,235407,Herzog Karl von Württemberg.,0,haben,VAFIN,haben,33224,,
tg,rfd2.0,233516,235407,Herzog Karl von Württemberg.,0,in,APPR,in,33224,,
tg,rfd2.0,233516,235407,Herzog Karl von Württemberg.,0,diesem,PDAT,dieser,33224,,
tg,rfd2.0,233516,235407,Herzog Karl von Württemberg.,0,Augenblicke,NN,augenblick,33224,,
tg,rfd2.0,233516,235407,Herzog Karl von Württemberg.,0,vollständig,ADJD,vollständig,33224,,
tg,rfd2.0,233516,235407,Herzog Karl von Württemberg.,0,gesiegt,VVPP,gesiegen,33224,,
tg,rfd2.0,233516,235407,Herzog Karl von Württemberg.,0,"!",$.,--,33224,,
tg,rfd2.0,233516,235407,Herzog Karl von Württemberg.,0,Europäische,ADJA,europäisch,33224,,
tg,rfd2.0,233516,235407,Herzog Karl von Württemberg.,0,Fürsten,NN,fürst,33224,,
tg,rfd2.0,233516,235407,Herzog Karl von Württemberg.,0,haben,VAFIN,haben,33224,,
tg,rfd2.0,233516,235407,Herzog Karl von Württemberg.,0,sie,PPER,sie,33224,,
tg,rfd2.0,233516,235407,Herzog Karl von Württemberg.,0,sanktioniert,VVPP,sanktionieren,33224,,
tg,rfd2.0,233516,235407,Herzog Karl von Württemberg.,0,:,$.,--,33224,,
tg,rfd2.0,233516,235407,Herzog Karl von Württemberg.,0,vor,APPR,vor,33224,,
tg,rfd2.0,233516,235407,Herzog Karl von Württemberg.,0,einer,ART,ein,33224,,
tg,rfd2.0,233516,235407,Herzog Karl von Württemberg.,0,Stunde,NN,stunde,33224,,
tg,rfd2.0,233516,235407,Herzog Karl von Württemberg.,0,ist,VAFIN,sein,33224,,
tg,rfd2.0,233516,235407,Herzog Karl von Württemberg.,0,mir,PPER,sich,33224,Herzog Karl von Württemberg.,0
tg,rfd2.0,233516,235407,Herzog Karl von Württemberg.,0,die,ART,der,33224,,
tg,rfd2.0,233516,235407,Herzog Karl von Württemberg.,0,offizielle,ADJA,offiziell,33224,,
tg,rfd2.0,233516,235407,Herzog Karl von Württemberg.,0,Nachricht,NN,nachricht,33224,,
tg,rfd2.0,233516,235407,Herzog Karl von Württemberg.,0,zugegangen,VVPP,zugehen,33224,,
tg,rfd2.0,233516,235407,Herzog Karl von Württemberg.,0,",","$,",--,33224,,
tg,rfd2.0,233516,235407,Herzog Karl von Württemberg.,0,daß,KOUS,daß,33224,,
tg,rfd2.0,233516,235407,Herzog Karl von Württemberg.,0,Frankreich,NE,frankreich,33224,,
tg,rfd2.0,233516,235407,Herzog Karl von Württemberg.,0,am,APPRART,an,33224,,
tg,rfd2.0,233516,235407,Herzog Karl von Württemberg.,0,Dritten,NN,dritter,33224,,
tg,rfd2.0,233516,235407,Herzog Karl von Württemberg.,0,dieses,PDAT,dieser,33224,,
tg,rfd2.0,233516,235407,Herzog Karl von Württemberg.,0,Monats,NN,monat,33224,,
tg,rfd2.0,233516,235407,Herzog Karl von Württemberg.,0,Friede,NN,friede,33224,,
tg,rfd2.0,233516,235407,Herzog Karl von Württemberg.,0,mit,APPR,mit,33224,,
tg,rfd2.0,233516,235407,Herzog Karl von Württemberg.,0,England,NE,england,33224,,
tg,rfd2.0,233516,235407,Herzog Karl von Württemberg.,0,geschlossen,VVPP,schließen,33224,,
tg,rfd2.0,233516,235407,Herzog Karl von Württemberg.,0,und,KON,und,33224,,
tg,rfd2.0,233516,235407,Herzog Karl von Württemberg.,0,die,ART,der,33224,,
tg,rfd2.0,233516,235407,Herzog Karl von Württemberg.,0,sogenannte,ADJA,sogenannter,33224,,
tg,rfd2.0,233516,235407,Herzog Karl von Württemberg.,0,Freiheit,NN,freiheit,33224,,
tg,rfd2.0,233516,235407,Herzog Karl von Württemberg.,0,Nordamerikas,NE,nordamerika,33224,,
tg,rfd2.0,233516,235407,Herzog Karl von Württemberg.,0,",","$,",--,33224,,
tg,rfd2.0,233516,235407,Herzog Karl von Württemberg.,0,will,VMFIN,wollen,33224,,
tg,rfd2.0,233516,235407,Herzog Karl von Württemberg.,0,sagen,VVINF,sagen,33224,,
tg,rfd2.0,233516,235407,Herzog Karl von Württemberg.,0,:,$.,--,33224,,
tg,rfd2.0,233516,235407,Herzog Karl von Württemberg.,0,die,ART,der,33224,,
tg,rfd2.0,233516,235407,Herzog Karl von Württemberg.,0,Republik,NN,republik,33224,,
tg,rfd2.0,233516,235407,Herzog Karl von Württemberg.,0,"!",$.,--,33224,,
tg,rfd2.0,233516,235407,Herzog Karl von Württemberg.,0,garantiert,ADJD,garantieren,33224,,
tg,rfd2.0,233516,235407,Herzog Karl von Württemberg.,0,hat,VAFIN,haben,33224,,
tg,rfd2.0,233516,235407,Herzog Karl von Württemberg.,0,.,$.,--,33224,,
tg,rfd2.0,233516,235407,Herzog Karl von Württemberg.,0,Der,ART,der,33224,,
tg,rfd2.0,233516,235407,Herzog Karl von Württemberg.,0,zerstörende,ADJA,zerstörend,33224,,
tg,rfd2.0,233516,235407,Herzog Karl von Württemberg.,0,Vulkan,NN,vulkan,33224,,
tg,rfd2.0,233516,235407,Herzog Karl von Württemberg.,0,ist,VAFIN,sein,33224,,
tg,rfd2.0,233516,235407,Herzog Karl von Württemberg.,0,jetzt,ADV,jetzt,33224,,
tg,rfd2.0,233516,235407,Herzog Karl von Württemberg.,0,gesetzlich,ADJD,gesetzlich,33224,,
tg,rfd2.0,233516,235407,Herzog Karl von Württemberg.,0,gesichert,VVPP,sichern,33224,,
tg,rfd2.0,233516,235407,Herzog Karl von Württemberg.,0,",","$,",--,33224,,
tg,rfd2.0,233516,235407,Herzog Karl von Württemberg.,0,und,KON,und,33224,,
tg,rfd2.0,233516,235407,Herzog Karl von Württemberg.,0,wo,PWAV,wo,33224,,
tg,rfd2.0,233516,235407,Herzog Karl von Württemberg.,0,ist,VAFIN,sein,33224,,
tg,rfd2.0,233516,235407,Herzog Karl von Württemberg.,0,die,ART,der,33224,,
tg,rfd2.0,233516,235407,Herzog Karl von Württemberg.,0,Hilfe,NN,hilfe,33224,,
tg,rfd2.0,233516,235407,Herzog Karl von Württemberg.,0,für,APPR,für,33224,,
tg,rfd2.0,233516,235407,Herzog Karl von Württemberg.,0,das,ART,der,33224,,
tg,rfd2.0,233516,235407,Herzog Karl von Württemberg.,0,alte,ADJA,alt,33224,,
tg,rfd2.0,233516,235407,Herzog Karl von Württemberg.,0,Recht,NN,recht,33224,,
tg,rfd2.0,233516,235407,Herzog Karl von Württemberg.,0,und,KON,und,33224,,
tg,rfd2.0,233516,235407,Herzog Karl von Württemberg.,0,für,APPR,für,33224,,
tg,rfd2.0,233516,235407,Herzog Karl von Württemberg.,0,uns,PPER,uns,33224,,
tg,rfd2.0,233516,235407,Herzog Karl von Württemberg.,0,Fürsten,NN,fürst,33224,,
tg,rfd2.0,233516,235407,Herzog Karl von Württemberg.,0,?,$.,--,33224,,
tg,rfd2.0,233516,235407,Herzog Karl von Württemberg.,0,Wo,PWAV,wo,33224,,
tg,rfd2.0,233516,235407,Herzog Karl von Württemberg.,0,ist,VAFIN,sein,33224,,
tg,rfd2.0,233516,235407,Herzog Karl von Württemberg.,0,sie,PPER,sie,33224,,
tg,rfd2.0,233516,235407,Herzog Karl von Württemberg.,0,?,$.,--,33224,,
tg,rfd2.0,233516,235407,Herzog Karl von Württemberg.,0,Sieh,VVIMP,sieh,33224,,
tg,rfd2.0,233516,235407,Herzog Karl von Württemberg.,0,dich,PRF,dich,33224,,
tg,rfd2.0,233516,235407,Herzog Karl von Württemberg.,0,um,APPR,um,33224,,
tg,rfd2.0,233516,235407,Herzog Karl von Württemberg.,0,"!",$.,--,33224,,
tg,rfd2.0,233516,235407,Herzog Karl von Württemberg.,0,In,APPR,in,33224,,
tg,rfd2.0,233516,235407,Herzog Karl von Württemberg.,0,England,NE,england,33224,,
tg,rfd2.0,233516,235407,Herzog Karl von Württemberg.,0,etwa,ADV,etwa,33224,,
tg,rfd2.0,233516,235407,Herzog Karl von Württemberg.,0,?,$.,--,33224,,
tg,rfd2.0,233516,235407,Herzog Karl von Württemberg.,0,Das,PDS,der,33224,,
tg,rfd2.0,233516,235407,Herzog Karl von Württemberg.,0,ist,VAFIN,sein,33224,,
tg,rfd2.0,233516,235407,Herzog Karl von Württemberg.,0,erschöpft,VVPP,erschöpfen,33224,,
tg,rfd2.0,233516,235407,Herzog Karl von Württemberg.,0,und,KON,und,33224,,
tg,rfd2.0,233516,235407,Herzog Karl von Württemberg.,0,ist,VAFIN,sein,33224,,
tg,rfd2.0,233516,235407,Herzog Karl von Württemberg.,0,von,APPR,von,33224,,
tg,rfd2.0,233516,235407,Herzog Karl von Württemberg.,0,lange,ADV,lange,33224,,
tg,rfd2.0,233516,235407,Herzog Karl von Württemberg.,0,her,APZR,her,33224,,
tg,rfd2.0,233516,235407,Herzog Karl von Württemberg.,0,unsrer,ADJA,unsrer,33224,,
tg,rfd2.0,233516,235407,Herzog Karl von Württemberg.,0,fürstlichen,ADJA,fürstlich,33224,,
tg,rfd2.0,233516,235407,Herzog Karl von Württemberg.,0,Macht,NN,macht,33224,,
tg,rfd2.0,233516,235407,Herzog Karl von Württemberg.,0,eine,ART,ein,33224,,
tg,rfd2.0,233516,235407,Herzog Karl von Württemberg.,0,gefräßige,ADJA,gefräßig,33224,,
tg,rfd2.0,233516,235407,Herzog Karl von Württemberg.,0,Stiefmutter,NN,stiefmutter,33224,,
tg,rfd2.0,233516,235407,Herzog Karl von Württemberg.,0,.,$.,--,33224,,
tg,rfd2.0,233516,235407,Herzog Karl von Württemberg.,0,Oder,KON,oder,33224,,
tg,rfd2.0,233516,235407,Herzog Karl von Württemberg.,0,in,APPR,in,33224,,
tg,rfd2.0,233516,235407,Herzog Karl von Württemberg.,0,Frankreich,NE,frankreich,33224,,
tg,rfd2.0,233516,235407,Herzog Karl von Württemberg.,0,?,$.,--,33224,,
tg,rfd2.0,233516,235407,Herzog Karl von Württemberg.,0,Das,ART,der,33224,,
tg,rfd2.0,233516,235407,Herzog Karl von Württemberg.,0,alte,ADJA,alt,33224,,
tg,rfd2.0,233516,235407,Herzog Karl von Württemberg.,0,schöne,ADJA,schön,33224,,
tg,rfd2.0,233516,235407,Herzog Karl von Württemberg.,0,Frankreich,NE,frankreich,33224,,
tg,rfd2.0,233516,235407,Herzog Karl von Württemberg.,0,ist,VAFIN,sein,33224,,
tg,rfd2.0,233516,235407,Herzog Karl von Württemberg.,0,verdorben,VVPP,verderben,33224,,
tg,rfd2.0,233516,235407,Herzog Karl von Württemberg.,0,.,$.,--,33224,,
tg,rfd2.0,233516,235407,Herzog Karl von Württemberg.,0,Da,ADV,da,33224,,
tg,rfd2.0,233516,235407,Herzog Karl von Württemberg.,0,wirtschaften,VVFIN,wirtschaften,33224,,
tg,rfd2.0,233516,235407,Herzog Karl von Württemberg.,0,jetzt,ADV,jetzt,33224,,
tg,rfd2.0,233516,235407,Herzog Karl von Württemberg.,0,die,ART,der,33224,,
tg,rfd2.0,233516,235407,Herzog Karl von Württemberg.,0,überspannten,ADJA,überspannt,33224,,
tg,rfd2.0,233516,235407,Herzog Karl von Württemberg.,0,Lafayettes,NN,lafayett,33224,,
tg,rfd2.0,233516,235407,Herzog Karl von Württemberg.,0,",","$,",--,33224,,
tg,rfd2.0,233516,235407,Herzog Karl von Württemberg.,0,die,ART,der,33224,,
tg,rfd2.0,233516,235407,Herzog Karl von Württemberg.,0,frechen,ADJA,frechen,33224,,
tg,rfd2.0,233516,235407,Herzog Karl von Württemberg.,0,Beaumarchais,NN,beaumarchai,33224,,
tg,rfd2.0,233516,235407,Herzog Karl von Württemberg.,0,',$[,--,33224,,
tg,rfd2.0,233516,235407,Herzog Karl von Württemberg.,0,",","$,",--,33224,,
tg,rfd2.0,233516,235407,Herzog Karl von Württemberg.,0,welche,PWAT,welcher,33224,,
tg,rfd2.0,233516,235407,Herzog Karl von Württemberg.,0,den,ART,der,33224,,
tg,rfd2.0,233516,235407,Herzog Karl von Württemberg.,0,Boden,NN,boden,33224,,
tg,rfd2.0,233516,235407,Herzog Karl von Württemberg.,0,untergraben,VVPP,untergraben,33224,,
tg,rfd2.0,233516,235407,Herzog Karl von Württemberg.,0,;,$.,--,33224,,
tg,rfd2.0,233516,235407,Herzog Karl von Württemberg.,0,da,ADV,da,33224,,
tg,rfd2.0,233516,235407,Herzog Karl von Württemberg.,0,gärt,VVFIN,gären,33224,,
tg,rfd2.0,233516,235407,Herzog Karl von Württemberg.,0,es,PPER,es,33224,,
tg,rfd2.0,233516,235407,Herzog Karl von Württemberg.,0,in,APPR,in,33224,,
tg,rfd2.0,233516,235407,Herzog Karl von Württemberg.,0,allen,PIDAT,aller,33224,,
tg,rfd2.0,233516,235407,Herzog Karl von Württemberg.,0,Winkeln,NN,winkel,33224,,
tg,rfd2.0,233516,235407,Herzog Karl von Württemberg.,0,",","$,",--,33224,,
tg,rfd2.0,233516,235407,Herzog Karl von Württemberg.,0,und,KON,und,33224,,
tg,rfd2.0,233516,235407,Herzog Karl von Württemberg.,0,der,ART,der,33224,,
tg,rfd2.0,233516,235407,Herzog Karl von Württemberg.,0,König,NN,könig,33224,,
tg,rfd2.0,233516,235407,Herzog Karl von Württemberg.,0,ist,VAFIN,sein,33224,,
tg,rfd2.0,233516,235407,Herzog Karl von Württemberg.,0,ein,ART,ein,33224,,
tg,rfd2.0,233516,235407,Herzog Karl von Württemberg.,0,gutmütig,ADJD,gutmütig,33224,,
tg,rfd2.0,233516,235407,Herzog Karl von Württemberg.,0,schwacher,ADJA,schwach,33224,,
tg,rfd2.0,233516,235407,Herzog Karl von Württemberg.,0,Mann,NN,mann,33224,,
tg,rfd2.0,233516,235407,Herzog Karl von Württemberg.,0,.,$.,--,33224,,
tg,rfd2.0,233516,235407,Herzog Karl von Württemberg.,0,Oder,KON,oder,33224,,
tg,rfd2.0,233516,235407,Herzog Karl von Württemberg.,0,ist,VAFIN,sein,33224,,
tg,rfd2.0,233516,235407,Herzog Karl von Württemberg.,0,etwa,ADV,etwa,33224,,
tg,rfd2.0,233516,235407,Herzog Karl von Württemberg.,0,bei,APPR,bei,33224,,
tg,rfd2.0,233516,235407,Herzog Karl von Württemberg.,0,uns,PPER,uns,33224,,
tg,rfd2.0,233516,235407,Herzog Karl von Württemberg.,0,dahier,ADJD,dahier,33224,,
tg,rfd2.0,233516,235407,Herzog Karl von Württemberg.,0,im,APPRART,in,33224,,
tg,rfd2.0,233516,235407,Herzog Karl von Württemberg.,0,Deutschen,ADJA,deutsch,33224,,
tg,rfd2.0,233516,235407,Herzog Karl von Württemberg.,0,Reiche,NN,reiche,33224,,
tg,rfd2.0,233516,235407,Herzog Karl von Württemberg.,0,Hilfe,NN,hilfe,33224,,
tg,rfd2.0,233516,235407,Herzog Karl von Württemberg.,0,zu,PTKZU,zu,33224,,
tg,rfd2.0,233516,235407,Herzog Karl von Württemberg.,0,erwarten,VVINF,erwarten,33224,,
tg,rfd2.0,233516,235407,Herzog Karl von Württemberg.,0,?,$.,--,33224,,
tg,rfd2.0,233516,235407,Herzog Karl von Württemberg.,0,Wie,PWAV,wie,33224,,
tg,rfd2.0,233516,235407,Herzog Karl von Württemberg.,0,?,$.,--,33224,,
tg,rfd2.0,233516,235407,Herzog Karl von Württemberg.,0,Handelt,NE,handeln,33224,,
tg,rfd2.0,233516,235407,Herzog Karl von Württemberg.,0,nicht,PTKNEG,nicht,33224,,
tg,rfd2.0,233516,235407,Herzog Karl von Württemberg.,0,unser,PPOSAT,unser,33224,,
tg,rfd2.0,233516,235407,Herzog Karl von Württemberg.,0,Kaiser,NN,kaiser,33224,,
tg,rfd2.0,233516,235407,Herzog Karl von Württemberg.,0,Joseph,NE,joseph,33224,,
tg,rfd2.0,233516,235407,Herzog Karl von Württemberg.,0,",","$,",--,33224,,
tg,rfd2.0,233516,235407,Herzog Karl von Württemberg.,0,als,KOUS,als,33224,,
tg,rfd2.0,233516,235407,Herzog Karl von Württemberg.,0,ob,KOUS,ob,33224,,
tg,rfd2.0,233516,235407,Herzog Karl von Württemberg.,0,er,PPER,er,33224,,
tg,rfd2.0,233516,235407,Herzog Karl von Württemberg.,0,bei,APPR,bei,33224,,
tg,rfd2.0,233516,235407,Herzog Karl von Württemberg.,0,diesem,PDAT,dieser,33224,,
tg,rfd2.0,233516,235407,Herzog Karl von Württemberg.,0,Washington,NE,Washington,33224,,
tg,rfd2.0,233516,235407,Herzog Karl von Württemberg.,0,in,APPR,in,33224,,
tg,rfd2.0,233516,235407,Herzog Karl von Württemberg.,0,die,ART,der,33224,,
tg,rfd2.0,233516,235407,Herzog Karl von Württemberg.,0,Schule,NN,schule,33224,,
tg,rfd2.0,233516,235407,Herzog Karl von Württemberg.,0,gegangen,VVPP,gehen,33224,,
tg,rfd2.0,233516,235407,Herzog Karl von Württemberg.,0,wäre,VAFIN,sein,33224,,
tg,rfd2.0,233516,235407,Herzog Karl von Württemberg.,0,",","$,",--,33224,,
tg,rfd2.0,233516,235407,Herzog Karl von Württemberg.,0,und,KON,und,33224,,
tg,rfd2.0,233516,235407,Herzog Karl von Württemberg.,0,ist,VAFIN,sein,33224,,
tg,rfd2.0,233516,235407,Herzog Karl von Württemberg.,0,der,ART,der,33224,,
tg,rfd2.0,233516,235407,Herzog Karl von Württemberg.,0,große,ADJA,groß,33224,,
tg,rfd2.0,233516,235407,Herzog Karl von Württemberg.,0,Friedrich,NE,friedrich,33224,,
tg,rfd2.0,233516,235407,Herzog Karl von Württemberg.,0,etwa,ADV,etwa,33224,,
tg,rfd2.0,233516,235407,Herzog Karl von Württemberg.,0,noch,ADV,noch,33224,,
tg,rfd2.0,233516,235407,Herzog Karl von Württemberg.,0,eine,ART,ein,33224,,
tg,rfd2.0,233516,235407,Herzog Karl von Württemberg.,0,Stütze,NN,stütze,33224,,
tg,rfd2.0,233516,235407,Herzog Karl von Württemberg.,0,?,$.,--,33224,,
tg,rfd2.0,233516,235407,Herzog Karl von Württemberg.,0,Wahrhaftig,ADJD,wahrhaftig,33224,,
tg,rfd2.0,233516,235407,Herzog Karl von Württemberg.,0,nicht,PTKNEG,nicht,33224,,
tg,rfd2.0,233516,235407,Herzog Karl von Württemberg.,0,"!",$.,--,33224,,
tg,rfd2.0,233516,235407,Herzog Karl von Württemberg.,0,Hat,VAFIN,haben,33224,,
tg,rfd2.0,233516,235407,Herzog Karl von Württemberg.,0,er,PPER,er,33224,,
tg,rfd2.0,233516,235407,Herzog Karl von Württemberg.,0,mich,PPER,mich,33224,Herzog Karl von Württemberg.,0
tg,rfd2.0,233516,235407,Herzog Karl von Württemberg.,0,nicht,PTKNEG,nicht,33224,,
tg,rfd2.0,233516,235407,Herzog Karl von Württemberg.,0,verleugnet,VVPP,verleugnen,33224,,
tg,rfd2.0,233516,235407,Herzog Karl von Württemberg.,0,im,APPRART,in,33224,,
tg,rfd2.0,233516,235407,Herzog Karl von Württemberg.,0,Kampfe,NN,kampf,33224,,
tg,rfd2.0,233516,235407,Herzog Karl von Württemberg.,0,gegen,APPR,gegen,33224,,
tg,rfd2.0,233516,235407,Herzog Karl von Württemberg.,0,meine,PPOSAT,mein,33224,Herzog Karl von Württemberg.,0
tg,rfd2.0,233516,235407,Herzog Karl von Württemberg.,0,Landschaft,NN,landschaft,33224,,
tg,rfd2.0,233516,235407,Herzog Karl von Württemberg.,0,?,$.,--,33224,,
tg,rfd2.0,233516,235407,Herzog Karl von Württemberg.,0,Ist,VAFIN,sein,33224,,
tg,rfd2.0,233516,235407,Herzog Karl von Württemberg.,0,er,PPER,er,33224,,
tg,rfd2.0,233516,235407,Herzog Karl von Württemberg.,0,nicht,PTKNEG,nicht,33224,,
tg,rfd2.0,233516,235407,Herzog Karl von Württemberg.,0,bei,APPR,bei,33224,,
tg,rfd2.0,233516,235407,Herzog Karl von Württemberg.,0,aller,PIDAT,aller,33224,,
tg,rfd2.0,233516,235407,Herzog Karl von Württemberg.,0,seiner,PPOSAT,sein,33224,,
tg,rfd2.0,233516,235407,Herzog Karl von Württemberg.,0,königlichen,ADJA,königlich,33224,,
tg,rfd2.0,233516,235407,Herzog Karl von Württemberg.,0,Macht,NN,macht,33224,,
tg,rfd2.0,233516,235407,Herzog Karl von Württemberg.,0,durch,PTKVZ,durch,33224,,
tg,rfd2.0,233516,235407,Herzog Karl von Württemberg.,0,und,KON,und,33224,,
tg,rfd2.0,233516,235407,Herzog Karl von Württemberg.,0,durch,APPR,durch,33224,,
tg,rfd2.0,233516,235407,Herzog Karl von Württemberg.,0,angesteckt,VVPP,anstecken,33224,,
tg,rfd2.0,233516,235407,Herzog Karl von Württemberg.,0,von,APPR,von,33224,,
tg,rfd2.0,233516,235407,Herzog Karl von Württemberg.,0,Neuerungen,NN,neuerung,33224,,
tg,rfd2.0,233516,235407,Herzog Karl von Württemberg.,0,",","$,",--,33224,,
tg,rfd2.0,233516,235407,Herzog Karl von Württemberg.,0,und,KON,und,33224,,
tg,rfd2.0,233516,235407,Herzog Karl von Württemberg.,0,sei,VAFIN,sein,33224,,
tg,rfd2.0,233516,235407,Herzog Karl von Württemberg.,0,er,PPER,er,33224,,
tg,rfd2.0,233516,235407,Herzog Karl von Württemberg.,0,",","$,",--,33224,,
tg,rfd2.0,233516,235407,Herzog Karl von Württemberg.,0,wie,PWAV,wie,33224,,
tg,rfd2.0,233516,235407,Herzog Karl von Württemberg.,0,er's,ADJD,er's,33224,,
tg,rfd2.0,233516,235407,Herzog Karl von Württemberg.,0,sein,VAINF,sein,33224,,
tg,rfd2.0,233516,235407,Herzog Karl von Württemberg.,0,kann,VMFIN,können,33224,,
tg,rfd2.0,233516,235407,Herzog Karl von Württemberg.,0,",","$,",--,33224,,
tg,rfd2.0,233516,235407,Herzog Karl von Württemberg.,0,ein,ART,ein,33224,,
tg,rfd2.0,233516,235407,Herzog Karl von Württemberg.,0,wirklicher,ADJA,wirklich,33224,,
tg,rfd2.0,233516,235407,Herzog Karl von Württemberg.,0,König,NN,könig,33224,,
tg,rfd2.0,233516,235407,Herzog Karl von Württemberg.,0,und,KON,und,33224,,
tg,rfd2.0,233516,235407,Herzog Karl von Württemberg.,0,Herr,NN,herr,33224,,
tg,rfd2.0,233516,235407,Herzog Karl von Württemberg.,0,",","$,",--,33224,,
tg,rfd2.0,233516,235407,Herzog Karl von Württemberg.,0,steht,VVFIN,stehen,33224,,
tg,rfd2.0,233516,235407,Herzog Karl von Württemberg.,0,er,PPER,er,33224,,
tg,rfd2.0,233516,235407,Herzog Karl von Württemberg.,0,nicht,PTKNEG,nicht,33224,,
tg,rfd2.0,233516,235407,Herzog Karl von Württemberg.,0,schon,ADV,schon,33224,,
tg,rfd2.0,233516,235407,Herzog Karl von Württemberg.,0,mit,APPR,mit,33224,,
tg,rfd2.0,233516,235407,Herzog Karl von Württemberg.,0,einem,ART,ein,33224,,
tg,rfd2.0,233516,235407,Herzog Karl von Württemberg.,0,Fuße,NN,fuß,33224,,
tg,rfd2.0,233516,235407,Herzog Karl von Württemberg.,0,in,APPR,in,33224,,
tg,rfd2.0,233516,235407,Herzog Karl von Württemberg.,0,seiner,PPOSAT,sein,33224,,
tg,rfd2.0,233516,235407,Herzog Karl von Württemberg.,0,Gruft,NN,gruft,33224,,
tg,rfd2.0,233516,235407,Herzog Karl von Württemberg.,0,zu,APPR,zu,33224,,
tg,rfd2.0,233516,235407,Herzog Karl von Württemberg.,0,Potsdam,NE,potsdam,33224,,
tg,rfd2.0,233516,235407,Herzog Karl von Württemberg.,0,?,$.,--,33224,,
tg,rfd2.0,233516,235407,Herzog Karl von Württemberg.,0,Laß,VVIMP,lassen,33224,,
tg,rfd2.0,233516,235407,Herzog Karl von Württemberg.,0,ihn,PPER,ihn,33224,,
tg,rfd2.0,233516,235407,Herzog Karl von Württemberg.,0,verschwinden,VVFIN,verschwinden,33224,,
tg,rfd2.0,233516,235407,Herzog Karl von Württemberg.,0,in,APPR,in,33224,,
tg,rfd2.0,233516,235407,Herzog Karl von Württemberg.,0,dieser,PDAT,dieser,33224,,
tg,rfd2.0,233516,235407,Herzog Karl von Württemberg.,0,Gruft,NN,gruft,33224,,
tg,rfd2.0,233516,235407,Herzog Karl von Württemberg.,0,",","$,",--,33224,,
tg,rfd2.0,233516,235407,Herzog Karl von Württemberg.,0,wer,PWS,wer,33224,,
tg,rfd2.0,233516,235407,Herzog Karl von Württemberg.,0,wird,VAFIN,werden,33224,,
tg,rfd2.0,233516,235407,Herzog Karl von Württemberg.,0,den,ART,der,33224,,
tg,rfd2.0,233516,235407,Herzog Karl von Württemberg.,0,krachenden,ADJA,krachend,33224,,
tg,rfd2.0,233516,235407,Herzog Karl von Württemberg.,0,Sturz,NN,sturz,33224,,
tg,rfd2.0,233516,235407,Herzog Karl von Württemberg.,0,unsers,APPRART,unsers,33224,,
tg,rfd2.0,233516,235407,Herzog Karl von Württemberg.,0,alten,ADJA,alt,33224,,
tg,rfd2.0,233516,235407,Herzog Karl von Württemberg.,0,Reichs,NE,reich,33224,,
tg,rfd2.0,233516,235407,Herzog Karl von Württemberg.,0,und,KON,und,33224,,
tg,rfd2.0,233516,235407,Herzog Karl von Württemberg.,0,Rechtes,NN,recht,33224,,
tg,rfd2.0,233516,235407,Herzog Karl von Württemberg.,0,aufhalten,VVINF,aufhalten,33224,,
tg,rfd2.0,233516,235407,Herzog Karl von Württemberg.,0,?,$.,--,33224,,
tg,rfd2.0,233516,235407,Herzog Karl von Württemberg.,0,Wer,PWS,wer,33224,,
tg,rfd2.0,233516,235407,Herzog Karl von Württemberg.,0,?,$.,--,33224,,
tg,rfd2.0,233516,235407,Herzog Karl von Württemberg.,0,Und,KON,und,33224,,
tg,rfd2.0,233516,235407,Herzog Karl von Württemberg.,0,Mit,APPR,mit,33224,,
tg,rfd2.0,233516,235407,Herzog Karl von Württemberg.,0,steigender,ADJA,steigend,33224,,
tg,rfd2.0,233516,235407,Herzog Karl von Württemberg.,0,Heftigkeit,NN,heftigkeit,33224,,
tg,rfd2.0,233516,235407,Herzog Karl von Württemberg.,0,.,$.,--,33224,,
tg,rfd2.0,233516,235407,Herzog Karl von Württemberg.,0,in,APPR,in,33224,,
tg,rfd2.0,233516,235407,Herzog Karl von Württemberg.,0,solcher,PIAT,solcher,33224,,
tg,rfd2.0,233516,235407,Herzog Karl von Württemberg.,0,Lage,NN,lage,33224,,
tg,rfd2.0,233516,235407,Herzog Karl von Württemberg.,0,soll,VMFIN,sollen,33224,,
tg,rfd2.0,233516,235407,Herzog Karl von Württemberg.,0,aus,APPR,aus,33224,,
tg,rfd2.0,233516,235407,Herzog Karl von Württemberg.,0,meinem,PPOSAT,mein,33224,Herzog Karl von Württemberg.,0
tg,rfd2.0,233516,235407,Herzog Karl von Württemberg.,0,Württemberg,NN,württemberg,33224,,
tg,rfd2.0,233516,235407,Herzog Karl von Württemberg.,0,ein,ART,ein,33224,,
tg,rfd2.0,233516,235407,Herzog Karl von Württemberg.,0,Schauspiel,NN,schauspiel,33224,,
tg,rfd2.0,233516,235407,Herzog Karl von Württemberg.,0,hervorgehen,VVINF,hervorgehen,33224,,
tg,rfd2.0,233516,235407,Herzog Karl von Württemberg.,0,",","$,",--,33224,,
tg,rfd2.0,233516,235407,Herzog Karl von Württemberg.,0,welches,PRELS,welcher,33224,,
tg,rfd2.0,233516,235407,Herzog Karl von Württemberg.,0,die,ART,der,33224,,
tg,rfd2.0,233516,235407,Herzog Karl von Württemberg.,0,frechste,ADJA,frech,33224,,
tg,rfd2.0,233516,235407,Herzog Karl von Württemberg.,0,Empörung,NN,empörung,33224,,
tg,rfd2.0,233516,235407,Herzog Karl von Württemberg.,0,verherrlicht,VVPP,verherrlichen,33224,,
tg,rfd2.0,233516,235407,Herzog Karl von Württemberg.,0,",","$,",--,33224,,
tg,rfd2.0,233516,235407,Herzog Karl von Württemberg.,0,und,KON,und,33224,,
tg,rfd2.0,233516,235407,Herzog Karl von Württemberg.,0,ich,PPER,ich,33224,Herzog Karl von Württemberg.,0
tg,rfd2.0,233516,235407,Herzog Karl von Württemberg.,0,",","$,",--,33224,,
tg,rfd2.0,233516,235407,Herzog Karl von Württemberg.,0,der,ART,der,33224,,
tg,rfd2.0,233516,235407,Herzog Karl von Württemberg.,0,gefürchtete,ADJA,gefürchtet,33224,,
tg,rfd2.0,233516,235407,Herzog Karl von Württemberg.,0,Herzog,NE,herzog,33224,,
tg,rfd2.0,233516,235407,Herzog Karl von Württemberg.,0,Karl,NE,karl,33224,,
tg,rfd2.0,233516,235407,Herzog Karl von Württemberg.,0,",","$,",--,33224,,
tg,rfd2.0,233516,235407,Herzog Karl von Württemberg.,0,soll,VMFIN,sollen,33224,,
tg,rfd2.0,233516,235407,Herzog Karl von Württemberg.,0,dies,PDS,dieser,33224,,
tg,rfd2.0,233516,235407,Herzog Karl von Württemberg.,0,ruhig,ADJD,ruhig,33224,,
tg,rfd2.0,233516,235407,Herzog Karl von Württemberg.,0,geschehen,VVINF,geschehen,33224,,
tg,rfd2.0,233516,235407,Herzog Karl von Württemberg.,0,lassen,VVINF,lassen,33224,,
tg,rfd2.0,233516,235407,Herzog Karl von Württemberg.,0,?,$.,--,33224,,
tg,rfd2.0,233516,235407,Herzog Karl von Württemberg.,0,Der,ART,der,33224,,
tg,rfd2.0,233516,235407,Herzog Karl von Württemberg.,0,Kinder,NN,kind,33224,,
tg,rfd2.0,233516,235407,Herzog Karl von Württemberg.,0,Spott,NN,spott,33224,,
tg,rfd2.0,233516,235407,Herzog Karl von Württemberg.,0,zu,PTKZU,zu,33224,,
tg,rfd2.0,233516,235407,Herzog Karl von Württemberg.,0,werden,VAINF,werden,33224,,
tg,rfd2.0,233516,235407,Herzog Karl von Württemberg.,0,verdient,VVPP,verdienen,33224,,
tg,rfd2.0,233516,235407,Herzog Karl von Württemberg.,0,',$[,--,33224,,
tg,rfd2.0,233516,235407,Herzog Karl von Württemberg.,0,ich,PPER,ich,33224,Herzog Karl von Württemberg.,0
tg,rfd2.0,233516,235407,Herzog Karl von Württemberg.,0,",","$,",--,33224,,
tg,rfd2.0,233516,235407,Herzog Karl von Württemberg.,0,wenn,KOUS,wenn,33224,,
tg,rfd2.0,233516,235407,Herzog Karl von Württemberg.,0,ich,PPER,ich,33224,Herzog Karl von Württemberg.,0
tg,rfd2.0,233516,235407,Herzog Karl von Württemberg.,0,die,ART,der,33224,,
tg,rfd2.0,233516,235407,Herzog Karl von Württemberg.,0,Bedeutung,NN,bedeutung,33224,,
tg,rfd2.0,233516,235407,Herzog Karl von Württemberg.,0,und,KON,und,33224,,
tg,rfd2.0,233516,235407,Herzog Karl von Württemberg.,0,die,ART,der,33224,,
tg,rfd2.0,233516,235407,Herzog Karl von Württemberg.,0,Gefahr,NN,gefahr,33224,,
tg,rfd2.0,233516,235407,Herzog Karl von Württemberg.,0,nicht,PTKNEG,nicht,33224,,
tg,rfd2.0,233516,235407,Herzog Karl von Württemberg.,0,einsähe,VVFIN,einsehen,33224,,
tg,rfd2.0,233516,235407,Herzog Karl von Württemberg.,0,und,KON,und,33224,,
tg,rfd2.0,233516,235407,Herzog Karl von Württemberg.,0,ihr,PPOSAT,ihr,33224,,
tg,rfd2.0,233516,235407,Herzog Karl von Württemberg.,0,nicht,PTKNEG,nicht,33224,,
tg,rfd2.0,233516,235407,Herzog Karl von Württemberg.,0,einen,ART,ein,33224,,
tg,rfd2.0,233516,235407,Herzog Karl von Württemberg.,0,Denk,NN,denk,33224,,
tg,rfd2.0,233516,235407,Herzog Karl von Württemberg.,0,-,$[,--,33224,,
tg,rfd2.0,233516,235407,Herzog Karl von Württemberg.,0,und,KON,und,33224,,
tg,rfd2.0,233516,235407,Herzog Karl von Württemberg.,0,Grenzstein,NN,grenzstein,33224,,
tg,rfd2.0,233516,235407,Herzog Karl von Württemberg.,0,errichtete,VVFIN,errichten,33224,,
tg,rfd2.0,233516,235407,Herzog Karl von Württemberg.,0,",","$,",--,33224,,
tg,rfd2.0,233516,235407,Herzog Karl von Württemberg.,0,so,ADV,so,33224,,
tg,rfd2.0,233516,235407,Herzog Karl von Württemberg.,0,hoch,ADJD,hoch,33224,,
tg,rfd2.0,233516,235407,Herzog Karl von Württemberg.,0,wie,KOKOM,wie,33224,,
tg,rfd2.0,233516,235407,Herzog Karl von Württemberg.,0,der,ART,der,33224,,
tg,rfd2.0,233516,235407,Herzog Karl von Württemberg.,0,Galgen,NN,galgen,33224,,
tg,rfd2.0,233516,235407,Herzog Karl von Württemberg.,0,"!",$.,--,33224,,
tg,rfd2.0,233516,235407,Herzog Karl von Württemberg.,0,Geht,VVFIN,gehen,33224,,
tg,rfd2.0,233516,235407,Herzog Karl von Württemberg.,0,umher,PTKVZ,umher,33224,,
tg,rfd2.0,233516,235407,Herzog Karl von Württemberg.,0,.,$.,--,33224,,
tg,rfd2.0,235413,236862,Gräfin Franziska von Hohenheim.,1,Ich,PPER,ich,33224,,
tg,rfd2.0,235413,236862,Gräfin Franziska von Hohenheim.,1,weiß,VVFIN,weiß,33224,,
tg,rfd2.0,235413,236862,Gräfin Franziska von Hohenheim.,1,nicht,PTKNEG,nicht,33224,,
tg,rfd2.0,235413,236862,Gräfin Franziska von Hohenheim.,1,",","$,",--,33224,,
tg,rfd2.0,235413,236862,Gräfin Franziska von Hohenheim.,1,ob,KOUS,ob,33224,,
tg,rfd2.0,235413,236862,Gräfin Franziska von Hohenheim.,1,solch,PIDAT,solch,33224,,
tg,rfd2.0,235413,236862,Gräfin Franziska von Hohenheim.,1,ein,ART,ein,33224,,
tg,rfd2.0,235413,236862,Gräfin Franziska von Hohenheim.,1,Zusammenhang,NN,zusammenhang,33224,,
tg,rfd2.0,235413,236862,Gräfin Franziska von Hohenheim.,1,mit,APPR,mit,33224,,
tg,rfd2.0,235413,236862,Gräfin Franziska von Hohenheim.,1,dem,ART,der,33224,,
tg,rfd2.0,235413,236862,Gräfin Franziska von Hohenheim.,1,Schauspiele,NN,schauspiel,33224,,
tg,rfd2.0,235413,236862,Gräfin Franziska von Hohenheim.,1,eines,ART,ein,33224,,
tg,rfd2.0,235413,236862,Gräfin Franziska von Hohenheim.,1,jungen,ADJA,jung,33224,,
tg,rfd2.0,235413,236862,Gräfin Franziska von Hohenheim.,1,Poeten,NN,poet,33224,,
tg,rfd2.0,235413,236862,Gräfin Franziska von Hohenheim.,1,zu,PTKZU,zu,33224,,
tg,rfd2.0,235413,236862,Gräfin Franziska von Hohenheim.,1,suchen,VVINF,suchen,33224,,
tg,rfd2.0,235413,236862,Gräfin Franziska von Hohenheim.,1,und,KON,und,33224,,
tg,rfd2.0,235413,236862,Gräfin Franziska von Hohenheim.,1,zu,PTKZU,zu,33224,,
tg,rfd2.0,235413,236862,Gräfin Franziska von Hohenheim.,1,behaupten,VVINF,behaupten,33224,,
tg,rfd2.0,235413,236862,Gräfin Franziska von Hohenheim.,1,ist,VAFIN,sein,33224,,
tg,rfd2.0,235413,236862,Gräfin Franziska von Hohenheim.,1,;,$.,--,33224,,
tg,rfd2.0,235413,236862,Gräfin Franziska von Hohenheim.,1,ich,PPER,ich,33224,Gräfin Franziska von Hohenheim.,1
tg,rfd2.0,235413,236862,Gräfin Franziska von Hohenheim.,1,weiß,VVFIN,weiß,33224,,
tg,rfd2.0,235413,236862,Gräfin Franziska von Hohenheim.,1,nicht,PTKNEG,nicht,33224,,
tg,rfd2.0,235413,236862,Gräfin Franziska von Hohenheim.,1,",","$,",--,33224,,
tg,rfd2.0,235413,236862,Gräfin Franziska von Hohenheim.,1,um,KOUI,um,33224,,
tg,rfd2.0,235413,236862,Gräfin Franziska von Hohenheim.,1,wieviel,PWAT,wieviel,33224,,
tg,rfd2.0,235413,236862,Gräfin Franziska von Hohenheim.,1,dein,PPOSAT,dein,33224,,
tg,rfd2.0,235413,236862,Gräfin Franziska von Hohenheim.,1,Zorn,NN,zorn,33224,,
tg,rfd2.0,235413,236862,Gräfin Franziska von Hohenheim.,1,die,ART,der,33224,,
tg,rfd2.0,235413,236862,Gräfin Franziska von Hohenheim.,1,Erscheinungen,NN,erscheinung,33224,,
tg,rfd2.0,235413,236862,Gräfin Franziska von Hohenheim.,1,und,KON,und,33224,,
tg,rfd2.0,235413,236862,Gräfin Franziska von Hohenheim.,1,die,ART,der,33224,,
tg,rfd2.0,235413,236862,Gräfin Franziska von Hohenheim.,1,Verhältnisse,NN,verhältnis,33224,,
tg,rfd2.0,235413,236862,Gräfin Franziska von Hohenheim.,1,vergrößert,VVPP,vergrößern,33224,,
tg,rfd2.0,235413,236862,Gräfin Franziska von Hohenheim.,1,;,$.,--,33224,,
tg,rfd2.0,235413,236862,Gräfin Franziska von Hohenheim.,1,aber,KON,aber,33224,,
tg,rfd2.0,235413,236862,Gräfin Franziska von Hohenheim.,1,ich,PPER,ich,33224,Gräfin Franziska von Hohenheim.,1
tg,rfd2.0,235413,236862,Gräfin Franziska von Hohenheim.,1,weiß,VVFIN,weiß,33224,,
tg,rfd2.0,235413,236862,Gräfin Franziska von Hohenheim.,1,",","$,",--,33224,,
tg,rfd2.0,235413,236862,Gräfin Franziska von Hohenheim.,1,daß,KOUS,daß,33224,,
tg,rfd2.0,235413,236862,Gräfin Franziska von Hohenheim.,1,keine,PIAT,kein,33224,,
tg,rfd2.0,235413,236862,Gräfin Franziska von Hohenheim.,1,Macht,NN,macht,33224,,
tg,rfd2.0,235413,236862,Gräfin Franziska von Hohenheim.,1,der,ART,der,33224,,
tg,rfd2.0,235413,236862,Gräfin Franziska von Hohenheim.,1,Erde,NN,erde,33224,,
tg,rfd2.0,235413,236862,Gräfin Franziska von Hohenheim.,1,stark,ADJD,stark,33224,,
tg,rfd2.0,235413,236862,Gräfin Franziska von Hohenheim.,1,genug,ADV,genug,33224,,
tg,rfd2.0,235413,236862,Gräfin Franziska von Hohenheim.,1,wäre,VAFIN,sein,33224,,
tg,rfd2.0,235413,236862,Gräfin Franziska von Hohenheim.,1,",","$,",--,33224,,
tg,rfd2.0,235413,236862,Gräfin Franziska von Hohenheim.,1,durch,APPR,durch,33224,,
tg,rfd2.0,235413,236862,Gräfin Franziska von Hohenheim.,1,Verbot,NN,verbot,33224,,
tg,rfd2.0,235413,236862,Gräfin Franziska von Hohenheim.,1,und,KON,und,33224,,
tg,rfd2.0,235413,236862,Gräfin Franziska von Hohenheim.,1,Strafe,NN,strafe,33224,,
tg,rfd2.0,235413,236862,Gräfin Franziska von Hohenheim.,1,solchen,PIDAT,solcher,33224,,
tg,rfd2.0,235413,236862,Gräfin Franziska von Hohenheim.,1,Zusammenhang,NN,zusammenhang,33224,,
tg,rfd2.0,235413,236862,Gräfin Franziska von Hohenheim.,1,zu,PTKZU,zu,33224,,
tg,rfd2.0,235413,236862,Gräfin Franziska von Hohenheim.,1,zerreißen,VVINF,zerreißen,33224,,
tg,rfd2.0,235413,236862,Gräfin Franziska von Hohenheim.,1,",","$,",--,33224,,
tg,rfd2.0,235413,236862,Gräfin Franziska von Hohenheim.,1,wenn,KOUS,wenn,33224,,
tg,rfd2.0,235413,236862,Gräfin Franziska von Hohenheim.,1,er,PPER,er,33224,,
tg,rfd2.0,235413,236862,Gräfin Franziska von Hohenheim.,1,besteht,VVFIN,bestehen,33224,,
tg,rfd2.0,235413,236862,Gräfin Franziska von Hohenheim.,1,",","$,",--,33224,,
tg,rfd2.0,235413,236862,Gräfin Franziska von Hohenheim.,1,und,KON,und,33224,,
tg,rfd2.0,235413,236862,Gräfin Franziska von Hohenheim.,1,ich,PPER,ich,33224,Gräfin Franziska von Hohenheim.,1
tg,rfd2.0,235413,236862,Gräfin Franziska von Hohenheim.,1,weiß,VVFIN,weiß,33224,,
tg,rfd2.0,235413,236862,Gräfin Franziska von Hohenheim.,1,",","$,",--,33224,,
tg,rfd2.0,235413,236862,Gräfin Franziska von Hohenheim.,1,daß,KOUS,daß,33224,,
tg,rfd2.0,235413,236862,Gräfin Franziska von Hohenheim.,1,es,PPER,es,33224,,
tg,rfd2.0,235413,236862,Gräfin Franziska von Hohenheim.,1,meinem,PPOSAT,mein,33224,Gräfin Franziska von Hohenheim.,1
tg,rfd2.0,235413,236862,Gräfin Franziska von Hohenheim.,1,Innersten,NN,innersten,33224,,
tg,rfd2.0,235413,236862,Gräfin Franziska von Hohenheim.,1,widerstrebt,VVFIN,widerstreben,33224,,
tg,rfd2.0,235413,236862,Gräfin Franziska von Hohenheim.,1,",","$,",--,33224,,
tg,rfd2.0,235413,236862,Gräfin Franziska von Hohenheim.,1,einen,ART,ein,33224,,
tg,rfd2.0,235413,236862,Gräfin Franziska von Hohenheim.,1,begabten,ADJA,begabt,33224,,
tg,rfd2.0,235413,236862,Gräfin Franziska von Hohenheim.,1,jungen,ADJA,jung,33224,,
tg,rfd2.0,235413,236862,Gräfin Franziska von Hohenheim.,1,Mann,NN,mann,33224,,
tg,rfd2.0,235413,236862,Gräfin Franziska von Hohenheim.,1,wie,KOKOM,wie,33224,,
tg,rfd2.0,235413,236862,Gräfin Franziska von Hohenheim.,1,eine,ART,ein,33224,,
tg,rfd2.0,235413,236862,Gräfin Franziska von Hohenheim.,1,Entrüstet,NN,entrüstet,33224,,
tg,rfd2.0,235413,236862,Gräfin Franziska von Hohenheim.,1,.,$.,--,33224,,
tg,rfd2.0,235413,236862,Gräfin Franziska von Hohenheim.,1,Beute,NN,beute,33224,,
tg,rfd2.0,235413,236862,Gräfin Franziska von Hohenheim.,1,des,ART,der,33224,,
tg,rfd2.0,235413,236862,Gräfin Franziska von Hohenheim.,1,Henkers,NN,henker,33224,,
tg,rfd2.0,235413,236862,Gräfin Franziska von Hohenheim.,1,behandelt,VVPP,behandeln,33224,,
tg,rfd2.0,235413,236862,Gräfin Franziska von Hohenheim.,1,zu,PTKZU,zu,33224,,
tg,rfd2.0,235413,236862,Gräfin Franziska von Hohenheim.,1,sehen,VVINF,sehen,33224,,
tg,rfd2.0,235413,236862,Gräfin Franziska von Hohenheim.,1,"!",$.,--,33224,,
tg,rfd2.0,235413,236862,Gräfin Franziska von Hohenheim.,1,–,XY,–,33224,,
tg,rfd2.0,235413,236862,Gräfin Franziska von Hohenheim.,1,Für,APPR,für,33224,,
tg,rfd2.0,235413,236862,Gräfin Franziska von Hohenheim.,1,mich,PPER,mich,33224,Gräfin Franziska von Hohenheim.,1
tg,rfd2.0,235413,236862,Gräfin Franziska von Hohenheim.,1,ist,VAFIN,sein,33224,,
tg,rfd2.0,235413,236862,Gräfin Franziska von Hohenheim.,1,hier,ADV,hier,33224,,
tg,rfd2.0,235413,236862,Gräfin Franziska von Hohenheim.,1,kein,PIAT,kein,33224,,
tg,rfd2.0,235413,236862,Gräfin Franziska von Hohenheim.,1,menschlicher,ADJA,menschlich,33224,,
tg,rfd2.0,235413,236862,Gräfin Franziska von Hohenheim.,1,Zusammenhang,NN,zusammenhang,33224,,
tg,rfd2.0,235413,236862,Gräfin Franziska von Hohenheim.,1,"!",$.,--,33224,,
tg,rfd2.0,235413,236862,Gräfin Franziska von Hohenheim.,1,Was,PWS,was,33224,,
tg,rfd2.0,235413,236862,Gräfin Franziska von Hohenheim.,1,hat,VAFIN,haben,33224,,
tg,rfd2.0,235413,236862,Gräfin Franziska von Hohenheim.,1,er,PPER,er,33224,,
tg,rfd2.0,235413,236862,Gräfin Franziska von Hohenheim.,1,getan,VVPP,tun,33224,,
tg,rfd2.0,235413,236862,Gräfin Franziska von Hohenheim.,1,?,$.,--,33224,,
tg,rfd2.0,235413,236862,Gräfin Franziska von Hohenheim.,1,Eine,ART,ein,33224,,
tg,rfd2.0,235413,236862,Gräfin Franziska von Hohenheim.,1,wilde,ADJA,wild,33224,,
tg,rfd2.0,235413,236862,Gräfin Franziska von Hohenheim.,1,Phantasie,NN,phantasie,33224,,
tg,rfd2.0,235413,236862,Gräfin Franziska von Hohenheim.,1,hat,VAFIN,haben,33224,,
tg,rfd2.0,235413,236862,Gräfin Franziska von Hohenheim.,1,er,PPER,er,33224,,
tg,rfd2.0,235413,236862,Gräfin Franziska von Hohenheim.,1,niedergeschrieben,VVPP,niedergeschrieb,33224,,
tg,rfd2.0,235413,236862,Gräfin Franziska von Hohenheim.,1,und,KON,und,33224,,
tg,rfd2.0,235413,236862,Gräfin Franziska von Hohenheim.,1,sie,PPER,sie,33224,,
tg,rfd2.0,235413,236862,Gräfin Franziska von Hohenheim.,1,dem,ART,der,33224,,
tg,rfd2.0,235413,236862,Gräfin Franziska von Hohenheim.,1,Urteile,NN,urteil,33224,,
tg,rfd2.0,235413,236862,Gräfin Franziska von Hohenheim.,1,der,ART,der,33224,,
tg,rfd2.0,235413,236862,Gräfin Franziska von Hohenheim.,1,Welt,NN,welt,33224,,
tg,rfd2.0,235413,236862,Gräfin Franziska von Hohenheim.,1,vorgelegt,VVPP,vorlegen,33224,,
tg,rfd2.0,235413,236862,Gräfin Franziska von Hohenheim.,1,.,$.,--,33224,,
tg,rfd2.0,235413,236862,Gräfin Franziska von Hohenheim.,1,Das,PDS,der,33224,,
tg,rfd2.0,235413,236862,Gräfin Franziska von Hohenheim.,1,ist,VAFIN,sein,33224,,
tg,rfd2.0,235413,236862,Gräfin Franziska von Hohenheim.,1,alles,PIS,alle,33224,,
tg,rfd2.0,235413,236862,Gräfin Franziska von Hohenheim.,1,.,$.,--,33224,,
tg,rfd2.0,235413,236862,Gräfin Franziska von Hohenheim.,1,Beurteilt,VVFIN,beurteilen,33224,,
tg,rfd2.0,235413,236862,Gräfin Franziska von Hohenheim.,1,sie,PPER,sie,33224,,
tg,rfd2.0,235413,236862,Gräfin Franziska von Hohenheim.,1,",","$,",--,33224,,
tg,rfd2.0,235413,236862,Gräfin Franziska von Hohenheim.,1,verurteilt,VVFIN,verurteilen,33224,,
tg,rfd2.0,235413,236862,Gräfin Franziska von Hohenheim.,1,sie,PPER,sie,33224,,
tg,rfd2.0,235413,236862,Gräfin Franziska von Hohenheim.,1,.,$.,--,33224,,
tg,rfd2.0,235413,236862,Gräfin Franziska von Hohenheim.,1,Das,ART,der,33224,,
tg,rfd2.0,235413,236862,Gräfin Franziska von Hohenheim.,1,Buch,NN,buch,33224,,
tg,rfd2.0,235413,236862,Gräfin Franziska von Hohenheim.,1,ist,VAFIN,sein,33224,,
tg,rfd2.0,235413,236862,Gräfin Franziska von Hohenheim.,1,euer,ADJD,euer,33224,,
tg,rfd2.0,235413,236862,Gräfin Franziska von Hohenheim.,1,",","$,",--,33224,,
tg,rfd2.0,235413,236862,Gräfin Franziska von Hohenheim.,1,der,ART,der,33224,,
tg,rfd2.0,235413,236862,Gräfin Franziska von Hohenheim.,1,Verfasser,NN,verfasser,33224,,
tg,rfd2.0,235413,236862,Gräfin Franziska von Hohenheim.,1,nicht,PTKNEG,nicht,33224,,
tg,rfd2.0,235413,236862,Gräfin Franziska von Hohenheim.,1,.,$.,--,33224,,
tg,rfd2.0,235413,236862,Gräfin Franziska von Hohenheim.,1,Vergreift,NN,vergreifen,33224,,
tg,rfd2.0,235413,236862,Gräfin Franziska von Hohenheim.,1,ihr,PPOSAT,ihr,33224,,
tg,rfd2.0,235413,236862,Gräfin Franziska von Hohenheim.,1,euch,PRF,euch,33224,,
tg,rfd2.0,235413,236862,Gräfin Franziska von Hohenheim.,1,an,APPR,an,33224,,
tg,rfd2.0,235413,236862,Gräfin Franziska von Hohenheim.,1,ihm,PPER,ihm,33224,,
tg,rfd2.0,235413,236862,Gräfin Franziska von Hohenheim.,1,",","$,",--,33224,,
tg,rfd2.0,235413,236862,Gräfin Franziska von Hohenheim.,1,so,ADV,so,33224,,
tg,rfd2.0,235413,236862,Gräfin Franziska von Hohenheim.,1,vergreift,VVFIN,vergreifen,33224,,
tg,rfd2.0,235413,236862,Gräfin Franziska von Hohenheim.,1,ihr,PPOSAT,ihr,33224,,
tg,rfd2.0,235413,236862,Gräfin Franziska von Hohenheim.,1,euch,PRF,euch,33224,,
tg,rfd2.0,235413,236862,Gräfin Franziska von Hohenheim.,1,an,APPR,an,33224,,
tg,rfd2.0,235413,236862,Gräfin Franziska von Hohenheim.,1,demselben,PDAT,derselbe,33224,,
tg,rfd2.0,235413,236862,Gräfin Franziska von Hohenheim.,1,alten,ADJA,alt,33224,,
tg,rfd2.0,235413,236862,Gräfin Franziska von Hohenheim.,1,Rechte,NN,recht,33224,,
tg,rfd2.0,235413,236862,Gräfin Franziska von Hohenheim.,1,",","$,",--,33224,,
tg,rfd2.0,235413,236862,Gräfin Franziska von Hohenheim.,1,dessen,PRELAT,der,33224,,
tg,rfd2.0,235413,236862,Gräfin Franziska von Hohenheim.,1,Untergang,NN,untergang,33224,,
tg,rfd2.0,235413,236862,Gräfin Franziska von Hohenheim.,1,ihr,PPOSAT,ihr,33224,,
tg,rfd2.0,235413,236862,Gräfin Franziska von Hohenheim.,1,verhüten,ADJA,verhüten,33224,,
tg,rfd2.0,235413,236862,Gräfin Franziska von Hohenheim.,1,wollt,VVFIN,wollen,33224,,
tg,rfd2.0,235413,236862,Gräfin Franziska von Hohenheim.,1,.,$.,--,33224,,
tg,rfd2.0,235413,236862,Gräfin Franziska von Hohenheim.,1,Gott,NN,gott,33224,,
tg,rfd2.0,235413,236862,Gräfin Franziska von Hohenheim.,1,gab,VVFIN,geben,33224,,
tg,rfd2.0,235413,236862,Gräfin Franziska von Hohenheim.,1,jeder,PIDAT,jeder,33224,,
tg,rfd2.0,235413,236862,Gräfin Franziska von Hohenheim.,1,Kreatur,NN,kreatur,33224,,
tg,rfd2.0,235413,236862,Gräfin Franziska von Hohenheim.,1,das,ART,der,33224,,
tg,rfd2.0,235413,236862,Gräfin Franziska von Hohenheim.,1,Recht,NN,recht,33224,,
tg,rfd2.0,235413,236862,Gräfin Franziska von Hohenheim.,1,",","$,",--,33224,,
tg,rfd2.0,235413,236862,Gräfin Franziska von Hohenheim.,1,seine,PPOSAT,sein,33224,,
tg,rfd2.0,235413,236862,Gräfin Franziska von Hohenheim.,1,Welt,NN,welt,33224,,
tg,rfd2.0,235413,236862,Gräfin Franziska von Hohenheim.,1,anzusehn,VVFIN,anzusehn,33224,,
tg,rfd2.0,235413,236862,Gräfin Franziska von Hohenheim.,1,mit,APPR,mit,33224,,
tg,rfd2.0,235413,236862,Gräfin Franziska von Hohenheim.,1,eigenen,ADJA,eigen,33224,,
tg,rfd2.0,235413,236862,Gräfin Franziska von Hohenheim.,1,Augen,NN,auge,33224,,
tg,rfd2.0,235413,236862,Gräfin Franziska von Hohenheim.,1,",","$,",--,33224,,
tg,rfd2.0,235413,236862,Gräfin Franziska von Hohenheim.,1,seine,PPOSAT,sein,33224,,
tg,rfd2.0,235413,236862,Gräfin Franziska von Hohenheim.,1,Welt,NN,welt,33224,,
tg,rfd2.0,235413,236862,Gräfin Franziska von Hohenheim.,1,innerlich,ADJD,innerlich,33224,,
tg,rfd2.0,235413,236862,Gräfin Franziska von Hohenheim.,1,nachzuschaffen,VVFIN,nachzuhaffen,33224,,
tg,rfd2.0,235413,236862,Gräfin Franziska von Hohenheim.,1,mit,APPR,mit,33224,,
tg,rfd2.0,235413,236862,Gräfin Franziska von Hohenheim.,1,eigenen,ADJA,eigen,33224,,
tg,rfd2.0,235413,236862,Gräfin Franziska von Hohenheim.,1,Kräften,NN,kraft,33224,,
tg,rfd2.0,235413,236862,Gräfin Franziska von Hohenheim.,1,.,$.,--,33224,,
tg,rfd2.0,235413,236862,Gräfin Franziska von Hohenheim.,1,Gebet,NE,gebet,33224,,
tg,rfd2.0,235413,236862,Gräfin Franziska von Hohenheim.,1,dem,ART,der,33224,,
tg,rfd2.0,235413,236862,Gräfin Franziska von Hohenheim.,1,Kaiser,NN,kaiser,33224,,
tg,rfd2.0,235413,236862,Gräfin Franziska von Hohenheim.,1,",","$,",--,33224,,
tg,rfd2.0,235413,236862,Gräfin Franziska von Hohenheim.,1,was,PWS,was,33224,,
tg,rfd2.0,235413,236862,Gräfin Franziska von Hohenheim.,1,des,ART,der,33224,,
tg,rfd2.0,235413,236862,Gräfin Franziska von Hohenheim.,1,Kaisers,NN,kaiser,33224,,
tg,rfd2.0,235413,236862,Gräfin Franziska von Hohenheim.,1,ist,VAFIN,sein,33224,,
tg,rfd2.0,235413,236862,Gräfin Franziska von Hohenheim.,1,",","$,",--,33224,,
tg,rfd2.0,235413,236862,Gräfin Franziska von Hohenheim.,1,und,KON,und,33224,,
tg,rfd2.0,235413,236862,Gräfin Franziska von Hohenheim.,1,lasset,VVFIN,lasset,33224,,
tg,rfd2.0,235413,236862,Gräfin Franziska von Hohenheim.,1,Gott,NN,gott,33224,,
tg,rfd2.0,235413,236862,Gräfin Franziska von Hohenheim.,1,",","$,",--,33224,,
tg,rfd2.0,235413,236862,Gräfin Franziska von Hohenheim.,1,was,PWS,was,33224,,
tg,rfd2.0,235413,236862,Gräfin Franziska von Hohenheim.,1,Gottes,NN,gott,33224,,
tg,rfd2.0,235413,236862,Gräfin Franziska von Hohenheim.,1,ist,VAFIN,sein,33224,,
tg,rfd2.0,235413,236862,Gräfin Franziska von Hohenheim.,1,.,$.,--,33224,,
tg,rfd2.0,235413,236862,Gräfin Franziska von Hohenheim.,1,Die,ART,der,33224,,
tg,rfd2.0,235413,236862,Gräfin Franziska von Hohenheim.,1,Tat,NN,tat,33224,,
tg,rfd2.0,235413,236862,Gräfin Franziska von Hohenheim.,1,des,ART,der,33224,,
tg,rfd2.0,235413,236862,Gräfin Franziska von Hohenheim.,1,Poeten,NN,poet,33224,,
tg,rfd2.0,235413,236862,Gräfin Franziska von Hohenheim.,1,mag,VMFIN,mögen,33224,,
tg,rfd2.0,235413,236862,Gräfin Franziska von Hohenheim.,1,euer,ADJD,euer,33224,,
tg,rfd2.0,235413,236862,Gräfin Franziska von Hohenheim.,1,sein,VAINF,sein,33224,,
tg,rfd2.0,235413,236862,Gräfin Franziska von Hohenheim.,1,",","$,",--,33224,,
tg,rfd2.0,235413,236862,Gräfin Franziska von Hohenheim.,1,ich,PPER,ich,33224,Gräfin Franziska von Hohenheim.,1
tg,rfd2.0,235413,236862,Gräfin Franziska von Hohenheim.,1,will's,VVFIN,will's,33224,,
tg,rfd2.0,235413,236862,Gräfin Franziska von Hohenheim.,1,nicht,PTKNEG,nicht,33224,,
tg,rfd2.0,235413,236862,Gräfin Franziska von Hohenheim.,1,bestreiten,VVINF,bestreiten,33224,,
tg,rfd2.0,235413,236862,Gräfin Franziska von Hohenheim.,1,",","$,",--,33224,,
tg,rfd2.0,235413,236862,Gräfin Franziska von Hohenheim.,1,obwohl,KOUS,obwohl,33224,,
tg,rfd2.0,235413,236862,Gräfin Franziska von Hohenheim.,1,auch,ADV,auch,33224,,
tg,rfd2.0,235413,236862,Gräfin Franziska von Hohenheim.,1,dies,PDS,dieser,33224,,
tg,rfd2.0,235413,236862,Gräfin Franziska von Hohenheim.,1,mir,PPER,sich,33224,Gräfin Franziska von Hohenheim.,1
tg,rfd2.0,235413,236862,Gräfin Franziska von Hohenheim.,1,widerstrebt,VVFIN,widerstreben,33224,,
tg,rfd2.0,235413,236862,Gräfin Franziska von Hohenheim.,1,",","$,",--,33224,,
tg,rfd2.0,235413,236862,Gräfin Franziska von Hohenheim.,1,der,ART,der,33224,,
tg,rfd2.0,235413,236862,Gräfin Franziska von Hohenheim.,1,Poet,NN,poet,33224,,
tg,rfd2.0,235413,236862,Gräfin Franziska von Hohenheim.,1,aber,ADV,aber,33224,,
tg,rfd2.0,235413,236862,Gräfin Franziska von Hohenheim.,1,ist,VAFIN,sein,33224,,
tg,rfd2.0,235413,236862,Gräfin Franziska von Hohenheim.,1,Gottes,NN,gott,33224,,
tg,rfd2.0,235413,236862,Gräfin Franziska von Hohenheim.,1,.,$.,--,33224,,
tg,rfd2.0,235413,236862,Gräfin Franziska von Hohenheim.,1,Du,PPER,du,33224,,
tg,rfd2.0,235413,236862,Gräfin Franziska von Hohenheim.,1,vergreifst,VVFIN,vergreifen,33224,,
tg,rfd2.0,235413,236862,Gräfin Franziska von Hohenheim.,1,dich,PRF,dich,33224,,
tg,rfd2.0,235413,236862,Gräfin Franziska von Hohenheim.,1,an,APPR,an,33224,,
tg,rfd2.0,235413,236862,Gräfin Franziska von Hohenheim.,1,Gottes,NN,gott,33224,,
tg,rfd2.0,235413,236862,Gräfin Franziska von Hohenheim.,1,vorbehaltenem,ADJA,vorbehalten,33224,,
tg,rfd2.0,235413,236862,Gräfin Franziska von Hohenheim.,1,Eigentume,NN,eigentume,33224,,
tg,rfd2.0,235413,236862,Gräfin Franziska von Hohenheim.,1,",","$,",--,33224,,
tg,rfd2.0,235413,236862,Gräfin Franziska von Hohenheim.,1,wenn,KOUS,wenn,33224,,
tg,rfd2.0,235413,236862,Gräfin Franziska von Hohenheim.,1,du,PPER,du,33224,,
tg,rfd2.0,235413,236862,Gräfin Franziska von Hohenheim.,1,den,ART,der,33224,,
tg,rfd2.0,235413,236862,Gräfin Franziska von Hohenheim.,1,Dichter,NN,dichter,33224,,
tg,rfd2.0,235413,236862,Gräfin Franziska von Hohenheim.,1,",","$,",--,33224,,
tg,rfd2.0,235413,236862,Gräfin Franziska von Hohenheim.,1,Gottes,NN,gott,33224,,
tg,rfd2.0,235413,236862,Gräfin Franziska von Hohenheim.,1,ewigen,ADJA,ewig,33224,,
tg,rfd2.0,235413,236862,Gräfin Franziska von Hohenheim.,1,Quell,NN,quell,33224,,
tg,rfd2.0,235413,236862,Gräfin Franziska von Hohenheim.,1,von,APPR,von,33224,,
tg,rfd2.0,235413,236862,Gräfin Franziska von Hohenheim.,1,unerhörten,ADJA,unerhört,33224,,
tg,rfd2.0,235413,236862,Gräfin Franziska von Hohenheim.,1,Dingen,NN,ding,33224,,
tg,rfd2.0,235413,236862,Gräfin Franziska von Hohenheim.,1,",","$,",--,33224,,
tg,rfd2.0,235413,236862,Gräfin Franziska von Hohenheim.,1,vor,APPR,vor,33224,,
tg,rfd2.0,235413,236862,Gräfin Franziska von Hohenheim.,1,dein,PPOSAT,dein,33224,,
tg,rfd2.0,235413,236862,Gräfin Franziska von Hohenheim.,1,beschränktes,ADJA,beschränkt,33224,,
tg,rfd2.0,235413,236862,Gräfin Franziska von Hohenheim.,1,weltliches,ADJA,weltlich,33224,,
tg,rfd2.0,235413,236862,Gräfin Franziska von Hohenheim.,1,Tribunal,NN,tribunal,33224,,
tg,rfd2.0,235413,236862,Gräfin Franziska von Hohenheim.,1,schleppst,VVFIN,schleppsen,33224,,
tg,rfd2.0,235413,236862,Gräfin Franziska von Hohenheim.,1,"!",$.,--,33224,,
tg,rfd2.0,236867,236903,Herzog Karl von Württemberg.,0,Du,PPER,du,33224,,
tg,rfd2.0,236867,236903,Herzog Karl von Württemberg.,0,phantasierst,VVFIN,phantasierst,33224,,
tg,rfd2.0,236867,236903,Herzog Karl von Württemberg.,0,"!",$.,--,33224,,
tg,rfd2.0,236908,237156,Gräfin Franziska von Hohenheim.,1,Spotte,NN,spotte,33224,,
tg,rfd2.0,236908,237156,Gräfin Franziska von Hohenheim.,1,nicht,PTKNEG,nicht,33224,,
tg,rfd2.0,236908,237156,Gräfin Franziska von Hohenheim.,1,",","$,",--,33224,,
tg,rfd2.0,236908,237156,Gräfin Franziska von Hohenheim.,1,Karl,NE,karl,33224,,
tg,rfd2.0,236908,237156,Gräfin Franziska von Hohenheim.,1,"!",$.,--,33224,,
tg,rfd2.0,236908,237156,Gräfin Franziska von Hohenheim.,1,Spotte,NN,spotte,33224,,
tg,rfd2.0,236908,237156,Gräfin Franziska von Hohenheim.,1,nicht,PTKNEG,nicht,33224,,
tg,rfd2.0,236908,237156,Gräfin Franziska von Hohenheim.,1,"!",$.,--,33224,,
tg,rfd2.0,236908,237156,Gräfin Franziska von Hohenheim.,1,Dein,PPOSAT,dein,33224,,
tg,rfd2.0,236908,237156,Gräfin Franziska von Hohenheim.,1,Spott,NN,spott,33224,,
tg,rfd2.0,236908,237156,Gräfin Franziska von Hohenheim.,1,träfe,VVFIN,treffen,33224,,
tg,rfd2.0,236908,237156,Gräfin Franziska von Hohenheim.,1,das,ART,der,33224,,
tg,rfd2.0,236908,237156,Gräfin Franziska von Hohenheim.,1,Edelste,NN,edelste,33224,,
tg,rfd2.0,236908,237156,Gräfin Franziska von Hohenheim.,1,",","$,",--,33224,,
tg,rfd2.0,236908,237156,Gräfin Franziska von Hohenheim.,1,was,PRELS,was,33224,,
tg,rfd2.0,236908,237156,Gräfin Franziska von Hohenheim.,1,wir,PPER,wir,33224,,
tg,rfd2.0,236908,237156,Gräfin Franziska von Hohenheim.,1,beide,PIS,beide,33224,,
tg,rfd2.0,236908,237156,Gräfin Franziska von Hohenheim.,1,gemeinschaftlich,ADJD,gemeinschaftlich,33224,,
tg,rfd2.0,236908,237156,Gräfin Franziska von Hohenheim.,1,besitzen,VVFIN,besitzen,33224,,
tg,rfd2.0,236908,237156,Gräfin Franziska von Hohenheim.,1,",","$,",--,33224,,
tg,rfd2.0,236908,237156,Gräfin Franziska von Hohenheim.,1,unsre,ADJA,unsr,33224,,
tg,rfd2.0,236908,237156,Gräfin Franziska von Hohenheim.,1,Liebe,NN,liebe,33224,,
tg,rfd2.0,236908,237156,Gräfin Franziska von Hohenheim.,1,",","$,",--,33224,,
tg,rfd2.0,236908,237156,Gräfin Franziska von Hohenheim.,1,unsre,ADJA,unsr,33224,,
tg,rfd2.0,236908,237156,Gräfin Franziska von Hohenheim.,1,Ehe,NN,ehe,33224,,
tg,rfd2.0,236908,237156,Gräfin Franziska von Hohenheim.,1,.,$.,--,33224,,
tg,rfd2.0,236908,237156,Gräfin Franziska von Hohenheim.,1,Was,PWS,was,33224,,
tg,rfd2.0,236908,237156,Gräfin Franziska von Hohenheim.,1,ich,PPER,ich,33224,Gräfin Franziska von Hohenheim.,1
tg,rfd2.0,236908,237156,Gräfin Franziska von Hohenheim.,1,da,ADV,da,33224,,
tg,rfd2.0,236908,237156,Gräfin Franziska von Hohenheim.,1,gesagt,VVPP,sagen,33224,,
tg,rfd2.0,236908,237156,Gräfin Franziska von Hohenheim.,1,",","$,",--,33224,,
tg,rfd2.0,236908,237156,Gräfin Franziska von Hohenheim.,1,ist,VAFIN,sein,33224,,
tg,rfd2.0,236908,237156,Gräfin Franziska von Hohenheim.,1,der,ART,der,33224,,
tg,rfd2.0,236908,237156,Gräfin Franziska von Hohenheim.,1,Kern,NN,kern,33224,,
tg,rfd2.0,236908,237156,Gräfin Franziska von Hohenheim.,1,meiner,PPOSAT,mein,33224,Gräfin Franziska von Hohenheim.,1
tg,rfd2.0,236908,237156,Gräfin Franziska von Hohenheim.,1,Seele,NN,seele,33224,,
tg,rfd2.0,236908,237156,Gräfin Franziska von Hohenheim.,1,.,$.,--,33224,,
tg,rfd2.0,236908,237156,Gräfin Franziska von Hohenheim.,1,Verachtest,NN,verachtest,33224,,
tg,rfd2.0,236908,237156,Gräfin Franziska von Hohenheim.,1,du's,VVFIN,du,33224,,
tg,rfd2.0,236908,237156,Gräfin Franziska von Hohenheim.,1,",","$,",--,33224,,
tg,rfd2.0,236908,237156,Gräfin Franziska von Hohenheim.,1,so,ADV,so,33224,,
tg,rfd2.0,236908,237156,Gräfin Franziska von Hohenheim.,1,scheidest,VVFIN,scheidest,33224,,
tg,rfd2.0,236908,237156,Gräfin Franziska von Hohenheim.,1,du,PPER,du,33224,,
tg,rfd2.0,236908,237156,Gräfin Franziska von Hohenheim.,1,uns,PRF,uns,33224,,
tg,rfd2.0,236908,237156,Gräfin Franziska von Hohenheim.,1,voneinander,ADV,voneinander,33224,,
tg,rfd2.0,236908,237156,Gräfin Franziska von Hohenheim.,1,.,$.,--,33224,,
tg,rfd2.0,237161,237175,Herzog Karl von Württemberg.,0,Weib,XY,weib,33224,,
tg,rfd2.0,237161,237175,Herzog Karl von Württemberg.,0,"!",$.,--,33224,,
tg,rfd2.0,237180,237414,Gräfin Franziska von Hohenheim.,1,Weil,KOUS,weil,33224,,
tg,rfd2.0,237180,237414,Gräfin Franziska von Hohenheim.,1,ich,PPER,ich,33224,Gräfin Franziska von Hohenheim.,1
tg,rfd2.0,237180,237414,Gräfin Franziska von Hohenheim.,1,ein,ART,ein,33224,,
tg,rfd2.0,237180,237414,Gräfin Franziska von Hohenheim.,1,Weib,NN,weib,33224,,
tg,rfd2.0,237180,237414,Gräfin Franziska von Hohenheim.,1,bin,VAFIN,sein,33224,,
tg,rfd2.0,237180,237414,Gräfin Franziska von Hohenheim.,1,",","$,",--,33224,,
tg,rfd2.0,237180,237414,Gräfin Franziska von Hohenheim.,1,leb,VVFIN,leb,33224,,
tg,rfd2.0,237180,237414,Gräfin Franziska von Hohenheim.,1,',$[,--,33224,,
tg,rfd2.0,237180,237414,Gräfin Franziska von Hohenheim.,1,ich,PPER,ich,33224,Gräfin Franziska von Hohenheim.,1
tg,rfd2.0,237180,237414,Gräfin Franziska von Hohenheim.,1,und,KON,und,33224,,
tg,rfd2.0,237180,237414,Gräfin Franziska von Hohenheim.,1,sterb,VVFIN,sterb,33224,,
tg,rfd2.0,237180,237414,Gräfin Franziska von Hohenheim.,1,',$[,--,33224,,
tg,rfd2.0,237180,237414,Gräfin Franziska von Hohenheim.,1,ich,PPER,ich,33224,Gräfin Franziska von Hohenheim.,1
tg,rfd2.0,237180,237414,Gräfin Franziska von Hohenheim.,1,dem,ART,der,33224,,
tg,rfd2.0,237180,237414,Gräfin Franziska von Hohenheim.,1,Ideal,NN,ideal,33224,,
tg,rfd2.0,237180,237414,Gräfin Franziska von Hohenheim.,1,meiner,PPOSAT,mein,33224,Gräfin Franziska von Hohenheim.,1
tg,rfd2.0,237180,237414,Gräfin Franziska von Hohenheim.,1,Seele,NN,seele,33224,,
tg,rfd2.0,237180,237414,Gräfin Franziska von Hohenheim.,1,.,$.,--,33224,,
tg,rfd2.0,237180,237414,Gräfin Franziska von Hohenheim.,1,Karl,NE,karl,33224,,
tg,rfd2.0,237180,237414,Gräfin Franziska von Hohenheim.,1,",","$,",--,33224,,
tg,rfd2.0,237180,237414,Gräfin Franziska von Hohenheim.,1,du,PPER,du,33224,,
tg,rfd2.0,237180,237414,Gräfin Franziska von Hohenheim.,1,verlierst,VVFIN,verlierst,33224,,
tg,rfd2.0,237180,237414,Gräfin Franziska von Hohenheim.,1,mich,PPER,mich,33224,Gräfin Franziska von Hohenheim.,1
tg,rfd2.0,237180,237414,Gräfin Franziska von Hohenheim.,1,",","$,",--,33224,,
tg,rfd2.0,237180,237414,Gräfin Franziska von Hohenheim.,1,ich,PPER,ich,33224,Gräfin Franziska von Hohenheim.,1
tg,rfd2.0,237180,237414,Gräfin Franziska von Hohenheim.,1,verliere,VVFIN,verlieren,33224,,
tg,rfd2.0,237180,237414,Gräfin Franziska von Hohenheim.,1,dich,PRF,dich,33224,,
tg,rfd2.0,237180,237414,Gräfin Franziska von Hohenheim.,1,",","$,",--,33224,,
tg,rfd2.0,237180,237414,Gräfin Franziska von Hohenheim.,1,wenn,KOUS,wenn,33224,,
tg,rfd2.0,237180,237414,Gräfin Franziska von Hohenheim.,1,die,ART,der,33224,,
tg,rfd2.0,237180,237414,Gräfin Franziska von Hohenheim.,1,Kluft,NN,kluft,33224,,
tg,rfd2.0,237180,237414,Gräfin Franziska von Hohenheim.,1,",","$,",--,33224,,
tg,rfd2.0,237180,237414,Gräfin Franziska von Hohenheim.,1,welche,PWAT,welcher,33224,,
tg,rfd2.0,237180,237414,Gräfin Franziska von Hohenheim.,1,du,PPER,du,33224,,
tg,rfd2.0,237180,237414,Gräfin Franziska von Hohenheim.,1,da,ADV,da,33224,,
tg,rfd2.0,237180,237414,Gräfin Franziska von Hohenheim.,1,aufgerissen,VVPP,aufreißen,33224,,
tg,rfd2.0,237180,237414,Gräfin Franziska von Hohenheim.,1,hast,VAFIN,haben,33224,,
tg,rfd2.0,237180,237414,Gräfin Franziska von Hohenheim.,1,zwischen,APPR,zwischen,33224,,
tg,rfd2.0,237180,237414,Gräfin Franziska von Hohenheim.,1,uns,PPER,uns,33224,,
tg,rfd2.0,237180,237414,Gräfin Franziska von Hohenheim.,1,",","$,",--,33224,,
tg,rfd2.0,237180,237414,Gräfin Franziska von Hohenheim.,1,unausgefüllt,VVPP,unausgefüllt,33224,,
tg,rfd2.0,237180,237414,Gräfin Franziska von Hohenheim.,1,bleibt,VVFIN,bleiben,33224,,
tg,rfd2.0,237180,237414,Gräfin Franziska von Hohenheim.,1,.,$.,--,33224,,
tg,rfd2.0,237180,237414,Gräfin Franziska von Hohenheim.,1,–,XY,–,33224,,
tg,rfd2.0,237419,237433,Herzog Karl von Württemberg.,0,Weib,XY,weib,33224,,
tg,rfd2.0,237419,237433,Herzog Karl von Württemberg.,0,"!",$.,--,33224,,
tg,rfd2.0,237439,237899,Gräfin Franziska von Hohenheim.,1,Höre,NE,höre,33224,,
tg,rfd2.0,237439,237899,Gräfin Franziska von Hohenheim.,1,genau,ADJD,genau,33224,,
tg,rfd2.0,237439,237899,Gräfin Franziska von Hohenheim.,1,",","$,",--,33224,,
tg,rfd2.0,237439,237899,Gräfin Franziska von Hohenheim.,1,Karl,NE,karl,33224,,
tg,rfd2.0,237439,237899,Gräfin Franziska von Hohenheim.,1,",","$,",--,33224,,
tg,rfd2.0,237439,237899,Gräfin Franziska von Hohenheim.,1,ich,PPER,ich,33224,Gräfin Franziska von Hohenheim.,1
tg,rfd2.0,237439,237899,Gräfin Franziska von Hohenheim.,1,phantasiere,VVFIN,phantasieren,33224,,
tg,rfd2.0,237439,237899,Gräfin Franziska von Hohenheim.,1,nicht,PTKNEG,nicht,33224,,
tg,rfd2.0,237439,237899,Gräfin Franziska von Hohenheim.,1,;,$.,--,33224,,
tg,rfd2.0,237439,237899,Gräfin Franziska von Hohenheim.,1,mein,PPOSAT,mein,33224,Gräfin Franziska von Hohenheim.,1
tg,rfd2.0,237439,237899,Gräfin Franziska von Hohenheim.,1,ganzes,ADJA,ganz,33224,,
tg,rfd2.0,237439,237899,Gräfin Franziska von Hohenheim.,1,Inneres,NN,innere,33224,,
tg,rfd2.0,237439,237899,Gräfin Franziska von Hohenheim.,1,erzittert,VVFIN,erzittern,33224,,
tg,rfd2.0,237439,237899,Gräfin Franziska von Hohenheim.,1,vor,APPR,vor,33224,,
tg,rfd2.0,237439,237899,Gräfin Franziska von Hohenheim.,1,der,ART,der,33224,,
tg,rfd2.0,237439,237899,Gräfin Franziska von Hohenheim.,1,Wahrheit,NN,wahrheit,33224,,
tg,rfd2.0,237439,237899,Gräfin Franziska von Hohenheim.,1,des,ART,der,33224,,
tg,rfd2.0,237439,237899,Gräfin Franziska von Hohenheim.,1,Wortes,NN,wort,33224,,
tg,rfd2.0,237439,237899,Gräfin Franziska von Hohenheim.,1,:,$.,--,33224,,
tg,rfd2.0,237439,237899,Gräfin Franziska von Hohenheim.,1,Du,PPER,du,33224,,
tg,rfd2.0,237439,237899,Gräfin Franziska von Hohenheim.,1,verlierst,VVFIN,verlieren,33224,,
tg,rfd2.0,237439,237899,Gräfin Franziska von Hohenheim.,1,mich,PPER,mich,33224,Gräfin Franziska von Hohenheim.,1
tg,rfd2.0,237439,237899,Gräfin Franziska von Hohenheim.,1,",","$,",--,33224,,
tg,rfd2.0,237439,237899,Gräfin Franziska von Hohenheim.,1,ich,PPER,ich,33224,Gräfin Franziska von Hohenheim.,1
tg,rfd2.0,237439,237899,Gräfin Franziska von Hohenheim.,1,verliere,VVFIN,verlieren,33224,,
tg,rfd2.0,237439,237899,Gräfin Franziska von Hohenheim.,1,dich,PRF,dich,33224,,
tg,rfd2.0,237439,237899,Gräfin Franziska von Hohenheim.,1,",","$,",--,33224,,
tg,rfd2.0,237439,237899,Gräfin Franziska von Hohenheim.,1,wenn,KOUS,wenn,33224,,
tg,rfd2.0,237439,237899,Gräfin Franziska von Hohenheim.,1,dieser,PDAT,dieser,33224,,
tg,rfd2.0,237439,237899,Gräfin Franziska von Hohenheim.,1,grelle,ADJA,grell,33224,,
tg,rfd2.0,237439,237899,Gräfin Franziska von Hohenheim.,1,Unterschied,NN,unterschied,33224,,
tg,rfd2.0,237439,237899,Gräfin Franziska von Hohenheim.,1,wirklich,ADJD,wirklich,33224,,
tg,rfd2.0,237439,237899,Gräfin Franziska von Hohenheim.,1,zwischen,APPR,zwischen,33224,,
tg,rfd2.0,237439,237899,Gräfin Franziska von Hohenheim.,1,uns,PPER,uns,33224,,
tg,rfd2.0,237439,237899,Gräfin Franziska von Hohenheim.,1,besteht,VVFIN,bestehen,33224,,
tg,rfd2.0,237439,237899,Gräfin Franziska von Hohenheim.,1,",","$,",--,33224,,
tg,rfd2.0,237439,237899,Gräfin Franziska von Hohenheim.,1,wenn,KOUS,wenn,33224,,
tg,rfd2.0,237439,237899,Gräfin Franziska von Hohenheim.,1,du,PPER,du,33224,,
tg,rfd2.0,237439,237899,Gräfin Franziska von Hohenheim.,1,wirklich,ADJD,wirklich,33224,,
tg,rfd2.0,237439,237899,Gräfin Franziska von Hohenheim.,1,einen,ART,ein,33224,,
tg,rfd2.0,237439,237899,Gräfin Franziska von Hohenheim.,1,unschuldigen,ADJA,unschuldig,33224,,
tg,rfd2.0,237439,237899,Gräfin Franziska von Hohenheim.,1,Dichter,NN,dichter,33224,,
tg,rfd2.0,237439,237899,Gräfin Franziska von Hohenheim.,1,den,ART,der,33224,,
tg,rfd2.0,237439,237899,Gräfin Franziska von Hohenheim.,1,Henkern,NN,henker,33224,,
tg,rfd2.0,237439,237899,Gräfin Franziska von Hohenheim.,1,überliefern,VVINF,überliefern,33224,,
tg,rfd2.0,237439,237899,Gräfin Franziska von Hohenheim.,1,kannst,VMFIN,können,33224,,
tg,rfd2.0,237439,237899,Gräfin Franziska von Hohenheim.,1,",","$,",--,33224,,
tg,rfd2.0,237439,237899,Gräfin Franziska von Hohenheim.,1,weil,KOUS,weil,33224,,
tg,rfd2.0,237439,237899,Gräfin Franziska von Hohenheim.,1,dir,PPER,dir,33224,,
tg,rfd2.0,237439,237899,Gräfin Franziska von Hohenheim.,1,sein,PPOSAT,sein,33224,,
tg,rfd2.0,237439,237899,Gräfin Franziska von Hohenheim.,1,Gedicht,NN,gedicht,33224,,
tg,rfd2.0,237439,237899,Gräfin Franziska von Hohenheim.,1,nicht,PTKNEG,nicht,33224,,
tg,rfd2.0,237439,237899,Gräfin Franziska von Hohenheim.,1,gefällt,VVFIN,gefallen,33224,,
tg,rfd2.0,237439,237899,Gräfin Franziska von Hohenheim.,1,",","$,",--,33224,,
tg,rfd2.0,237439,237899,Gräfin Franziska von Hohenheim.,1,wenn,KOUS,wenn,33224,,
tg,rfd2.0,237439,237899,Gräfin Franziska von Hohenheim.,1,du,PPER,du,33224,,
tg,rfd2.0,237439,237899,Gräfin Franziska von Hohenheim.,1,wirklich,ADJD,wirklich,33224,,
tg,rfd2.0,237439,237899,Gräfin Franziska von Hohenheim.,1,das,ART,der,33224,,
tg,rfd2.0,237439,237899,Gräfin Franziska von Hohenheim.,1,Unendliche,NN,unendliche,33224,,
tg,rfd2.0,237439,237899,Gräfin Franziska von Hohenheim.,1,behandeln,VVINF,behandeln,33224,,
tg,rfd2.0,237439,237899,Gräfin Franziska von Hohenheim.,1,kannst,VMFIN,können,33224,,
tg,rfd2.0,237439,237899,Gräfin Franziska von Hohenheim.,1,",","$,",--,33224,,
tg,rfd2.0,237439,237899,Gräfin Franziska von Hohenheim.,1,wie,PWAV,wie,33224,,
tg,rfd2.0,237439,237899,Gräfin Franziska von Hohenheim.,1,das,ART,der,33224,,
tg,rfd2.0,237439,237899,Gräfin Franziska von Hohenheim.,1,Gemeine,NN,gemein,33224,,
tg,rfd2.0,237439,237899,Gräfin Franziska von Hohenheim.,1,.,$.,--,33224,,
tg,rfd2.0,237905,237926,Herzog Karl von Württemberg.,0,Franziska,NE,franziska,33224,,
tg,rfd2.0,237905,237926,Herzog Karl von Württemberg.,0,–,ITJ,–,33224,,
tg,rfd2.0,237905,237926,Herzog Karl von Württemberg.,0,"!",$.,--,33224,,
tg,rfd2.0,237931,238172,Gräfin Franziska von Hohenheim.,1,Denn,KON,denn,33224,,
tg,rfd2.0,237931,238172,Gräfin Franziska von Hohenheim.,1,du,PPER,du,33224,,
tg,rfd2.0,237931,238172,Gräfin Franziska von Hohenheim.,1,bist,VAFIN,sein,33224,,
tg,rfd2.0,237931,238172,Gräfin Franziska von Hohenheim.,1,dann,ADV,dann,33224,,
tg,rfd2.0,237931,238172,Gräfin Franziska von Hohenheim.,1,nicht,PTKNEG,nicht,33224,,
tg,rfd2.0,237931,238172,Gräfin Franziska von Hohenheim.,1,mehr,ADV,mehr,33224,,
tg,rfd2.0,237931,238172,Gräfin Franziska von Hohenheim.,1,der,ART,der,33224,,
tg,rfd2.0,237931,238172,Gräfin Franziska von Hohenheim.,1,Karl,NE,karl,33224,,
tg,rfd2.0,237931,238172,Gräfin Franziska von Hohenheim.,1,von,APPR,von,33224,,
tg,rfd2.0,237931,238172,Gräfin Franziska von Hohenheim.,1,Württemberg,NE,württemberg,33224,,
tg,rfd2.0,237931,238172,Gräfin Franziska von Hohenheim.,1,",","$,",--,33224,,
tg,rfd2.0,237931,238172,Gräfin Franziska von Hohenheim.,1,den,PRELS,der,33224,,
tg,rfd2.0,237931,238172,Gräfin Franziska von Hohenheim.,1,ich,PPER,ich,33224,Gräfin Franziska von Hohenheim.,1
tg,rfd2.0,237931,238172,Gräfin Franziska von Hohenheim.,1,lieben,ADJA,lieben,33224,,
tg,rfd2.0,237931,238172,Gräfin Franziska von Hohenheim.,1,mußte,VMFIN,müssen,33224,,
tg,rfd2.0,237931,238172,Gräfin Franziska von Hohenheim.,1,trotz,APPR,trotz,33224,,
tg,rfd2.0,237931,238172,Gräfin Franziska von Hohenheim.,1,aller,PIDAT,aller,33224,,
tg,rfd2.0,237931,238172,Gräfin Franziska von Hohenheim.,1,Not,NN,not,33224,,
tg,rfd2.0,237931,238172,Gräfin Franziska von Hohenheim.,1,und,KON,und,33224,,
tg,rfd2.0,237931,238172,Gräfin Franziska von Hohenheim.,1,Qual,NN,qual,33224,,
tg,rfd2.0,237931,238172,Gräfin Franziska von Hohenheim.,1,und,KON,und,33224,,
tg,rfd2.0,237931,238172,Gräfin Franziska von Hohenheim.,1,Schmach,NN,schmach,33224,,
tg,rfd2.0,237931,238172,Gräfin Franziska von Hohenheim.,1,und,KON,und,33224,,
tg,rfd2.0,237931,238172,Gräfin Franziska von Hohenheim.,1,Erniedrigung,NN,erniedrigung,33224,,
tg,rfd2.0,237931,238172,Gräfin Franziska von Hohenheim.,1,",","$,",--,33224,,
tg,rfd2.0,237931,238172,Gräfin Franziska von Hohenheim.,1,welche,PWAT,welcher,33224,,
tg,rfd2.0,237931,238172,Gräfin Franziska von Hohenheim.,1,diese,PDAT,dieser,33224,,
tg,rfd2.0,237931,238172,Gräfin Franziska von Hohenheim.,1,Liebe,NN,liebe,33224,,
tg,rfd2.0,237931,238172,Gräfin Franziska von Hohenheim.,1,über,APPR,über,33224,,
tg,rfd2.0,237931,238172,Gräfin Franziska von Hohenheim.,1,mich,PPER,mich,33224,Gräfin Franziska von Hohenheim.,1
tg,rfd2.0,237931,238172,Gräfin Franziska von Hohenheim.,1,gebracht,VVPP,bringen,33224,,
tg,rfd2.0,237931,238172,Gräfin Franziska von Hohenheim.,1,.,$.,--,33224,,
tg,rfd2.0,238177,238214,Herzog Karl von Württemberg.,0,Schmach,NN,schmach,33224,,
tg,rfd2.0,238177,238214,Herzog Karl von Württemberg.,0,und,KON,und,33224,,
tg,rfd2.0,238177,238214,Herzog Karl von Württemberg.,0,Erniedrigung,NN,erniedrigung,33224,,
tg,rfd2.0,238177,238214,Herzog Karl von Württemberg.,0,–,XY,–,33224,,
tg,rfd2.0,238177,238214,Herzog Karl von Württemberg.,0,?,$.,--,33224,,
tg,rfd2.0,238177,238214,Herzog Karl von Württemberg.,0,"!",$.,--,33224,,
tg,rfd2.0,238219,239798,Gräfin Franziska von Hohenheim.,1,Jawohl,NE,jawohl,33224,,
tg,rfd2.0,238219,239798,Gräfin Franziska von Hohenheim.,1,",","$,",--,33224,,
tg,rfd2.0,238219,239798,Gräfin Franziska von Hohenheim.,1,Schmach,NN,schmach,33224,,
tg,rfd2.0,238219,239798,Gräfin Franziska von Hohenheim.,1,und,KON,und,33224,,
tg,rfd2.0,238219,239798,Gräfin Franziska von Hohenheim.,1,Erniedrigung,NN,erniedrigung,33224,,
tg,rfd2.0,238219,239798,Gräfin Franziska von Hohenheim.,1,war's,VVFIN,war,33224,,
tg,rfd2.0,238219,239798,Gräfin Franziska von Hohenheim.,1,",","$,",--,33224,,
tg,rfd2.0,238219,239798,Gräfin Franziska von Hohenheim.,1,als,KOUS,als,33224,,
tg,rfd2.0,238219,239798,Gräfin Franziska von Hohenheim.,1,ich,PPER,ich,33224,Gräfin Franziska von Hohenheim.,1
tg,rfd2.0,238219,239798,Gräfin Franziska von Hohenheim.,1,jahrelang,ADJD,jahrelang,33224,,
tg,rfd2.0,238219,239798,Gräfin Franziska von Hohenheim.,1,neben,APPR,neben,33224,,
tg,rfd2.0,238219,239798,Gräfin Franziska von Hohenheim.,1,dir,PPER,dir,33224,,
tg,rfd2.0,238219,239798,Gräfin Franziska von Hohenheim.,1,einhergehen,VVINF,einhergehen,33224,,
tg,rfd2.0,238219,239798,Gräfin Franziska von Hohenheim.,1,mußte,VMFIN,müssen,33224,,
tg,rfd2.0,238219,239798,Gräfin Franziska von Hohenheim.,1,ohne,APPR,ohne,33224,,
tg,rfd2.0,238219,239798,Gräfin Franziska von Hohenheim.,1,gesetzliche,ADJA,gesetzlich,33224,,
tg,rfd2.0,238219,239798,Gräfin Franziska von Hohenheim.,1,Weihe,NN,weihe,33224,,
tg,rfd2.0,238219,239798,Gräfin Franziska von Hohenheim.,1,",","$,",--,33224,,
tg,rfd2.0,238219,239798,Gräfin Franziska von Hohenheim.,1,als,KOUS,als,33224,,
tg,rfd2.0,238219,239798,Gräfin Franziska von Hohenheim.,1,die,ART,der,33224,,
tg,rfd2.0,238219,239798,Gräfin Franziska von Hohenheim.,1,ehrbare,ADJA,ehrbar,33224,,
tg,rfd2.0,238219,239798,Gräfin Franziska von Hohenheim.,1,Bürgersfrau,NN,bürgersfrau,33224,,
tg,rfd2.0,238219,239798,Gräfin Franziska von Hohenheim.,1,schamhaft,ADJD,schamhaft,33224,,
tg,rfd2.0,238219,239798,Gräfin Franziska von Hohenheim.,1,ihr,PPOSAT,ihr,33224,,
tg,rfd2.0,238219,239798,Gräfin Franziska von Hohenheim.,1,Haupt,NN,haupt,33224,,
tg,rfd2.0,238219,239798,Gräfin Franziska von Hohenheim.,1,von,APPR,von,33224,,
tg,rfd2.0,238219,239798,Gräfin Franziska von Hohenheim.,1,mir,PPER,sich,33224,Gräfin Franziska von Hohenheim.,1
tg,rfd2.0,238219,239798,Gräfin Franziska von Hohenheim.,1,abwandte,VVFIN,abwenden,33224,,
tg,rfd2.0,238219,239798,Gräfin Franziska von Hohenheim.,1,",","$,",--,33224,,
tg,rfd2.0,238219,239798,Gräfin Franziska von Hohenheim.,1,weil,KOUS,weil,33224,,
tg,rfd2.0,238219,239798,Gräfin Franziska von Hohenheim.,1,mich,PPER,mich,33224,Gräfin Franziska von Hohenheim.,1
tg,rfd2.0,238219,239798,Gräfin Franziska von Hohenheim.,1,ihr,PPOSAT,ihr,33224,,
tg,rfd2.0,238219,239798,Gräfin Franziska von Hohenheim.,1,Herz,NN,herz,33224,,
tg,rfd2.0,238219,239798,Gräfin Franziska von Hohenheim.,1,der,ART,der,33224,,
tg,rfd2.0,238219,239798,Gräfin Franziska von Hohenheim.,1,Schamlosigkeit,NN,schamlosigkeit,33224,,
tg,rfd2.0,238219,239798,Gräfin Franziska von Hohenheim.,1,zieh,ADV,zieh,33224,,
tg,rfd2.0,238219,239798,Gräfin Franziska von Hohenheim.,1,und,KON,und,33224,,
tg,rfd2.0,238219,239798,Gräfin Franziska von Hohenheim.,1,der,ART,der,33224,,
tg,rfd2.0,238219,239798,Gräfin Franziska von Hohenheim.,1,Frechheit,NN,frechheit,33224,,
tg,rfd2.0,238219,239798,Gräfin Franziska von Hohenheim.,1,.,$.,--,33224,,
tg,rfd2.0,238219,239798,Gräfin Franziska von Hohenheim.,1,All,NN,all,33224,,
tg,rfd2.0,238219,239798,Gräfin Franziska von Hohenheim.,1,deine,PPOSAT,dein,33224,,
tg,rfd2.0,238219,239798,Gräfin Franziska von Hohenheim.,1,äußerliche,ADJA,äußerlich,33224,,
tg,rfd2.0,238219,239798,Gräfin Franziska von Hohenheim.,1,Pracht,NN,pracht,33224,,
tg,rfd2.0,238219,239798,Gräfin Franziska von Hohenheim.,1,und,KON,und,33224,,
tg,rfd2.0,238219,239798,Gräfin Franziska von Hohenheim.,1,Herrlichkeit,NN,herrlichkeit,33224,,
tg,rfd2.0,238219,239798,Gräfin Franziska von Hohenheim.,1,",","$,",--,33224,,
tg,rfd2.0,238219,239798,Gräfin Franziska von Hohenheim.,1,die,PRELS,der,33224,,
tg,rfd2.0,238219,239798,Gräfin Franziska von Hohenheim.,1,du,PPER,du,33224,,
tg,rfd2.0,238219,239798,Gräfin Franziska von Hohenheim.,1,über,APPR,über,33224,,
tg,rfd2.0,238219,239798,Gräfin Franziska von Hohenheim.,1,mich,PPER,mich,33224,Gräfin Franziska von Hohenheim.,1
tg,rfd2.0,238219,239798,Gräfin Franziska von Hohenheim.,1,warfst,VVFIN,warfst,33224,,
tg,rfd2.0,238219,239798,Gräfin Franziska von Hohenheim.,1,",","$,",--,33224,,
tg,rfd2.0,238219,239798,Gräfin Franziska von Hohenheim.,1,sie,PPER,sie,33224,,
tg,rfd2.0,238219,239798,Gräfin Franziska von Hohenheim.,1,konnte,VMFIN,können,33224,,
tg,rfd2.0,238219,239798,Gräfin Franziska von Hohenheim.,1,diesen,PDAT,dieser,33224,,
tg,rfd2.0,238219,239798,Gräfin Franziska von Hohenheim.,1,Stachel,NN,stachel,33224,,
tg,rfd2.0,238219,239798,Gräfin Franziska von Hohenheim.,1,nicht,PTKNEG,nicht,33224,,
tg,rfd2.0,238219,239798,Gräfin Franziska von Hohenheim.,1,abstumpfen,VVINF,abstumpfen,33224,,
tg,rfd2.0,238219,239798,Gräfin Franziska von Hohenheim.,1,",","$,",--,33224,,
tg,rfd2.0,238219,239798,Gräfin Franziska von Hohenheim.,1,der,PRELS,der,33224,,
tg,rfd2.0,238219,239798,Gräfin Franziska von Hohenheim.,1,mein,PPOSAT,mein,33224,Gräfin Franziska von Hohenheim.,1
tg,rfd2.0,238219,239798,Gräfin Franziska von Hohenheim.,1,Herz,NN,herz,33224,,
tg,rfd2.0,238219,239798,Gräfin Franziska von Hohenheim.,1,zermarterte,VVFIN,zermartern,33224,,
tg,rfd2.0,238219,239798,Gräfin Franziska von Hohenheim.,1,",","$,",--,33224,,
tg,rfd2.0,238219,239798,Gräfin Franziska von Hohenheim.,1,und,KON,und,33224,,
tg,rfd2.0,238219,239798,Gräfin Franziska von Hohenheim.,1,Stark,NE,stark,33224,,
tg,rfd2.0,238219,239798,Gräfin Franziska von Hohenheim.,1,.,$.,--,33224,,
tg,rfd2.0,238219,239798,Gräfin Franziska von Hohenheim.,1,für,APPR,für,33224,,
tg,rfd2.0,238219,239798,Gräfin Franziska von Hohenheim.,1,den,ART,der,33224,,
tg,rfd2.0,238219,239798,Gräfin Franziska von Hohenheim.,1,Herzog,NE,herzog,33224,,
tg,rfd2.0,238219,239798,Gräfin Franziska von Hohenheim.,1,von,APPR,von,33224,,
tg,rfd2.0,238219,239798,Gräfin Franziska von Hohenheim.,1,Württemberg,NE,württemberg,33224,,
tg,rfd2.0,238219,239798,Gräfin Franziska von Hohenheim.,1,hätte,VAFIN,haben,33224,,
tg,rfd2.0,238219,239798,Gräfin Franziska von Hohenheim.,1,ich,PPER,ich,33224,Gräfin Franziska von Hohenheim.,1
tg,rfd2.0,238219,239798,Gräfin Franziska von Hohenheim.,1,nimmermehr,VVFIN,nimmermehr,33224,,
tg,rfd2.0,238219,239798,Gräfin Franziska von Hohenheim.,1,das,ART,der,33224,,
tg,rfd2.0,238219,239798,Gräfin Franziska von Hohenheim.,1,alles,PIS,alle,33224,,
tg,rfd2.0,238219,239798,Gräfin Franziska von Hohenheim.,1,erlitten,VVPP,erleiden,33224,,
tg,rfd2.0,238219,239798,Gräfin Franziska von Hohenheim.,1,"!",$.,--,33224,,
tg,rfd2.0,238219,239798,Gräfin Franziska von Hohenheim.,1,Ich,PPER,ich,33224,,
tg,rfd2.0,238219,239798,Gräfin Franziska von Hohenheim.,1,erlitt,VVFIN,erleiden,33224,,
tg,rfd2.0,238219,239798,Gräfin Franziska von Hohenheim.,1,es,PPER,es,33224,,
tg,rfd2.0,238219,239798,Gräfin Franziska von Hohenheim.,1,Weicher,ADJA,weicher,33224,,
tg,rfd2.0,238219,239798,Gräfin Franziska von Hohenheim.,1,.,$.,--,33224,,
tg,rfd2.0,238219,239798,Gräfin Franziska von Hohenheim.,1,für,APPR,für,33224,,
tg,rfd2.0,238219,239798,Gräfin Franziska von Hohenheim.,1,jenen,PDAT,jener,33224,,
tg,rfd2.0,238219,239798,Gräfin Franziska von Hohenheim.,1,Karl,NE,karl,33224,,
tg,rfd2.0,238219,239798,Gräfin Franziska von Hohenheim.,1,von,APPR,von,33224,,
tg,rfd2.0,238219,239798,Gräfin Franziska von Hohenheim.,1,Württemberg,NE,württemberg,33224,,
tg,rfd2.0,238219,239798,Gräfin Franziska von Hohenheim.,1,",","$,",--,33224,,
tg,rfd2.0,238219,239798,Gräfin Franziska von Hohenheim.,1,dem,PRELS,der,33224,,
tg,rfd2.0,238219,239798,Gräfin Franziska von Hohenheim.,1,ich,PPER,ich,33224,Gräfin Franziska von Hohenheim.,1
tg,rfd2.0,238219,239798,Gräfin Franziska von Hohenheim.,1,mich,PRF,mich,33224,Gräfin Franziska von Hohenheim.,1
tg,rfd2.0,238219,239798,Gräfin Franziska von Hohenheim.,1,verbunden,VVPP,verbinden,33224,,
tg,rfd2.0,238219,239798,Gräfin Franziska von Hohenheim.,1,glaubte,VVFIN,glauben,33224,,
tg,rfd2.0,238219,239798,Gräfin Franziska von Hohenheim.,1,in,APPR,in,33224,,
tg,rfd2.0,238219,239798,Gräfin Franziska von Hohenheim.,1,voller,ADJA,voll,33224,,
tg,rfd2.0,238219,239798,Gräfin Franziska von Hohenheim.,1,",","$,",--,33224,,
tg,rfd2.0,238219,239798,Gräfin Franziska von Hohenheim.,1,edler,ADJA,edel,33224,,
tg,rfd2.0,238219,239798,Gräfin Franziska von Hohenheim.,1,Sympathie,NN,sympathie,33224,,
tg,rfd2.0,238219,239798,Gräfin Franziska von Hohenheim.,1,der,ART,der,33224,,
tg,rfd2.0,238219,239798,Gräfin Franziska von Hohenheim.,1,Seelen,NN,seele,33224,,
tg,rfd2.0,238219,239798,Gräfin Franziska von Hohenheim.,1,",","$,",--,33224,,
tg,rfd2.0,238219,239798,Gräfin Franziska von Hohenheim.,1,ich,PPER,ich,33224,Gräfin Franziska von Hohenheim.,1
tg,rfd2.0,238219,239798,Gräfin Franziska von Hohenheim.,1,erlitt,VVFIN,erleiden,33224,,
tg,rfd2.0,238219,239798,Gräfin Franziska von Hohenheim.,1,es,PPER,es,33224,,
tg,rfd2.0,238219,239798,Gräfin Franziska von Hohenheim.,1,für,APPR,für,33224,,
tg,rfd2.0,238219,239798,Gräfin Franziska von Hohenheim.,1,dich,PPER,dich,33224,,
tg,rfd2.0,238219,239798,Gräfin Franziska von Hohenheim.,1,",","$,",--,33224,,
tg,rfd2.0,238219,239798,Gräfin Franziska von Hohenheim.,1,Karl,NE,karl,33224,,
tg,rfd2.0,238219,239798,Gräfin Franziska von Hohenheim.,1,",","$,",--,33224,,
tg,rfd2.0,238219,239798,Gräfin Franziska von Hohenheim.,1,dessen,PRELAT,der,33224,,
tg,rfd2.0,238219,239798,Gräfin Franziska von Hohenheim.,1,männliche,ADJA,männlich,33224,,
tg,rfd2.0,238219,239798,Gräfin Franziska von Hohenheim.,1,Seele,NN,seele,33224,,
tg,rfd2.0,238219,239798,Gräfin Franziska von Hohenheim.,1,",","$,",--,33224,,
tg,rfd2.0,238219,239798,Gräfin Franziska von Hohenheim.,1,dessen,PRELAT,der,33224,,
tg,rfd2.0,238219,239798,Gräfin Franziska von Hohenheim.,1,edle,ADJA,edel,33224,,
tg,rfd2.0,238219,239798,Gräfin Franziska von Hohenheim.,1,Seele,NN,seele,33224,,
tg,rfd2.0,238219,239798,Gräfin Franziska von Hohenheim.,1,ich,PPER,ich,33224,Gräfin Franziska von Hohenheim.,1
tg,rfd2.0,238219,239798,Gräfin Franziska von Hohenheim.,1,liebte,VVFIN,lieben,33224,,
tg,rfd2.0,238219,239798,Gräfin Franziska von Hohenheim.,1,.,$.,--,33224,,
tg,rfd2.0,238219,239798,Gräfin Franziska von Hohenheim.,1,Liebe,NN,liebe,33224,,
tg,rfd2.0,238219,239798,Gräfin Franziska von Hohenheim.,1,für,APPR,für,33224,,
tg,rfd2.0,238219,239798,Gräfin Franziska von Hohenheim.,1,den,ART,der,33224,,
tg,rfd2.0,238219,239798,Gräfin Franziska von Hohenheim.,1,edlen,ADJA,edel,33224,,
tg,rfd2.0,238219,239798,Gräfin Franziska von Hohenheim.,1,Mann,NN,mann,33224,,
tg,rfd2.0,238219,239798,Gräfin Franziska von Hohenheim.,1,war,VAFIN,sein,33224,,
tg,rfd2.0,238219,239798,Gräfin Franziska von Hohenheim.,1,meine,PPOSAT,mein,33224,Gräfin Franziska von Hohenheim.,1
tg,rfd2.0,238219,239798,Gräfin Franziska von Hohenheim.,1,Entsühnung,NN,entsühnung,33224,,
tg,rfd2.0,238219,239798,Gräfin Franziska von Hohenheim.,1,.,$.,--,33224,,
tg,rfd2.0,238219,239798,Gräfin Franziska von Hohenheim.,1,Streng,NE,streng,33224,,
tg,rfd2.0,238219,239798,Gräfin Franziska von Hohenheim.,1,.,$.,--,33224,,
tg,rfd2.0,238219,239798,Gräfin Franziska von Hohenheim.,1,Muß,VMFIN,müssen,33224,,
tg,rfd2.0,238219,239798,Gräfin Franziska von Hohenheim.,1,ich,PPER,ich,33224,Gräfin Franziska von Hohenheim.,1
tg,rfd2.0,238219,239798,Gräfin Franziska von Hohenheim.,1,jetzt,ADV,jetzt,33224,,
tg,rfd2.0,238219,239798,Gräfin Franziska von Hohenheim.,1,",","$,",--,33224,,
tg,rfd2.0,238219,239798,Gräfin Franziska von Hohenheim.,1,nachdem,KOUS,nachdem,33224,,
tg,rfd2.0,238219,239798,Gräfin Franziska von Hohenheim.,1,ich,PPER,ich,33224,Gräfin Franziska von Hohenheim.,1
tg,rfd2.0,238219,239798,Gräfin Franziska von Hohenheim.,1,dein,PPOSAT,dein,33224,,
tg,rfd2.0,238219,239798,Gräfin Franziska von Hohenheim.,1,Weib,NN,weib,33224,,
tg,rfd2.0,238219,239798,Gräfin Franziska von Hohenheim.,1,geworden,VAPP,werden,33224,,
tg,rfd2.0,238219,239798,Gräfin Franziska von Hohenheim.,1,",","$,",--,33224,,
tg,rfd2.0,238219,239798,Gräfin Franziska von Hohenheim.,1,entdecken,VVINF,entdecken,33224,,
tg,rfd2.0,238219,239798,Gräfin Franziska von Hohenheim.,1,",","$,",--,33224,,
tg,rfd2.0,238219,239798,Gräfin Franziska von Hohenheim.,1,daß,KOUS,daß,33224,,
tg,rfd2.0,238219,239798,Gräfin Franziska von Hohenheim.,1,in,APPR,in,33224,,
tg,rfd2.0,238219,239798,Gräfin Franziska von Hohenheim.,1,der,ART,der,33224,,
tg,rfd2.0,238219,239798,Gräfin Franziska von Hohenheim.,1,Brust,NN,brust,33224,,
tg,rfd2.0,238219,239798,Gräfin Franziska von Hohenheim.,1,dieses,PDAT,dieser,33224,,
tg,rfd2.0,238219,239798,Gräfin Franziska von Hohenheim.,1,Karl,NE,karl,33224,,
tg,rfd2.0,238219,239798,Gräfin Franziska von Hohenheim.,1,kein,PIAT,kein,33224,,
tg,rfd2.0,238219,239798,Gräfin Franziska von Hohenheim.,1,Organ,NN,organ,33224,,
tg,rfd2.0,238219,239798,Gräfin Franziska von Hohenheim.,1,wohnt,VVFIN,wohnen,33224,,
tg,rfd2.0,238219,239798,Gräfin Franziska von Hohenheim.,1,für,APPR,für,33224,,
tg,rfd2.0,238219,239798,Gräfin Franziska von Hohenheim.,1,eine,ART,ein,33224,,
tg,rfd2.0,238219,239798,Gräfin Franziska von Hohenheim.,1,tiefste,ADJA,tiefst,33224,,
tg,rfd2.0,238219,239798,Gräfin Franziska von Hohenheim.,1,Empfindung,NN,empfindung,33224,,
tg,rfd2.0,238219,239798,Gräfin Franziska von Hohenheim.,1,des,ART,der,33224,,
tg,rfd2.0,238219,239798,Gräfin Franziska von Hohenheim.,1,Menschen,NN,mensch,33224,,
tg,rfd2.0,238219,239798,Gräfin Franziska von Hohenheim.,1,",","$,",--,33224,,
tg,rfd2.0,238219,239798,Gräfin Franziska von Hohenheim.,1,für,APPR,für,33224,,
tg,rfd2.0,238219,239798,Gräfin Franziska von Hohenheim.,1,eine,ART,ein,33224,,
tg,rfd2.0,238219,239798,Gräfin Franziska von Hohenheim.,1,Empfindung,NN,empfindung,33224,,
tg,rfd2.0,238219,239798,Gräfin Franziska von Hohenheim.,1,",","$,",--,33224,,
tg,rfd2.0,238219,239798,Gräfin Franziska von Hohenheim.,1,welche,PWAT,welcher,33224,,
tg,rfd2.0,238219,239798,Gräfin Franziska von Hohenheim.,1,den,ART,der,33224,,
tg,rfd2.0,238219,239798,Gräfin Franziska von Hohenheim.,1,Glauben,NN,glaube,33224,,
tg,rfd2.0,238219,239798,Gräfin Franziska von Hohenheim.,1,an,APPR,an,33224,,
tg,rfd2.0,238219,239798,Gräfin Franziska von Hohenheim.,1,Gott,NN,gott,33224,,
tg,rfd2.0,238219,239798,Gräfin Franziska von Hohenheim.,1,betätigt,VVFIN,betätigen,33224,,
tg,rfd2.0,238219,239798,Gräfin Franziska von Hohenheim.,1,",","$,",--,33224,,
tg,rfd2.0,238219,239798,Gräfin Franziska von Hohenheim.,1,Gesteigert,VVPP,gesteigert,33224,,
tg,rfd2.0,238219,239798,Gräfin Franziska von Hohenheim.,1,.,$.,--,33224,,
tg,rfd2.0,238219,239798,Gräfin Franziska von Hohenheim.,1,kein,PIAT,kein,33224,,
tg,rfd2.0,238219,239798,Gräfin Franziska von Hohenheim.,1,Organ,NN,organ,33224,,
tg,rfd2.0,238219,239798,Gräfin Franziska von Hohenheim.,1,für,APPR,für,33224,,
tg,rfd2.0,238219,239798,Gräfin Franziska von Hohenheim.,1,die,ART,der,33224,,
tg,rfd2.0,238219,239798,Gräfin Franziska von Hohenheim.,1,Würdigung,NN,würdigung,33224,,
tg,rfd2.0,238219,239798,Gräfin Franziska von Hohenheim.,1,des,ART,der,33224,,
tg,rfd2.0,238219,239798,Gräfin Franziska von Hohenheim.,1,Dichters,NN,dichter,33224,,
tg,rfd2.0,238219,239798,Gräfin Franziska von Hohenheim.,1,",","$,",--,33224,,
tg,rfd2.0,238219,239798,Gräfin Franziska von Hohenheim.,1,aus,APPR,aus,33224,,
tg,rfd2.0,238219,239798,Gräfin Franziska von Hohenheim.,1,welchem,PWAT,welcher,33224,,
tg,rfd2.0,238219,239798,Gräfin Franziska von Hohenheim.,1,Gott,NN,gott,33224,,
tg,rfd2.0,238219,239798,Gräfin Franziska von Hohenheim.,1,redet,VVFIN,reden,33224,,
tg,rfd2.0,238219,239798,Gräfin Franziska von Hohenheim.,1,",","$,",--,33224,,
tg,rfd2.0,238219,239798,Gräfin Franziska von Hohenheim.,1,wie,PWAV,wie,33224,,
tg,rfd2.0,238219,239798,Gräfin Franziska von Hohenheim.,1,entstellt,VVPP,entstellen,33224,,
tg,rfd2.0,238219,239798,Gräfin Franziska von Hohenheim.,1,auch,ADV,auch,33224,,
tg,rfd2.0,238219,239798,Gräfin Franziska von Hohenheim.,1,Gottes,NN,gott,33224,,
tg,rfd2.0,238219,239798,Gräfin Franziska von Hohenheim.,1,Ausdruck,NN,ausdruck,33224,,
tg,rfd2.0,238219,239798,Gräfin Franziska von Hohenheim.,1,laute,VVFIN,lauten,33224,,
tg,rfd2.0,238219,239798,Gräfin Franziska von Hohenheim.,1,;,$.,--,33224,,
tg,rfd2.0,238219,239798,Gräfin Franziska von Hohenheim.,1,muß,VMFIN,müssen,33224,,
tg,rfd2.0,238219,239798,Gräfin Franziska von Hohenheim.,1,ich,PPER,ich,33224,Gräfin Franziska von Hohenheim.,1
tg,rfd2.0,238219,239798,Gräfin Franziska von Hohenheim.,1,jetzt,ADV,jetzt,33224,,
tg,rfd2.0,238219,239798,Gräfin Franziska von Hohenheim.,1,entdecken,VVINF,entdecken,33224,,
tg,rfd2.0,238219,239798,Gräfin Franziska von Hohenheim.,1,",","$,",--,33224,,
tg,rfd2.0,238219,239798,Gräfin Franziska von Hohenheim.,1,daß,KOUS,daß,33224,,
tg,rfd2.0,238219,239798,Gräfin Franziska von Hohenheim.,1,du,PPER,du,33224,,
tg,rfd2.0,238219,239798,Gräfin Franziska von Hohenheim.,1,kleiner,ADJA,klein,33224,,
tg,rfd2.0,238219,239798,Gräfin Franziska von Hohenheim.,1,bist,VAFIN,sein,33224,,
tg,rfd2.0,238219,239798,Gräfin Franziska von Hohenheim.,1,",","$,",--,33224,,
tg,rfd2.0,238219,239798,Gräfin Franziska von Hohenheim.,1,als,KOUS,als,33224,,
tg,rfd2.0,238219,239798,Gräfin Franziska von Hohenheim.,1,ich,PPER,ich,33224,Gräfin Franziska von Hohenheim.,1
tg,rfd2.0,238219,239798,Gräfin Franziska von Hohenheim.,1,gedacht,VVPP,denken,33224,,
tg,rfd2.0,238219,239798,Gräfin Franziska von Hohenheim.,1,",","$,",--,33224,,
tg,rfd2.0,238219,239798,Gräfin Franziska von Hohenheim.,1,dann,ADV,dann,33224,,
tg,rfd2.0,238219,239798,Gräfin Franziska von Hohenheim.,1,",","$,",--,33224,,
tg,rfd2.0,238219,239798,Gräfin Franziska von Hohenheim.,1,Herzog,NE,herzog,33224,,
tg,rfd2.0,238219,239798,Gräfin Franziska von Hohenheim.,1,Karl,NE,karl,33224,,
tg,rfd2.0,238219,239798,Gräfin Franziska von Hohenheim.,1,Mit,APPR,mit,33224,,
tg,rfd2.0,238219,239798,Gräfin Franziska von Hohenheim.,1,größtem,ADJA,groß,33224,,
tg,rfd2.0,238219,239798,Gräfin Franziska von Hohenheim.,1,Pathos,NN,pathos,33224,,
tg,rfd2.0,238219,239798,Gräfin Franziska von Hohenheim.,1,.,$.,--,33224,,
tg,rfd2.0,238219,239798,Gräfin Franziska von Hohenheim.,1,ist,VAFIN,sein,33224,,
tg,rfd2.0,238219,239798,Gräfin Franziska von Hohenheim.,1,mein,PPOSAT,mein,33224,Gräfin Franziska von Hohenheim.,1
tg,rfd2.0,238219,239798,Gräfin Franziska von Hohenheim.,1,Herz,NN,herz,33224,,
tg,rfd2.0,238219,239798,Gräfin Franziska von Hohenheim.,1,in,APPR,in,33224,,
tg,rfd2.0,238219,239798,Gräfin Franziska von Hohenheim.,1,furchtbarer,ADJA,furchtbar,33224,,
tg,rfd2.0,238219,239798,Gräfin Franziska von Hohenheim.,1,Täuschung,NN,täuschung,33224,,
tg,rfd2.0,238219,239798,Gräfin Franziska von Hohenheim.,1,befangen,VVPP,befangen,33224,,
tg,rfd2.0,238219,239798,Gräfin Franziska von Hohenheim.,1,gewesen,VAPP,sein,33224,,
tg,rfd2.0,238219,239798,Gräfin Franziska von Hohenheim.,1,",","$,",--,33224,,
tg,rfd2.0,238219,239798,Gräfin Franziska von Hohenheim.,1,dann,ADV,dann,33224,,
tg,rfd2.0,238219,239798,Gräfin Franziska von Hohenheim.,1,bist,VAFIN,sein,33224,,
tg,rfd2.0,238219,239798,Gräfin Franziska von Hohenheim.,1,du,PPER,du,33224,,
tg,rfd2.0,238219,239798,Gräfin Franziska von Hohenheim.,1,nicht,PTKNEG,nicht,33224,,
tg,rfd2.0,238219,239798,Gräfin Franziska von Hohenheim.,1,der,ART,der,33224,,
tg,rfd2.0,238219,239798,Gräfin Franziska von Hohenheim.,1,edle,ADJA,edel,33224,,
tg,rfd2.0,238219,239798,Gräfin Franziska von Hohenheim.,1,Mann,NN,mann,33224,,
tg,rfd2.0,238219,239798,Gräfin Franziska von Hohenheim.,1,",","$,",--,33224,,
tg,rfd2.0,238219,239798,Gräfin Franziska von Hohenheim.,1,der,PRELS,der,33224,,
tg,rfd2.0,238219,239798,Gräfin Franziska von Hohenheim.,1,mich,PPER,mich,33224,Gräfin Franziska von Hohenheim.,1
tg,rfd2.0,238219,239798,Gräfin Franziska von Hohenheim.,1,entsühnen,VVFIN,entsühnen,33224,,
tg,rfd2.0,238219,239798,Gräfin Franziska von Hohenheim.,1,gekonnt,VMPP,gekonnt,33224,,
tg,rfd2.0,238219,239798,Gräfin Franziska von Hohenheim.,1,",","$,",--,33224,,
tg,rfd2.0,238219,239798,Gräfin Franziska von Hohenheim.,1,dann,ADV,dann,33224,,
tg,rfd2.0,238219,239798,Gräfin Franziska von Hohenheim.,1,werden,VAFIN,werden,33224,,
tg,rfd2.0,238219,239798,Gräfin Franziska von Hohenheim.,1,alle,PIS,alle,33224,ALLE,30
tg,rfd2.0,238219,239798,Gräfin Franziska von Hohenheim.,1,die,ART,der,33224,,
tg,rfd2.0,238219,239798,Gräfin Franziska von Hohenheim.,1,Schlangenbisse,NN,schlangenbiß,33224,,
tg,rfd2.0,238219,239798,Gräfin Franziska von Hohenheim.,1,der,ART,der,33224,,
tg,rfd2.0,238219,239798,Gräfin Franziska von Hohenheim.,1,Schmach,NN,schmach,33224,,
tg,rfd2.0,238219,239798,Gräfin Franziska von Hohenheim.,1,und,KON,und,33224,,
tg,rfd2.0,238219,239798,Gräfin Franziska von Hohenheim.,1,Erniedrigung,NN,erniedrigung,33224,,
tg,rfd2.0,238219,239798,Gräfin Franziska von Hohenheim.,1,wieder,ADV,wieder,33224,,
tg,rfd2.0,238219,239798,Gräfin Franziska von Hohenheim.,1,lebendig,ADJD,lebendig,33224,,
tg,rfd2.0,238219,239798,Gräfin Franziska von Hohenheim.,1,",","$,",--,33224,,
tg,rfd2.0,238219,239798,Gräfin Franziska von Hohenheim.,1,die,ART,der,33224,,
tg,rfd2.0,238219,239798,Gräfin Franziska von Hohenheim.,1,Vergangenheit,NN,vergangenheit,33224,,
tg,rfd2.0,238219,239798,Gräfin Franziska von Hohenheim.,1,ist,VAFIN,sein,33224,,
tg,rfd2.0,238219,239798,Gräfin Franziska von Hohenheim.,1,nicht,PTKNEG,nicht,33224,,
tg,rfd2.0,238219,239798,Gräfin Franziska von Hohenheim.,1,überwunden,VVPP,überwinden,33224,,
tg,rfd2.0,238219,239798,Gräfin Franziska von Hohenheim.,1,",","$,",--,33224,,
tg,rfd2.0,238219,239798,Gräfin Franziska von Hohenheim.,1,sondern,KON,sondern,33224,,
tg,rfd2.0,238219,239798,Gräfin Franziska von Hohenheim.,1,wird,VAFIN,werden,33224,,
tg,rfd2.0,238219,239798,Gräfin Franziska von Hohenheim.,1,die,ART,der,33224,,
tg,rfd2.0,238219,239798,Gräfin Franziska von Hohenheim.,1,Hölle,NN,hölle,33224,,
tg,rfd2.0,238219,239798,Gräfin Franziska von Hohenheim.,1,meines,PPOSAT,mein,33224,Gräfin Franziska von Hohenheim.,1
tg,rfd2.0,238219,239798,Gräfin Franziska von Hohenheim.,1,Herzens,NN,Herz,33224,,
tg,rfd2.0,238219,239798,Gräfin Franziska von Hohenheim.,1,",","$,",--,33224,,
tg,rfd2.0,238219,239798,Gräfin Franziska von Hohenheim.,1,ich,PPER,ich,33224,Gräfin Franziska von Hohenheim.,1
tg,rfd2.0,238219,239798,Gräfin Franziska von Hohenheim.,1,bin,VAFIN,sein,33224,,
tg,rfd2.0,238219,239798,Gräfin Franziska von Hohenheim.,1,alsdann,ADV,alsdann,33224,,
tg,rfd2.0,238219,239798,Gräfin Franziska von Hohenheim.,1,das,ART,der,33224,,
tg,rfd2.0,238219,239798,Gräfin Franziska von Hohenheim.,1,unglücklichste,ADJA,unglücklich,33224,,
tg,rfd2.0,238219,239798,Gräfin Franziska von Hohenheim.,1,Geschöpf,NN,geschöpf,33224,,
tg,rfd2.0,238219,239798,Gräfin Franziska von Hohenheim.,1,in,APPR,in,33224,,
tg,rfd2.0,238219,239798,Gräfin Franziska von Hohenheim.,1,deinem,PPOSAT,dein,33224,,
tg,rfd2.0,238219,239798,Gräfin Franziska von Hohenheim.,1,Reiche,NN,reiche,33224,,
tg,rfd2.0,238219,239798,Gräfin Franziska von Hohenheim.,1,",","$,",--,33224,,
tg,rfd2.0,238219,239798,Gräfin Franziska von Hohenheim.,1,und,KON,und,33224,,
tg,rfd2.0,238219,239798,Gräfin Franziska von Hohenheim.,1,ich,PPER,ich,33224,Gräfin Franziska von Hohenheim.,1
tg,rfd2.0,238219,239798,Gräfin Franziska von Hohenheim.,1,habe,VAFIN,haben,33224,,
tg,rfd2.0,238219,239798,Gräfin Franziska von Hohenheim.,1,dich,PRF,dich,33224,,
tg,rfd2.0,238219,239798,Gräfin Franziska von Hohenheim.,1,",","$,",--,33224,,
tg,rfd2.0,238219,239798,Gräfin Franziska von Hohenheim.,1,du,PPER,du,33224,,
tg,rfd2.0,238219,239798,Gräfin Franziska von Hohenheim.,1,hast,VAFIN,haben,33224,,
tg,rfd2.0,238219,239798,Gräfin Franziska von Hohenheim.,1,mich,PPER,mich,33224,Gräfin Franziska von Hohenheim.,1
tg,rfd2.0,238219,239798,Gräfin Franziska von Hohenheim.,1,verloren,PTKVZ,verlieren,33224,,
tg,rfd2.0,238219,239798,Gräfin Franziska von Hohenheim.,1,.,$.,--,33224,,
tg,rfd2.0,239805,239866,Herzog Karl von Württemberg.,0,Du,PPER,du,33224,,
tg,rfd2.0,239805,239866,Herzog Karl von Württemberg.,0,übertreibst,VVFIN,übertreibst,33224,,
tg,rfd2.0,239805,239866,Herzog Karl von Württemberg.,0,dich,PPER,dich,33224,,
tg,rfd2.0,239805,239866,Herzog Karl von Württemberg.,0,und,KON,und,33224,,
tg,rfd2.0,239805,239866,Herzog Karl von Württemberg.,0,überreizest,VVFIN,überreizest,33224,,
tg,rfd2.0,239805,239866,Herzog Karl von Württemberg.,0,dich,PPER,dich,33224,,
tg,rfd2.0,239805,239866,Herzog Karl von Württemberg.,0,",","$,",--,33224,,
tg,rfd2.0,239805,239866,Herzog Karl von Württemberg.,0,Franziska,NE,franziska,33224,,
tg,rfd2.0,239805,239866,Herzog Karl von Württemberg.,0,.,$.,--,33224,,
tg,rfd2.0,239871,239968,Gräfin Franziska von Hohenheim.,1,Das,ART,der,33224,,
tg,rfd2.0,239871,239968,Gräfin Franziska von Hohenheim.,1,sagt,VVFIN,sagen,33224,,
tg,rfd2.0,239871,239968,Gräfin Franziska von Hohenheim.,1,der,ART,der,33224,,
tg,rfd2.0,239871,239968,Gräfin Franziska von Hohenheim.,1,Mann,NN,mann,33224,,
tg,rfd2.0,239871,239968,Gräfin Franziska von Hohenheim.,1,immer,ADV,immer,33224,,
tg,rfd2.0,239871,239968,Gräfin Franziska von Hohenheim.,1,",","$,",--,33224,,
tg,rfd2.0,239871,239968,Gräfin Franziska von Hohenheim.,1,wenn,KOUS,wenn,33224,,
tg,rfd2.0,239871,239968,Gräfin Franziska von Hohenheim.,1,ihm,PPER,ihm,33224,,
tg,rfd2.0,239871,239968,Gräfin Franziska von Hohenheim.,1,das,ART,der,33224,,
tg,rfd2.0,239871,239968,Gräfin Franziska von Hohenheim.,1,Leben,NN,leben,33224,,
tg,rfd2.0,239871,239968,Gräfin Franziska von Hohenheim.,1,des,ART,der,33224,,
tg,rfd2.0,239871,239968,Gräfin Franziska von Hohenheim.,1,Weibes,NN,weib,33224,,
tg,rfd2.0,239871,239968,Gräfin Franziska von Hohenheim.,1,unerwartet,ADJD,unerwartet,33224,,
tg,rfd2.0,239871,239968,Gräfin Franziska von Hohenheim.,1,enthüllt,VVPP,enthüllen,33224,,
tg,rfd2.0,239871,239968,Gräfin Franziska von Hohenheim.,1,wird,VAFIN,werden,33224,,
tg,rfd2.0,239871,239968,Gräfin Franziska von Hohenheim.,1,.,$.,--,33224,,
tg,rfd2.0,239973,240740,Herzog Karl von Württemberg.,0,Laß,VVIMP,lassen,33224,,
tg,rfd2.0,239973,240740,Herzog Karl von Württemberg.,0,das,ART,der,33224,,
tg,rfd2.0,239973,240740,Herzog Karl von Württemberg.,0,"!",$.,--,33224,,
tg,rfd2.0,239973,240740,Herzog Karl von Württemberg.,0,–,XY,–,33224,,
tg,rfd2.0,239973,240740,Herzog Karl von Württemberg.,0,Er,PPER,er,33224,,
tg,rfd2.0,239973,240740,Herzog Karl von Württemberg.,0,stützt,VVFIN,stützen,33224,,
tg,rfd2.0,239973,240740,Herzog Karl von Württemberg.,0,sich,PRF,sich,33224,,
tg,rfd2.0,239973,240740,Herzog Karl von Württemberg.,0,wieder,ADV,wieder,33224,,
tg,rfd2.0,239973,240740,Herzog Karl von Württemberg.,0,auf,APPR,auf,33224,,
tg,rfd2.0,239973,240740,Herzog Karl von Württemberg.,0,die,ART,der,33224,,
tg,rfd2.0,239973,240740,Herzog Karl von Württemberg.,0,Stuhllehne,NN,stuhllehne,33224,,
tg,rfd2.0,239973,240740,Herzog Karl von Württemberg.,0,und,KON,und,33224,,
tg,rfd2.0,239973,240740,Herzog Karl von Württemberg.,0,schweigt,VVFIN,schweigen,33224,,
tg,rfd2.0,239973,240740,Herzog Karl von Württemberg.,0,einen,ART,ein,33224,,
tg,rfd2.0,239973,240740,Herzog Karl von Württemberg.,0,Augenblick,NN,augenblick,33224,,
tg,rfd2.0,239973,240740,Herzog Karl von Württemberg.,0,–,CARD,–,33224,,
tg,rfd2.0,239973,240740,Herzog Karl von Württemberg.,0,halblaut,VVPP,halblaut,33224,,
tg,rfd2.0,239973,240740,Herzog Karl von Württemberg.,0,.,$.,--,33224,,
tg,rfd2.0,239973,240740,Herzog Karl von Württemberg.,0,Ich,PPER,ich,33224,,
tg,rfd2.0,239973,240740,Herzog Karl von Württemberg.,0,kann,VMFIN,können,33224,,
tg,rfd2.0,239973,240740,Herzog Karl von Württemberg.,0,deinem,PPOSAT,dein,33224,,
tg,rfd2.0,239973,240740,Herzog Karl von Württemberg.,0,überspannten,ADJA,überspannt,33224,,
tg,rfd2.0,239973,240740,Herzog Karl von Württemberg.,0,Eigensinne,NN,eigensinn,33224,,
tg,rfd2.0,239973,240740,Herzog Karl von Württemberg.,0,gefällig,ADJD,gefällig,33224,,
tg,rfd2.0,239973,240740,Herzog Karl von Württemberg.,0,sein,VAINF,sein,33224,,
tg,rfd2.0,239973,240740,Herzog Karl von Württemberg.,0,;,$.,--,33224,,
tg,rfd2.0,239973,240740,Herzog Karl von Württemberg.,0,denn,KON,denn,33224,,
tg,rfd2.0,239973,240740,Herzog Karl von Württemberg.,0,ich,PPER,ich,33224,Herzog Karl von Württemberg.,0
tg,rfd2.0,239973,240740,Herzog Karl von Württemberg.,0,liebe,VVFIN,lieben,33224,,
tg,rfd2.0,239973,240740,Herzog Karl von Württemberg.,0,dich,PRF,dich,33224,,
tg,rfd2.0,239973,240740,Herzog Karl von Württemberg.,0,.,$.,--,33224,,
tg,rfd2.0,239973,240740,Herzog Karl von Württemberg.,0,Aber,KON,aber,33224,,
tg,rfd2.0,239973,240740,Herzog Karl von Württemberg.,0,ich,PPER,ich,33224,Herzog Karl von Württemberg.,0
tg,rfd2.0,239973,240740,Herzog Karl von Württemberg.,0,kann,VMFIN,können,33224,,
tg,rfd2.0,239973,240740,Herzog Karl von Württemberg.,0,es,PPER,es,33224,,
tg,rfd2.0,239973,240740,Herzog Karl von Württemberg.,0,nur,ADV,nur,33224,,
tg,rfd2.0,239973,240740,Herzog Karl von Württemberg.,0,auf,APPR,auf,33224,,
tg,rfd2.0,239973,240740,Herzog Karl von Württemberg.,0,Kosten,NN,kosten,33224,,
tg,rfd2.0,239973,240740,Herzog Karl von Württemberg.,0,meiner,PPOSAT,mein,33224,Herzog Karl von Württemberg.,0
tg,rfd2.0,239973,240740,Herzog Karl von Württemberg.,0,persönlichen,ADJA,persönlich,33224,,
tg,rfd2.0,239973,240740,Herzog Karl von Württemberg.,0,Wünsche,NN,wunsch,33224,,
tg,rfd2.0,239973,240740,Herzog Karl von Württemberg.,0,",","$,",--,33224,,
tg,rfd2.0,239973,240740,Herzog Karl von Württemberg.,0,ich,PPER,ich,33224,Herzog Karl von Württemberg.,0
tg,rfd2.0,239973,240740,Herzog Karl von Württemberg.,0,kann,VMFIN,können,33224,,
tg,rfd2.0,239973,240740,Herzog Karl von Württemberg.,0,es,PPER,es,33224,,
tg,rfd2.0,239973,240740,Herzog Karl von Württemberg.,0,nicht,PTKNEG,nicht,33224,,
tg,rfd2.0,239973,240740,Herzog Karl von Württemberg.,0,auf,APPR,auf,33224,,
tg,rfd2.0,239973,240740,Herzog Karl von Württemberg.,0,Kosten,NN,kosten,33224,,
tg,rfd2.0,239973,240740,Herzog Karl von Württemberg.,0,des,ART,der,33224,,
tg,rfd2.0,239973,240740,Herzog Karl von Württemberg.,0,Staates,NN,staat,33224,,
tg,rfd2.0,239973,240740,Herzog Karl von Württemberg.,0,.,$.,--,33224,,
tg,rfd2.0,239973,240740,Herzog Karl von Württemberg.,0,Und,KON,und,33224,,
tg,rfd2.0,239973,240740,Herzog Karl von Württemberg.,0,dies,PDS,dieser,33224,,
tg,rfd2.0,239973,240740,Herzog Karl von Württemberg.,0,Buch,NN,buch,33224,,
tg,rfd2.0,239973,240740,Herzog Karl von Württemberg.,0,ist,VAFIN,sein,33224,,
tg,rfd2.0,239973,240740,Herzog Karl von Württemberg.,0,nicht,PTKNEG,nicht,33224,,
tg,rfd2.0,239973,240740,Herzog Karl von Württemberg.,0,gegen,APPR,gegen,33224,,
tg,rfd2.0,239973,240740,Herzog Karl von Württemberg.,0,mich,PPER,mich,33224,Herzog Karl von Württemberg.,0
tg,rfd2.0,239973,240740,Herzog Karl von Württemberg.,0,",","$,",--,33224,,
tg,rfd2.0,239973,240740,Herzog Karl von Württemberg.,0,es,PPER,es,33224,,
tg,rfd2.0,239973,240740,Herzog Karl von Württemberg.,0,ist,VAFIN,sein,33224,,
tg,rfd2.0,239973,240740,Herzog Karl von Württemberg.,0,gegen,APPR,gegen,33224,,
tg,rfd2.0,239973,240740,Herzog Karl von Württemberg.,0,die,ART,der,33224,,
tg,rfd2.0,239973,240740,Herzog Karl von Württemberg.,0,Gesellschaft,NN,gesellschaft,33224,,
tg,rfd2.0,239973,240740,Herzog Karl von Württemberg.,0,",","$,",--,33224,,
tg,rfd2.0,239973,240740,Herzog Karl von Württemberg.,0,gegen,APPR,gegen,33224,,
tg,rfd2.0,239973,240740,Herzog Karl von Württemberg.,0,den,ART,der,33224,,
tg,rfd2.0,239973,240740,Herzog Karl von Württemberg.,0,Staat,NN,staat,33224,,
tg,rfd2.0,239973,240740,Herzog Karl von Württemberg.,0,gerichtet,VVPP,richten,33224,,
tg,rfd2.0,239973,240740,Herzog Karl von Württemberg.,0,.,$.,--,33224,,
tg,rfd2.0,239973,240740,Herzog Karl von Württemberg.,0,Erniedrige,NN,erniedrige,33224,,
tg,rfd2.0,239973,240740,Herzog Karl von Württemberg.,0,nicht,PTKNEG,nicht,33224,,
tg,rfd2.0,239973,240740,Herzog Karl von Württemberg.,0,deinen,VVFIN,dein,33224,,
tg,rfd2.0,239973,240740,Herzog Karl von Württemberg.,0,Herzog,NE,herzog,33224,,
tg,rfd2.0,239973,240740,Herzog Karl von Württemberg.,0,Karl,NE,karl,33224,,
tg,rfd2.0,239973,240740,Herzog Karl von Württemberg.,0,dadurch,PROAV,dadurch,33224,,
tg,rfd2.0,239973,240740,Herzog Karl von Württemberg.,0,",","$,",--,33224,,
tg,rfd2.0,239973,240740,Herzog Karl von Württemberg.,0,daß,KOUS,daß,33224,,
tg,rfd2.0,239973,240740,Herzog Karl von Württemberg.,0,du,PPER,du,33224,,
tg,rfd2.0,239973,240740,Herzog Karl von Württemberg.,0,ihm,PPER,ihm,33224,,
tg,rfd2.0,239973,240740,Herzog Karl von Württemberg.,0,weibische,ADJA,weibisch,33224,,
tg,rfd2.0,239973,240740,Herzog Karl von Württemberg.,0,Willfährigkeit,NN,willfährigkeit,33224,,
tg,rfd2.0,239973,240740,Herzog Karl von Württemberg.,0,ansinnest,VVPP,ansinnest,33224,,
tg,rfd2.0,239973,240740,Herzog Karl von Württemberg.,0,",","$,",--,33224,,
tg,rfd2.0,239973,240740,Herzog Karl von Württemberg.,0,wo,PWAV,wo,33224,,
tg,rfd2.0,239973,240740,Herzog Karl von Württemberg.,0,man,PIS,man,33224,,
tg,rfd2.0,239973,240740,Herzog Karl von Württemberg.,0,männliche,ADJA,männlich,33224,,
tg,rfd2.0,239973,240740,Herzog Karl von Württemberg.,0,Kraft,NN,kraft,33224,,
tg,rfd2.0,239973,240740,Herzog Karl von Württemberg.,0,von,APPR,von,33224,,
tg,rfd2.0,239973,240740,Herzog Karl von Württemberg.,0,ihm,PPER,ihm,33224,,
tg,rfd2.0,239973,240740,Herzog Karl von Württemberg.,0,erwarten,VVFIN,erwarten,33224,,
tg,rfd2.0,239973,240740,Herzog Karl von Württemberg.,0,",","$,",--,33224,,
tg,rfd2.0,239973,240740,Herzog Karl von Württemberg.,0,fürstliche,ADJA,fürstlich,33224,,
tg,rfd2.0,239973,240740,Herzog Karl von Württemberg.,0,Strenge,NN,strenge,33224,,
tg,rfd2.0,239973,240740,Herzog Karl von Württemberg.,0,von,APPR,von,33224,,
tg,rfd2.0,239973,240740,Herzog Karl von Württemberg.,0,ihm,PPER,ihm,33224,,
tg,rfd2.0,239973,240740,Herzog Karl von Württemberg.,0,fordern,VVINF,fordern,33224,,
tg,rfd2.0,239973,240740,Herzog Karl von Württemberg.,0,darf,VMFIN,dürfen,33224,,
tg,rfd2.0,239973,240740,Herzog Karl von Württemberg.,0,.,$.,--,33224,,
tg,rfd2.0,239973,240740,Herzog Karl von Württemberg.,0,Hindre,NN,hindre,33224,,
tg,rfd2.0,239973,240740,Herzog Karl von Württemberg.,0,mich,PPER,mich,33224,Herzog Karl von Württemberg.,0
tg,rfd2.0,239973,240740,Herzog Karl von Württemberg.,0,nicht,PTKNEG,nicht,33224,,
tg,rfd2.0,239973,240740,Herzog Karl von Württemberg.,0,",","$,",--,33224,,
tg,rfd2.0,239973,240740,Herzog Karl von Württemberg.,0,Fürst,NN,fürst,33224,,
tg,rfd2.0,239973,240740,Herzog Karl von Württemberg.,0,zu,PTKZU,zu,33224,,
tg,rfd2.0,239973,240740,Herzog Karl von Württemberg.,0,sein,VAINF,sein,33224,,
tg,rfd2.0,239973,240740,Herzog Karl von Württemberg.,0,.,$.,--,33224,,
tg,rfd2.0,239973,240740,Herzog Karl von Württemberg.,0,Weich,NE,weich,33224,,
tg,rfd2.0,239973,240740,Herzog Karl von Württemberg.,0,.,$.,--,33224,,
tg,rfd2.0,239973,240740,Herzog Karl von Württemberg.,0,Sei,VAIMP,sein,33224,,
tg,rfd2.0,239973,240740,Herzog Karl von Württemberg.,0,billig,ADJD,billig,33224,,
tg,rfd2.0,239973,240740,Herzog Karl von Württemberg.,0,gegen,APPR,gegen,33224,,
tg,rfd2.0,239973,240740,Herzog Karl von Württemberg.,0,mich,PPER,mich,33224,Herzog Karl von Württemberg.,0
tg,rfd2.0,239973,240740,Herzog Karl von Württemberg.,0,–,XY,–,33224,,
tg,rfd2.0,239973,240740,Herzog Karl von Württemberg.,0,opfre,PIS,opfre,33224,,
tg,rfd2.0,239973,240740,Herzog Karl von Württemberg.,0,nicht,PTKNEG,nicht,33224,,
tg,rfd2.0,239973,240740,Herzog Karl von Württemberg.,0,einer,ART,ein,33224,,
tg,rfd2.0,239973,240740,Herzog Karl von Württemberg.,0,poetischen,ADJA,poetisch,33224,,
tg,rfd2.0,239973,240740,Herzog Karl von Württemberg.,0,Grille,NN,grille,33224,,
tg,rfd2.0,239973,240740,Herzog Karl von Württemberg.,0,den,ART,der,33224,,
tg,rfd2.0,239973,240740,Herzog Karl von Württemberg.,0,Mann,NN,mann,33224,,
tg,rfd2.0,239973,240740,Herzog Karl von Württemberg.,0,deines,ADJA,dein,33224,,
tg,rfd2.0,239973,240740,Herzog Karl von Württemberg.,0,Lebens,NN,leben,33224,,
tg,rfd2.0,239973,240740,Herzog Karl von Württemberg.,0,.,$.,--,33224,,
tg,rfd2.0,239973,240740,Herzog Karl von Württemberg.,0,–,XY,–,33224,,
tg,rfd2.0,239973,240740,Herzog Karl von Württemberg.,0,Und,KON,und,33224,,
tg,rfd2.0,239973,240740,Herzog Karl von Württemberg.,0,jetzt,ADV,jetzt,33224,,
tg,rfd2.0,239973,240740,Herzog Karl von Württemberg.,0,schmücke,ADJA,schmücken,33224,,
tg,rfd2.0,239973,240740,Herzog Karl von Württemberg.,0,dich,PRF,dich,33224,,
tg,rfd2.0,239973,240740,Herzog Karl von Württemberg.,0,",","$,",--,33224,,
tg,rfd2.0,239973,240740,Herzog Karl von Württemberg.,0,damit,KOUS,damit,33224,,
tg,rfd2.0,239973,240740,Herzog Karl von Württemberg.,0,du,PPER,du,33224,,
tg,rfd2.0,239973,240740,Herzog Karl von Württemberg.,0,mich,PRF,mich,33224,Herzog Karl von Württemberg.,0
tg,rfd2.0,239973,240740,Herzog Karl von Württemberg.,0,später,ADJD,spät,33224,,
tg,rfd2.0,239973,240740,Herzog Karl von Württemberg.,0,begleiten,VVINF,begleiten,33224,,
tg,rfd2.0,239973,240740,Herzog Karl von Württemberg.,0,kannst,VMFIN,können,33224,,
tg,rfd2.0,239973,240740,Herzog Karl von Württemberg.,0,zum,APPRART,zu,33224,,
tg,rfd2.0,239973,240740,Herzog Karl von Württemberg.,0,Feste,NN,fest,33224,,
tg,rfd2.0,239973,240740,Herzog Karl von Württemberg.,0,auf,APPR,auf,33224,,
tg,rfd2.0,239973,240740,Herzog Karl von Württemberg.,0,der,ART,der,33224,,
tg,rfd2.0,239973,240740,Herzog Karl von Württemberg.,0,Solitude,NN,solitude,33224,,
tg,rfd2.0,239973,240740,Herzog Karl von Württemberg.,0,.,$.,--,33224,,
tg,rfd2.0,240745,240809,Gräfin Franziska von Hohenheim.,1,Mit,APPR,mit,33224,,
tg,rfd2.0,240745,240809,Gräfin Franziska von Hohenheim.,1,solchem,PIAT,solcher,33224,,
tg,rfd2.0,240745,240809,Gräfin Franziska von Hohenheim.,1,Pfeil,NN,pfeil,33224,,
tg,rfd2.0,240745,240809,Gräfin Franziska von Hohenheim.,1,im,APPRART,in,33224,,
tg,rfd2.0,240745,240809,Gräfin Franziska von Hohenheim.,1,Herzen,NN,herz,33224,,
tg,rfd2.0,240745,240809,Gräfin Franziska von Hohenheim.,1,kann,VMFIN,können,33224,,
tg,rfd2.0,240745,240809,Gräfin Franziska von Hohenheim.,1,ich,PPER,ich,33224,Gräfin Franziska von Hohenheim.,1
tg,rfd2.0,240745,240809,Gräfin Franziska von Hohenheim.,1,kein,PIAT,kein,33224,,
tg,rfd2.0,240745,240809,Gräfin Franziska von Hohenheim.,1,Fest,NN,fest,33224,,
tg,rfd2.0,240745,240809,Gräfin Franziska von Hohenheim.,1,begehen,VVINF,begehen,33224,,
tg,rfd2.0,240745,240809,Gräfin Franziska von Hohenheim.,1,"!",$.,--,33224,,
tg,rfd2.0,240814,241229,Herzog Karl von Württemberg.,0,Franziska,NE,franziska,33224,,
tg,rfd2.0,240814,241229,Herzog Karl von Württemberg.,0,"!",$.,--,33224,,
tg,rfd2.0,240814,241229,Herzog Karl von Württemberg.,0,–,XY,–,33224,,
tg,rfd2.0,240814,241229,Herzog Karl von Württemberg.,0,Du,PPER,du,33224,,
tg,rfd2.0,240814,241229,Herzog Karl von Württemberg.,0,wirst,VAFIN,werden,33224,,
tg,rfd2.0,240814,241229,Herzog Karl von Württemberg.,0,Einsicht,NN,einsicht,33224,,
tg,rfd2.0,240814,241229,Herzog Karl von Württemberg.,0,finden,VVINF,finden,33224,,
tg,rfd2.0,240814,241229,Herzog Karl von Württemberg.,0,"!",$.,--,33224,,
tg,rfd2.0,240814,241229,Herzog Karl von Württemberg.,0,Diese,PDAT,dieser,33224,,
tg,rfd2.0,240814,241229,Herzog Karl von Württemberg.,0,Fremden,NN,fremde,33224,,
tg,rfd2.0,240814,241229,Herzog Karl von Württemberg.,0,sehen,VVFIN,sehen,33224,,
tg,rfd2.0,240814,241229,Herzog Karl von Württemberg.,0,mit,APPR,mit,33224,,
tg,rfd2.0,240814,241229,Herzog Karl von Württemberg.,0,hundert,CARD,hundert,33224,,
tg,rfd2.0,240814,241229,Herzog Karl von Württemberg.,0,Augen,NN,auge,33224,,
tg,rfd2.0,240814,241229,Herzog Karl von Württemberg.,0,auf,APPR,auf,33224,,
tg,rfd2.0,240814,241229,Herzog Karl von Württemberg.,0,dich,PRF,dich,33224,,
tg,rfd2.0,240814,241229,Herzog Karl von Württemberg.,0,–,XY,–,33224,,
tg,rfd2.0,240814,241229,Herzog Karl von Württemberg.,0,eine,ART,ein,33224,,
tg,rfd2.0,240814,241229,Herzog Karl von Württemberg.,0,glückliche,ADJA,glücklich,33224,,
tg,rfd2.0,240814,241229,Herzog Karl von Württemberg.,0,Ehe,NN,ehe,33224,,
tg,rfd2.0,240814,241229,Herzog Karl von Württemberg.,0,beneiden,VVINF,beneiden,33224,,
tg,rfd2.0,240814,241229,Herzog Karl von Württemberg.,0,sie,PPER,sie,33224,,
tg,rfd2.0,240814,241229,Herzog Karl von Württemberg.,0,",","$,",--,33224,,
tg,rfd2.0,240814,241229,Herzog Karl von Württemberg.,0,auch,ADV,auch,33224,,
tg,rfd2.0,240814,241229,Herzog Karl von Württemberg.,0,wenn,KOUS,wenn,33224,,
tg,rfd2.0,240814,241229,Herzog Karl von Württemberg.,0,sie,PPER,sie,33224,,
tg,rfd2.0,240814,241229,Herzog Karl von Württemberg.,0,deiner,PPOSAT,dein,33224,,
tg,rfd2.0,240814,241229,Herzog Karl von Württemberg.,0,nichtfürstlichen,ADJA,nichtfürstlich,33224,,
tg,rfd2.0,240814,241229,Herzog Karl von Württemberg.,0,Abkunft,NN,abkunft,33224,,
tg,rfd2.0,240814,241229,Herzog Karl von Württemberg.,0,spotten,VVINF,spotten,33224,,
tg,rfd2.0,240814,241229,Herzog Karl von Württemberg.,0,möchten,VMFIN,möchten,33224,,
tg,rfd2.0,240814,241229,Herzog Karl von Württemberg.,0,:,$.,--,33224,,
tg,rfd2.0,240814,241229,Herzog Karl von Württemberg.,0,jedes,PIDAT,jeder,33224,,
tg,rfd2.0,240814,241229,Herzog Karl von Württemberg.,0,Zeichen,NN,zeichen,33224,,
tg,rfd2.0,240814,241229,Herzog Karl von Württemberg.,0,einer,ART,ein,33224,,
tg,rfd2.0,240814,241229,Herzog Karl von Württemberg.,0,nichtglücklichen,ADJA,nichtglücklich,33224,,
tg,rfd2.0,240814,241229,Herzog Karl von Württemberg.,0,Ehe,NN,ehe,33224,,
tg,rfd2.0,240814,241229,Herzog Karl von Württemberg.,0,ergreifen,VVINF,ergreifen,33224,,
tg,rfd2.0,240814,241229,Herzog Karl von Württemberg.,0,sie,PPER,sie,33224,,
tg,rfd2.0,240814,241229,Herzog Karl von Württemberg.,0,als,APPR,als,33224,,
tg,rfd2.0,240814,241229,Herzog Karl von Württemberg.,0,die,ART,der,33224,,
tg,rfd2.0,240814,241229,Herzog Karl von Württemberg.,0,willkommenste,ADJA,willkommen,33224,,
tg,rfd2.0,240814,241229,Herzog Karl von Württemberg.,0,Beute,NN,beute,33224,,
tg,rfd2.0,240814,241229,Herzog Karl von Württemberg.,0,für,APPR,für,33224,,
tg,rfd2.0,240814,241229,Herzog Karl von Württemberg.,0,bösen,ADJA,böse,33224,,
tg,rfd2.0,240814,241229,Herzog Karl von Württemberg.,0,Leumund,NN,leumund,33224,,
tg,rfd2.0,240814,241229,Herzog Karl von Württemberg.,0,",","$,",--,33224,,
tg,rfd2.0,240814,241229,Herzog Karl von Württemberg.,0,als,KOUS,als,33224,,
tg,rfd2.0,240814,241229,Herzog Karl von Württemberg.,0,die,ART,der,33224,,
tg,rfd2.0,240814,241229,Herzog Karl von Württemberg.,0,willkommenste,ADJA,willkommen,33224,,
tg,rfd2.0,240814,241229,Herzog Karl von Württemberg.,0,Bestätigung,NN,bestätigung,33224,,
tg,rfd2.0,240814,241229,Herzog Karl von Württemberg.,0,ihres,PPOSAT,ihr,33224,,
tg,rfd2.0,240814,241229,Herzog Karl von Württemberg.,0,Vorurteils,NN,vorurteil,33224,,
tg,rfd2.0,240814,241229,Herzog Karl von Württemberg.,0,für,APPR,für,33224,,
tg,rfd2.0,240814,241229,Herzog Karl von Württemberg.,0,standesmäßige,ADJA,standesmäßig,33224,,
tg,rfd2.0,240814,241229,Herzog Karl von Württemberg.,0,Wahl,NN,wahl,33224,,
tg,rfd2.0,240814,241229,Herzog Karl von Württemberg.,0,.,$.,--,33224,,
tg,rfd2.0,240814,241229,Herzog Karl von Württemberg.,0,Du,PPER,du,33224,,
tg,rfd2.0,240814,241229,Herzog Karl von Württemberg.,0,wirst,VAFIN,werden,33224,,
tg,rfd2.0,240814,241229,Herzog Karl von Württemberg.,0,Einsicht,NN,einsicht,33224,,
tg,rfd2.0,240814,241229,Herzog Karl von Württemberg.,0,finden,VVFIN,finden,33224,,
tg,rfd2.0,240814,241229,Herzog Karl von Württemberg.,0,",","$,",--,33224,,
tg,rfd2.0,240814,241229,Herzog Karl von Württemberg.,0,wirst,VAFIN,werden,33224,,
tg,rfd2.0,240814,241229,Herzog Karl von Württemberg.,0,du,PPER,du,33224,,
tg,rfd2.0,240814,241229,Herzog Karl von Württemberg.,0,?,$.,--,33224,,
tg,rfd2.0,241234,241318,Gräfin Franziska von Hohenheim.,1,Karl,NE,karl,33224,,
tg,rfd2.0,241234,241318,Gräfin Franziska von Hohenheim.,1,"!",$.,--,33224,,
tg,rfd2.0,241234,241318,Gräfin Franziska von Hohenheim.,1,Erlöse,NN,erlös,33224,,
tg,rfd2.0,241234,241318,Gräfin Franziska von Hohenheim.,1,mein,PPOSAT,mein,33224,Gräfin Franziska von Hohenheim.,1
tg,rfd2.0,241234,241318,Gräfin Franziska von Hohenheim.,1,Herz,NN,herz,33224,,
tg,rfd2.0,241234,241318,Gräfin Franziska von Hohenheim.,1,von,APPR,von,33224,,
tg,rfd2.0,241234,241318,Gräfin Franziska von Hohenheim.,1,der,ART,der,33224,,
tg,rfd2.0,241234,241318,Gräfin Franziska von Hohenheim.,1,quälenden,ADJA,quälend,33224,,
tg,rfd2.0,241234,241318,Gräfin Franziska von Hohenheim.,1,Angst,NN,angst,33224,,
tg,rfd2.0,241234,241318,Gräfin Franziska von Hohenheim.,1,um,APPR,um,33224,,
tg,rfd2.0,241234,241318,Gräfin Franziska von Hohenheim.,1,den,ART,der,33224,,
tg,rfd2.0,241234,241318,Gräfin Franziska von Hohenheim.,1,Dichter,NN,dichter,33224,,
tg,rfd2.0,241234,241318,Gräfin Franziska von Hohenheim.,1,"!",$.,--,33224,,
tg,rfd2.0,241323,241351,Herzog Karl von Württemberg.,0,Franziska,NE,franziska,33224,,
tg,rfd2.0,241323,241351,Herzog Karl von Württemberg.,0,"!",$.,--,33224,,
tg,rfd2.0,241356,241649,Gräfin Franziska von Hohenheim.,1,Alles,PIS,alle,33224,,
tg,rfd2.0,241356,241649,Gräfin Franziska von Hohenheim.,1,andere,PIS,anderer,33224,,
tg,rfd2.0,241356,241649,Gräfin Franziska von Hohenheim.,1,ist,VAFIN,sein,33224,,
tg,rfd2.0,241356,241649,Gräfin Franziska von Hohenheim.,1,ja,ADV,ja,33224,,
tg,rfd2.0,241356,241649,Gräfin Franziska von Hohenheim.,1,unbedeutend,ADJD,unbedeutend,33224,,
tg,rfd2.0,241356,241649,Gräfin Franziska von Hohenheim.,1,daneben,PROAV,daneben,33224,,
tg,rfd2.0,241356,241649,Gräfin Franziska von Hohenheim.,1,.,$.,--,33224,,
tg,rfd2.0,241356,241649,Gräfin Franziska von Hohenheim.,1,Mit,APPR,mit,33224,,
tg,rfd2.0,241356,241649,Gräfin Franziska von Hohenheim.,1,dieser,PDAT,dieser,33224,,
tg,rfd2.0,241356,241649,Gräfin Franziska von Hohenheim.,1,furchtbaren,ADJA,furchtbar,33224,,
tg,rfd2.0,241356,241649,Gräfin Franziska von Hohenheim.,1,Frage,NN,frage,33224,,
tg,rfd2.0,241356,241649,Gräfin Franziska von Hohenheim.,1,aber,ADV,aber,33224,,
tg,rfd2.0,241356,241649,Gräfin Franziska von Hohenheim.,1,steht,VVFIN,stehen,33224,,
tg,rfd2.0,241356,241649,Gräfin Franziska von Hohenheim.,1,und,KON,und,33224,,
tg,rfd2.0,241356,241649,Gräfin Franziska von Hohenheim.,1,fällt,VVFIN,fallen,33224,,
tg,rfd2.0,241356,241649,Gräfin Franziska von Hohenheim.,1,dein,PPOSAT,dein,33224,,
tg,rfd2.0,241356,241649,Gräfin Franziska von Hohenheim.,1,und,KON,und,33224,,
tg,rfd2.0,241356,241649,Gräfin Franziska von Hohenheim.,1,mein,PPOSAT,mein,33224,Gräfin Franziska von Hohenheim.,1
tg,rfd2.0,241356,241649,Gräfin Franziska von Hohenheim.,1,Leben,NN,leben,33224,,
tg,rfd2.0,241356,241649,Gräfin Franziska von Hohenheim.,1,",","$,",--,33224,,
tg,rfd2.0,241356,241649,Gräfin Franziska von Hohenheim.,1,glaub,VVFIN,glaub,33224,,
tg,rfd2.0,241356,241649,Gräfin Franziska von Hohenheim.,1,',$[,--,33224,,
tg,rfd2.0,241356,241649,Gräfin Franziska von Hohenheim.,1,es,PPER,es,33224,,
tg,rfd2.0,241356,241649,Gräfin Franziska von Hohenheim.,1,mir,PPER,sich,33224,Gräfin Franziska von Hohenheim.,1
tg,rfd2.0,241356,241649,Gräfin Franziska von Hohenheim.,1,"!",$.,--,33224,,
tg,rfd2.0,241356,241649,Gräfin Franziska von Hohenheim.,1,Steht,NN,stehen,33224,,
tg,rfd2.0,241356,241649,Gräfin Franziska von Hohenheim.,1,und,KON,und,33224,,
tg,rfd2.0,241356,241649,Gräfin Franziska von Hohenheim.,1,fällt,VVFIN,fallen,33224,,
tg,rfd2.0,241356,241649,Gräfin Franziska von Hohenheim.,1,dein,PPOSAT,dein,33224,,
tg,rfd2.0,241356,241649,Gräfin Franziska von Hohenheim.,1,Ruf,NN,ruf,33224,,
tg,rfd2.0,241356,241649,Gräfin Franziska von Hohenheim.,1,und,KON,und,33224,,
tg,rfd2.0,241356,241649,Gräfin Franziska von Hohenheim.,1,Ruhm,NN,ruhm,33224,,
tg,rfd2.0,241356,241649,Gräfin Franziska von Hohenheim.,1,im,APPRART,in,33224,,
tg,rfd2.0,241356,241649,Gräfin Franziska von Hohenheim.,1,Vaterlande,NN,vaterlande,33224,,
tg,rfd2.0,241356,241649,Gräfin Franziska von Hohenheim.,1,",","$,",--,33224,,
tg,rfd2.0,241356,241649,Gräfin Franziska von Hohenheim.,1,in,APPR,in,33224,,
tg,rfd2.0,241356,241649,Gräfin Franziska von Hohenheim.,1,der,ART,der,33224,,
tg,rfd2.0,241356,241649,Gräfin Franziska von Hohenheim.,1,Geschichte,NN,geschichte,33224,,
tg,rfd2.0,241356,241649,Gräfin Franziska von Hohenheim.,1,",","$,",--,33224,,
tg,rfd2.0,241356,241649,Gräfin Franziska von Hohenheim.,1,das,ART,der,33224,,
tg,rfd2.0,241356,241649,Gräfin Franziska von Hohenheim.,1,weiß,VVFIN,weiß,33224,,
tg,rfd2.0,241356,241649,Gräfin Franziska von Hohenheim.,1,ich,PPER,ich,33224,Gräfin Franziska von Hohenheim.,1
tg,rfd2.0,241356,241649,Gräfin Franziska von Hohenheim.,1,",","$,",--,33224,,
tg,rfd2.0,241356,241649,Gräfin Franziska von Hohenheim.,1,Karl,NE,karl,33224,,
tg,rfd2.0,241356,241649,Gräfin Franziska von Hohenheim.,1,–,XY,–,33224,,
tg,rfd2.0,241654,241725,Herzog Karl von Württemberg.,0,Ich,PPER,ich,33224,,
tg,rfd2.0,241654,241725,Herzog Karl von Württemberg.,0,weiß,VVFIN,weiß,33224,,
tg,rfd2.0,241654,241725,Herzog Karl von Württemberg.,0,es,PPER,es,33224,,
tg,rfd2.0,241654,241725,Herzog Karl von Württemberg.,0,auch,ADV,auch,33224,,
tg,rfd2.0,241654,241725,Herzog Karl von Württemberg.,0,",","$,",--,33224,,
tg,rfd2.0,241654,241725,Herzog Karl von Württemberg.,0,und,KON,und,33224,,
tg,rfd2.0,241654,241725,Herzog Karl von Württemberg.,0,deshalb,PROAV,deshalb,33224,,
tg,rfd2.0,241654,241725,Herzog Karl von Württemberg.,0,bin,VAFIN,sein,33224,,
tg,rfd2.0,241654,241725,Herzog Karl von Württemberg.,0,ich,PPER,ich,33224,Herzog Karl von Württemberg.,0
tg,rfd2.0,241654,241725,Herzog Karl von Württemberg.,0,streng,ADJD,streng,33224,,
tg,rfd2.0,241654,241725,Herzog Karl von Württemberg.,0,und,KON,und,33224,,
tg,rfd2.0,241654,241725,Herzog Karl von Württemberg.,0,handle,VVFIN,handeln,33224,,
tg,rfd2.0,241654,241725,Herzog Karl von Württemberg.,0,rasch,ADJD,rasch,33224,,
tg,rfd2.0,241654,241725,Herzog Karl von Württemberg.,0,.,$.,--,33224,,
tg,rfd2.0,241730,241836,Gräfin Franziska von Hohenheim.,1,O,NE,O,33224,,
tg,rfd2.0,241730,241836,Gräfin Franziska von Hohenheim.,1,mein,PPOSAT,mein,33224,Gräfin Franziska von Hohenheim.,1
tg,rfd2.0,241730,241836,Gräfin Franziska von Hohenheim.,1,Gott,NN,gott,33224,,
tg,rfd2.0,241730,241836,Gräfin Franziska von Hohenheim.,1,",","$,",--,33224,,
tg,rfd2.0,241730,241836,Gräfin Franziska von Hohenheim.,1,mein,PPOSAT,mein,33224,Gräfin Franziska von Hohenheim.,1
tg,rfd2.0,241730,241836,Gräfin Franziska von Hohenheim.,1,Gott,NN,gott,33224,,
tg,rfd2.0,241730,241836,Gräfin Franziska von Hohenheim.,1,",","$,",--,33224,,
tg,rfd2.0,241730,241836,Gräfin Franziska von Hohenheim.,1,wie,PWAV,wie,33224,,
tg,rfd2.0,241730,241836,Gräfin Franziska von Hohenheim.,1,unmächtig,ADJD,unmächtig,33224,,
tg,rfd2.0,241730,241836,Gräfin Franziska von Hohenheim.,1,ist,VAFIN,sein,33224,,
tg,rfd2.0,241730,241836,Gräfin Franziska von Hohenheim.,1,das,ART,der,33224,,
tg,rfd2.0,241730,241836,Gräfin Franziska von Hohenheim.,1,Weib,NN,weib,33224,,
tg,rfd2.0,241730,241836,Gräfin Franziska von Hohenheim.,1,",","$,",--,33224,,
tg,rfd2.0,241730,241836,Gräfin Franziska von Hohenheim.,1,wenn,KOUS,wenn,33224,,
tg,rfd2.0,241730,241836,Gräfin Franziska von Hohenheim.,1,es,PPER,es,33224,,
tg,rfd2.0,241730,241836,Gräfin Franziska von Hohenheim.,1,nicht,PTKNEG,nicht,33224,,
tg,rfd2.0,241730,241836,Gräfin Franziska von Hohenheim.,1,geliebt,VVPP,lieben,33224,,
tg,rfd2.0,241730,241836,Gräfin Franziska von Hohenheim.,1,wird,VAFIN,werden,33224,,
tg,rfd2.0,241730,241836,Gräfin Franziska von Hohenheim.,1,.,$.,--,33224,,
tg,rfd2.0,241841,241860,Herzog Karl von Württemberg.,0,Franziska,NE,franziska,33224,,
tg,rfd2.0,241841,241860,Herzog Karl von Württemberg.,0,"!",$.,--,33224,,
tg,rfd2.0,241866,242183,Gräfin Franziska von Hohenheim.,1,So,ADV,so,33224,,
tg,rfd2.0,241866,242183,Gräfin Franziska von Hohenheim.,1,zögre,VVFIN,zögre,33224,,
tg,rfd2.0,241866,242183,Gräfin Franziska von Hohenheim.,1,wenigstens,ADV,wenigstens,33224,,
tg,rfd2.0,241866,242183,Gräfin Franziska von Hohenheim.,1,mit,APPR,mit,33224,,
tg,rfd2.0,241866,242183,Gräfin Franziska von Hohenheim.,1,dem,ART,der,33224,,
tg,rfd2.0,241866,242183,Gräfin Franziska von Hohenheim.,1,Gericht,NN,gericht,33224,,
tg,rfd2.0,241866,242183,Gräfin Franziska von Hohenheim.,1,"!",$.,--,33224,,
tg,rfd2.0,241866,242183,Gräfin Franziska von Hohenheim.,1,Du,PPER,du,33224,,
tg,rfd2.0,241866,242183,Gräfin Franziska von Hohenheim.,1,bist,VAFIN,sein,33224,,
tg,rfd2.0,241866,242183,Gräfin Franziska von Hohenheim.,1,übernächtig,ADJD,übernächtig,33224,,
tg,rfd2.0,241866,242183,Gräfin Franziska von Hohenheim.,1,",","$,",--,33224,,
tg,rfd2.0,241866,242183,Gräfin Franziska von Hohenheim.,1,du,PPER,du,33224,,
tg,rfd2.0,241866,242183,Gräfin Franziska von Hohenheim.,1,bist,VAFIN,sein,33224,,
tg,rfd2.0,241866,242183,Gräfin Franziska von Hohenheim.,1,aufgeregt,ADJD,aufregen,33224,,
tg,rfd2.0,241866,242183,Gräfin Franziska von Hohenheim.,1,",","$,",--,33224,,
tg,rfd2.0,241866,242183,Gräfin Franziska von Hohenheim.,1,laß,VVFIN,lassen,33224,,
tg,rfd2.0,241866,242183,Gräfin Franziska von Hohenheim.,1,die,ART,der,33224,,
tg,rfd2.0,241866,242183,Gräfin Franziska von Hohenheim.,1,Sonne,NN,sonne,33224,,
tg,rfd2.0,241866,242183,Gräfin Franziska von Hohenheim.,1,untergehen,VVINF,untergehen,33224,,
tg,rfd2.0,241866,242183,Gräfin Franziska von Hohenheim.,1,und,KON,und,33224,,
tg,rfd2.0,241866,242183,Gräfin Franziska von Hohenheim.,1,wieder,ADV,wieder,33224,,
tg,rfd2.0,241866,242183,Gräfin Franziska von Hohenheim.,1,aufgehen,VVINF,aufgehen,33224,,
tg,rfd2.0,241866,242183,Gräfin Franziska von Hohenheim.,1,",","$,",--,33224,,
tg,rfd2.0,241866,242183,Gräfin Franziska von Hohenheim.,1,ehe,KOUS,ehe,33224,,
tg,rfd2.0,241866,242183,Gräfin Franziska von Hohenheim.,1,du,PPER,du,33224,,
tg,rfd2.0,241866,242183,Gräfin Franziska von Hohenheim.,1,beschließest,VVPP,beschließest,33224,,
tg,rfd2.0,241866,242183,Gräfin Franziska von Hohenheim.,1,.,$.,--,33224,,
tg,rfd2.0,241866,242183,Gräfin Franziska von Hohenheim.,1,Ablehnende,ADJA,ablehnend,33224,,
tg,rfd2.0,241866,242183,Gräfin Franziska von Hohenheim.,1,Bewegung,NN,bewegung,33224,,
tg,rfd2.0,241866,242183,Gräfin Franziska von Hohenheim.,1,des,ART,der,33224,,
tg,rfd2.0,241866,242183,Gräfin Franziska von Hohenheim.,1,Herzogs,NN,herzog,33224,,
tg,rfd2.0,241866,242183,Gräfin Franziska von Hohenheim.,1,.,$.,--,33224,,
tg,rfd2.0,241866,242183,Gräfin Franziska von Hohenheim.,1,Außer,APPR,außer,33224,,
tg,rfd2.0,241866,242183,Gräfin Franziska von Hohenheim.,1,sich,PRF,sich,33224,,
tg,rfd2.0,241866,242183,Gräfin Franziska von Hohenheim.,1,.,$.,--,33224,,
tg,rfd2.0,241866,242183,Gräfin Franziska von Hohenheim.,1,Sei,VAIMP,sein,33224,,
tg,rfd2.0,241866,242183,Gräfin Franziska von Hohenheim.,1,nicht,PTKNEG,nicht,33224,,
tg,rfd2.0,241866,242183,Gräfin Franziska von Hohenheim.,1,grausam,ADJD,grausam,33224,,
tg,rfd2.0,241866,242183,Gräfin Franziska von Hohenheim.,1,",","$,",--,33224,,
tg,rfd2.0,241866,242183,Gräfin Franziska von Hohenheim.,1,um,KOUI,um,33224,,
tg,rfd2.0,241866,242183,Gräfin Franziska von Hohenheim.,1,gerecht,ADJD,gerecht,33224,,
tg,rfd2.0,241866,242183,Gräfin Franziska von Hohenheim.,1,zu,PTKZU,zu,33224,,
tg,rfd2.0,241866,242183,Gräfin Franziska von Hohenheim.,1,sein,VAINF,sein,33224,,
tg,rfd2.0,241866,242183,Gräfin Franziska von Hohenheim.,1,"!",$.,--,33224,,
tg,rfd2.0,241866,242183,Gräfin Franziska von Hohenheim.,1,Zu,APPR,zu,33224,,
tg,rfd2.0,241866,242183,Gräfin Franziska von Hohenheim.,1,deinen,PPOSAT,dein,33224,,
tg,rfd2.0,241866,242183,Gräfin Franziska von Hohenheim.,1,Füßen,NN,fuß,33224,,
tg,rfd2.0,241866,242183,Gräfin Franziska von Hohenheim.,1,beschwöre,VVFIN,beschwören,33224,,
tg,rfd2.0,241866,242183,Gräfin Franziska von Hohenheim.,1,ich,PPER,ich,33224,Gräfin Franziska von Hohenheim.,1
tg,rfd2.0,241866,242183,Gräfin Franziska von Hohenheim.,1,dich,PRF,dich,33224,,
tg,rfd2.0,241866,242183,Gräfin Franziska von Hohenheim.,1,–,XY,–,33224,,
tg,rfd2.0,241866,242183,Gräfin Franziska von Hohenheim.,1,"!",$.,--,33224,,
tg,rfd2.0,241866,242183,Gräfin Franziska von Hohenheim.,1,Er,PPER,er,33224,,
tg,rfd2.0,241866,242183,Gräfin Franziska von Hohenheim.,1,läßt,VVFIN,lassen,33224,,
tg,rfd2.0,241866,242183,Gräfin Franziska von Hohenheim.,1,sie,PPER,sie,33224,,
tg,rfd2.0,241866,242183,Gräfin Franziska von Hohenheim.,1,nicht,PTKNEG,nicht,33224,,
tg,rfd2.0,241866,242183,Gräfin Franziska von Hohenheim.,1,knien,VVFIN,knien,33224,,
tg,rfd2.0,241866,242183,Gräfin Franziska von Hohenheim.,1,.,$.,--,33224,,
tg,rfd2.0,242189,242235,Herzog Karl von Württemberg.,0,Franziska,NE,franziska,33224,,
tg,rfd2.0,242189,242235,Herzog Karl von Württemberg.,0,",","$,",--,33224,,
tg,rfd2.0,242189,242235,Herzog Karl von Württemberg.,0,du,PPER,du,33224,,
tg,rfd2.0,242189,242235,Herzog Karl von Württemberg.,0,bist,VAFIN,sein,33224,,
tg,rfd2.0,242189,242235,Herzog Karl von Württemberg.,0,außer,APPR,außer,33224,,
tg,rfd2.0,242189,242235,Herzog Karl von Württemberg.,0,dir,PPER,dir,33224,,
tg,rfd2.0,242189,242235,Herzog Karl von Württemberg.,0,"!",$.,--,33224,,
tg,rfd2.0,242240,242367,Gräfin Franziska von Hohenheim.,1,Jawohl,NE,jawohl,33224,,
tg,rfd2.0,242240,242367,Gräfin Franziska von Hohenheim.,1,",","$,",--,33224,,
tg,rfd2.0,242240,242367,Gräfin Franziska von Hohenheim.,1,und,KON,und,33224,,
tg,rfd2.0,242240,242367,Gräfin Franziska von Hohenheim.,1,mit,APPR,mit,33224,,
tg,rfd2.0,242240,242367,Gräfin Franziska von Hohenheim.,1,Fug,NN,fug,33224,,
tg,rfd2.0,242240,242367,Gräfin Franziska von Hohenheim.,1,und,KON,und,33224,,
tg,rfd2.0,242240,242367,Gräfin Franziska von Hohenheim.,1,Recht,NN,recht,33224,,
tg,rfd2.0,242240,242367,Gräfin Franziska von Hohenheim.,1,;,$.,--,33224,,
tg,rfd2.0,242240,242367,Gräfin Franziska von Hohenheim.,1,denn,KON,denn,33224,,
tg,rfd2.0,242240,242367,Gräfin Franziska von Hohenheim.,1,du,PPER,du,33224,,
tg,rfd2.0,242240,242367,Gräfin Franziska von Hohenheim.,1,verstehst,ADV,verstehst,33224,,
tg,rfd2.0,242240,242367,Gräfin Franziska von Hohenheim.,1,nicht,PTKNEG,nicht,33224,,
tg,rfd2.0,242240,242367,Gräfin Franziska von Hohenheim.,1,",","$,",--,33224,,
tg,rfd2.0,242240,242367,Gräfin Franziska von Hohenheim.,1,daß,KOUS,daß,33224,,
tg,rfd2.0,242240,242367,Gräfin Franziska von Hohenheim.,1,es,PPER,es,33224,,
tg,rfd2.0,242240,242367,Gräfin Franziska von Hohenheim.,1,sich,PRF,sich,33224,,
tg,rfd2.0,242240,242367,Gräfin Franziska von Hohenheim.,1,um,APPR,um,33224,,
tg,rfd2.0,242240,242367,Gräfin Franziska von Hohenheim.,1,Tod,NN,tod,33224,,
tg,rfd2.0,242240,242367,Gräfin Franziska von Hohenheim.,1,und,KON,und,33224,,
tg,rfd2.0,242240,242367,Gräfin Franziska von Hohenheim.,1,Leben,NN,leben,33224,,
tg,rfd2.0,242240,242367,Gräfin Franziska von Hohenheim.,1,für,APPR,für,33224,,
tg,rfd2.0,242240,242367,Gräfin Franziska von Hohenheim.,1,uns,PPER,uns,33224,,
tg,rfd2.0,242240,242367,Gräfin Franziska von Hohenheim.,1,alle,PIS,aller,33224,ALLE,30
tg,rfd2.0,242240,242367,Gräfin Franziska von Hohenheim.,1,handelt,VVFIN,handeln,33224,,
tg,rfd2.0,242240,242367,Gräfin Franziska von Hohenheim.,1,.,$.,--,33224,,
tg,rfd2.0,242372,242645,Herzog Karl von Württemberg.,0,Ich,PPER,ich,33224,,
tg,rfd2.0,242372,242645,Herzog Karl von Württemberg.,0,will,VMFIN,wollen,33224,,
tg,rfd2.0,242372,242645,Herzog Karl von Württemberg.,0,dir,PRF,dir,33224,,
tg,rfd2.0,242372,242645,Herzog Karl von Württemberg.,0,meinen,PPOSAT,meinen,33224,Herzog Karl von Württemberg.,0
tg,rfd2.0,242372,242645,Herzog Karl von Württemberg.,0,guten,ADJA,gut,33224,,
tg,rfd2.0,242372,242645,Herzog Karl von Württemberg.,0,Willen,NN,wille,33224,,
tg,rfd2.0,242372,242645,Herzog Karl von Württemberg.,0,zeigen,VVFIN,zeigen,33224,,
tg,rfd2.0,242372,242645,Herzog Karl von Württemberg.,0,–,PPER,–,33224,,
tg,rfd2.0,242372,242645,Herzog Karl von Württemberg.,0,soweit,ADV,soweit,33224,,
tg,rfd2.0,242372,242645,Herzog Karl von Württemberg.,0,ich,PPER,ich,33224,Herzog Karl von Württemberg.,0
tg,rfd2.0,242372,242645,Herzog Karl von Württemberg.,0,kann,VMFIN,können,33224,,
tg,rfd2.0,242372,242645,Herzog Karl von Württemberg.,0,.,$.,--,33224,,
tg,rfd2.0,242673,243264,Herzog Karl von Württemberg.,0,Ich,PPER,ich,33224,,
tg,rfd2.0,242673,243264,Herzog Karl von Württemberg.,0,will,VMFIN,wollen,33224,,
tg,rfd2.0,242673,243264,Herzog Karl von Württemberg.,0,den,ART,der,33224,,
tg,rfd2.0,242673,243264,Herzog Karl von Württemberg.,0,jungen,ADJA,jung,33224,,
tg,rfd2.0,242673,243264,Herzog Karl von Württemberg.,0,Menschen,NN,mensch,33224,,
tg,rfd2.0,242673,243264,Herzog Karl von Württemberg.,0,noch,ADV,noch,33224,,
tg,rfd2.0,242673,243264,Herzog Karl von Württemberg.,0,einmal,ADV,einmal,33224,,
tg,rfd2.0,242673,243264,Herzog Karl von Württemberg.,0,sprechen,VVINF,sprechen,33224,,
tg,rfd2.0,242673,243264,Herzog Karl von Württemberg.,0,.,$.,--,33224,,
tg,rfd2.0,242673,243264,Herzog Karl von Württemberg.,0,–,XY,–,33224,,
tg,rfd2.0,242673,243264,Herzog Karl von Württemberg.,0,Geht,VVFIN,gehen,33224,,
tg,rfd2.0,242673,243264,Herzog Karl von Württemberg.,0,rasch,ADJD,rasch,33224,,
tg,rfd2.0,242673,243264,Herzog Karl von Württemberg.,0,hinten,ADV,hinten,33224,,
tg,rfd2.0,242673,243264,Herzog Karl von Württemberg.,0,an,APPR,an,33224,,
tg,rfd2.0,242673,243264,Herzog Karl von Württemberg.,0,die,ART,der,33224,,
tg,rfd2.0,242673,243264,Herzog Karl von Württemberg.,0,offene,ADJA,offen,33224,,
tg,rfd2.0,242673,243264,Herzog Karl von Württemberg.,0,Tür,NN,tür,33224,,
tg,rfd2.0,242673,243264,Herzog Karl von Württemberg.,0,und,KON,und,33224,,
tg,rfd2.0,242673,243264,Herzog Karl von Württemberg.,0,ruft,VVFIN,rufen,33224,,
tg,rfd2.0,242673,243264,Herzog Karl von Württemberg.,0,nach,APPR,nach,33224,,
tg,rfd2.0,242673,243264,Herzog Karl von Württemberg.,0,rechts,ADV,rechts,33224,,
tg,rfd2.0,242673,243264,Herzog Karl von Württemberg.,0,",","$,",--,33224,,
tg,rfd2.0,242673,243264,Herzog Karl von Württemberg.,0,wo,PWAV,wo,33224,,
tg,rfd2.0,242673,243264,Herzog Karl von Württemberg.,0,Bleistift,NN,bleistift,33224,BLEISTIFT,31
tg,rfd2.0,242673,243264,Herzog Karl von Württemberg.,0,",","$,",--,33224,,
tg,rfd2.0,242673,243264,Herzog Karl von Württemberg.,0,ohne,KOUI,ohne,33224,,
tg,rfd2.0,242673,243264,Herzog Karl von Württemberg.,0,weiter,ADV,weiter,33224,,
tg,rfd2.0,242673,243264,Herzog Karl von Württemberg.,0,zu,PTKZU,zu,33224,,
tg,rfd2.0,242673,243264,Herzog Karl von Württemberg.,0,antworten,VVINF,antworten,33224,,
tg,rfd2.0,242673,243264,Herzog Karl von Württemberg.,0,",","$,",--,33224,,
tg,rfd2.0,242673,243264,Herzog Karl von Württemberg.,0,einen,ART,ein,33224,,
tg,rfd2.0,242673,243264,Herzog Karl von Württemberg.,0,Moment,NN,moment,33224,,
tg,rfd2.0,242673,243264,Herzog Karl von Württemberg.,0,an,APPR,an,33224,,
tg,rfd2.0,242673,243264,Herzog Karl von Württemberg.,0,der,ART,der,33224,,
tg,rfd2.0,242673,243264,Herzog Karl von Württemberg.,0,offnen,ADJA,offnen,33224,,
tg,rfd2.0,242673,243264,Herzog Karl von Württemberg.,0,Tür,NN,tür,33224,,
tg,rfd2.0,242673,243264,Herzog Karl von Württemberg.,0,sichtbar,ADJD,sichtbar,33224,,
tg,rfd2.0,242673,243264,Herzog Karl von Württemberg.,0,wird,VAFIN,werden,33224,,
tg,rfd2.0,242673,243264,Herzog Karl von Württemberg.,0,und,KON,und,33224,,
tg,rfd2.0,242673,243264,Herzog Karl von Württemberg.,0,wieder,ADV,wieder,33224,,
tg,rfd2.0,242673,243264,Herzog Karl von Württemberg.,0,verschwindet,VVFIN,verschwinden,33224,,
tg,rfd2.0,242673,243264,Herzog Karl von Württemberg.,0,.,$.,--,33224,,
tg,rfd2.0,242673,243264,Herzog Karl von Württemberg.,0,Heda,NE,heda,33224,,
tg,rfd2.0,242673,243264,Herzog Karl von Württemberg.,0,"!",$.,--,33224,,
tg,rfd2.0,242673,243264,Herzog Karl von Württemberg.,0,Ruf,NN,ruf,33224,,
tg,rfd2.0,242673,243264,Herzog Karl von Württemberg.,0,den,ART,der,33224,,
tg,rfd2.0,242673,243264,Herzog Karl von Württemberg.,0,Schiller,NE,schiller,33224,SCHILLER,29
tg,rfd2.0,242673,243264,Herzog Karl von Württemberg.,0,herauf,PTKVZ,herauf,33224,,
tg,rfd2.0,242673,243264,Herzog Karl von Württemberg.,0,zu,APPR,zu,33224,,
tg,rfd2.0,242673,243264,Herzog Karl von Württemberg.,0,mir,PPER,sich,33224,Herzog Karl von Württemberg.,0
tg,rfd2.0,242673,243264,Herzog Karl von Württemberg.,0,"!",$.,--,33224,,
tg,rfd2.0,242673,243264,Herzog Karl von Württemberg.,0,Zurückkommend,ADJD,zurückkommend,33224,,
tg,rfd2.0,242673,243264,Herzog Karl von Württemberg.,0,.,$.,--,33224,,
tg,rfd2.0,242673,243264,Herzog Karl von Württemberg.,0,Hier,ADV,hier,33224,,
tg,rfd2.0,242673,243264,Herzog Karl von Württemberg.,0,soll,VMFIN,sollen,33224,,
tg,rfd2.0,242673,243264,Herzog Karl von Württemberg.,0,er,PPER,er,33224,,
tg,rfd2.0,242673,243264,Herzog Karl von Württemberg.,0,auf,APPR,auf,33224,,
tg,rfd2.0,242673,243264,Herzog Karl von Württemberg.,0,mich,PPER,mich,33224,Herzog Karl von Württemberg.,0
tg,rfd2.0,242673,243264,Herzog Karl von Württemberg.,0,warten,VVINF,warten,33224,,
tg,rfd2.0,242673,243264,Herzog Karl von Württemberg.,0,.,$.,--,33224,,
tg,rfd2.0,242673,243264,Herzog Karl von Württemberg.,0,Sein,PPOSAT,sein,33224,,
tg,rfd2.0,242673,243264,Herzog Karl von Württemberg.,0,Schicksal,NN,schicksal,33224,,
tg,rfd2.0,242673,243264,Herzog Karl von Württemberg.,0,sei,VAFIN,sein,33224,,
tg,rfd2.0,242673,243264,Herzog Karl von Württemberg.,0,hiermit,PROAV,hiermit,33224,,
tg,rfd2.0,242673,243264,Herzog Karl von Württemberg.,0,noch,ADV,noch,33224,,
tg,rfd2.0,242673,243264,Herzog Karl von Württemberg.,0,einmal,ADV,einmal,33224,,
tg,rfd2.0,242673,243264,Herzog Karl von Württemberg.,0,",","$,",--,33224,,
tg,rfd2.0,242673,243264,Herzog Karl von Württemberg.,0,aber,KON,aber,33224,,
tg,rfd2.0,242673,243264,Herzog Karl von Württemberg.,0,zum,APPRART,zu,33224,,
tg,rfd2.0,242673,243264,Herzog Karl von Württemberg.,0,letzten,ADJA,letzter,33224,,
tg,rfd2.0,242673,243264,Herzog Karl von Württemberg.,0,Male,NN,mal,33224,,
tg,rfd2.0,242673,243264,Herzog Karl von Württemberg.,0,in,APPR,in,33224,,
tg,rfd2.0,242673,243264,Herzog Karl von Württemberg.,0,seine,PPOSAT,sein,33224,,
tg,rfd2.0,242673,243264,Herzog Karl von Württemberg.,0,Hand,NN,hand,33224,,
tg,rfd2.0,242673,243264,Herzog Karl von Württemberg.,0,gegeben,VVPP,geben,33224,,
tg,rfd2.0,242673,243264,Herzog Karl von Württemberg.,0,.,$.,--,33224,,
tg,rfd2.0,242673,243264,Herzog Karl von Württemberg.,0,Mit,APPR,mit,33224,,
tg,rfd2.0,242673,243264,Herzog Karl von Württemberg.,0,tiefer,ADJD,tief,33224,,
tg,rfd2.0,242673,243264,Herzog Karl von Württemberg.,0,Stimme,NN,stimme,33224,,
tg,rfd2.0,242673,243264,Herzog Karl von Württemberg.,0,.,$.,--,33224,,
tg,rfd2.0,242673,243264,Herzog Karl von Württemberg.,0,Ich,PPER,ich,33224,,
tg,rfd2.0,242673,243264,Herzog Karl von Württemberg.,0,habe,VAFIN,haben,33224,,
tg,rfd2.0,242673,243264,Herzog Karl von Württemberg.,0,nichts,PIS,nichts,33224,,
tg,rfd2.0,242673,243264,Herzog Karl von Württemberg.,0,dagegen,PROAV,dagegen,33224,,
tg,rfd2.0,242673,243264,Herzog Karl von Württemberg.,0,",","$,",--,33224,,
tg,rfd2.0,242673,243264,Herzog Karl von Württemberg.,0,daß,KOUS,daß,33224,,
tg,rfd2.0,242673,243264,Herzog Karl von Württemberg.,0,ihr,PPOSAT,ihr,33224,,
tg,rfd2.0,242673,243264,Herzog Karl von Württemberg.,0,Frauen,NN,frau,33224,,
tg,rfd2.0,242673,243264,Herzog Karl von Württemberg.,0,ihn,PPER,ihn,33224,,
tg,rfd2.0,242673,243264,Herzog Karl von Württemberg.,0,aufmerksam,ADJD,aufmerksam,33224,,
tg,rfd2.0,242673,243264,Herzog Karl von Württemberg.,0,macht,VVFIN,machen,33224,,
tg,rfd2.0,242673,243264,Herzog Karl von Württemberg.,0,",","$,",--,33224,,
tg,rfd2.0,242673,243264,Herzog Karl von Württemberg.,0,was,PWS,was,33224,,
tg,rfd2.0,242673,243264,Herzog Karl von Württemberg.,0,auf,APPR,auf,33224,,
tg,rfd2.0,242673,243264,Herzog Karl von Württemberg.,0,dem,ART,der,33224,,
tg,rfd2.0,242673,243264,Herzog Karl von Württemberg.,0,Spiel,NN,spiel,33224,,
tg,rfd2.0,242673,243264,Herzog Karl von Württemberg.,0,stehe,VVFIN,stehen,33224,,
tg,rfd2.0,242673,243264,Herzog Karl von Württemberg.,0,.,$.,--,33224,,
tg,rfd2.0,242673,243264,Herzog Karl von Württemberg.,0,Nimm,PTKANT,nimm,33224,,
tg,rfd2.0,242673,243264,Herzog Karl von Württemberg.,0,dir,PPER,dir,33224,,
tg,rfd2.0,242673,243264,Herzog Karl von Württemberg.,0,die,ART,der,33224,,
tg,rfd2.0,242673,243264,Herzog Karl von Württemberg.,0,Bäbele,NN,bäbele,33224,,
tg,rfd2.0,242673,243264,Herzog Karl von Württemberg.,0,zu,APPR,zu,33224,,
tg,rfd2.0,242673,243264,Herzog Karl von Württemberg.,0,Hilfe,NN,hilfe,33224,,
tg,rfd2.0,242673,243264,Herzog Karl von Württemberg.,0,",","$,",--,33224,,
tg,rfd2.0,242673,243264,Herzog Karl von Württemberg.,0,sie,PPER,sie,33224,,
tg,rfd2.0,242673,243264,Herzog Karl von Württemberg.,0,ist,VAFIN,sein,33224,,
tg,rfd2.0,242673,243264,Herzog Karl von Württemberg.,0,ein,ART,ein,33224,,
tg,rfd2.0,242673,243264,Herzog Karl von Württemberg.,0,gesunder,ADJA,gesund,33224,,
tg,rfd2.0,242673,243264,Herzog Karl von Württemberg.,0,Verstand,NN,verstand,33224,,
tg,rfd2.0,242673,243264,Herzog Karl von Württemberg.,0,.,$.,--,33224,,
tg,rfd2.0,242673,243264,Herzog Karl von Württemberg.,0,Du,PPER,du,33224,,
tg,rfd2.0,242673,243264,Herzog Karl von Württemberg.,0,siehst,VVFIN,sehen,33224,,
tg,rfd2.0,242673,243264,Herzog Karl von Württemberg.,0,",","$,",--,33224,,
tg,rfd2.0,242673,243264,Herzog Karl von Württemberg.,0,ich,PPER,ich,33224,Herzog Karl von Württemberg.,0
tg,rfd2.0,242673,243264,Herzog Karl von Württemberg.,0,bin,VAFIN,sein,33224,,
tg,rfd2.0,242673,243264,Herzog Karl von Württemberg.,0,billig,ADJD,billig,33224,,
tg,rfd2.0,242673,243264,Herzog Karl von Württemberg.,0,.,$.,--,33224,,
tg,rfd2.0,243302,243488,Herzog Karl von Württemberg.,0,Schiller,NE,schiller,33224,SCHILLER,29
tg,rfd2.0,243302,243488,Herzog Karl von Württemberg.,0,ist,VAFIN,sein,33224,,
tg,rfd2.0,243302,243488,Herzog Karl von Württemberg.,0,wahr,ADJD,wahr,33224,,
tg,rfd2.0,243302,243488,Herzog Karl von Württemberg.,0,und,KON,und,33224,,
tg,rfd2.0,243302,243488,Herzog Karl von Württemberg.,0,ehrlich,ADJD,ehrlich,33224,,
tg,rfd2.0,243302,243488,Herzog Karl von Württemberg.,0,–,VVFIN,–,33224,,
tg,rfd2.0,243302,243488,Herzog Karl von Württemberg.,0,ich,PPER,ich,33224,Herzog Karl von Württemberg.,0
tg,rfd2.0,243302,243488,Herzog Karl von Württemberg.,0,werde,VAFIN,werden,33224,,
tg,rfd2.0,243302,243488,Herzog Karl von Württemberg.,0,sehen,VVINF,sehen,33224,,
tg,rfd2.0,243302,243488,Herzog Karl von Württemberg.,0,",","$,",--,33224,,
tg,rfd2.0,243302,243488,Herzog Karl von Württemberg.,0,ob,KOUS,ob,33224,,
tg,rfd2.0,243302,243488,Herzog Karl von Württemberg.,0,eine,ART,ein,33224,,
tg,rfd2.0,243302,243488,Herzog Karl von Württemberg.,0,Ausgleichung,NN,ausgleichung,33224,,
tg,rfd2.0,243302,243488,Herzog Karl von Württemberg.,0,möglich,ADJD,möglich,33224,,
tg,rfd2.0,243302,243488,Herzog Karl von Württemberg.,0,ist,VAFIN,sein,33224,,
tg,rfd2.0,243302,243488,Herzog Karl von Württemberg.,0,",","$,",--,33224,,
tg,rfd2.0,243302,243488,Herzog Karl von Württemberg.,0,ich,PPER,ich,33224,Herzog Karl von Württemberg.,0
tg,rfd2.0,243302,243488,Herzog Karl von Württemberg.,0,werde,VAFIN,werden,33224,,
tg,rfd2.0,243302,243488,Herzog Karl von Württemberg.,0,erwägen,VVINF,erwägen,33224,,
tg,rfd2.0,243302,243488,Herzog Karl von Württemberg.,0,",","$,",--,33224,,
tg,rfd2.0,243302,243488,Herzog Karl von Württemberg.,0,wieviel,PWAV,wieviel,33224,,
tg,rfd2.0,243302,243488,Herzog Karl von Württemberg.,0,er,PPER,er,33224,,
tg,rfd2.0,243302,243488,Herzog Karl von Württemberg.,0,versprechen,VVFIN,versprechen,33224,,
tg,rfd2.0,243302,243488,Herzog Karl von Württemberg.,0,",","$,",--,33224,,
tg,rfd2.0,243302,243488,Herzog Karl von Württemberg.,0,wieviel,PWAV,wieviel,33224,,
tg,rfd2.0,243302,243488,Herzog Karl von Württemberg.,0,er,PPER,er,33224,,
tg,rfd2.0,243302,243488,Herzog Karl von Württemberg.,0,halten,VVINF,halten,33224,,
tg,rfd2.0,243302,243488,Herzog Karl von Württemberg.,0,kann,VMFIN,können,33224,,
tg,rfd2.0,243302,243488,Herzog Karl von Württemberg.,0,.,$.,--,33224,,
tg,rfd2.0,243302,243488,Herzog Karl von Württemberg.,0,Bist,VAFIN,sein,33224,,
tg,rfd2.0,243302,243488,Herzog Karl von Württemberg.,0,du,PPER,du,33224,,
tg,rfd2.0,243302,243488,Herzog Karl von Württemberg.,0,zufrieden,ADJD,zufrieden,33224,,
tg,rfd2.0,243302,243488,Herzog Karl von Württemberg.,0,?,$.,--,33224,,
tg,rfd2.0,243493,243566,Gräfin Franziska von Hohenheim.,1,Ich,PPER,ich,33224,,
tg,rfd2.0,243493,243566,Gräfin Franziska von Hohenheim.,1,danke,VVFIN,danken,33224,,
tg,rfd2.0,243493,243566,Gräfin Franziska von Hohenheim.,1,dir,PRF,dir,33224,,
tg,rfd2.0,243493,243566,Gräfin Franziska von Hohenheim.,1,wenigstens,ADV,wenigstens,33224,,
tg,rfd2.0,243493,243566,Gräfin Franziska von Hohenheim.,1,–,CARD,–,33224,,
tg,rfd2.0,243493,243566,Gräfin Franziska von Hohenheim.,1,Gott,NN,gott,33224,,
tg,rfd2.0,243493,243566,Gräfin Franziska von Hohenheim.,1,möge,VMFIN,mögen,33224,,
tg,rfd2.0,243493,243566,Gräfin Franziska von Hohenheim.,1,es,PPER,es,33224,,
tg,rfd2.0,243493,243566,Gräfin Franziska von Hohenheim.,1,zu,APPR,zu,33224,,
tg,rfd2.0,243493,243566,Gräfin Franziska von Hohenheim.,1,unserm,APPRART,unser,33224,,
tg,rfd2.0,243493,243566,Gräfin Franziska von Hohenheim.,1,Besten,NN,gut,33224,,
tg,rfd2.0,243493,243566,Gräfin Franziska von Hohenheim.,1,lenken,VVINF,lenken,33224,,
tg,rfd2.0,243493,243566,Gräfin Franziska von Hohenheim.,1,.,$.,--,33224,,
tg,rfd2.0,243571,243620,Herzog Karl von Württemberg.,0,Das,PDS,der,33224,,
tg,rfd2.0,243571,243620,Herzog Karl von Württemberg.,0,möge,VMFIN,mögen,33224,,
tg,rfd2.0,243571,243620,Herzog Karl von Württemberg.,0,er,PPER,er,33224,,
tg,rfd2.0,243571,243620,Herzog Karl von Württemberg.,0,"!",$.,--,33224,,
tg,rfd2.0,243571,243620,Herzog Karl von Württemberg.,0,Und,KON,und,33224,,
tg,rfd2.0,243571,243620,Herzog Karl von Württemberg.,0,mir,PPER,sich,33224,Herzog Karl von Württemberg.,0
tg,rfd2.0,243571,243620,Herzog Karl von Württemberg.,0,dein,PPOSAT,dein,33224,,
tg,rfd2.0,243571,243620,Herzog Karl von Württemberg.,0,Herz,NN,herz,33224,,
tg,rfd2.0,243571,243620,Herzog Karl von Württemberg.,0,erhalten,VVPP,erhalten,33224,,
tg,rfd2.0,243571,243620,Herzog Karl von Württemberg.,0,.,$.,--,33224,,
tg,rfd2.0,243625,243816,Gräfin Franziska von Hohenheim.,1,Wie,PWAV,wie,33224,,
tg,rfd2.0,243625,243816,Gräfin Franziska von Hohenheim.,1,mir,PPER,sich,33224,Gräfin Franziska von Hohenheim.,1
tg,rfd2.0,243625,243816,Gräfin Franziska von Hohenheim.,1,das,PDS,der,33224,,
tg,rfd2.0,243625,243816,Gräfin Franziska von Hohenheim.,1,deine,PPOSAT,dein,33224,,
tg,rfd2.0,243625,243816,Gräfin Franziska von Hohenheim.,1,",","$,",--,33224,,
tg,rfd2.0,243625,243816,Gräfin Franziska von Hohenheim.,1,Karl,NE,karl,33224,,
tg,rfd2.0,243625,243816,Gräfin Franziska von Hohenheim.,1,–,XY,–,33224,,
tg,rfd2.0,243625,243816,Gräfin Franziska von Hohenheim.,1,denn,KON,denn,33224,,
tg,rfd2.0,243625,243816,Gräfin Franziska von Hohenheim.,1,die,ART,der,33224,,
tg,rfd2.0,243625,243816,Gräfin Franziska von Hohenheim.,1,Gefahr,NN,gefahr,33224,,
tg,rfd2.0,243625,243816,Gräfin Franziska von Hohenheim.,1,ist,VAFIN,sein,33224,,
tg,rfd2.0,243625,243816,Gräfin Franziska von Hohenheim.,1,groß,ADJD,groß,33224,,
tg,rfd2.0,243625,243816,Gräfin Franziska von Hohenheim.,1,"!",$.,--,33224,,
tg,rfd2.0,243625,243816,Gräfin Franziska von Hohenheim.,1,Sie,PPER,sie,33224,,
tg,rfd2.0,243625,243816,Gräfin Franziska von Hohenheim.,1,geht,VVFIN,gehen,33224,,
tg,rfd2.0,243625,243816,Gräfin Franziska von Hohenheim.,1,links,ADV,links,33224,,
tg,rfd2.0,243625,243816,Gräfin Franziska von Hohenheim.,1,nach,APPR,nach,33224,,
tg,rfd2.0,243625,243816,Gräfin Franziska von Hohenheim.,1,der,ART,der,33224,,
tg,rfd2.0,243625,243816,Gräfin Franziska von Hohenheim.,1,ersten,ADJA,erster,33224,,
tg,rfd2.0,243625,243816,Gräfin Franziska von Hohenheim.,1,Tür,NN,tür,33224,,
tg,rfd2.0,243625,243816,Gräfin Franziska von Hohenheim.,1,",","$,",--,33224,,
tg,rfd2.0,243625,243816,Gräfin Franziska von Hohenheim.,1,er,PPER,er,33224,,
tg,rfd2.0,243625,243816,Gräfin Franziska von Hohenheim.,1,winkt,VVFIN,winken,33224,,
tg,rfd2.0,243625,243816,Gräfin Franziska von Hohenheim.,1,ihr,PPOSAT,ihr,33224,,
tg,rfd2.0,243625,243816,Gräfin Franziska von Hohenheim.,1,ernst,ADJD,ernst,33224,,
tg,rfd2.0,243625,243816,Gräfin Franziska von Hohenheim.,1,liebevoll,ADJD,liebevoll,33224,,
tg,rfd2.0,243625,243816,Gräfin Franziska von Hohenheim.,1,mit,APPR,mit,33224,,
tg,rfd2.0,243625,243816,Gräfin Franziska von Hohenheim.,1,der,ART,der,33224,,
tg,rfd2.0,243625,243816,Gräfin Franziska von Hohenheim.,1,Hand,NN,hand,33224,,
tg,rfd2.0,243625,243816,Gräfin Franziska von Hohenheim.,1,und,KON,und,33224,,
tg,rfd2.0,243625,243816,Gräfin Franziska von Hohenheim.,1,geht,VVFIN,gehen,33224,,
tg,rfd2.0,243625,243816,Gräfin Franziska von Hohenheim.,1,nach,APPR,nach,33224,,
tg,rfd2.0,243625,243816,Gräfin Franziska von Hohenheim.,1,der,ART,der,33224,,
tg,rfd2.0,243625,243816,Gräfin Franziska von Hohenheim.,1,ersten,ADJA,erster,33224,,
tg,rfd2.0,243625,243816,Gräfin Franziska von Hohenheim.,1,Tür,NN,tür,33224,,
tg,rfd2.0,243625,243816,Gräfin Franziska von Hohenheim.,1,rechts,ADV,rechts,33224,,
tg,rfd2.0,243625,243816,Gräfin Franziska von Hohenheim.,1,ab,PTKVZ,ab,33224,,
tg,rfd2.0,243625,243816,Gräfin Franziska von Hohenheim.,1,.,$.,--,33224,,
tg,rfd2.0,244296,244382,SCHILLER,29,Laura,NE,laura,33224,,
tg,rfd2.0,244296,244382,SCHILLER,29,"!",$.,--,33224,,
tg,rfd2.0,244387,244451,"Laura, deren Pflegetochter.",3,Still,NE,still,33224,,
tg,rfd2.0,244387,244451,"Laura, deren Pflegetochter.",3,"!",$.,--,33224,,
tg,rfd2.0,244520,244664,"Laura, deren Pflegetochter.",3,Mama,NN,--,33224,,
tg,rfd2.0,244520,244664,"Laura, deren Pflegetochter.",3,und,KON,und,33224,,
tg,rfd2.0,244520,244664,"Laura, deren Pflegetochter.",3,Tante,TRUNC,tante,33224,,
tg,rfd2.0,244520,244664,"Laura, deren Pflegetochter.",3,sind,VAFIN,sein,33224,,
tg,rfd2.0,244520,244664,"Laura, deren Pflegetochter.",3,dicht,ADJD,dicht,33224,,
tg,rfd2.0,244520,244664,"Laura, deren Pflegetochter.",3,hinter,APPR,hinter,33224,,
tg,rfd2.0,244520,244664,"Laura, deren Pflegetochter.",3,mir,PPER,sich,33224,"Laura, deren Pflegetochter.",3
tg,rfd2.0,244520,244664,"Laura, deren Pflegetochter.",3,"!",$.,--,33224,,
tg,rfd2.0,244520,244664,"Laura, deren Pflegetochter.",3,Folgt,VVFIN,folgen,33224,,
tg,rfd2.0,244520,244664,"Laura, deren Pflegetochter.",3,ihren,PPOSAT,ihr,33224,,
tg,rfd2.0,244520,244664,"Laura, deren Pflegetochter.",3,Ratschlägen,NN,ratschlag,33224,,
tg,rfd2.0,244520,244664,"Laura, deren Pflegetochter.",3,",","$,",--,33224,,
tg,rfd2.0,244520,244664,"Laura, deren Pflegetochter.",3,sie,PPER,sie,33224,,
tg,rfd2.0,244520,244664,"Laura, deren Pflegetochter.",3,meinen's,VVFIN,meinen's,33224,,
tg,rfd2.0,244520,244664,"Laura, deren Pflegetochter.",3,gut,ADJD,gut,33224,,
tg,rfd2.0,244520,244664,"Laura, deren Pflegetochter.",3,mit,APPR,mit,33224,,
tg,rfd2.0,244520,244664,"Laura, deren Pflegetochter.",3,Euch,PPER,euch,33224,,
tg,rfd2.0,244520,244664,"Laura, deren Pflegetochter.",3,.,$.,--,33224,,
tg,rfd2.0,244670,244947,Gräfin Franziska von Hohenheim.,1,Laura,NE,laura,33224,,
tg,rfd2.0,244670,244947,Gräfin Franziska von Hohenheim.,1,"!",$.,--,33224,,
tg,rfd2.0,244670,244947,Gräfin Franziska von Hohenheim.,1,Sie,PPER,sie,33224,,
tg,rfd2.0,244670,244947,Gräfin Franziska von Hohenheim.,1,winkt,VVFIN,winken,33224,,
tg,rfd2.0,244670,244947,Gräfin Franziska von Hohenheim.,1,sie,PPER,sie,33224,,
tg,rfd2.0,244670,244947,Gräfin Franziska von Hohenheim.,1,zu,PTKZU,zu,33224,,
tg,rfd2.0,244670,244947,Gräfin Franziska von Hohenheim.,1,sich,PRF,sich,33224,,
tg,rfd2.0,244670,244947,Gräfin Franziska von Hohenheim.,1,",","$,",--,33224,,
tg,rfd2.0,244670,244947,Gräfin Franziska von Hohenheim.,1,gibt,VVFIN,geben,33224,,
tg,rfd2.0,244670,244947,Gräfin Franziska von Hohenheim.,1,ihr,PPER,ihr,33224,,
tg,rfd2.0,244670,244947,Gräfin Franziska von Hohenheim.,1,die,ART,der,33224,,
tg,rfd2.0,244670,244947,Gräfin Franziska von Hohenheim.,1,Hand,NN,hand,33224,,
tg,rfd2.0,244670,244947,Gräfin Franziska von Hohenheim.,1,und,KON,und,33224,,
tg,rfd2.0,244670,244947,Gräfin Franziska von Hohenheim.,1,weist,VVFIN,weisen,33224,,
tg,rfd2.0,244670,244947,Gräfin Franziska von Hohenheim.,1,ihr,PPER,ihr,33224,,
tg,rfd2.0,244670,244947,Gräfin Franziska von Hohenheim.,1,die,ART,der,33224,,
tg,rfd2.0,244670,244947,Gräfin Franziska von Hohenheim.,1,Stellung,NN,stellung,33224,,
tg,rfd2.0,244670,244947,Gräfin Franziska von Hohenheim.,1,rechts,ADV,rechts,33224,,
tg,rfd2.0,244670,244947,Gräfin Franziska von Hohenheim.,1,neben,APPR,neben,33224,,
tg,rfd2.0,244670,244947,Gräfin Franziska von Hohenheim.,1,sich,PRF,sich,33224,,
tg,rfd2.0,244670,244947,Gräfin Franziska von Hohenheim.,1,an,PTKVZ,an,33224,,
tg,rfd2.0,244670,244947,Gräfin Franziska von Hohenheim.,1,.,$.,--,33224,,
tg,rfd2.0,244670,244947,Gräfin Franziska von Hohenheim.,1,Du,PPER,du,33224,,
tg,rfd2.0,244670,244947,Gräfin Franziska von Hohenheim.,1,darfst,VAFIN,darfen,33224,,
tg,rfd2.0,244670,244947,Gräfin Franziska von Hohenheim.,1,Schiller,NE,schiller,33224,SCHILLER,29
tg,rfd2.0,244670,244947,Gräfin Franziska von Hohenheim.,1,jetzt,ADV,jetzt,33224,,
tg,rfd2.0,244670,244947,Gräfin Franziska von Hohenheim.,1,nicht,PTKNEG,nicht,33224,,
tg,rfd2.0,244670,244947,Gräfin Franziska von Hohenheim.,1,stören,VVFIN,stören,33224,,
tg,rfd2.0,244670,244947,Gräfin Franziska von Hohenheim.,1,",","$,",--,33224,,
tg,rfd2.0,244670,244947,Gräfin Franziska von Hohenheim.,1,er,PPER,er,33224,,
tg,rfd2.0,244670,244947,Gräfin Franziska von Hohenheim.,1,braucht,VVFIN,brauchen,33224,,
tg,rfd2.0,244670,244947,Gräfin Franziska von Hohenheim.,1,all,PIDAT,all,33224,,
tg,rfd2.0,244670,244947,Gräfin Franziska von Hohenheim.,1,seine,PPOSAT,sein,33224,,
tg,rfd2.0,244670,244947,Gräfin Franziska von Hohenheim.,1,Fassung,NN,fassung,33224,,
tg,rfd2.0,244670,244947,Gräfin Franziska von Hohenheim.,1,.,$.,--,33224,,
tg,rfd2.0,244670,244947,Gräfin Franziska von Hohenheim.,1,–,XY,–,33224,,
tg,rfd2.0,244670,244947,Gräfin Franziska von Hohenheim.,1,Schiller,NE,schiller,33224,SCHILLER,29
tg,rfd2.0,244670,244947,Gräfin Franziska von Hohenheim.,1,"!",$.,--,33224,,
tg,rfd2.0,244670,244947,Gräfin Franziska von Hohenheim.,1,Ihre,PPOSAT,ihr,33224,,
tg,rfd2.0,244670,244947,Gräfin Franziska von Hohenheim.,1,Stellung,NN,stellung,33224,,
tg,rfd2.0,244670,244947,Gräfin Franziska von Hohenheim.,1,ist,VAFIN,sein,33224,,
tg,rfd2.0,244670,244947,Gräfin Franziska von Hohenheim.,1,hier,ADV,hier,33224,,
tg,rfd2.0,244670,244947,Gräfin Franziska von Hohenheim.,1,völlig,ADJD,völlig,33224,,
tg,rfd2.0,244670,244947,Gräfin Franziska von Hohenheim.,1,geändert,VVPP,ändern,33224,,
tg,rfd2.0,244670,244947,Gräfin Franziska von Hohenheim.,1,.,$.,--,33224,,
tg,rfd2.0,244670,244947,Gräfin Franziska von Hohenheim.,1,Demgemäß,NN,demgemäß,33224,,
tg,rfd2.0,244670,244947,Gräfin Franziska von Hohenheim.,1,müssen,VMFIN,müssen,33224,,
tg,rfd2.0,244670,244947,Gräfin Franziska von Hohenheim.,1,Sie,PPER,sie,33224,,
tg,rfd2.0,244670,244947,Gräfin Franziska von Hohenheim.,1,handeln,VVFIN,handeln,33224,,
tg,rfd2.0,244670,244947,Gräfin Franziska von Hohenheim.,1,.,$.,--,33224,,
tg,rfd2.0,244670,244947,Gräfin Franziska von Hohenheim.,1,Sind,VAFIN,sein,33224,,
tg,rfd2.0,244670,244947,Gräfin Franziska von Hohenheim.,1,Sie,PPER,sie,33224,,
tg,rfd2.0,244670,244947,Gräfin Franziska von Hohenheim.,1,dazu,PROAV,dazu,33224,,
tg,rfd2.0,244670,244947,Gräfin Franziska von Hohenheim.,1,bereit,PTKVZ,bereit,33224,,
tg,rfd2.0,244670,244947,Gräfin Franziska von Hohenheim.,1,.,$.,--,33224,,
tg,rfd2.0,244952,245112,SCHILLER,29,Das,PDS,der,33224,,
tg,rfd2.0,244952,245112,SCHILLER,29,bin,VAFIN,sein,33224,,
tg,rfd2.0,244952,245112,SCHILLER,29,ich,PPER,ich,33224,SCHILLER,29
tg,rfd2.0,244952,245112,SCHILLER,29,",","$,",--,33224,,
tg,rfd2.0,244952,245112,SCHILLER,29,gnädigste,ADJA,gnädig,33224,,
tg,rfd2.0,244952,245112,SCHILLER,29,Frau,NN,frau,33224,,
tg,rfd2.0,244952,245112,SCHILLER,29,.,$.,--,33224,,
tg,rfd2.0,244952,245112,SCHILLER,29,Bis,APPR,bis,33224,,
tg,rfd2.0,244952,245112,SCHILLER,29,heute,ADV,heute,33224,,
tg,rfd2.0,244952,245112,SCHILLER,29,nacht,ADJD,nacht,33224,,
tg,rfd2.0,244952,245112,SCHILLER,29,war,VAFIN,sein,33224,,
tg,rfd2.0,244952,245112,SCHILLER,29,ich,PPER,ich,33224,SCHILLER,29
tg,rfd2.0,244952,245112,SCHILLER,29,unsicher,ADJD,unsicher,33224,,
tg,rfd2.0,244952,245112,SCHILLER,29,über,APPR,über,33224,,
tg,rfd2.0,244952,245112,SCHILLER,29,meinen,PPOSAT,meinen,33224,SCHILLER,29
tg,rfd2.0,244952,245112,SCHILLER,29,Beruf,NN,beruf,33224,,
tg,rfd2.0,244952,245112,SCHILLER,29,.,$.,--,33224,,
tg,rfd2.0,244952,245112,SCHILLER,29,Jetzt,ADV,jetzt,33224,,
tg,rfd2.0,244952,245112,SCHILLER,29,bin,VAFIN,sein,33224,,
tg,rfd2.0,244952,245112,SCHILLER,29,ich,PPER,ich,33224,SCHILLER,29
tg,rfd2.0,244952,245112,SCHILLER,29,sicher,ADJD,sicher,33224,,
tg,rfd2.0,244952,245112,SCHILLER,29,",","$,",--,33224,,
tg,rfd2.0,244952,245112,SCHILLER,29,und,KON,und,33224,,
tg,rfd2.0,244952,245112,SCHILLER,29,ich,PPER,ich,33224,SCHILLER,29
tg,rfd2.0,244952,245112,SCHILLER,29,werde,VAFIN,werden,33224,,
tg,rfd2.0,244952,245112,SCHILLER,29,ihn,PPER,ihn,33224,,
tg,rfd2.0,244952,245112,SCHILLER,29,vertreten,VVPP,vertreten,33224,,
tg,rfd2.0,244952,245112,SCHILLER,29,bis,APPR,bis,33224,,
tg,rfd2.0,244952,245112,SCHILLER,29,zum,APPRART,zu,33224,,
tg,rfd2.0,244952,245112,SCHILLER,29,Äußersten,NN,äußersten,33224,,
tg,rfd2.0,244952,245112,SCHILLER,29,.,$.,--,33224,,
tg,rfd2.0,245117,245213,Gräfin Franziska von Hohenheim.,1,Jetzt,ADV,jetzt,33224,,
tg,rfd2.0,245117,245213,Gräfin Franziska von Hohenheim.,1,muß,VMFIN,müssen,33224,,
tg,rfd2.0,245117,245213,Gräfin Franziska von Hohenheim.,1,ich,PPER,ich,33224,Gräfin Franziska von Hohenheim.,1
tg,rfd2.0,245117,245213,Gräfin Franziska von Hohenheim.,1,Ihnen,PPER,ihnen,33224,,
tg,rfd2.0,245117,245213,Gräfin Franziska von Hohenheim.,1,selbst,ADV,selbst,33224,,
tg,rfd2.0,245117,245213,Gräfin Franziska von Hohenheim.,1,dazu,PROAV,dazu,33224,,
tg,rfd2.0,245117,245213,Gräfin Franziska von Hohenheim.,1,raten,VVFIN,raten,33224,,
tg,rfd2.0,245117,245213,Gräfin Franziska von Hohenheim.,1,–,PPER,–,33224,,
tg,rfd2.0,245117,245213,Gräfin Franziska von Hohenheim.,1,es,PPER,es,33224,,
tg,rfd2.0,245117,245213,Gräfin Franziska von Hohenheim.,1,ist,VAFIN,sein,33224,,
tg,rfd2.0,245117,245213,Gräfin Franziska von Hohenheim.,1,nichts,PIS,nichts,33224,,
tg,rfd2.0,245117,245213,Gräfin Franziska von Hohenheim.,1,mehr,ADV,mehr,33224,,
tg,rfd2.0,245117,245213,Gräfin Franziska von Hohenheim.,1,übrig,ADJD,übrig,33224,,
tg,rfd2.0,245117,245213,Gräfin Franziska von Hohenheim.,1,als,KOKOM,als,33224,,
tg,rfd2.0,245117,245213,Gräfin Franziska von Hohenheim.,1,schleunige,ADJA,schleunig,33224,,
tg,rfd2.0,245117,245213,Gräfin Franziska von Hohenheim.,1,Flucht,NN,flucht,33224,,
tg,rfd2.0,245117,245213,Gräfin Franziska von Hohenheim.,1,.,$.,--,33224,,
tg,rfd2.0,245218,245237,SCHILLER,29,Flucht,NN,flucht,33224,,
tg,rfd2.0,245218,245237,SCHILLER,29,?,$.,--,33224,,
tg,rfd2.0,245218,245237,SCHILLER,29,"!",$.,--,33224,,
tg,rfd2.0,245242,245265,"Laura, deren Pflegetochter.",3,Flucht,NN,flucht,33224,,
tg,rfd2.0,245242,245265,"Laura, deren Pflegetochter.",3,"!",$.,--,33224,,
tg,rfd2.0,245270,245314,Generalin Rieger.,2,Jawohl,NE,jawohl,33224,,
tg,rfd2.0,245270,245314,Generalin Rieger.,2,",","$,",--,33224,,
tg,rfd2.0,245270,245314,Generalin Rieger.,2,sprecht,ADJD,sprecht,33224,,
tg,rfd2.0,245270,245314,Generalin Rieger.,2,leise,ADJD,leise,33224,,
tg,rfd2.0,245270,245314,Generalin Rieger.,2,"!",$.,--,33224,,
tg,rfd2.0,245320,245950,SCHILLER,29,Gnädigste,ADJA,gnädig,33224,,
tg,rfd2.0,245320,245950,SCHILLER,29,Frau,NN,frau,33224,,
tg,rfd2.0,245320,245950,SCHILLER,29,–,APPR,–,33224,,
tg,rfd2.0,245320,245950,SCHILLER,29,Sie,PPER,sie,33224,,
tg,rfd2.0,245320,245950,SCHILLER,29,haben,VAFIN,haben,33224,,
tg,rfd2.0,245320,245950,SCHILLER,29,mich,PPER,mich,33224,SCHILLER,29
tg,rfd2.0,245320,245950,SCHILLER,29,mißverstanden,VVPP,mißverstehen,33224,,
tg,rfd2.0,245320,245950,SCHILLER,29,.,$.,--,33224,,
tg,rfd2.0,245320,245950,SCHILLER,29,Ich,PPER,ich,33224,,
tg,rfd2.0,245320,245950,SCHILLER,29,war,VAFIN,sein,33224,,
tg,rfd2.0,245320,245950,SCHILLER,29,unsicher,ADJD,unsicher,33224,,
tg,rfd2.0,245320,245950,SCHILLER,29,und,KON,und,33224,,
tg,rfd2.0,245320,245950,SCHILLER,29,verzagt,VVFIN,verzagen,33224,,
tg,rfd2.0,245320,245950,SCHILLER,29,und,KON,und,33224,,
tg,rfd2.0,245320,245950,SCHILLER,29,dachte,VVFIN,denken,33224,,
tg,rfd2.0,245320,245950,SCHILLER,29,an,APPR,an,33224,,
tg,rfd2.0,245320,245950,SCHILLER,29,Flucht,NN,flucht,33224,,
tg,rfd2.0,245320,245950,SCHILLER,29,und,KON,und,33224,,
tg,rfd2.0,245320,245950,SCHILLER,29,Verzweiflung,NN,verzweiflung,33224,,
tg,rfd2.0,245320,245950,SCHILLER,29,an,APPR,an,33224,,
tg,rfd2.0,245320,245950,SCHILLER,29,mir,PPER,sich,33224,SCHILLER,29
tg,rfd2.0,245320,245950,SCHILLER,29,selbst,ADV,selbst,33224,,
tg,rfd2.0,245320,245950,SCHILLER,29,",","$,",--,33224,,
tg,rfd2.0,245320,245950,SCHILLER,29,solange,KOUS,solange,33224,,
tg,rfd2.0,245320,245950,SCHILLER,29,alle,PIDAT,aller,33224,ALLE,30
tg,rfd2.0,245320,245950,SCHILLER,29,Zeichen,NN,zeichen,33224,,
tg,rfd2.0,245320,245950,SCHILLER,29,um,APPR,um,33224,,
tg,rfd2.0,245320,245950,SCHILLER,29,mich,PPER,mich,33224,SCHILLER,29
tg,rfd2.0,245320,245950,SCHILLER,29,her,PTKVZ,her,33224,,
tg,rfd2.0,245320,245950,SCHILLER,29,verkündeten,VVFIN,verkünden,33224,,
tg,rfd2.0,245320,245950,SCHILLER,29,",","$,",--,33224,,
tg,rfd2.0,245320,245950,SCHILLER,29,ich,PPER,ich,33224,SCHILLER,29
tg,rfd2.0,245320,245950,SCHILLER,29,sei,VAFIN,sein,33224,,
tg,rfd2.0,245320,245950,SCHILLER,29,im,APPRART,in,33224,,
tg,rfd2.0,245320,245950,SCHILLER,29,Irrtum,NN,irrtum,33224,,
tg,rfd2.0,245320,245950,SCHILLER,29,über,APPR,über,33224,,
tg,rfd2.0,245320,245950,SCHILLER,29,mein,PPOSAT,mein,33224,SCHILLER,29
tg,rfd2.0,245320,245950,SCHILLER,29,Talent,NN,talent,33224,,
tg,rfd2.0,245320,245950,SCHILLER,29,",","$,",--,33224,,
tg,rfd2.0,245320,245950,SCHILLER,29,ich,PPER,ich,33224,SCHILLER,29
tg,rfd2.0,245320,245950,SCHILLER,29,sei,VAFIN,sein,33224,,
tg,rfd2.0,245320,245950,SCHILLER,29,unmächtig,ADJD,unmächtig,33224,,
tg,rfd2.0,245320,245950,SCHILLER,29,.,$.,--,33224,,
tg,rfd2.0,245320,245950,SCHILLER,29,Denn,KON,denn,33224,,
tg,rfd2.0,245320,245950,SCHILLER,29,wir,PPER,wir,33224,,
tg,rfd2.0,245320,245950,SCHILLER,29,Poeten,NN,poet,33224,,
tg,rfd2.0,245320,245950,SCHILLER,29,sind,VAFIN,sein,33224,,
tg,rfd2.0,245320,245950,SCHILLER,29,nur,ADV,nur,33224,,
tg,rfd2.0,245320,245950,SCHILLER,29,etwas,PIS,etwas,33224,,
tg,rfd2.0,245320,245950,SCHILLER,29,",","$,",--,33224,,
tg,rfd2.0,245320,245950,SCHILLER,29,wenn,KOUS,wenn,33224,,
tg,rfd2.0,245320,245950,SCHILLER,29,man,PIS,man,33224,,
tg,rfd2.0,245320,245950,SCHILLER,29,uns,PPER,uns,33224,,
tg,rfd2.0,245320,245950,SCHILLER,29,glaubt,VVFIN,glauben,33224,,
tg,rfd2.0,245320,245950,SCHILLER,29,und,KON,und,33224,,
tg,rfd2.0,245320,245950,SCHILLER,29,vertraut,ADJD,vertraut,33224,,
tg,rfd2.0,245320,245950,SCHILLER,29,.,$.,--,33224,,
tg,rfd2.0,245320,245950,SCHILLER,29,Jetzt,ADV,jetzt,33224,,
tg,rfd2.0,245320,245950,SCHILLER,29,weiß,VVFIN,weiß,33224,,
tg,rfd2.0,245320,245950,SCHILLER,29,ich,PPER,ich,33224,SCHILLER,29
tg,rfd2.0,245320,245950,SCHILLER,29,",","$,",--,33224,,
tg,rfd2.0,245320,245950,SCHILLER,29,daß,KOUS,daß,33224,,
tg,rfd2.0,245320,245950,SCHILLER,29,ich,PPER,ich,33224,SCHILLER,29
tg,rfd2.0,245320,245950,SCHILLER,29,Mit,APPR,mit,33224,,
tg,rfd2.0,245320,245950,SCHILLER,29,halbem,ADJA,halb,33224,,
tg,rfd2.0,245320,245950,SCHILLER,29,Blicke,NN,blick,33224,,
tg,rfd2.0,245320,245950,SCHILLER,29,auf,APPR,auf,33224,,
tg,rfd2.0,245320,245950,SCHILLER,29,Laura,NE,laura,33224,,
tg,rfd2.0,245320,245950,SCHILLER,29,.,$.,--,33224,,
tg,rfd2.0,245320,245950,SCHILLER,29,Glauben,NN,glaube,33224,,
tg,rfd2.0,245320,245950,SCHILLER,29,und,KON,und,33224,,
tg,rfd2.0,245320,245950,SCHILLER,29,Vertrauen,NN,vertrauen,33224,,
tg,rfd2.0,245320,245950,SCHILLER,29,finden,VVINF,finden,33224,,
tg,rfd2.0,245320,245950,SCHILLER,29,kann,VMFIN,können,33224,,
tg,rfd2.0,245320,245950,SCHILLER,29,",","$,",--,33224,,
tg,rfd2.0,245320,245950,SCHILLER,29,und,KON,und,33224,,
tg,rfd2.0,245320,245950,SCHILLER,29,jetzt,ADV,jetzt,33224,,
tg,rfd2.0,245320,245950,SCHILLER,29,wanke,VVFIN,wanken,33224,,
tg,rfd2.0,245320,245950,SCHILLER,29,und,KON,und,33224,,
tg,rfd2.0,245320,245950,SCHILLER,29,weiche,ADJA,weichen,33224,,
tg,rfd2.0,245320,245950,SCHILLER,29,ich,PPER,ich,33224,SCHILLER,29
tg,rfd2.0,245320,245950,SCHILLER,29,nicht,PTKNEG,nicht,33224,,
tg,rfd2.0,245320,245950,SCHILLER,29,mehr,ADV,mehr,33224,,
tg,rfd2.0,245320,245950,SCHILLER,29,von,APPR,von,33224,,
tg,rfd2.0,245320,245950,SCHILLER,29,dem,ART,der,33224,,
tg,rfd2.0,245320,245950,SCHILLER,29,Platze,NN,platz,33224,,
tg,rfd2.0,245320,245950,SCHILLER,29,",","$,",--,33224,,
tg,rfd2.0,245320,245950,SCHILLER,29,welchen,PWAT,welcher,33224,,
tg,rfd2.0,245320,245950,SCHILLER,29,mir,PPER,sich,33224,SCHILLER,29
tg,rfd2.0,245320,245950,SCHILLER,29,das,ART,der,33224,,
tg,rfd2.0,245320,245950,SCHILLER,29,Schicksal,NN,schicksal,33224,,
tg,rfd2.0,245320,245950,SCHILLER,29,angewiesen,VVPP,angewiesen,33224,,
tg,rfd2.0,245320,245950,SCHILLER,29,.,$.,--,33224,,
tg,rfd2.0,245956,245974,Gräfin Franziska von Hohenheim.,1,Schiller,NE,schiller,33224,SCHILLER,29
tg,rfd2.0,245956,245974,Gräfin Franziska von Hohenheim.,1,"!",$.,--,33224,,
tg,rfd2.0,245979,246005,Generalin Rieger.,2,Da,ADV,da,33224,,
tg,rfd2.0,245979,246005,Generalin Rieger.,2,hörst,VVFIN,hörst,33224,,
tg,rfd2.0,245979,246005,Generalin Rieger.,2,du's,PPER,du,33224,,
tg,rfd2.0,245979,246005,Generalin Rieger.,2,"!",$.,--,33224,,
tg,rfd2.0,246010,246198,SCHILLER,29,Ich,PPER,ich,33224,,
tg,rfd2.0,246010,246198,SCHILLER,29,fühle,VVFIN,fühlen,33224,,
tg,rfd2.0,246010,246198,SCHILLER,29,jetzt,ADV,jetzt,33224,,
tg,rfd2.0,246010,246198,SCHILLER,29,die,ART,der,33224,,
tg,rfd2.0,246010,246198,SCHILLER,29,Kraft,NN,kraft,33224,,
tg,rfd2.0,246010,246198,SCHILLER,29,in,APPR,in,33224,,
tg,rfd2.0,246010,246198,SCHILLER,29,mir,PPER,sich,33224,SCHILLER,29
tg,rfd2.0,246010,246198,SCHILLER,29,",","$,",--,33224,,
tg,rfd2.0,246010,246198,SCHILLER,29,meine,PPOSAT,mein,33224,SCHILLER,29
tg,rfd2.0,246010,246198,SCHILLER,29,innere,ADJA,innerer,33224,,
tg,rfd2.0,246010,246198,SCHILLER,29,Welt,NN,welt,33224,,
tg,rfd2.0,246010,246198,SCHILLER,29,geltend,ADJD,geltend,33224,,
tg,rfd2.0,246010,246198,SCHILLER,29,zu,PTKZU,zu,33224,,
tg,rfd2.0,246010,246198,SCHILLER,29,machen,VVINF,machen,33224,,
tg,rfd2.0,246010,246198,SCHILLER,29,gegen,APPR,gegen,33224,,
tg,rfd2.0,246010,246198,SCHILLER,29,alle,PIDAT,aller,33224,ALLE,30
tg,rfd2.0,246010,246198,SCHILLER,29,Hindernisse,NN,hindernis,33224,,
tg,rfd2.0,246010,246198,SCHILLER,29,",","$,",--,33224,,
tg,rfd2.0,246010,246198,SCHILLER,29,ja,ADV,ja,33224,,
tg,rfd2.0,246010,246198,SCHILLER,29,gegen,APPR,gegen,33224,,
tg,rfd2.0,246010,246198,SCHILLER,29,die,ART,der,33224,,
tg,rfd2.0,246010,246198,SCHILLER,29,mächtigsten,ADJA,mächtig,33224,,
tg,rfd2.0,246010,246198,SCHILLER,29,Widersacher,NN,widersacher,33224,,
tg,rfd2.0,246010,246198,SCHILLER,29,",","$,",--,33224,,
tg,rfd2.0,246010,246198,SCHILLER,29,und,KON,und,33224,,
tg,rfd2.0,246010,246198,SCHILLER,29,ich,PPER,ich,33224,SCHILLER,29
tg,rfd2.0,246010,246198,SCHILLER,29,fühle,VVFIN,fühlen,33224,,
tg,rfd2.0,246010,246198,SCHILLER,29,",","$,",--,33224,,
tg,rfd2.0,246010,246198,SCHILLER,29,daß,KOUS,daß,33224,,
tg,rfd2.0,246010,246198,SCHILLER,29,ich,PPER,ich,33224,SCHILLER,29
tg,rfd2.0,246010,246198,SCHILLER,29,dazu,PROAV,dazu,33224,,
tg,rfd2.0,246010,246198,SCHILLER,29,verpflichtet,VVPP,verpflichten,33224,,
tg,rfd2.0,246010,246198,SCHILLER,29,bin,VAFIN,sein,33224,,
tg,rfd2.0,246010,246198,SCHILLER,29,.,$.,--,33224,,
tg,rfd2.0,246204,246224,Gräfin Franziska von Hohenheim.,1,Nimmermehr,NN,nimmermehr,33224,,
tg,rfd2.0,246204,246224,Gräfin Franziska von Hohenheim.,1,"!",$.,--,33224,,
tg,rfd2.0,246230,246257,Generalin Rieger.,2,O,NE,O,33224,,
tg,rfd2.0,246230,246257,Generalin Rieger.,2,Gott,NN,gott,33224,,
tg,rfd2.0,246230,246257,Generalin Rieger.,2,",","$,",--,33224,,
tg,rfd2.0,246230,246257,Generalin Rieger.,2,o,ADV,O,33224,,
tg,rfd2.0,246230,246257,Generalin Rieger.,2,Gott,NN,gott,33224,,
tg,rfd2.0,246230,246257,Generalin Rieger.,2,"!",$.,--,33224,,
tg,rfd2.0,246262,246401,SCHILLER,29,Der,ART,der,33224,,
tg,rfd2.0,246262,246401,SCHILLER,29,Baum,NN,baum,33224,,
tg,rfd2.0,246262,246401,SCHILLER,29,",","$,",--,33224,,
tg,rfd2.0,246262,246401,SCHILLER,29,welcher,ADJA,welcher,33224,,
tg,rfd2.0,246262,246401,SCHILLER,29,verpflanzt,VVPP,verpflanzen,33224,,
tg,rfd2.0,246262,246401,SCHILLER,29,wird,VAFIN,werden,33224,,
tg,rfd2.0,246262,246401,SCHILLER,29,",","$,",--,33224,,
tg,rfd2.0,246262,246401,SCHILLER,29,kommt,VVFIN,kommen,33224,,
tg,rfd2.0,246262,246401,SCHILLER,29,in,APPR,in,33224,,
tg,rfd2.0,246262,246401,SCHILLER,29,Gefahr,NN,gefahr,33224,,
tg,rfd2.0,246262,246401,SCHILLER,29,zu,PTKZU,zu,33224,,
tg,rfd2.0,246262,246401,SCHILLER,29,verdorren,VVINF,verdorren,33224,,
tg,rfd2.0,246262,246401,SCHILLER,29,.,$.,--,33224,,
tg,rfd2.0,246262,246401,SCHILLER,29,Den,ART,der,33224,,
tg,rfd2.0,246262,246401,SCHILLER,29,heimatlichen,ADJA,heimatlich,33224,,
tg,rfd2.0,246262,246401,SCHILLER,29,Boden,NN,boden,33224,,
tg,rfd2.0,246262,246401,SCHILLER,29,muß,VMFIN,müssen,33224,,
tg,rfd2.0,246262,246401,SCHILLER,29,man,PIS,man,33224,,
tg,rfd2.0,246262,246401,SCHILLER,29,behaupten,VVFIN,behaupten,33224,,
tg,rfd2.0,246262,246401,SCHILLER,29,um,APPR,um,33224,,
tg,rfd2.0,246262,246401,SCHILLER,29,den,ART,der,33224,,
tg,rfd2.0,246262,246401,SCHILLER,29,höchsten,ADJA,hoch,33224,,
tg,rfd2.0,246262,246401,SCHILLER,29,Preis,NN,preis,33224,,
tg,rfd2.0,246262,246401,SCHILLER,29,.,$.,--,33224,,
tg,rfd2.0,246406,246642,Gräfin Franziska von Hohenheim.,1,Unglücklicher,ADJA,unglückliche,33224,,
tg,rfd2.0,246406,246642,Gräfin Franziska von Hohenheim.,1,"!",$.,--,33224,,
tg,rfd2.0,246406,246642,Gräfin Franziska von Hohenheim.,1,Diesen,PDAT,dieser,33224,,
tg,rfd2.0,246406,246642,Gräfin Franziska von Hohenheim.,1,höchsten,ADJA,hoch,33224,,
tg,rfd2.0,246406,246642,Gräfin Franziska von Hohenheim.,1,Preis,NN,preis,33224,,
tg,rfd2.0,246406,246642,Gräfin Franziska von Hohenheim.,1,verlangt,VVFIN,verlangen,33224,,
tg,rfd2.0,246406,246642,Gräfin Franziska von Hohenheim.,1,man,PIS,man,33224,,
tg,rfd2.0,246406,246642,Gräfin Franziska von Hohenheim.,1,von,APPR,von,33224,,
tg,rfd2.0,246406,246642,Gräfin Franziska von Hohenheim.,1,Ihm,PPER,ihm,33224,,
tg,rfd2.0,246406,246642,Gräfin Franziska von Hohenheim.,1,?,$.,--,33224,,
tg,rfd2.0,246406,246642,Gräfin Franziska von Hohenheim.,1,Das,ART,der,33224,,
tg,rfd2.0,246406,246642,Gräfin Franziska von Hohenheim.,1,Dasein,NN,dasein,33224,,
tg,rfd2.0,246406,246642,Gräfin Franziska von Hohenheim.,1,selbst,ADV,selbst,33224,,
tg,rfd2.0,246406,246642,Gräfin Franziska von Hohenheim.,1,"!",$.,--,33224,,
tg,rfd2.0,246406,246642,Gräfin Franziska von Hohenheim.,1,Ich,PPER,ich,33224,,
tg,rfd2.0,246406,246642,Gräfin Franziska von Hohenheim.,1,weiß,VVFIN,weißn,33224,,
tg,rfd2.0,246406,246642,Gräfin Franziska von Hohenheim.,1,es,PPER,es,33224,,
tg,rfd2.0,246406,246642,Gräfin Franziska von Hohenheim.,1,;,$.,--,33224,,
tg,rfd2.0,246406,246642,Gräfin Franziska von Hohenheim.,1,denn,KON,denn,33224,,
tg,rfd2.0,246406,246642,Gräfin Franziska von Hohenheim.,1,ich,PPER,ich,33224,Gräfin Franziska von Hohenheim.,1
tg,rfd2.0,246406,246642,Gräfin Franziska von Hohenheim.,1,habe,VAFIN,haben,33224,,
tg,rfd2.0,246406,246642,Gräfin Franziska von Hohenheim.,1,soeben,ADV,soeben,33224,,
tg,rfd2.0,246406,246642,Gräfin Franziska von Hohenheim.,1,auf,APPR,auf,33224,,
tg,rfd2.0,246406,246642,Gräfin Franziska von Hohenheim.,1,dieser,PDAT,dieser,33224,,
tg,rfd2.0,246406,246642,Gräfin Franziska von Hohenheim.,1,Stelle,NN,stelle,33224,,
tg,rfd2.0,246406,246642,Gräfin Franziska von Hohenheim.,1,um,APPR,um,33224,,
tg,rfd2.0,246406,246642,Gräfin Franziska von Hohenheim.,1,Sein,PPOSAT,sein,33224,,
tg,rfd2.0,246406,246642,Gräfin Franziska von Hohenheim.,1,Dasein,NN,dasein,33224,,
tg,rfd2.0,246406,246642,Gräfin Franziska von Hohenheim.,1,",","$,",--,33224,,
tg,rfd2.0,246406,246642,Gräfin Franziska von Hohenheim.,1,um,KOUI,um,33224,,
tg,rfd2.0,246406,246642,Gräfin Franziska von Hohenheim.,1,das,ART,der,33224,,
tg,rfd2.0,246406,246642,Gräfin Franziska von Hohenheim.,1,Dasein,NN,dasein,33224,,
tg,rfd2.0,246406,246642,Gräfin Franziska von Hohenheim.,1,des,ART,der,33224,,
tg,rfd2.0,246406,246642,Gräfin Franziska von Hohenheim.,1,Poeten,NN,poet,33224,,
tg,rfd2.0,246406,246642,Gräfin Franziska von Hohenheim.,1,mit,APPR,mit,33224,,
tg,rfd2.0,246406,246642,Gräfin Franziska von Hohenheim.,1,dem,ART,der,33224,,
tg,rfd2.0,246406,246642,Gräfin Franziska von Hohenheim.,1,Herzog,NE,herzog,33224,,
tg,rfd2.0,246406,246642,Gräfin Franziska von Hohenheim.,1,gerungen,VVPP,ringen,33224,,
tg,rfd2.0,246406,246642,Gräfin Franziska von Hohenheim.,1,",","$,",--,33224,,
tg,rfd2.0,246406,246642,Gräfin Franziska von Hohenheim.,1,und,KON,und,33224,,
tg,rfd2.0,246406,246642,Gräfin Franziska von Hohenheim.,1,ich,PPER,ich,33224,Gräfin Franziska von Hohenheim.,1
tg,rfd2.0,246406,246642,Gräfin Franziska von Hohenheim.,1,habe,VAFIN,haben,33224,,
tg,rfd2.0,246406,246642,Gräfin Franziska von Hohenheim.,1,es,PPER,es,33224,,
tg,rfd2.0,246406,246642,Gräfin Franziska von Hohenheim.,1,nicht,PTKNEG,nicht,33224,,
tg,rfd2.0,246406,246642,Gräfin Franziska von Hohenheim.,1,errungen,VVPP,erringen,33224,,
tg,rfd2.0,246406,246642,Gräfin Franziska von Hohenheim.,1,.,$.,--,33224,,
tg,rfd2.0,246647,246703,SCHILLER,29,–,XY,–,33224,,
tg,rfd2.0,246647,246703,SCHILLER,29,Wie,PWAV,wie,33224,,
tg,rfd2.0,246647,246703,SCHILLER,29,?,$.,--,33224,,
tg,rfd2.0,246709,247368,Gräfin Franziska von Hohenheim.,1,Verblenden,NN,verblend,33224,,
tg,rfd2.0,246709,247368,Gräfin Franziska von Hohenheim.,1,Sie,PPER,sie,33224,,
tg,rfd2.0,246709,247368,Gräfin Franziska von Hohenheim.,1,sich,PRF,sich,33224,,
tg,rfd2.0,246709,247368,Gräfin Franziska von Hohenheim.,1,nicht,PTKNEG,nicht,33224,,
tg,rfd2.0,246709,247368,Gräfin Franziska von Hohenheim.,1,",","$,",--,33224,,
tg,rfd2.0,246709,247368,Gräfin Franziska von Hohenheim.,1,Schiller,NE,schiller,33224,SCHILLER,29
tg,rfd2.0,246709,247368,Gräfin Franziska von Hohenheim.,1,",","$,",--,33224,,
tg,rfd2.0,246709,247368,Gräfin Franziska von Hohenheim.,1,durch,APPR,durch,33224,,
tg,rfd2.0,246709,247368,Gräfin Franziska von Hohenheim.,1,den,ART,der,33224,,
tg,rfd2.0,246709,247368,Gräfin Franziska von Hohenheim.,1,Schimmer,NN,schimmer,33224,,
tg,rfd2.0,246709,247368,Gräfin Franziska von Hohenheim.,1,",","$,",--,33224,,
tg,rfd2.0,246709,247368,Gräfin Franziska von Hohenheim.,1,welcher,ADJA,welcher,33224,,
tg,rfd2.0,246709,247368,Gräfin Franziska von Hohenheim.,1,eben,ADV,eben,33224,,
tg,rfd2.0,246709,247368,Gräfin Franziska von Hohenheim.,1,Ihr,PPOSAT,ihr,33224,,
tg,rfd2.0,246709,247368,Gräfin Franziska von Hohenheim.,1,Herz,NN,herz,33224,,
tg,rfd2.0,246709,247368,Gräfin Franziska von Hohenheim.,1,erleuchtet,VVPP,erleuchten,33224,,
tg,rfd2.0,246709,247368,Gräfin Franziska von Hohenheim.,1,.,$.,--,33224,,
tg,rfd2.0,246709,247368,Gräfin Franziska von Hohenheim.,1,Anderwärts,NN,anderwärts,33224,,
tg,rfd2.0,246709,247368,Gräfin Franziska von Hohenheim.,1,–,APPR,–,33224,,
tg,rfd2.0,246709,247368,Gräfin Franziska von Hohenheim.,1,Auf,APPR,auf,33224,,
tg,rfd2.0,246709,247368,Gräfin Franziska von Hohenheim.,1,des,ART,der,33224,,
tg,rfd2.0,246709,247368,Gräfin Franziska von Hohenheim.,1,Herzogs,NN,herzog,33224,,
tg,rfd2.0,246709,247368,Gräfin Franziska von Hohenheim.,1,Zimmer,NN,zimmer,33224,,
tg,rfd2.0,246709,247368,Gräfin Franziska von Hohenheim.,1,deutend,ADJD,deutend,33224,,
tg,rfd2.0,246709,247368,Gräfin Franziska von Hohenheim.,1,.,$.,--,33224,,
tg,rfd2.0,246709,247368,Gräfin Franziska von Hohenheim.,1,wächst,VVFIN,wachsen,33224,,
tg,rfd2.0,246709,247368,Gräfin Franziska von Hohenheim.,1,gerade,ADV,gerade,33224,,
tg,rfd2.0,246709,247368,Gräfin Franziska von Hohenheim.,1,um,APPR,um,33224,,
tg,rfd2.0,246709,247368,Gräfin Franziska von Hohenheim.,1,dieses,PDAT,dieser,33224,,
tg,rfd2.0,246709,247368,Gräfin Franziska von Hohenheim.,1,Flammenscheins,NN,flammenschein,33224,,
tg,rfd2.0,246709,247368,Gräfin Franziska von Hohenheim.,1,willen,APZR,willen,33224,,
tg,rfd2.0,246709,247368,Gräfin Franziska von Hohenheim.,1,der,ART,der,33224,,
tg,rfd2.0,246709,247368,Gräfin Franziska von Hohenheim.,1,schwarze,ADJA,schwarz,33224,,
tg,rfd2.0,246709,247368,Gräfin Franziska von Hohenheim.,1,Schatten,NN,schatten,33224,,
tg,rfd2.0,246709,247368,Gräfin Franziska von Hohenheim.,1,nur,ADV,nur,33224,,
tg,rfd2.0,246709,247368,Gräfin Franziska von Hohenheim.,1,um,APPR,um,33224,,
tg,rfd2.0,246709,247368,Gräfin Franziska von Hohenheim.,1,so,ADV,so,33224,,
tg,rfd2.0,246709,247368,Gräfin Franziska von Hohenheim.,1,höher,ADJD,hoch,33224,,
tg,rfd2.0,246709,247368,Gräfin Franziska von Hohenheim.,1,.,$.,--,33224,,
tg,rfd2.0,246709,247368,Gräfin Franziska von Hohenheim.,1,Täuschen,VVIMP,täuschen,33224,,
tg,rfd2.0,246709,247368,Gräfin Franziska von Hohenheim.,1,Sie,PPER,sie,33224,,
tg,rfd2.0,246709,247368,Gräfin Franziska von Hohenheim.,1,sich,PRF,sich,33224,,
tg,rfd2.0,246709,247368,Gräfin Franziska von Hohenheim.,1,nicht,PTKNEG,nicht,33224,,
tg,rfd2.0,246709,247368,Gräfin Franziska von Hohenheim.,1,",","$,",--,33224,,
tg,rfd2.0,246709,247368,Gräfin Franziska von Hohenheim.,1,weil,KOUS,weil,33224,,
tg,rfd2.0,246709,247368,Gräfin Franziska von Hohenheim.,1,soeben,ADV,soeben,33224,,
tg,rfd2.0,246709,247368,Gräfin Franziska von Hohenheim.,1,Ihr,PPOSAT,ihr,33224,,
tg,rfd2.0,246709,247368,Gräfin Franziska von Hohenheim.,1,Herz,NN,herz,33224,,
tg,rfd2.0,246709,247368,Gräfin Franziska von Hohenheim.,1,weich,ADJD,weich,33224,,
tg,rfd2.0,246709,247368,Gräfin Franziska von Hohenheim.,1,und,KON,und,33224,,
tg,rfd2.0,246709,247368,Gräfin Franziska von Hohenheim.,1,nachgiebig,ADJD,nachgiebig,33224,,
tg,rfd2.0,246709,247368,Gräfin Franziska von Hohenheim.,1,ist,VAFIN,sein,33224,,
tg,rfd2.0,246709,247368,Gräfin Franziska von Hohenheim.,1,;,$.,--,33224,,
tg,rfd2.0,246709,247368,Gräfin Franziska von Hohenheim.,1,das,ART,der,33224,,
tg,rfd2.0,246709,247368,Gräfin Franziska von Hohenheim.,1,Herz,NN,herz,33224,,
tg,rfd2.0,246709,247368,Gräfin Franziska von Hohenheim.,1,der,ART,der,33224,,
tg,rfd2.0,246709,247368,Gräfin Franziska von Hohenheim.,1,herrschenden,ADJA,herrschend,33224,,
tg,rfd2.0,246709,247368,Gräfin Franziska von Hohenheim.,1,Welt,NN,welt,33224,,
tg,rfd2.0,246709,247368,Gräfin Franziska von Hohenheim.,1,ist,VAFIN,sein,33224,,
tg,rfd2.0,246709,247368,Gräfin Franziska von Hohenheim.,1,darum,PROAV,darum,33224,,
tg,rfd2.0,246709,247368,Gräfin Franziska von Hohenheim.,1,nicht,PTKNEG,nicht,33224,,
tg,rfd2.0,246709,247368,Gräfin Franziska von Hohenheim.,1,weniger,ADV,weniger,33224,,
tg,rfd2.0,246709,247368,Gräfin Franziska von Hohenheim.,1,felsenhart,ADJD,felsenhart,33224,,
tg,rfd2.0,246709,247368,Gräfin Franziska von Hohenheim.,1,",","$,",--,33224,,
tg,rfd2.0,246709,247368,Gräfin Franziska von Hohenheim.,1,und,KON,und,33224,,
tg,rfd2.0,246709,247368,Gräfin Franziska von Hohenheim.,1,die,ART,der,33224,,
tg,rfd2.0,246709,247368,Gräfin Franziska von Hohenheim.,1,Hand,NN,hand,33224,,
tg,rfd2.0,246709,247368,Gräfin Franziska von Hohenheim.,1,des,ART,der,33224,,
tg,rfd2.0,246709,247368,Gräfin Franziska von Hohenheim.,1,Herrschers,NN,herrscher,33224,,
tg,rfd2.0,246709,247368,Gräfin Franziska von Hohenheim.,1,wird,VAFIN,werden,33224,,
tg,rfd2.0,246709,247368,Gräfin Franziska von Hohenheim.,1,darum,PROAV,darum,33224,,
tg,rfd2.0,246709,247368,Gräfin Franziska von Hohenheim.,1,nur,ADV,nur,33224,,
tg,rfd2.0,246709,247368,Gräfin Franziska von Hohenheim.,1,um,APPR,um,33224,,
tg,rfd2.0,246709,247368,Gräfin Franziska von Hohenheim.,1,so,ADV,so,33224,,
tg,rfd2.0,246709,247368,Gräfin Franziska von Hohenheim.,1,schmerzhafter,ADJA,schmerzhaft,33224,,
tg,rfd2.0,246709,247368,Gräfin Franziska von Hohenheim.,1,Ihre,PPOSAT,ihr,33224,,
tg,rfd2.0,246709,247368,Gräfin Franziska von Hohenheim.,1,Brust,NN,brust,33224,,
tg,rfd2.0,246709,247368,Gräfin Franziska von Hohenheim.,1,zerwühlen,VVINF,zerwühlen,33224,,
tg,rfd2.0,246709,247368,Gräfin Franziska von Hohenheim.,1,.,$.,--,33224,,
tg,rfd2.0,246709,247368,Gräfin Franziska von Hohenheim.,1,Sie,PPER,sie,33224,,
tg,rfd2.0,246709,247368,Gräfin Franziska von Hohenheim.,1,sind,VAFIN,sein,33224,,
tg,rfd2.0,246709,247368,Gräfin Franziska von Hohenheim.,1,verloren,VVPP,verlieren,33224,,
tg,rfd2.0,246709,247368,Gräfin Franziska von Hohenheim.,1,in,APPR,in,33224,,
tg,rfd2.0,246709,247368,Gräfin Franziska von Hohenheim.,1,diesem,PDAT,dieser,33224,,
tg,rfd2.0,246709,247368,Gräfin Franziska von Hohenheim.,1,Schlosse,NN,schloß,33224,,
tg,rfd2.0,246709,247368,Gräfin Franziska von Hohenheim.,1,",","$,",--,33224,,
tg,rfd2.0,246709,247368,Gräfin Franziska von Hohenheim.,1,in,APPR,in,33224,,
tg,rfd2.0,246709,247368,Gräfin Franziska von Hohenheim.,1,dieser,PDAT,dieser,33224,,
tg,rfd2.0,246709,247368,Gräfin Franziska von Hohenheim.,1,Stadt,NN,stadt,33224,,
tg,rfd2.0,246709,247368,Gräfin Franziska von Hohenheim.,1,",","$,",--,33224,,
tg,rfd2.0,246709,247368,Gräfin Franziska von Hohenheim.,1,im,APPRART,in,33224,,
tg,rfd2.0,246709,247368,Gräfin Franziska von Hohenheim.,1,ganzen,ADJA,ganz,33224,,
tg,rfd2.0,246709,247368,Gräfin Franziska von Hohenheim.,1,Schwabenlande,NN,schwabenlande,33224,,
tg,rfd2.0,246709,247368,Gräfin Franziska von Hohenheim.,1,",","$,",--,33224,,
tg,rfd2.0,246709,247368,Gräfin Franziska von Hohenheim.,1,soweit,KOUS,soweit,33224,,
tg,rfd2.0,246709,247368,Gräfin Franziska von Hohenheim.,1,es,PPER,es,33224,,
tg,rfd2.0,246709,247368,Gräfin Franziska von Hohenheim.,1,unter,APPR,unter,33224,,
tg,rfd2.0,246709,247368,Gräfin Franziska von Hohenheim.,1,dem,ART,der,33224,,
tg,rfd2.0,246709,247368,Gräfin Franziska von Hohenheim.,1,Arme,NN,arm,33224,,
tg,rfd2.0,246709,247368,Gräfin Franziska von Hohenheim.,1,des,ART,der,33224,,
tg,rfd2.0,246709,247368,Gräfin Franziska von Hohenheim.,1,Herzogs,NN,herzog,33224,,
tg,rfd2.0,246709,247368,Gräfin Franziska von Hohenheim.,1,liegt,VVFIN,liegen,33224,,
tg,rfd2.0,246709,247368,Gräfin Franziska von Hohenheim.,1,",","$,",--,33224,,
tg,rfd2.0,246709,247368,Gräfin Franziska von Hohenheim.,1,Sie,PPER,sie,33224,,
tg,rfd2.0,246709,247368,Gräfin Franziska von Hohenheim.,1,sind,VAFIN,sein,33224,,
tg,rfd2.0,246709,247368,Gräfin Franziska von Hohenheim.,1,verloren,VVPP,verloren,33224,,
tg,rfd2.0,246709,247368,Gräfin Franziska von Hohenheim.,1,",","$,",--,33224,,
tg,rfd2.0,246709,247368,Gräfin Franziska von Hohenheim.,1,wenn,KOUS,wenn,33224,,
tg,rfd2.0,246709,247368,Gräfin Franziska von Hohenheim.,1,Sie,PPER,sie,33224,,
tg,rfd2.0,246709,247368,Gräfin Franziska von Hohenheim.,1,nicht,PTKNEG,nicht,33224,,
tg,rfd2.0,246709,247368,Gräfin Franziska von Hohenheim.,1,mit,APPR,mit,33224,,
tg,rfd2.0,246709,247368,Gräfin Franziska von Hohenheim.,1,Sonnenuntergange,NN,sonnenuntergange,33224,,
tg,rfd2.0,246709,247368,Gräfin Franziska von Hohenheim.,1,von,APPR,von,33224,,
tg,rfd2.0,246709,247368,Gräfin Franziska von Hohenheim.,1,dannen,ADV,dannen,33224,,
tg,rfd2.0,246709,247368,Gräfin Franziska von Hohenheim.,1,sind,VAFIN,sein,33224,,
tg,rfd2.0,246709,247368,Gräfin Franziska von Hohenheim.,1,.,$.,--,33224,,
tg,rfd2.0,247374,247735,SCHILLER,29,Kann,VMFIN,können,33224,,
tg,rfd2.0,247374,247735,SCHILLER,29,sein,PPOSAT,sein,33224,,
tg,rfd2.0,247374,247735,SCHILLER,29,"!",$.,--,33224,,
tg,rfd2.0,247374,247735,SCHILLER,29,Ja,PTKANT,ja,33224,,
tg,rfd2.0,247374,247735,SCHILLER,29,",","$,",--,33224,,
tg,rfd2.0,247374,247735,SCHILLER,29,es,PPER,es,33224,,
tg,rfd2.0,247374,247735,SCHILLER,29,kann,VMFIN,können,33224,,
tg,rfd2.0,247374,247735,SCHILLER,29,eine,ART,ein,33224,,
tg,rfd2.0,247374,247735,SCHILLER,29,Lage,NN,lage,33224,,
tg,rfd2.0,247374,247735,SCHILLER,29,eintreten,VVFIN,eintreten,33224,,
tg,rfd2.0,247374,247735,SCHILLER,29,",","$,",--,33224,,
tg,rfd2.0,247374,247735,SCHILLER,29,welche,PWAT,welcher,33224,,
tg,rfd2.0,247374,247735,SCHILLER,29,mich,PPER,mich,33224,SCHILLER,29
tg,rfd2.0,247374,247735,SCHILLER,29,meiner,PPOSAT,mein,33224,SCHILLER,29
tg,rfd2.0,247374,247735,SCHILLER,29,Pflichten,NN,pflicht,33224,,
tg,rfd2.0,247374,247735,SCHILLER,29,gegen,APPR,gegen,33224,,
tg,rfd2.0,247374,247735,SCHILLER,29,die,ART,der,33224,,
tg,rfd2.0,247374,247735,SCHILLER,29,Heimat,NN,heimat,33224,,
tg,rfd2.0,247374,247735,SCHILLER,29,entbindet,VVPP,entbinden,33224,,
tg,rfd2.0,247374,247735,SCHILLER,29,",","$,",--,33224,,
tg,rfd2.0,247374,247735,SCHILLER,29,welche,PWAT,welcher,33224,,
tg,rfd2.0,247374,247735,SCHILLER,29,mich,PPER,mich,33224,SCHILLER,29
tg,rfd2.0,247374,247735,SCHILLER,29,zwingt,VVFIN,zwingen,33224,,
tg,rfd2.0,247374,247735,SCHILLER,29,das,ART,der,33224,,
tg,rfd2.0,247374,247735,SCHILLER,29,mir,PPER,sich,33224,SCHILLER,29
tg,rfd2.0,247374,247735,SCHILLER,29,anvertraute,ADJA,anvertraut,33224,,
tg,rfd2.0,247374,247735,SCHILLER,29,Schwert,NN,schwert,33224,,
tg,rfd2.0,247374,247735,SCHILLER,29,des,ART,der,33224,,
tg,rfd2.0,247374,247735,SCHILLER,29,Poeten,NN,poet,33224,,
tg,rfd2.0,247374,247735,SCHILLER,29,",","$,",--,33224,,
tg,rfd2.0,247374,247735,SCHILLER,29,dies,PDS,dieser,33224,,
tg,rfd2.0,247374,247735,SCHILLER,29,Pfand,VVFIN,pfand,33224,,
tg,rfd2.0,247374,247735,SCHILLER,29,der,ART,der,33224,,
tg,rfd2.0,247374,247735,SCHILLER,29,Götter,NN,gott,33224,,
tg,rfd2.0,247374,247735,SCHILLER,29,",","$,",--,33224,,
tg,rfd2.0,247374,247735,SCHILLER,29,zu,PTKZU,zu,33224,,
tg,rfd2.0,247374,247735,SCHILLER,29,erretten,VVINF,erretten,33224,,
tg,rfd2.0,247374,247735,SCHILLER,29,.,$.,--,33224,,
tg,rfd2.0,247374,247735,SCHILLER,29,Aber,KON,aber,33224,,
tg,rfd2.0,247374,247735,SCHILLER,29,noch,ADV,noch,33224,,
tg,rfd2.0,247374,247735,SCHILLER,29,ist,VAFIN,sein,33224,,
tg,rfd2.0,247374,247735,SCHILLER,29,es,PPER,es,33224,,
tg,rfd2.0,247374,247735,SCHILLER,29,nicht,PTKNEG,nicht,33224,,
tg,rfd2.0,247374,247735,SCHILLER,29,soweit,ADV,soweit,33224,,
tg,rfd2.0,247374,247735,SCHILLER,29,.,$.,--,33224,,
tg,rfd2.0,247374,247735,SCHILLER,29,Und,KON,und,33224,,
tg,rfd2.0,247374,247735,SCHILLER,29,ich,PPER,ich,33224,SCHILLER,29
tg,rfd2.0,247374,247735,SCHILLER,29,darf,VMFIN,dürfen,33224,,
tg,rfd2.0,247374,247735,SCHILLER,29,",","$,",--,33224,,
tg,rfd2.0,247374,247735,SCHILLER,29,und,KON,und,33224,,
tg,rfd2.0,247374,247735,SCHILLER,29,ich,PPER,ich,33224,SCHILLER,29
tg,rfd2.0,247374,247735,SCHILLER,29,–,XY,–,33224,,
tg,rfd2.0,247374,247735,SCHILLER,29,Auf,APPR,auf,33224,,
tg,rfd2.0,247374,247735,SCHILLER,29,Laura,NE,laura,33224,,
tg,rfd2.0,247374,247735,SCHILLER,29,blickend,ADJD,blickend,33224,,
tg,rfd2.0,247374,247735,SCHILLER,29,",","$,",--,33224,,
tg,rfd2.0,247374,247735,SCHILLER,29,welche,PWAT,welcher,33224,,
tg,rfd2.0,247374,247735,SCHILLER,29,den,ART,der,33224,,
tg,rfd2.0,247374,247735,SCHILLER,29,Blick,NN,blick,33224,,
tg,rfd2.0,247374,247735,SCHILLER,29,erwidert,VVFIN,erwidern,33224,,
tg,rfd2.0,247374,247735,SCHILLER,29,.,$.,--,33224,,
tg,rfd2.0,247374,247735,SCHILLER,29,will,VMFIN,wollen,33224,,
tg,rfd2.0,247374,247735,SCHILLER,29,nicht,PTKNEG,nicht,33224,,
tg,rfd2.0,247374,247735,SCHILLER,29,weichen,VVFIN,weichen,33224,,
tg,rfd2.0,247374,247735,SCHILLER,29,",","$,",--,33224,,
tg,rfd2.0,247374,247735,SCHILLER,29,bevor,KOUS,bevor,33224,,
tg,rfd2.0,247374,247735,SCHILLER,29,ich,PPER,ich,33224,SCHILLER,29
tg,rfd2.0,247374,247735,SCHILLER,29,das,ART,der,33224,,
tg,rfd2.0,247374,247735,SCHILLER,29,Äußerste,NN,äußerste,33224,,
tg,rfd2.0,247374,247735,SCHILLER,29,versucht,VVFIN,versuchen,33224,,
tg,rfd2.0,247374,247735,SCHILLER,29,.,$.,--,33224,,
tg,rfd2.0,247741,247786,Gräfin Franziska von Hohenheim.,1,Um,KOUI,um,33224,,
tg,rfd2.0,247741,247786,Gräfin Franziska von Hohenheim.,1,Gottes,NN,gott,33224,,
tg,rfd2.0,247741,247786,Gräfin Franziska von Hohenheim.,1,willen,APZR,willen,33224,,
tg,rfd2.0,247741,247786,Gräfin Franziska von Hohenheim.,1,nicht,PTKNEG,nicht,33224,,
tg,rfd2.0,247741,247786,Gräfin Franziska von Hohenheim.,1,"!",$.,--,33224,,
tg,rfd2.0,247792,247905,SCHILLER,29,Einer,ART,einer,33224,,
tg,rfd2.0,247792,247905,SCHILLER,29,mutigen,ADJA,mutig,33224,,
tg,rfd2.0,247792,247905,SCHILLER,29,Rede,NN,rede,33224,,
tg,rfd2.0,247792,247905,SCHILLER,29,kann,VMFIN,können,33224,,
tg,rfd2.0,247792,247905,SCHILLER,29,es,PPER,es,33224,,
tg,rfd2.0,247792,247905,SCHILLER,29,gelingen,VVINF,gelingen,33224,,
tg,rfd2.0,247792,247905,SCHILLER,29,",","$,",--,33224,,
tg,rfd2.0,247792,247905,SCHILLER,29,dem,ART,der,33224,,
tg,rfd2.0,247792,247905,SCHILLER,29,Herzoge,NN,herzoge,33224,,
tg,rfd2.0,247792,247905,SCHILLER,29,die,ART,der,33224,,
tg,rfd2.0,247792,247905,SCHILLER,29,neue,ADJA,neu,33224,,
tg,rfd2.0,247792,247905,SCHILLER,29,Welt,NN,welt,33224,,
tg,rfd2.0,247792,247905,SCHILLER,29,in,APPR,in,33224,,
tg,rfd2.0,247792,247905,SCHILLER,29,einen,ART,ein,33224,,
tg,rfd2.0,247792,247905,SCHILLER,29,neuen,ADJA,neu,33224,,
tg,rfd2.0,247792,247905,SCHILLER,29,Gesichtskreis,NN,gesichtskreis,33224,,
tg,rfd2.0,247792,247905,SCHILLER,29,zu,PTKZU,zu,33224,,
tg,rfd2.0,247792,247905,SCHILLER,29,rücken,VVINF,rücken,33224,,
tg,rfd2.0,247792,247905,SCHILLER,29,.,$.,--,33224,,
tg,rfd2.0,247910,247927,Gräfin Franziska von Hohenheim.,1,Niemals,ADV,niemals,33224,,
tg,rfd2.0,247910,247927,Gräfin Franziska von Hohenheim.,1,"!",$.,--,33224,,
tg,rfd2.0,247932,248108,SCHILLER,29,Jedenfalls,ADV,jedenfalls,33224,,
tg,rfd2.0,247932,248108,SCHILLER,29,aber,ADV,aber,33224,,
tg,rfd2.0,247932,248108,SCHILLER,29,ihm,PPER,ihm,33224,,
tg,rfd2.0,247932,248108,SCHILLER,29,Achtung,NN,achtung,33224,,
tg,rfd2.0,247932,248108,SCHILLER,29,abzunötigen,VVIZU,abzunötig,33224,,
tg,rfd2.0,247932,248108,SCHILLER,29,für,APPR,für,33224,,
tg,rfd2.0,247932,248108,SCHILLER,29,eine,ART,ein,33224,,
tg,rfd2.0,247932,248108,SCHILLER,29,Zukunft,NN,zukunft,33224,,
tg,rfd2.0,247932,248108,SCHILLER,29,",","$,",--,33224,,
tg,rfd2.0,247932,248108,SCHILLER,29,die,PRELS,der,33224,,
tg,rfd2.0,247932,248108,SCHILLER,29,ihn,PPER,ihn,33224,,
tg,rfd2.0,247932,248108,SCHILLER,29,verschlingt,VVFIN,verschlingen,33224,,
tg,rfd2.0,247932,248108,SCHILLER,29,",","$,",--,33224,,
tg,rfd2.0,247932,248108,SCHILLER,29,wenn,KOUS,wenn,33224,,
tg,rfd2.0,247932,248108,SCHILLER,29,er,PPER,er,33224,,
tg,rfd2.0,247932,248108,SCHILLER,29,keinen,PIAT,kein,33224,,
tg,rfd2.0,247932,248108,SCHILLER,29,Frieden,NN,frieden,33224,,
tg,rfd2.0,247932,248108,SCHILLER,29,mit,APPR,mit,33224,,
tg,rfd2.0,247932,248108,SCHILLER,29,ihr,PPER,ihr,33224,,
tg,rfd2.0,247932,248108,SCHILLER,29,abzuschließen,VVIZU,abschließen,33224,,
tg,rfd2.0,247932,248108,SCHILLER,29,weiß,VVFIN,weiß,33224,,
tg,rfd2.0,247932,248108,SCHILLER,29,.,$.,--,33224,,
tg,rfd2.0,247932,248108,SCHILLER,29,Frei,ADJD,frei,33224,,
tg,rfd2.0,247932,248108,SCHILLER,29,mütige,ADJA,mütig,33224,,
tg,rfd2.0,247932,248108,SCHILLER,29,Wahrheit,NN,wahrheit,33224,,
tg,rfd2.0,247932,248108,SCHILLER,29,soll,VMFIN,sollen,33224,,
tg,rfd2.0,247932,248108,SCHILLER,29,er,PPER,er,33224,,
tg,rfd2.0,247932,248108,SCHILLER,29,hören,VVINF,hören,33224,,
tg,rfd2.0,247932,248108,SCHILLER,29,.,$.,--,33224,,
tg,rfd2.0,248113,248144,Gräfin Franziska von Hohenheim.,1,Das,PDS,der,33224,,
tg,rfd2.0,248113,248144,Gräfin Franziska von Hohenheim.,1,ist,VAFIN,sein,33224,,
tg,rfd2.0,248113,248144,Gräfin Franziska von Hohenheim.,1,Ihr,PPOSAT,ihr,33224,,
tg,rfd2.0,248113,248144,Gräfin Franziska von Hohenheim.,1,Untergang,NN,untergang,33224,,
tg,rfd2.0,248113,248144,Gräfin Franziska von Hohenheim.,1,"!",$.,--,33224,,
tg,rfd2.0,248150,248190,Generalin Rieger.,2,Seien,VVIMP,seien,33224,,
tg,rfd2.0,248150,248190,Generalin Rieger.,2,Sie,PPER,sie,33224,,
tg,rfd2.0,248150,248190,Generalin Rieger.,2,nachgiebig,ADJD,nachgiebig,33224,,
tg,rfd2.0,248150,248190,Generalin Rieger.,2,",","$,",--,33224,,
tg,rfd2.0,248150,248190,Generalin Rieger.,2,Fritz,NE,fritz,33224,,
tg,rfd2.0,248150,248190,Generalin Rieger.,2,"!",$.,--,33224,,
tg,rfd2.0,248195,248241,"Laura, deren Pflegetochter.",3,Zeigen,NN,zeigen,33224,,
tg,rfd2.0,248195,248241,"Laura, deren Pflegetochter.",3,Sie,PPER,sie,33224,,
tg,rfd2.0,248195,248241,"Laura, deren Pflegetochter.",3,sich,PRF,sich,33224,,
tg,rfd2.0,248195,248241,"Laura, deren Pflegetochter.",3,versöhnlich,ADJD,versöhnlich,33224,,
tg,rfd2.0,248195,248241,"Laura, deren Pflegetochter.",3,",","$,",--,33224,,
tg,rfd2.0,248195,248241,"Laura, deren Pflegetochter.",3,Schiller,NE,schiller,33224,SCHILLER,29
tg,rfd2.0,248195,248241,"Laura, deren Pflegetochter.",3,"!",$.,--,33224,,
tg,rfd2.0,248246,248277,Gräfin Franziska von Hohenheim.,1,Das,PDS,der,33224,,
tg,rfd2.0,248246,248277,Gräfin Franziska von Hohenheim.,1,ist,VAFIN,sein,33224,,
tg,rfd2.0,248246,248277,Gräfin Franziska von Hohenheim.,1,Ihr,PPOSAT,ihr,33224,,
tg,rfd2.0,248246,248277,Gräfin Franziska von Hohenheim.,1,Untergang,NN,untergang,33224,,
tg,rfd2.0,248246,248277,Gräfin Franziska von Hohenheim.,1,.,$.,--,33224,,
tg,rfd2.0,248282,248423,SCHILLER,29,Das,PDS,der,33224,,
tg,rfd2.0,248282,248423,SCHILLER,29,ist,VAFIN,sein,33224,,
tg,rfd2.0,248282,248423,SCHILLER,29,mein,PPOSAT,mein,33224,SCHILLER,29
tg,rfd2.0,248282,248423,SCHILLER,29,Sieg,NN,sieg,33224,,
tg,rfd2.0,248282,248423,SCHILLER,29,",","$,",--,33224,,
tg,rfd2.0,248282,248423,SCHILLER,29,oder,KON,oder,33224,,
tg,rfd2.0,248282,248423,SCHILLER,29,der,ART,der,33224,,
tg,rfd2.0,248282,248423,SCHILLER,29,Inhalt,NN,inhalt,33224,,
tg,rfd2.0,248282,248423,SCHILLER,29,meiner,PPOSAT,mein,33224,SCHILLER,29
tg,rfd2.0,248282,248423,SCHILLER,29,poetischen,ADJA,poetisch,33224,,
tg,rfd2.0,248282,248423,SCHILLER,29,Absichten,NN,absicht,33224,,
tg,rfd2.0,248282,248423,SCHILLER,29,verdient,VVFIN,verdienen,33224,,
tg,rfd2.0,248282,248423,SCHILLER,29,keinen,PIAT,kein,33224,,
tg,rfd2.0,248282,248423,SCHILLER,29,Sieg,NN,sieg,33224,,
tg,rfd2.0,248282,248423,SCHILLER,29,.,$.,--,33224,,
tg,rfd2.0,248429,248451,Generalin Rieger.,2,Wer,PWS,wer,33224,,
tg,rfd2.0,248429,248451,Generalin Rieger.,2,kommt,VVFIN,kommen,33224,,
tg,rfd2.0,248429,248451,Generalin Rieger.,2,?,$.,--,33224,,
tg,rfd2.0,248456,248473,Gräfin Franziska von Hohenheim.,1,Was,PWS,was,33224,,
tg,rfd2.0,248456,248473,Gräfin Franziska von Hohenheim.,1,ist,VAFIN,sein,33224,,
tg,rfd2.0,248456,248473,Gräfin Franziska von Hohenheim.,1,?,$.,--,33224,,
tg,rfd2.0,248478,248497,"Laura, deren Pflegetochter.",3,Was,PWS,was,33224,,
tg,rfd2.0,248478,248497,"Laura, deren Pflegetochter.",3,gibt's,VVFIN,gibt,33224,,
tg,rfd2.0,248478,248497,"Laura, deren Pflegetochter.",3,?,$.,--,33224,,
tg,rfd2.0,248502,248625,KOCH,20,Verzeihung,NN,verzeihung,33224,,
tg,rfd2.0,248502,248625,KOCH,20,",","$,",--,33224,,
tg,rfd2.0,248502,248625,KOCH,20,erlauchte,ADJA,erlaucht,33224,,
tg,rfd2.0,248502,248625,KOCH,20,Frau,NN,frau,33224,,
tg,rfd2.0,248502,248625,KOCH,20,",","$,",--,33224,,
tg,rfd2.0,248502,248625,KOCH,20,ich,PPER,ich,33224,KOCH,20
tg,rfd2.0,248502,248625,KOCH,20,suche,VVFIN,suchen,33224,,
tg,rfd2.0,248502,248625,KOCH,20,meinen,PPOSAT,meinen,33224,KOCH,20
tg,rfd2.0,248502,248625,KOCH,20,armen,ADJA,arm,33224,,
tg,rfd2.0,248502,248625,KOCH,20,Freund,NN,freund,33224,,
tg,rfd2.0,248502,248625,KOCH,20,da,PTKVZ,da,33224,,
tg,rfd2.0,248502,248625,KOCH,20,",","$,",--,33224,,
tg,rfd2.0,248502,248625,KOCH,20,um,KOUI,um,33224,,
tg,rfd2.0,248502,248625,KOCH,20,ihm,PPER,ihm,33224,,
tg,rfd2.0,248502,248625,KOCH,20,–,VVFIN,–,33224,,
tg,rfd2.0,248502,248625,KOCH,20,ich,PPER,ich,33224,KOCH,20
tg,rfd2.0,248502,248625,KOCH,20,weiß,VVFIN,weiß,33224,,
tg,rfd2.0,248502,248625,KOCH,20,nicht,PTKNEG,nicht,33224,,
tg,rfd2.0,248502,248625,KOCH,20,",","$,",--,33224,,
tg,rfd2.0,248502,248625,KOCH,20,ob,KOUS,ob,33224,,
tg,rfd2.0,248502,248625,KOCH,20,ich,PPER,ich,33224,KOCH,20
tg,rfd2.0,248502,248625,KOCH,20,hier,ADV,hier,33224,,
tg,rfd2.0,248502,248625,KOCH,20,alles,PIS,alle,33224,,
tg,rfd2.0,248502,248625,KOCH,20,sagen,VVINF,sagen,33224,,
tg,rfd2.0,248502,248625,KOCH,20,darf,VMFIN,dürfen,33224,,
tg,rfd2.0,248502,248625,KOCH,20,?,$.,--,33224,,
tg,rfd2.0,248630,248740,Generalin Rieger.,2,Alles,PIS,alle,33224,,
tg,rfd2.0,248630,248740,Generalin Rieger.,2,",","$,",--,33224,,
tg,rfd2.0,248630,248740,Generalin Rieger.,2,Freund,NN,freund,33224,,
tg,rfd2.0,248630,248740,Generalin Rieger.,2,",","$,",--,33224,,
tg,rfd2.0,248630,248740,Generalin Rieger.,2,wir,PPER,wir,33224,,
tg,rfd2.0,248630,248740,Generalin Rieger.,2,beratschlagen,VVFIN,beratschlagen,33224,,
tg,rfd2.0,248630,248740,Generalin Rieger.,2,eben,ADV,eben,33224,,
tg,rfd2.0,248630,248740,Generalin Rieger.,2,",","$,",--,33224,,
tg,rfd2.0,248630,248740,Generalin Rieger.,2,daß,KOUS,daß,33224,,
tg,rfd2.0,248630,248740,Generalin Rieger.,2,er,PPER,er,33224,,
tg,rfd2.0,248630,248740,Generalin Rieger.,2,fort,PTKVZ,fort,33224,,
tg,rfd2.0,248630,248740,Generalin Rieger.,2,müsse,VMFIN,müssen,33224,,
tg,rfd2.0,248630,248740,Generalin Rieger.,2,",","$,",--,33224,,
tg,rfd2.0,248630,248740,Generalin Rieger.,2,und,KON,und,33224,,
tg,rfd2.0,248630,248740,Generalin Rieger.,2,der,ART,der,33224,,
tg,rfd2.0,248630,248740,Generalin Rieger.,2,hartnäckige,ADJA,hartnäckig,33224,,
tg,rfd2.0,248630,248740,Generalin Rieger.,2,Schwabe,NN,schwabe,33224,,
tg,rfd2.0,248630,248740,Generalin Rieger.,2,will,VMFIN,wollen,33224,,
tg,rfd2.0,248630,248740,Generalin Rieger.,2,nicht,PTKNEG,nicht,33224,,
tg,rfd2.0,248630,248740,Generalin Rieger.,2,–,XY,–,33224,,
tg,rfd2.0,248745,249321,KOCH,20,Warum,PWAV,warum,33224,,
tg,rfd2.0,248745,249321,KOCH,20,nicht,PTKNEG,nicht,33224,,
tg,rfd2.0,248745,249321,KOCH,20,gar,ADV,gar,33224,,
tg,rfd2.0,248745,249321,KOCH,20,"!",$.,--,33224,,
tg,rfd2.0,248745,249321,KOCH,20,Streicher,NN,streich,33224,,
tg,rfd2.0,248745,249321,KOCH,20,ist,VAFIN,sein,33224,,
tg,rfd2.0,248745,249321,KOCH,20,mit,APPR,mit,33224,,
tg,rfd2.0,248745,249321,KOCH,20,allen,PIDAT,aller,33224,,
tg,rfd2.0,248745,249321,KOCH,20,Vorbereitungen,NN,vorbereitung,33224,,
tg,rfd2.0,248745,249321,KOCH,20,fertig,ADJD,fertig,33224,,
tg,rfd2.0,248745,249321,KOCH,20,.,$.,--,33224,,
tg,rfd2.0,248745,249321,KOCH,20,Der,ART,der,33224,,
tg,rfd2.0,248745,249321,KOCH,20,Wagen,NN,wagen,33224,,
tg,rfd2.0,248745,249321,KOCH,20,ist,VAFIN,sein,33224,,
tg,rfd2.0,248745,249321,KOCH,20,zum,APPRART,zu,33224,,
tg,rfd2.0,248745,249321,KOCH,20,Abende,NN,abend,33224,,
tg,rfd2.0,248745,249321,KOCH,20,bereit,ADJD,bereit,33224,,
tg,rfd2.0,248745,249321,KOCH,20,",","$,",--,33224,,
tg,rfd2.0,248745,249321,KOCH,20,und,KON,und,33224,,
tg,rfd2.0,248745,249321,KOCH,20,noch,ADV,noch,33224,,
tg,rfd2.0,248745,249321,KOCH,20,früher,ADJD,früh,33224,,
tg,rfd2.0,248745,249321,KOCH,20,.,$.,--,33224,,
tg,rfd2.0,248745,249321,KOCH,20,Das,ART,der,33224,,
tg,rfd2.0,248745,249321,KOCH,20,heraufziehende,ADJA,heraufziehend,33224,,
tg,rfd2.0,248745,249321,KOCH,20,Wetter,NN,wetter,33224,,
tg,rfd2.0,248745,249321,KOCH,20,",","$,",--,33224,,
tg,rfd2.0,248745,249321,KOCH,20,welches,PRELS,welcher,33224,,
tg,rfd2.0,248745,249321,KOCH,20,das,ART,der,33224,,
tg,rfd2.0,248745,249321,KOCH,20,ganze,ADJA,ganz,33224,,
tg,rfd2.0,248745,249321,KOCH,20,Tal,NN,tal,33224,,
tg,rfd2.0,248745,249321,KOCH,20,einhüllt,VVFIN,einhüllen,33224,,
tg,rfd2.0,248745,249321,KOCH,20,",","$,",--,33224,,
tg,rfd2.0,248745,249321,KOCH,20,erleichtert,ADJD,erleichtern,33224,,
tg,rfd2.0,248745,249321,KOCH,20,es,PPER,es,33224,,
tg,rfd2.0,248745,249321,KOCH,20,uns,PPER,uns,33224,,
tg,rfd2.0,248745,249321,KOCH,20,vielleicht,ADV,vielleicht,33224,,
tg,rfd2.0,248745,249321,KOCH,20,",","$,",--,33224,,
tg,rfd2.0,248745,249321,KOCH,20,gleich,ADV,gleich,33224,,
tg,rfd2.0,248745,249321,KOCH,20,nach,APPR,nach,33224,,
tg,rfd2.0,248745,249321,KOCH,20,dem,ART,der,33224,,
tg,rfd2.0,248745,249321,KOCH,20,Aufbruche,NN,aufbruche,33224,,
tg,rfd2.0,248745,249321,KOCH,20,des,ART,der,33224,,
tg,rfd2.0,248745,249321,KOCH,20,Herzogs,NN,herzog,33224,,
tg,rfd2.0,248745,249321,KOCH,20,die,ART,der,33224,,
tg,rfd2.0,248745,249321,KOCH,20,Flucht,NN,flucht,33224,,
tg,rfd2.0,248745,249321,KOCH,20,zu,PTKZU,zu,33224,,
tg,rfd2.0,248745,249321,KOCH,20,wagen,VVINF,wagen,33224,,
tg,rfd2.0,248745,249321,KOCH,20,.,$.,--,33224,,
tg,rfd2.0,248745,249321,KOCH,20,Es,PPER,es,33224,,
tg,rfd2.0,248745,249321,KOCH,20,wird,VAFIN,werden,33224,,
tg,rfd2.0,248745,249321,KOCH,20,die,ART,der,33224,,
tg,rfd2.0,248745,249321,KOCH,20,Luft,NN,luft,33224,,
tg,rfd2.0,248745,249321,KOCH,20,verdunkeln,VVINF,verdunkeln,33224,,
tg,rfd2.0,248745,249321,KOCH,20,",","$,",--,33224,,
tg,rfd2.0,248745,249321,KOCH,20,es,PPER,es,33224,,
tg,rfd2.0,248745,249321,KOCH,20,wird,VAFIN,werden,33224,,
tg,rfd2.0,248745,249321,KOCH,20,mit,APPR,mit,33224,,
tg,rfd2.0,248745,249321,KOCH,20,Donner,NN,donner,33224,,
tg,rfd2.0,248745,249321,KOCH,20,und,KON,und,33224,,
tg,rfd2.0,248745,249321,KOCH,20,Regen,NN,regen,33224,,
tg,rfd2.0,248745,249321,KOCH,20,die,ART,der,33224,,
tg,rfd2.0,248745,249321,KOCH,20,Wachen,NN,wache,33224,,
tg,rfd2.0,248745,249321,KOCH,20,in,APPR,in,33224,,
tg,rfd2.0,248745,249321,KOCH,20,die,ART,der,33224,,
tg,rfd2.0,248745,249321,KOCH,20,Häuser,NN,haus,33224,,
tg,rfd2.0,248745,249321,KOCH,20,treiben,VVFIN,treiben,33224,,
tg,rfd2.0,248745,249321,KOCH,20,",","$,",--,33224,,
tg,rfd2.0,248745,249321,KOCH,20,und,KON,und,33224,,
tg,rfd2.0,248745,249321,KOCH,20,bis,APPR,bis,33224,,
tg,rfd2.0,248745,249321,KOCH,20,zum,APPRART,zu,33224,,
tg,rfd2.0,248745,249321,KOCH,20,Abend,NN,abend,33224,,
tg,rfd2.0,248745,249321,KOCH,20,hat,VAFIN,haben,33224,,
tg,rfd2.0,248745,249321,KOCH,20,das,ART,der,33224,,
tg,rfd2.0,248745,249321,KOCH,20,fremde,ADJA,fremd,33224,,
tg,rfd2.0,248745,249321,KOCH,20,Regiment,NN,regiment,33224,,
tg,rfd2.0,248745,249321,KOCH,20,Wimpfen,VVFIN,wimpfen,33224,,
tg,rfd2.0,248745,249321,KOCH,20,die,ART,der,33224,,
tg,rfd2.0,248745,249321,KOCH,20,Wache,NN,wache,33224,,
tg,rfd2.0,248745,249321,KOCH,20,am,APPRART,an,33224,,
tg,rfd2.0,248745,249321,KOCH,20,Ludwigsburger,ADJA,ludwigsburger,33224,,
tg,rfd2.0,248745,249321,KOCH,20,Tor,NN,tor,33224,,
tg,rfd2.0,248745,249321,KOCH,20,.,$.,--,33224,,
tg,rfd2.0,248745,249321,KOCH,20,Weder,KON,weder,33224,,
tg,rfd2.0,248745,249321,KOCH,20,Wache,NN,wache,33224,,
tg,rfd2.0,248745,249321,KOCH,20,noch,ADV,noch,33224,,
tg,rfd2.0,248745,249321,KOCH,20,Wachtoffizier,NN,wachtoffizier,33224,,
tg,rfd2.0,248745,249321,KOCH,20,werden,VAFIN,werden,33224,,
tg,rfd2.0,248745,249321,KOCH,20,dich,PPER,dich,33224,,
tg,rfd2.0,248745,249321,KOCH,20,persönlich,ADJD,persönlich,33224,,
tg,rfd2.0,248745,249321,KOCH,20,kennen,PTKVZ,kennen,33224,,
tg,rfd2.0,248745,249321,KOCH,20,",","$,",--,33224,,
tg,rfd2.0,248745,249321,KOCH,20,und,KON,und,33224,,
tg,rfd2.0,248745,249321,KOCH,20,du,PPER,du,33224,,
tg,rfd2.0,248745,249321,KOCH,20,passierst,VVFIN,passierst,33224,,
tg,rfd2.0,248745,249321,KOCH,20,unter,APPR,unter,33224,,
tg,rfd2.0,248745,249321,KOCH,20,fremden,ADJA,fremd,33224,,
tg,rfd2.0,248745,249321,KOCH,20,Namen,NN,name,33224,,
tg,rfd2.0,248745,249321,KOCH,20,",","$,",--,33224,,
tg,rfd2.0,248745,249321,KOCH,20,Leise,ADJD,leise,33224,,
tg,rfd2.0,248745,249321,KOCH,20,zu,PTKZU,zu,33224,,
tg,rfd2.0,248745,249321,KOCH,20,Schiller,NE,schiller,33224,SCHILLER,29
tg,rfd2.0,248745,249321,KOCH,20,.,$.,--,33224,,
tg,rfd2.0,248745,249321,KOCH,20,ich,PPER,ich,33224,KOCH,20
tg,rfd2.0,248745,249321,KOCH,20,gehe,VVFIN,gehen,33224,,
tg,rfd2.0,248745,249321,KOCH,20,mit,APPR,mit,33224,,
tg,rfd2.0,248745,249321,KOCH,20,"!",$.,--,33224,,
tg,rfd2.0,249326,249380,SCHILLER,29,Ich,PPER,ich,33224,,
tg,rfd2.0,249326,249380,SCHILLER,29,danke,VVFIN,danken,33224,,
tg,rfd2.0,249326,249380,SCHILLER,29,dir,PPER,dir,33224,,
tg,rfd2.0,249326,249380,SCHILLER,29,",","$,",--,33224,,
tg,rfd2.0,249326,249380,SCHILLER,29,aber,KON,aber,33224,,
tg,rfd2.0,249326,249380,SCHILLER,29,ich,PPER,ich,33224,SCHILLER,29
tg,rfd2.0,249326,249380,SCHILLER,29,fliehe,VVFIN,fliehen,33224,,
tg,rfd2.0,249326,249380,SCHILLER,29,jetzt,ADV,jetzt,33224,,
tg,rfd2.0,249326,249380,SCHILLER,29,nicht,PTKNEG,nicht,33224,,
tg,rfd2.0,249326,249380,SCHILLER,29,"!",$.,--,33224,,
tg,rfd2.0,249386,249409,Gräfin Franziska von Hohenheim.,1,Unglücklicher,ADJA,unglückliche,33224,,
tg,rfd2.0,249386,249409,Gräfin Franziska von Hohenheim.,1,"!",$.,--,33224,,
tg,rfd2.0,249414,249435,Generalin Rieger.,2,Schiller,NE,schiller,33224,SCHILLER,29
tg,rfd2.0,249414,249435,Generalin Rieger.,2,"!",$.,--,33224,,
tg,rfd2.0,249440,249486,"Laura, deren Pflegetochter.",3,O,NE,O,33224,,
tg,rfd2.0,249440,249486,"Laura, deren Pflegetochter.",3,Gott,NN,gott,33224,,
tg,rfd2.0,249440,249486,"Laura, deren Pflegetochter.",3,",","$,",--,33224,,
tg,rfd2.0,249440,249486,"Laura, deren Pflegetochter.",3,o,ADV,O,33224,,
tg,rfd2.0,249440,249486,"Laura, deren Pflegetochter.",3,Gott,NN,gott,33224,,
tg,rfd2.0,249440,249486,"Laura, deren Pflegetochter.",3,",","$,",--,33224,,
tg,rfd2.0,249440,249486,"Laura, deren Pflegetochter.",3,was,PWS,was,33224,,
tg,rfd2.0,249440,249486,"Laura, deren Pflegetochter.",3,soll,VMFIN,sollen,33224,,
tg,rfd2.0,249440,249486,"Laura, deren Pflegetochter.",3,ich,PPER,ich,33224,"Laura, deren Pflegetochter.",3
tg,rfd2.0,249440,249486,"Laura, deren Pflegetochter.",3,wünschen,VVINF,wünschen,33224,,
tg,rfd2.0,249440,249486,"Laura, deren Pflegetochter.",3,"!",$.,--,33224,,
tg,rfd2.0,249491,249765,KOCH,20,Was,PWS,was,33224,,
tg,rfd2.0,249491,249765,KOCH,20,fällt,VVFIN,fallen,33224,,
tg,rfd2.0,249491,249765,KOCH,20,dir,PPER,dir,33224,,
tg,rfd2.0,249491,249765,KOCH,20,ein,PTKVZ,ein,33224,,
tg,rfd2.0,249491,249765,KOCH,20,"!",$.,--,33224,,
tg,rfd2.0,249491,249765,KOCH,20,–,XY,–,33224,,
tg,rfd2.0,249491,249765,KOCH,20,Vielleicht,ADV,vielleicht,33224,,
tg,rfd2.0,249491,249765,KOCH,20,nur,ADV,nur,33224,,
tg,rfd2.0,249491,249765,KOCH,20,bis,APPR,bis,33224,,
tg,rfd2.0,249491,249765,KOCH,20,zum,APPRART,zu,33224,,
tg,rfd2.0,249491,249765,KOCH,20,einbrechenden,ADJA,einbrechend,33224,,
tg,rfd2.0,249491,249765,KOCH,20,Abende,NN,abend,33224,,
tg,rfd2.0,249491,249765,KOCH,20,ist,VAFIN,sein,33224,,
tg,rfd2.0,249491,249765,KOCH,20,es,PPER,es,33224,,
tg,rfd2.0,249491,249765,KOCH,20,möglich,ADJD,möglich,33224,,
tg,rfd2.0,249491,249765,KOCH,20,.,$.,--,33224,,
tg,rfd2.0,249491,249765,KOCH,20,Nur,ADV,nur,33224,,
tg,rfd2.0,249491,249765,KOCH,20,so,ADV,so,33224,,
tg,rfd2.0,249491,249765,KOCH,20,lange,ADV,lange,33224,,
tg,rfd2.0,249491,249765,KOCH,20,kommandiert,VVFIN,kommandieren,33224,,
tg,rfd2.0,249491,249765,KOCH,20,Leutnant,NE,leutnant,33224,,
tg,rfd2.0,249491,249765,KOCH,20,Kapf,NE,kapf,33224,,
tg,rfd2.0,249491,249765,KOCH,20,die,ART,der,33224,,
tg,rfd2.0,249491,249765,KOCH,20,Schloßwache,NN,schloßwache,33224,,
tg,rfd2.0,249491,249765,KOCH,20,und,KON,und,33224,,
tg,rfd2.0,249491,249765,KOCH,20,läßt,VVFIN,lassen,33224,,
tg,rfd2.0,249491,249765,KOCH,20,dir,PPER,dir,33224,,
tg,rfd2.0,249491,249765,KOCH,20,volle,ADJA,voll,33224,,
tg,rfd2.0,249491,249765,KOCH,20,Freiheit,NN,freiheit,33224,,
tg,rfd2.0,249491,249765,KOCH,20,nach,APPR,nach,33224,,
tg,rfd2.0,249491,249765,KOCH,20,dem,ART,der,33224,,
tg,rfd2.0,249491,249765,KOCH,20,Bogengange,NN,bogengange,33224,,
tg,rfd2.0,249491,249765,KOCH,20,hinaus,PTKVZ,hinaus,33224,,
tg,rfd2.0,249491,249765,KOCH,20,und,KON,und,33224,,
tg,rfd2.0,249491,249765,KOCH,20,weiter,ADV,weiter,33224,,
tg,rfd2.0,249491,249765,KOCH,20,–,XY,–,33224,,
tg,rfd2.0,249491,249765,KOCH,20,gegen,APPR,gegen,33224,,
tg,rfd2.0,249491,249765,KOCH,20,Abend,NN,abend,33224,,
tg,rfd2.0,249491,249765,KOCH,20,wird,VAFIN,werden,33224,,
tg,rfd2.0,249491,249765,KOCH,20,er,PPER,er,33224,,
tg,rfd2.0,249491,249765,KOCH,20,abgelöst,VVPP,ablösen,33224,,
tg,rfd2.0,249491,249765,KOCH,20,",","$,",--,33224,,
tg,rfd2.0,249491,249765,KOCH,20,und,KON,und,33224,,
tg,rfd2.0,249491,249765,KOCH,20,dann,ADV,dann,33224,,
tg,rfd2.0,249491,249765,KOCH,20,Ade,NN,ade,33224,,
tg,rfd2.0,249491,249765,KOCH,20,Flucht,NN,flucht,33224,,
tg,rfd2.0,249491,249765,KOCH,20,und,KON,und,33224,,
tg,rfd2.0,249491,249765,KOCH,20,Rettung,NN,rettung,33224,,
tg,rfd2.0,249491,249765,KOCH,20,.,$.,--,33224,,
tg,rfd2.0,249771,250222,SCHILLER,29,Ich,PPER,ich,33224,,
tg,rfd2.0,249771,250222,SCHILLER,29,kann,VMFIN,können,33224,,
tg,rfd2.0,249771,250222,SCHILLER,29,nicht,PTKNEG,nicht,33224,,
tg,rfd2.0,249771,250222,SCHILLER,29,in,APPR,in,33224,,
tg,rfd2.0,249771,250222,SCHILLER,29,diesem,PDAT,dieser,33224,,
tg,rfd2.0,249771,250222,SCHILLER,29,Augenblicke,NN,augenblick,33224,,
tg,rfd2.0,249771,250222,SCHILLER,29,",","$,",--,33224,,
tg,rfd2.0,249771,250222,SCHILLER,29,und,KON,und,33224,,
tg,rfd2.0,249771,250222,SCHILLER,29,–,XY,–,33224,,
tg,rfd2.0,249771,250222,SCHILLER,29,Exaltiert,VVPP,exaltieren,33224,,
tg,rfd2.0,249771,250222,SCHILLER,29,.,$.,--,33224,,
tg,rfd2.0,249771,250222,SCHILLER,29,was,PWS,was,33224,,
tg,rfd2.0,249771,250222,SCHILLER,29,ihr,PPOSAT,ihr,33224,,
tg,rfd2.0,249771,250222,SCHILLER,29,auch,ADV,auch,33224,,
tg,rfd2.0,249771,250222,SCHILLER,29,sagt,VVFIN,sagen,33224,,
tg,rfd2.0,249771,250222,SCHILLER,29,",","$,",--,33224,,
tg,rfd2.0,249771,250222,SCHILLER,29,noch,ADV,noch,33224,,
tg,rfd2.0,249771,250222,SCHILLER,29,ist,VAFIN,sein,33224,,
tg,rfd2.0,249771,250222,SCHILLER,29,eine,ART,ein,33224,,
tg,rfd2.0,249771,250222,SCHILLER,29,große,ADJA,groß,33224,,
tg,rfd2.0,249771,250222,SCHILLER,29,Wendung,NN,wendung,33224,,
tg,rfd2.0,249771,250222,SCHILLER,29,in,APPR,in,33224,,
tg,rfd2.0,249771,250222,SCHILLER,29,meine,PPOSAT,mein,33224,SCHILLER,29
tg,rfd2.0,249771,250222,SCHILLER,29,Hand,NN,hand,33224,,
tg,rfd2.0,249771,250222,SCHILLER,29,gegeben,VVPP,geben,33224,,
tg,rfd2.0,249771,250222,SCHILLER,29,",","$,",--,33224,,
tg,rfd2.0,249771,250222,SCHILLER,29,auf,APPR,auf,33224,,
tg,rfd2.0,249771,250222,SCHILLER,29,meine,PPOSAT,mein,33224,SCHILLER,29
tg,rfd2.0,249771,250222,SCHILLER,29,Zunge,NN,zunge,33224,,
tg,rfd2.0,249771,250222,SCHILLER,29,gelegt,VVPP,legen,33224,,
tg,rfd2.0,249771,250222,SCHILLER,29,",","$,",--,33224,,
tg,rfd2.0,249771,250222,SCHILLER,29,es,PPER,es,33224,,
tg,rfd2.0,249771,250222,SCHILLER,29,würde,VAFIN,werden,33224,,
tg,rfd2.0,249771,250222,SCHILLER,29,zeitlebens,ADV,zeitlebens,33224,,
tg,rfd2.0,249771,250222,SCHILLER,29,mein,PPOSAT,mein,33224,SCHILLER,29
tg,rfd2.0,249771,250222,SCHILLER,29,Gewissen,NN,gewissen,33224,,
tg,rfd2.0,249771,250222,SCHILLER,29,peinigen,VVINF,peinig,33224,,
tg,rfd2.0,249771,250222,SCHILLER,29,",","$,",--,33224,,
tg,rfd2.0,249771,250222,SCHILLER,29,diese,PDAT,dieser,33224,,
tg,rfd2.0,249771,250222,SCHILLER,29,Wendung,NN,wendung,33224,,
tg,rfd2.0,249771,250222,SCHILLER,29,feigen,ADJA,feigen,33224,,
tg,rfd2.0,249771,250222,SCHILLER,29,Sinnes,NN,sinnes,33224,,
tg,rfd2.0,249771,250222,SCHILLER,29,gemieden,VVPP,gemieden,33224,,
tg,rfd2.0,249771,250222,SCHILLER,29,zu,PTKZU,zu,33224,,
tg,rfd2.0,249771,250222,SCHILLER,29,haben,VAINF,haben,33224,,
tg,rfd2.0,249771,250222,SCHILLER,29,;,$.,--,33224,,
tg,rfd2.0,249771,250222,SCHILLER,29,ich,PPER,ich,33224,SCHILLER,29
tg,rfd2.0,249771,250222,SCHILLER,29,will,VMFIN,wollen,33224,,
tg,rfd2.0,249771,250222,SCHILLER,29,und,KON,und,33224,,
tg,rfd2.0,249771,250222,SCHILLER,29,muß,VMFIN,müssen,33224,,
tg,rfd2.0,249771,250222,SCHILLER,29,den,ART,der,33224,,
tg,rfd2.0,249771,250222,SCHILLER,29,Herzog,NE,herzog,33224,,
tg,rfd2.0,249771,250222,SCHILLER,29,sprechen,VVFIN,sprechen,33224,,
tg,rfd2.0,249771,250222,SCHILLER,29,",","$,",--,33224,,
tg,rfd2.0,249771,250222,SCHILLER,29,und,KON,und,33224,,
tg,rfd2.0,249771,250222,SCHILLER,29,muß,VMFIN,müssen,33224,,
tg,rfd2.0,249771,250222,SCHILLER,29,ihn,PPER,ihn,33224,,
tg,rfd2.0,249771,250222,SCHILLER,29,sprechen,VVFIN,sprechen,33224,,
tg,rfd2.0,249771,250222,SCHILLER,29,frei,ADJD,frei,33224,,
tg,rfd2.0,249771,250222,SCHILLER,29,und,KON,und,33224,,
tg,rfd2.0,249771,250222,SCHILLER,29,fröhlich,ADJD,fröhlich,33224,,
tg,rfd2.0,249771,250222,SCHILLER,29,und,KON,und,33224,,
tg,rfd2.0,249771,250222,SCHILLER,29,mutig,ADJD,mutig,33224,,
tg,rfd2.0,249771,250222,SCHILLER,29,",","$,",--,33224,,
tg,rfd2.0,249771,250222,SCHILLER,29,wie,PWAV,wie,33224,,
tg,rfd2.0,249771,250222,SCHILLER,29,ein,ART,ein,33224,,
tg,rfd2.0,249771,250222,SCHILLER,29,offener,ADJA,offen,33224,,
tg,rfd2.0,249771,250222,SCHILLER,29,Feind,NN,feind,33224,,
tg,rfd2.0,249771,250222,SCHILLER,29,",","$,",--,33224,,
tg,rfd2.0,249771,250222,SCHILLER,29,welcher,ADJA,welcher,33224,,
tg,rfd2.0,249771,250222,SCHILLER,29,Sieg,NN,sieg,33224,,
tg,rfd2.0,249771,250222,SCHILLER,29,oder,KON,oder,33224,,
tg,rfd2.0,249771,250222,SCHILLER,29,Frieden,NN,frieden,33224,,
tg,rfd2.0,249771,250222,SCHILLER,29,erzwingt,VVFIN,erzwingen,33224,,
tg,rfd2.0,249771,250222,SCHILLER,29,.,$.,--,33224,,
tg,rfd2.0,250227,250534,Gräfin Franziska von Hohenheim.,1,Welcher,PWAT,welcher,33224,,
tg,rfd2.0,250227,250534,Gräfin Franziska von Hohenheim.,1,Untergang,NN,untergang,33224,,
tg,rfd2.0,250227,250534,Gräfin Franziska von Hohenheim.,1,und,KON,und,33224,,
tg,rfd2.0,250227,250534,Gräfin Franziska von Hohenheim.,1,Tod,NN,tod,33224,,
tg,rfd2.0,250227,250534,Gräfin Franziska von Hohenheim.,1,erzwingt,VVFIN,erzwingen,33224,,
tg,rfd2.0,250227,250534,Gräfin Franziska von Hohenheim.,1,–,PPER,–,33224,,
tg,rfd2.0,250227,250534,Gräfin Franziska von Hohenheim.,1,jetzt,ADV,jetzt,33224,,
tg,rfd2.0,250227,250534,Gräfin Franziska von Hohenheim.,1,gerade,ADV,gerade,33224,,
tg,rfd2.0,250227,250534,Gräfin Franziska von Hohenheim.,1,bei,APPR,bei,33224,,
tg,rfd2.0,250227,250534,Gräfin Franziska von Hohenheim.,1,Seiner,PPOSAT,sein,33224,,
tg,rfd2.0,250227,250534,Gräfin Franziska von Hohenheim.,1,törichten,ADJA,töricht,33224,,
tg,rfd2.0,250227,250534,Gräfin Franziska von Hohenheim.,1,Zuversicht,NN,zuversicht,33224,,
tg,rfd2.0,250227,250534,Gräfin Franziska von Hohenheim.,1,",","$,",--,33224,,
tg,rfd2.0,250227,250534,Gräfin Franziska von Hohenheim.,1,Schiller,NE,schiller,33224,SCHILLER,29
tg,rfd2.0,250227,250534,Gräfin Franziska von Hohenheim.,1,",","$,",--,33224,,
tg,rfd2.0,250227,250534,Gräfin Franziska von Hohenheim.,1,ist,VAFIN,sein,33224,,
tg,rfd2.0,250227,250534,Gräfin Franziska von Hohenheim.,1,diese,PDAT,dieser,33224,,
tg,rfd2.0,250227,250534,Gräfin Franziska von Hohenheim.,1,Unterredung,NN,unterredung,33224,,
tg,rfd2.0,250227,250534,Gräfin Franziska von Hohenheim.,1,tödlich,ADJD,tödlich,33224,,
tg,rfd2.0,250227,250534,Gräfin Franziska von Hohenheim.,1,und,KON,und,33224,,
tg,rfd2.0,250227,250534,Gräfin Franziska von Hohenheim.,1,muß,VMFIN,müssen,33224,,
tg,rfd2.0,250227,250534,Gräfin Franziska von Hohenheim.,1,vermieden,VVPP,vermeiden,33224,,
tg,rfd2.0,250227,250534,Gräfin Franziska von Hohenheim.,1,werden,VAINF,werden,33224,,
tg,rfd2.0,250227,250534,Gräfin Franziska von Hohenheim.,1,",","$,",--,33224,,
tg,rfd2.0,250227,250534,Gräfin Franziska von Hohenheim.,1,ich,PPER,ich,33224,Gräfin Franziska von Hohenheim.,1
tg,rfd2.0,250227,250534,Gräfin Franziska von Hohenheim.,1,übernehme,VVFIN,übernehmen,33224,,
tg,rfd2.0,250227,250534,Gräfin Franziska von Hohenheim.,1,die,ART,der,33224,,
tg,rfd2.0,250227,250534,Gräfin Franziska von Hohenheim.,1,Entschuldigung,NN,entschuldigung,33224,,
tg,rfd2.0,250227,250534,Gräfin Franziska von Hohenheim.,1,.,$.,--,33224,,
tg,rfd2.0,250540,250557,Gräfin Franziska von Hohenheim.,1,Zu,PTKA,zu,33224,,
tg,rfd2.0,250540,250557,Gräfin Franziska von Hohenheim.,1,spät,ADJD,spät,33224,,
tg,rfd2.0,250540,250557,Gräfin Franziska von Hohenheim.,1,"!",$.,--,33224,,
tg,rfd2.0,250562,250591,Generalin Rieger.,2,Nun,ADV,nun,33224,,
tg,rfd2.0,250562,250591,Generalin Rieger.,2,ist's,ADV,ist's,33224,,
tg,rfd2.0,250562,250591,Generalin Rieger.,2,vorbei,ADV,vorbei,33224,,
tg,rfd2.0,250562,250591,Generalin Rieger.,2,"!",$.,--,33224,,
tg,rfd2.0,250596,250619,KOCH,20,Zum,APPRART,zu,33224,,
tg,rfd2.0,250596,250619,KOCH,20,Verzweifeln,NN,verzweifeln,33224,,
tg,rfd2.0,250596,250619,KOCH,20,"!",$.,--,33224,,
tg,rfd2.0,250624,250725,SCHILLER,29,Das,ART,der,33224,,
tg,rfd2.0,250624,250725,SCHILLER,29,Schicksal,NN,schicksal,33224,,
tg,rfd2.0,250624,250725,SCHILLER,29,entscheidet,VVFIN,entscheiden,33224,,
tg,rfd2.0,250624,250725,SCHILLER,29,für,APPR,für,33224,,
tg,rfd2.0,250624,250725,SCHILLER,29,meinen,PPOSAT,mein,33224,SCHILLER,29
tg,rfd2.0,250624,250725,SCHILLER,29,Glauben,NN,glaube,33224,,
tg,rfd2.0,250624,250725,SCHILLER,29,und,KON,und,33224,,
tg,rfd2.0,250624,250725,SCHILLER,29,–,XY,–,33224,,
tg,rfd2.0,250624,250725,SCHILLER,29,Auf,APPR,auf,33224,,
tg,rfd2.0,250624,250725,SCHILLER,29,Laura,NE,laura,33224,,
tg,rfd2.0,250624,250725,SCHILLER,29,hinüberblickend,ADJD,hinüberblickend,33224,,
tg,rfd2.0,250624,250725,SCHILLER,29,.,$.,--,33224,,
tg,rfd2.0,250624,250725,SCHILLER,29,meine,PPOSAT,mein,33224,SCHILLER,29
tg,rfd2.0,250624,250725,SCHILLER,29,Liebe,NN,liebe,33224,,
tg,rfd2.0,250624,250725,SCHILLER,29,"!",$.,--,33224,,
tg,rfd2.0,250730,250768,Herzog Karl von Württemberg.,0,Was,PWS,was,33224,,
tg,rfd2.0,250730,250768,Herzog Karl von Württemberg.,0,macht,VVFIN,machen,33224,,
tg,rfd2.0,250730,250768,Herzog Karl von Württemberg.,0,Er,PPER,er,33224,,
tg,rfd2.0,250730,250768,Herzog Karl von Württemberg.,0,hier,ADV,hier,33224,,
tg,rfd2.0,250730,250768,Herzog Karl von Württemberg.,0,?,$.,--,33224,,
tg,rfd2.0,250730,250768,Herzog Karl von Württemberg.,0,"!",$.,--,33224,,
tg,rfd2.0,250773,250787,KOCH,20,Sire,NE,sire,33224,,
tg,rfd2.0,250773,250787,KOCH,20,.,$.,--,33224,,
tg,rfd2.0,250773,250787,KOCH,20,–,XY,–,33224,,
tg,rfd2.0,250792,250865,Gräfin Franziska von Hohenheim.,1,Ich,PPER,ich,33224,,
tg,rfd2.0,250792,250865,Gräfin Franziska von Hohenheim.,1,hab,VAFIN,hab,33224,,
tg,rfd2.0,250792,250865,Gräfin Franziska von Hohenheim.,1,',$[,--,33224,,
tg,rfd2.0,250792,250865,Gräfin Franziska von Hohenheim.,1,ihn,PPER,ihn,33224,,
tg,rfd2.0,250792,250865,Gräfin Franziska von Hohenheim.,1,gerufen,VVPP,rufen,33224,,
tg,rfd2.0,250792,250865,Gräfin Franziska von Hohenheim.,1,",","$,",--,33224,,
tg,rfd2.0,250792,250865,Gräfin Franziska von Hohenheim.,1,daß,KOUS,daß,33224,,
tg,rfd2.0,250792,250865,Gräfin Franziska von Hohenheim.,1,er,PPER,er,33224,,
tg,rfd2.0,250792,250865,Gräfin Franziska von Hohenheim.,1,seinen,PPOSAT,sein,33224,,
tg,rfd2.0,250792,250865,Gräfin Franziska von Hohenheim.,1,unglücklichen,ADJA,unglücklich,33224,,
tg,rfd2.0,250792,250865,Gräfin Franziska von Hohenheim.,1,Freund,NN,freund,33224,,
tg,rfd2.0,250792,250865,Gräfin Franziska von Hohenheim.,1,berate,VVFIN,beraten,33224,,
tg,rfd2.0,250792,250865,Gräfin Franziska von Hohenheim.,1,.,$.,--,33224,,
tg,rfd2.0,250870,251017,Herzog Karl von Württemberg.,0,Komm,VVIMP,komm,33224,,
tg,rfd2.0,250870,251017,Herzog Karl von Württemberg.,0,zu,APPR,zu,33224,,
tg,rfd2.0,250870,251017,Herzog Karl von Württemberg.,0,mir,PPER,sich,33224,Herzog Karl von Württemberg.,0
tg,rfd2.0,250870,251017,Herzog Karl von Württemberg.,0,",","$,",--,33224,,
tg,rfd2.0,250870,251017,Herzog Karl von Württemberg.,0,mein,PPOSAT,mein,33224,Herzog Karl von Württemberg.,0
tg,rfd2.0,250870,251017,Herzog Karl von Württemberg.,0,Kind,NN,kind,33224,,
tg,rfd2.0,250870,251017,Herzog Karl von Württemberg.,0,"!",$.,--,33224,,
tg,rfd2.0,251097,251190,Herzog Karl von Württemberg.,0,Armes,NE,armes,33224,,
tg,rfd2.0,251097,251190,Herzog Karl von Württemberg.,0,Kind,NN,kind,33224,,
tg,rfd2.0,251097,251190,Herzog Karl von Württemberg.,0,"!",$.,--,33224,,
tg,rfd2.0,251097,251190,Herzog Karl von Württemberg.,0,Zum,APPRART,zu,33224,,
tg,rfd2.0,251097,251190,Herzog Karl von Württemberg.,0,Spielball,NN,spielball,33224,,
tg,rfd2.0,251097,251190,Herzog Karl von Württemberg.,0,des,ART,der,33224,,
tg,rfd2.0,251097,251190,Herzog Karl von Württemberg.,0,Glückes,NN,glück,33224,,
tg,rfd2.0,251097,251190,Herzog Karl von Württemberg.,0,in,APPR,in,33224,,
tg,rfd2.0,251097,251190,Herzog Karl von Württemberg.,0,die,ART,der,33224,,
tg,rfd2.0,251097,251190,Herzog Karl von Württemberg.,0,Welt,NN,welt,33224,,
tg,rfd2.0,251097,251190,Herzog Karl von Württemberg.,0,geschleudert,VVPP,schleudern,33224,,
tg,rfd2.0,251097,251190,Herzog Karl von Württemberg.,0,unbedachtsam,ADJD,unbedachtsam,33224,,
tg,rfd2.0,251097,251190,Herzog Karl von Württemberg.,0,"!",$.,--,33224,,
tg,rfd2.0,251195,251235,"Laura, deren Pflegetochter.",3,Laß,VVIMP,lassen,33224,,
tg,rfd2.0,251195,251235,"Laura, deren Pflegetochter.",3,dein,PPOSAT,dein,33224,,
tg,rfd2.0,251195,251235,"Laura, deren Pflegetochter.",3,Herz,NN,herz,33224,,
tg,rfd2.0,251195,251235,"Laura, deren Pflegetochter.",3,für,APPR,für,33224,,
tg,rfd2.0,251195,251235,"Laura, deren Pflegetochter.",3,mich,PPER,mich,33224,"Laura, deren Pflegetochter.",3
tg,rfd2.0,251195,251235,"Laura, deren Pflegetochter.",3,sprechen,VVINF,sprechen,33224,,
tg,rfd2.0,251195,251235,"Laura, deren Pflegetochter.",3,"!",$.,--,33224,,
tg,rfd2.0,251240,251390,Herzog Karl von Württemberg.,0,Mein,PPOSAT,mein,33224,,
tg,rfd2.0,251240,251390,Herzog Karl von Württemberg.,0,Herz,NN,herz,33224,,
tg,rfd2.0,251240,251390,Herzog Karl von Württemberg.,0,?,$.,--,33224,,
tg,rfd2.0,251240,251390,Herzog Karl von Württemberg.,0,–,XY,–,33224,,
tg,rfd2.0,251240,251390,Herzog Karl von Württemberg.,0,Wär,FM,sein,33224,,
tg,rfd2.0,251240,251390,Herzog Karl von Württemberg.,0,',$[,--,33224,,
tg,rfd2.0,251240,251390,Herzog Karl von Württemberg.,0,ich,PPER,ich,33224,Herzog Karl von Württemberg.,0
tg,rfd2.0,251240,251390,Herzog Karl von Württemberg.,0,ein,ART,ein,33224,,
tg,rfd2.0,251240,251390,Herzog Karl von Württemberg.,0,Bürgersmann,NN,bürgersmann,33224,,
tg,rfd2.0,251240,251390,Herzog Karl von Württemberg.,0,"!",$.,--,33224,,
tg,rfd2.0,251240,251390,Herzog Karl von Württemberg.,0,–,XY,–,33224,,
tg,rfd2.0,251240,251390,Herzog Karl von Württemberg.,0,Bäbele,NN,bäbele,33224,,
tg,rfd2.0,251240,251390,Herzog Karl von Württemberg.,0,"!",$.,--,33224,,
tg,rfd2.0,251240,251390,Herzog Karl von Württemberg.,0,Generalin,NE,generalin,33224,,
tg,rfd2.0,251240,251390,Herzog Karl von Württemberg.,0,kommt,VVFIN,kommen,33224,,
tg,rfd2.0,251240,251390,Herzog Karl von Württemberg.,0,und,KON,und,33224,,
tg,rfd2.0,251240,251390,Herzog Karl von Württemberg.,0,nimmt,VVFIN,nehmen,33224,,
tg,rfd2.0,251240,251390,Herzog Karl von Württemberg.,0,Laura,NE,laura,33224,,
tg,rfd2.0,251240,251390,Herzog Karl von Württemberg.,0,aus,APPR,aus,33224,,
tg,rfd2.0,251240,251390,Herzog Karl von Württemberg.,0,seinen,PPOSAT,sein,33224,,
tg,rfd2.0,251240,251390,Herzog Karl von Württemberg.,0,Armen,NN,arm,33224,,
tg,rfd2.0,251240,251390,Herzog Karl von Württemberg.,0,.,$.,--,33224,,
tg,rfd2.0,251240,251390,Herzog Karl von Württemberg.,0,Pflege,NN,pflege,33224,,
tg,rfd2.0,251240,251390,Herzog Karl von Württemberg.,0,dies,PDS,dieser,33224,,
tg,rfd2.0,251240,251390,Herzog Karl von Württemberg.,0,Kind,NN,kind,33224,,
tg,rfd2.0,251240,251390,Herzog Karl von Württemberg.,0,",","$,",--,33224,,
tg,rfd2.0,251240,251390,Herzog Karl von Württemberg.,0,wenn,KOUS,wenn,33224,,
tg,rfd2.0,251240,251390,Herzog Karl von Württemberg.,0,ihm,PPER,ihm,33224,,
tg,rfd2.0,251240,251390,Herzog Karl von Württemberg.,0,Weh,VVIMP,weh,33224,,
tg,rfd2.0,251240,251390,Herzog Karl von Württemberg.,0,getan,VVPP,tun,33224,,
tg,rfd2.0,251240,251390,Herzog Karl von Württemberg.,0,wird,VAFIN,werden,33224,,
tg,rfd2.0,251240,251390,Herzog Karl von Württemberg.,0,.,$.,--,33224,,
tg,rfd2.0,251395,251435,Generalin Rieger.,2,Das,PDS,der,33224,,
tg,rfd2.0,251395,251435,Generalin Rieger.,2,wird,VAFIN,werden,33224,,
tg,rfd2.0,251395,251435,Generalin Rieger.,2,Gott,NN,gott,33224,,
tg,rfd2.0,251395,251435,Generalin Rieger.,2,nicht,PTKNEG,nicht,33224,,
tg,rfd2.0,251395,251435,Generalin Rieger.,2,wollen,VMFIN,wollen,33224,,
tg,rfd2.0,251395,251435,Generalin Rieger.,2,–,XY,–,33224,,
tg,rfd2.0,251440,251506,Herzog Karl von Württemberg.,0,Ich,PPER,ich,33224,,
tg,rfd2.0,251440,251506,Herzog Karl von Württemberg.,0,hab,VAFIN,hab,33224,,
tg,rfd2.0,251440,251506,Herzog Karl von Württemberg.,0,',$[,--,33224,,
tg,rfd2.0,251440,251506,Herzog Karl von Württemberg.,0,ihn,PPER,ihn,33224,,
tg,rfd2.0,251440,251506,Herzog Karl von Württemberg.,0,leider,ADV,leider,33224,,
tg,rfd2.0,251440,251506,Herzog Karl von Württemberg.,0,zu,PTKZU,zu,33224,,
tg,rfd2.0,251440,251506,Herzog Karl von Württemberg.,0,vertreten,VVINF,vertreten,33224,,
tg,rfd2.0,251440,251506,Herzog Karl von Württemberg.,0,auf,APPR,auf,33224,,
tg,rfd2.0,251440,251506,Herzog Karl von Württemberg.,0,dieser,PDAT,dieser,33224,,
tg,rfd2.0,251440,251506,Herzog Karl von Württemberg.,0,Scholle,NN,scholle,33224,,
tg,rfd2.0,251440,251506,Herzog Karl von Württemberg.,0,Erde,NN,erde,33224,,
tg,rfd2.0,251440,251506,Herzog Karl von Württemberg.,0,.,$.,--,33224,,
tg,rfd2.0,251511,251579,Generalin Rieger.,2,Traget,NE,traget,33224,,
tg,rfd2.0,251511,251579,Generalin Rieger.,2,Holz,NN,holz,33224,,
tg,rfd2.0,251511,251579,Generalin Rieger.,2,und,KON,und,33224,,
tg,rfd2.0,251511,251579,Generalin Rieger.,2,lasset,VVFIN,lasset,33224,,
tg,rfd2.0,251511,251579,Generalin Rieger.,2,Gott,NN,gott,33224,,
tg,rfd2.0,251511,251579,Generalin Rieger.,2,kochen,VVINF,kochen,33224,,
tg,rfd2.0,251511,251579,Generalin Rieger.,2,"!",$.,--,33224,,
tg,rfd2.0,251511,251579,Generalin Rieger.,2,sagt,VVFIN,sagen,33224,,
tg,rfd2.0,251511,251579,Generalin Rieger.,2,ein,ART,ein,33224,,
tg,rfd2.0,251511,251579,Generalin Rieger.,2,altes,ADJA,alt,33224,,
tg,rfd2.0,251511,251579,Generalin Rieger.,2,Wort,NN,wort,33224,,
tg,rfd2.0,251511,251579,Generalin Rieger.,2,.,$.,--,33224,,
tg,rfd2.0,251585,251646,Herzog Karl von Württemberg.,0,Ich,PPER,ich,33224,,
tg,rfd2.0,251585,251646,Herzog Karl von Württemberg.,0,trage,VVFIN,tragen,33224,,
tg,rfd2.0,251585,251646,Herzog Karl von Württemberg.,0,Holz,NN,holz,33224,,
tg,rfd2.0,251585,251646,Herzog Karl von Württemberg.,0,Mit,APPR,mit,33224,,
tg,rfd2.0,251585,251646,Herzog Karl von Württemberg.,0,einer,ART,ein,33224,,
tg,rfd2.0,251585,251646,Herzog Karl von Württemberg.,0,abwehrenden,ADJA,abwehrend,33224,,
tg,rfd2.0,251585,251646,Herzog Karl von Württemberg.,0,Bewegung,NN,bewegung,33224,,
tg,rfd2.0,251585,251646,Herzog Karl von Württemberg.,0,.,$.,--,33224,,
tg,rfd2.0,251585,251646,Herzog Karl von Württemberg.,0,Geht,VVFIN,gehen,33224,,
tg,rfd2.0,251585,251646,Herzog Karl von Württemberg.,0,"!",$.,--,33224,,
tg,rfd2.0,251651,251675,Gräfin Franziska von Hohenheim.,1,Karl,NE,karl,33224,,
tg,rfd2.0,251651,251675,Gräfin Franziska von Hohenheim.,1,.,$.,--,33224,,
tg,rfd2.0,251680,251766,Herzog Karl von Württemberg.,0,Geht,VVFIN,gehen,33224,,
tg,rfd2.0,251680,251766,Herzog Karl von Württemberg.,0,"!",$.,--,33224,,
tg,rfd2.0,251832,252065,Herzog Karl von Württemberg.,0,Schiller,NE,schiller,33224,SCHILLER,29
tg,rfd2.0,251832,252065,Herzog Karl von Württemberg.,0,steht,VVFIN,stehen,33224,,
tg,rfd2.0,251832,252065,Herzog Karl von Württemberg.,0,auf,APPR,auf,33224,,
tg,rfd2.0,251832,252065,Herzog Karl von Württemberg.,0,der,ART,der,33224,,
tg,rfd2.0,251832,252065,Herzog Karl von Württemberg.,0,rechten,ADJA,rechter,33224,,
tg,rfd2.0,251832,252065,Herzog Karl von Württemberg.,0,Seite,NN,seite,33224,,
tg,rfd2.0,251832,252065,Herzog Karl von Württemberg.,0,hinter,APPR,hinter,33224,,
tg,rfd2.0,251832,252065,Herzog Karl von Württemberg.,0,dem,ART,der,33224,,
tg,rfd2.0,251832,252065,Herzog Karl von Württemberg.,0,Sessel,NN,sessel,33224,,
tg,rfd2.0,251832,252065,Herzog Karl von Württemberg.,0,.,$.,--,33224,,
tg,rfd2.0,251832,252065,Herzog Karl von Württemberg.,0,Pause,NN,pause,33224,,
tg,rfd2.0,251832,252065,Herzog Karl von Württemberg.,0,.,$.,--,33224,,
tg,rfd2.0,251832,252065,Herzog Karl von Württemberg.,0,Endlich,ADV,endlich,33224,,
tg,rfd2.0,251832,252065,Herzog Karl von Württemberg.,0,sieht,VVFIN,sehen,33224,,
tg,rfd2.0,251832,252065,Herzog Karl von Württemberg.,0,der,ART,der,33224,,
tg,rfd2.0,251832,252065,Herzog Karl von Württemberg.,0,Herzog,NE,herzog,33224,,
tg,rfd2.0,251832,252065,Herzog Karl von Württemberg.,0,auf,PTKVZ,auf,33224,,
tg,rfd2.0,251832,252065,Herzog Karl von Württemberg.,0,",","$,",--,33224,,
tg,rfd2.0,251832,252065,Herzog Karl von Württemberg.,0,betrachtet,VVPP,betrachten,33224,,
tg,rfd2.0,251832,252065,Herzog Karl von Württemberg.,0,Schiller,NE,schiller,33224,SCHILLER,29
tg,rfd2.0,251832,252065,Herzog Karl von Württemberg.,0,",","$,",--,33224,,
tg,rfd2.0,251832,252065,Herzog Karl von Württemberg.,0,dann,ADV,dann,33224,,
tg,rfd2.0,251832,252065,Herzog Karl von Württemberg.,0,sagt,VVFIN,sagen,33224,,
tg,rfd2.0,251832,252065,Herzog Karl von Württemberg.,0,er,PPER,er,33224,,
tg,rfd2.0,251832,252065,Herzog Karl von Württemberg.,0,.,$.,--,33224,,
tg,rfd2.0,251832,252065,Herzog Karl von Württemberg.,0,Geh,VVIMP,geh,33224,,
tg,rfd2.0,251832,252065,Herzog Karl von Württemberg.,0,Er,PPER,er,33224,,
tg,rfd2.0,251832,252065,Herzog Karl von Württemberg.,0,hin,PTKVZ,hin,33224,,
tg,rfd2.0,251832,252065,Herzog Karl von Württemberg.,0,und,KON,und,33224,,
tg,rfd2.0,251832,252065,Herzog Karl von Württemberg.,0,öffne,ADJA,öffnen,33224,,
tg,rfd2.0,251832,252065,Herzog Karl von Württemberg.,0,Er,PPER,er,33224,,
tg,rfd2.0,251832,252065,Herzog Karl von Württemberg.,0,die,ART,der,33224,,
tg,rfd2.0,251832,252065,Herzog Karl von Württemberg.,0,Tür,NN,tür,33224,,
tg,rfd2.0,251832,252065,Herzog Karl von Württemberg.,0,zum,APPRART,zu,33224,,
tg,rfd2.0,251832,252065,Herzog Karl von Württemberg.,0,Dienstzimmer,NN,dienstzimmer,33224,,
tg,rfd2.0,251832,252065,Herzog Karl von Württemberg.,0,"!",$.,--,33224,,
tg,rfd2.0,252122,252335,Herzog Karl von Württemberg.,0,General,NN,General,33224,,
tg,rfd2.0,252122,252335,Herzog Karl von Württemberg.,0,Rieger,NN,rieger,33224,RIEGER,27
tg,rfd2.0,252122,252335,Herzog Karl von Württemberg.,0,"!",$.,--,33224,,
tg,rfd2.0,252341,252362,RIEGER,27,Durchlaucht,NN,durchlaucht,33224,,
tg,rfd2.0,252341,252362,RIEGER,27,.,$.,--,33224,,
tg,rfd2.0,252367,252406,Herzog Karl von Württemberg.,0,Hierher,ADV,hierher,33224,,
tg,rfd2.0,252367,252406,Herzog Karl von Württemberg.,0,"!",$.,--,33224,,
tg,rfd2.0,252442,252752,Herzog Karl von Württemberg.,0,Warte,NN,warte,33224,,
tg,rfd2.0,252442,252752,Herzog Karl von Württemberg.,0,dort,ADV,dort,33224,,
tg,rfd2.0,252442,252752,Herzog Karl von Württemberg.,0,",","$,",--,33224,,
tg,rfd2.0,252442,252752,Herzog Karl von Württemberg.,0,wie,PWAV,wie,33224,,
tg,rfd2.0,252442,252752,Herzog Karl von Württemberg.,0,ich,PPER,ich,33224,Herzog Karl von Württemberg.,0
tg,rfd2.0,252442,252752,Herzog Karl von Württemberg.,0,dir,PRF,dir,33224,,
tg,rfd2.0,252442,252752,Herzog Karl von Württemberg.,0,befohlen,VVPP,befohlen,33224,,
tg,rfd2.0,252442,252752,Herzog Karl von Württemberg.,0,"!",$.,--,33224,,
tg,rfd2.0,252442,252752,Herzog Karl von Württemberg.,0,Wenn,KOUS,wenn,33224,,
tg,rfd2.0,252442,252752,Herzog Karl von Württemberg.,0,du,PPER,du,33224,,
tg,rfd2.0,252442,252752,Herzog Karl von Württemberg.,0,mich,PRF,mich,33224,Herzog Karl von Württemberg.,0
tg,rfd2.0,252442,252752,Herzog Karl von Württemberg.,0,fortreiten,ADJA,fortreiten,33224,,
tg,rfd2.0,252442,252752,Herzog Karl von Württemberg.,0,siehst,VVFIN,sehen,33224,,
tg,rfd2.0,252442,252752,Herzog Karl von Württemberg.,0,",","$,",--,33224,,
tg,rfd2.0,252442,252752,Herzog Karl von Württemberg.,0,ohne,APPR,ohne,33224,,
tg,rfd2.0,252442,252752,Herzog Karl von Württemberg.,0,daß,KOUS,daß,33224,,
tg,rfd2.0,252442,252752,Herzog Karl von Württemberg.,0,ich,PPER,ich,33224,Herzog Karl von Württemberg.,0
tg,rfd2.0,252442,252752,Herzog Karl von Württemberg.,0,dich,PRF,dich,33224,,
tg,rfd2.0,252442,252752,Herzog Karl von Württemberg.,0,nochmals,ADV,nochmals,33224,,
tg,rfd2.0,252442,252752,Herzog Karl von Württemberg.,0,gerufen,VVPP,rufen,33224,,
tg,rfd2.0,252442,252752,Herzog Karl von Württemberg.,0,",","$,",--,33224,,
tg,rfd2.0,252442,252752,Herzog Karl von Württemberg.,0,so,ADV,so,33224,,
tg,rfd2.0,252442,252752,Herzog Karl von Württemberg.,0,besteige,ADJA,besteigen,33224,,
tg,rfd2.0,252442,252752,Herzog Karl von Württemberg.,0,dein,PPOSAT,dein,33224,,
tg,rfd2.0,252442,252752,Herzog Karl von Württemberg.,0,Pferd,NN,pferd,33224,,
tg,rfd2.0,252442,252752,Herzog Karl von Württemberg.,0,und,KON,und,33224,,
tg,rfd2.0,252442,252752,Herzog Karl von Württemberg.,0,kehre,VVFIN,kehren,33224,,
tg,rfd2.0,252442,252752,Herzog Karl von Württemberg.,0,friedlich,ADJD,friedlich,33224,,
tg,rfd2.0,252442,252752,Herzog Karl von Württemberg.,0,auf,APPR,auf,33224,,
tg,rfd2.0,252442,252752,Herzog Karl von Württemberg.,0,deine,PPOSAT,dein,33224,,
tg,rfd2.0,252442,252752,Herzog Karl von Württemberg.,0,Festung,NN,festung,33224,,
tg,rfd2.0,252442,252752,Herzog Karl von Württemberg.,0,heim,PTKVZ,heim,33224,,
tg,rfd2.0,252442,252752,Herzog Karl von Württemberg.,0,.,$.,--,33224,,
tg,rfd2.0,252442,252752,Herzog Karl von Württemberg.,0,Ruf,NN,ruf,33224,,
tg,rfd2.0,252442,252752,Herzog Karl von Württemberg.,0,ich,PPER,ich,33224,Herzog Karl von Württemberg.,0
tg,rfd2.0,252442,252752,Herzog Karl von Württemberg.,0,dich,PRF,dich,33224,,
tg,rfd2.0,252442,252752,Herzog Karl von Württemberg.,0,aber,ADV,aber,33224,,
tg,rfd2.0,252442,252752,Herzog Karl von Württemberg.,0,noch,ADV,noch,33224,,
tg,rfd2.0,252442,252752,Herzog Karl von Württemberg.,0,einmal,ADV,einmal,33224,,
tg,rfd2.0,252442,252752,Herzog Karl von Württemberg.,0,und,KON,und,33224,,
tg,rfd2.0,252442,252752,Herzog Karl von Württemberg.,0,sage,VVFIN,sagen,33224,,
tg,rfd2.0,252442,252752,Herzog Karl von Württemberg.,0,dir,PPER,dir,33224,,
tg,rfd2.0,252442,252752,Herzog Karl von Württemberg.,0,:,$.,--,33224,,
tg,rfd2.0,252442,252752,Herzog Karl von Württemberg.,0,»,XY,»,33224,,
tg,rfd2.0,252442,252752,Herzog Karl von Württemberg.,0,Es,PPER,es,33224,,
tg,rfd2.0,252442,252752,Herzog Karl von Württemberg.,0,bleibt,VVFIN,bleiben,33224,,
tg,rfd2.0,252442,252752,Herzog Karl von Württemberg.,0,beim,APPRART,bei,33224,,
tg,rfd2.0,252442,252752,Herzog Karl von Württemberg.,0,Alten,NN,alten,33224,,
tg,rfd2.0,252442,252752,Herzog Karl von Württemberg.,0,",","$,",--,33224,,
tg,rfd2.0,252442,252752,Herzog Karl von Württemberg.,0,«,XY,«,33224,,
tg,rfd2.0,252442,252752,Herzog Karl von Württemberg.,0,so,ADV,so,33224,,
tg,rfd2.0,252442,252752,Herzog Karl von Württemberg.,0,handle,VVFIN,handeln,33224,,
tg,rfd2.0,252442,252752,Herzog Karl von Württemberg.,0,nach,APPR,nach,33224,,
tg,rfd2.0,252442,252752,Herzog Karl von Württemberg.,0,Sonnenuntergang,NN,sonnenuntergang,33224,,
tg,rfd2.0,252442,252752,Herzog Karl von Württemberg.,0,",","$,",--,33224,,
tg,rfd2.0,252442,252752,Herzog Karl von Württemberg.,0,wie,PWAV,wie,33224,,
tg,rfd2.0,252442,252752,Herzog Karl von Württemberg.,0,ich,PPER,ich,33224,Herzog Karl von Württemberg.,0
tg,rfd2.0,252442,252752,Herzog Karl von Württemberg.,0,dir,PRF,dir,33224,,
tg,rfd2.0,252442,252752,Herzog Karl von Württemberg.,0,befohlen,VVPP,befohlen,33224,,
tg,rfd2.0,252442,252752,Herzog Karl von Württemberg.,0,.,$.,--,33224,,
tg,rfd2.0,252757,252789,RIEGER,27,Zu,APPR,zu,33224,,
tg,rfd2.0,252757,252789,RIEGER,27,Befehl,NN,befehl,33224,,
tg,rfd2.0,252757,252789,RIEGER,27,",","$,",--,33224,,
tg,rfd2.0,252757,252789,RIEGER,27,Durchlaucht,NN,durchlaucht,33224,,
tg,rfd2.0,252757,252789,RIEGER,27,.,$.,--,33224,,
tg,rfd2.0,252794,252893,Herzog Karl von Württemberg.,0,–,XY,–,33224,,
tg,rfd2.0,252794,252893,Herzog Karl von Württemberg.,0,Kurze,ADJA,kurz,33224,,
tg,rfd2.0,252794,252893,Herzog Karl von Württemberg.,0,Pause,NN,pause,33224,,
tg,rfd2.0,252794,252893,Herzog Karl von Württemberg.,0,.,$.,--,33224,,
tg,rfd2.0,252794,252893,Herzog Karl von Württemberg.,0,Schließe,NN,schließ,33224,,
tg,rfd2.0,252794,252893,Herzog Karl von Württemberg.,0,"!",$.,--,33224,,
tg,rfd2.0,252933,253126,Herzog Karl von Württemberg.,0,Sobald,KOUS,sobald,33224,,
tg,rfd2.0,252933,253126,Herzog Karl von Württemberg.,0,er,PPER,er,33224,,
tg,rfd2.0,252933,253126,Herzog Karl von Württemberg.,0,sitzt,VVFIN,sitzen,33224,,
tg,rfd2.0,252933,253126,Herzog Karl von Württemberg.,0,",","$,",--,33224,,
tg,rfd2.0,252933,253126,Herzog Karl von Württemberg.,0,winkt,VVFIN,winken,33224,,
tg,rfd2.0,252933,253126,Herzog Karl von Württemberg.,0,er,PPER,er,33224,,
tg,rfd2.0,252933,253126,Herzog Karl von Württemberg.,0,",","$,",--,33224,,
tg,rfd2.0,252933,253126,Herzog Karl von Württemberg.,0,ohne,KOUI,ohne,33224,,
tg,rfd2.0,252933,253126,Herzog Karl von Württemberg.,0,sich,PRF,sich,33224,,
tg,rfd2.0,252933,253126,Herzog Karl von Württemberg.,0,umzusehen,VVINF,umsehen,33224,,
tg,rfd2.0,252933,253126,Herzog Karl von Württemberg.,0,",","$,",--,33224,,
tg,rfd2.0,252933,253126,Herzog Karl von Württemberg.,0,Schiller,NE,schiller,33224,SCHILLER,29
tg,rfd2.0,252933,253126,Herzog Karl von Württemberg.,0,",","$,",--,33224,,
tg,rfd2.0,252933,253126,Herzog Karl von Württemberg.,0,und,KON,und,33224,,
tg,rfd2.0,252933,253126,Herzog Karl von Württemberg.,0,dieser,PDS,dieser,33224,,
tg,rfd2.0,252933,253126,Herzog Karl von Württemberg.,0,kommt,VVFIN,kommen,33224,,
tg,rfd2.0,252933,253126,Herzog Karl von Württemberg.,0,bis,APPR,bis,33224,,
tg,rfd2.0,252933,253126,Herzog Karl von Württemberg.,0,in,APPR,in,33224,,
tg,rfd2.0,252933,253126,Herzog Karl von Württemberg.,0,die,ART,der,33224,,
tg,rfd2.0,252933,253126,Herzog Karl von Württemberg.,0,Mitte,NN,mitte,33224,,
tg,rfd2.0,252933,253126,Herzog Karl von Württemberg.,0,des,ART,der,33224,,
tg,rfd2.0,252933,253126,Herzog Karl von Württemberg.,0,Theaters,NN,theater,33224,,
tg,rfd2.0,252933,253126,Herzog Karl von Württemberg.,0,.,$.,--,33224,,
tg,rfd2.0,252933,253126,Herzog Karl von Württemberg.,0,Wie,PWAV,wie,33224,,
tg,rfd2.0,252933,253126,Herzog Karl von Württemberg.,0,alt,ADJD,alt,33224,,
tg,rfd2.0,252933,253126,Herzog Karl von Württemberg.,0,ist,VAFIN,sein,33224,,
tg,rfd2.0,252933,253126,Herzog Karl von Württemberg.,0,Er,PPER,er,33224,,
tg,rfd2.0,252933,253126,Herzog Karl von Württemberg.,0,?,$.,--,33224,,
tg,rfd2.0,253131,253162,SCHILLER,29,Dreiundzwanzig,ADJD,dreiundzwanzig,33224,,
tg,rfd2.0,253131,253162,SCHILLER,29,Jahr,NN,jahr,33224,,
tg,rfd2.0,253131,253162,SCHILLER,29,.,$.,--,33224,,
tg,rfd2.0,253167,253363,Herzog Karl von Württemberg.,0,Und,KON,und,33224,,
tg,rfd2.0,253167,253363,Herzog Karl von Württemberg.,0,richtet,VVFIN,richten,33224,,
tg,rfd2.0,253167,253363,Herzog Karl von Württemberg.,0,schon,ADV,schon,33224,,
tg,rfd2.0,253167,253363,Herzog Karl von Württemberg.,0,solches,PIDAT,solcher,33224,,
tg,rfd2.0,253167,253363,Herzog Karl von Württemberg.,0,Unheil,NN,unheil,33224,,
tg,rfd2.0,253167,253363,Herzog Karl von Württemberg.,0,an,PTKVZ,an,33224,,
tg,rfd2.0,253167,253363,Herzog Karl von Württemberg.,0,"!",$.,--,33224,,
tg,rfd2.0,253167,253363,Herzog Karl von Württemberg.,0,Laut,APPR,laut,33224,,
tg,rfd2.0,253167,253363,Herzog Karl von Württemberg.,0,.,$.,--,33224,,
tg,rfd2.0,253167,253363,Herzog Karl von Württemberg.,0,Einer,PIS,einer,33224,,
tg,rfd2.0,253167,253363,Herzog Karl von Württemberg.,0,von,APPR,von,33224,,
tg,rfd2.0,253167,253363,Herzog Karl von Württemberg.,0,euch,PPER,euch,33224,,
tg,rfd2.0,253167,253363,Herzog Karl von Württemberg.,0,sagte,VVFIN,sagen,33224,,
tg,rfd2.0,253167,253363,Herzog Karl von Württemberg.,0,gestern,ADV,gestern,33224,,
tg,rfd2.0,253167,253363,Herzog Karl von Württemberg.,0,",","$,",--,33224,,
tg,rfd2.0,253167,253363,Herzog Karl von Württemberg.,0,die,ART,der,33224,,
tg,rfd2.0,253167,253363,Herzog Karl von Württemberg.,0,Menschen,NN,mensch,33224,,
tg,rfd2.0,253167,253363,Herzog Karl von Württemberg.,0,ließen,VVFIN,lassen,33224,,
tg,rfd2.0,253167,253363,Herzog Karl von Württemberg.,0,sich,PRF,sich,33224,,
tg,rfd2.0,253167,253363,Herzog Karl von Württemberg.,0,nicht,PTKNEG,nicht,33224,,
tg,rfd2.0,253167,253363,Herzog Karl von Württemberg.,0,erziehen,VVINF,erziehen,33224,,
tg,rfd2.0,253167,253363,Herzog Karl von Württemberg.,0,.,$.,--,33224,,
tg,rfd2.0,253167,253363,Herzog Karl von Württemberg.,0,Was,PWS,was,33224,,
tg,rfd2.0,253167,253363,Herzog Karl von Württemberg.,0,hat,VAFIN,haben,33224,,
tg,rfd2.0,253167,253363,Herzog Karl von Württemberg.,0,Er,PPER,er,33224,,
tg,rfd2.0,253167,253363,Herzog Karl von Württemberg.,0,denn,ADV,denn,33224,,
tg,rfd2.0,253167,253363,Herzog Karl von Württemberg.,0,werden,VAINF,werden,33224,,
tg,rfd2.0,253167,253363,Herzog Karl von Württemberg.,0,wollen,VMFIN,wollen,33224,,
tg,rfd2.0,253167,253363,Herzog Karl von Württemberg.,0,",","$,",--,33224,,
tg,rfd2.0,253167,253363,Herzog Karl von Württemberg.,0,ehe,KOUS,ehe,33224,,
tg,rfd2.0,253167,253363,Herzog Karl von Württemberg.,0,ich,PPER,ich,33224,Herzog Karl von Württemberg.,0
tg,rfd2.0,253167,253363,Herzog Karl von Württemberg.,0,mich,PRF,mich,33224,Herzog Karl von Württemberg.,0
tg,rfd2.0,253167,253363,Herzog Karl von Württemberg.,0,Seiner,PPOSAT,seiner,33224,,
tg,rfd2.0,253167,253363,Herzog Karl von Württemberg.,0,angenommen,VVPP,annehmen,33224,,
tg,rfd2.0,253167,253363,Herzog Karl von Württemberg.,0,?,$.,--,33224,,
tg,rfd2.0,253368,253419,SCHILLER,29,Ich,PPER,ich,33224,,
tg,rfd2.0,253368,253419,SCHILLER,29,wollte,VMFIN,wollen,33224,,
tg,rfd2.0,253368,253419,SCHILLER,29,Prediger,NN,prediger,33224,,
tg,rfd2.0,253368,253419,SCHILLER,29,werden,VAINF,werden,33224,,
tg,rfd2.0,253368,253419,SCHILLER,29,",","$,",--,33224,,
tg,rfd2.0,253368,253419,SCHILLER,29,Durchlaucht,VVPP,durchlaucht,33224,,
tg,rfd2.0,253368,253419,SCHILLER,29,.,$.,--,33224,,
tg,rfd2.0,253465,253885,SCHILLER,29,Ich,PPER,ich,33224,,
tg,rfd2.0,253465,253885,SCHILLER,29,band,VVFIN,binden,33224,,
tg,rfd2.0,253465,253885,SCHILLER,29,mir,PPER,sich,33224,SCHILLER,29
tg,rfd2.0,253465,253885,SCHILLER,29,schon,ADV,schon,33224,,
tg,rfd2.0,253465,253885,SCHILLER,29,als,APPR,als,33224,,
tg,rfd2.0,253465,253885,SCHILLER,29,Knabe,NN,knabe,33224,,
tg,rfd2.0,253465,253885,SCHILLER,29,eine,ART,ein,33224,,
tg,rfd2.0,253465,253885,SCHILLER,29,schwarze,ADJA,schwarz,33224,,
tg,rfd2.0,253465,253885,SCHILLER,29,Schürze,NN,schürze,33224,,
tg,rfd2.0,253465,253885,SCHILLER,29,vor,PTKVZ,vor,33224,,
tg,rfd2.0,253465,253885,SCHILLER,29,und,KON,und,33224,,
tg,rfd2.0,253465,253885,SCHILLER,29,stieg,VVFIN,steigen,33224,,
tg,rfd2.0,253465,253885,SCHILLER,29,auf,APPR,auf,33224,,
tg,rfd2.0,253465,253885,SCHILLER,29,den,ART,der,33224,,
tg,rfd2.0,253465,253885,SCHILLER,29,Stuhl,NN,stuhl,33224,,
tg,rfd2.0,253465,253885,SCHILLER,29,und,KON,und,33224,,
tg,rfd2.0,253465,253885,SCHILLER,29,predigte,VVFIN,predigen,33224,,
tg,rfd2.0,253465,253885,SCHILLER,29,–,PPER,–,33224,,
tg,rfd2.0,253465,253885,SCHILLER,29,was,PWS,was,33224,,
tg,rfd2.0,253465,253885,SCHILLER,29,hab,VAFIN,hab,33224,,
tg,rfd2.0,253465,253885,SCHILLER,29,',$[,--,33224,,
tg,rfd2.0,253465,253885,SCHILLER,29,ich,PPER,ich,33224,SCHILLER,29
tg,rfd2.0,253465,253885,SCHILLER,29,zu,PTKZU,zu,33224,,
tg,rfd2.0,253465,253885,SCHILLER,29,sagen,VVINF,sagen,33224,,
tg,rfd2.0,253465,253885,SCHILLER,29,gewußt,VVPP,wissen,33224,,
tg,rfd2.0,253465,253885,SCHILLER,29,als,KOKOM,als,33224,,
tg,rfd2.0,253465,253885,SCHILLER,29,unkundiger,ADJA,unkundig,33224,,
tg,rfd2.0,253465,253885,SCHILLER,29,Knabe,NN,knabe,33224,,
tg,rfd2.0,253465,253885,SCHILLER,29,"!",$.,--,33224,,
tg,rfd2.0,253465,253885,SCHILLER,29,Es,PPER,es,33224,,
tg,rfd2.0,253465,253885,SCHILLER,29,war,VAFIN,sein,33224,,
tg,rfd2.0,253465,253885,SCHILLER,29,also,ADV,also,33224,,
tg,rfd2.0,253465,253885,SCHILLER,29,nur,ADV,nur,33224,,
tg,rfd2.0,253465,253885,SCHILLER,29,der,ART,der,33224,,
tg,rfd2.0,253465,253885,SCHILLER,29,Drang,NN,drang,33224,,
tg,rfd2.0,253465,253885,SCHILLER,29,",","$,",--,33224,,
tg,rfd2.0,253465,253885,SCHILLER,29,ein,ART,ein,33224,,
tg,rfd2.0,253465,253885,SCHILLER,29,volles,ADJA,voll,33224,,
tg,rfd2.0,253465,253885,SCHILLER,29,Herz,NN,herz,33224,,
tg,rfd2.0,253465,253885,SCHILLER,29,auszuschütten,VVIZU,ausschütten,33224,,
tg,rfd2.0,253465,253885,SCHILLER,29,",","$,",--,33224,,
tg,rfd2.0,253465,253885,SCHILLER,29,die,ART,der,33224,,
tg,rfd2.0,253465,253885,SCHILLER,29,Wunder,NN,wunder,33224,,
tg,rfd2.0,253465,253885,SCHILLER,29,der,ART,der,33224,,
tg,rfd2.0,253465,253885,SCHILLER,29,Welt,NN,welt,33224,,
tg,rfd2.0,253465,253885,SCHILLER,29,zu,PTKZU,zu,33224,,
tg,rfd2.0,253465,253885,SCHILLER,29,verkünden,VVINF,verkünden,33224,,
tg,rfd2.0,253465,253885,SCHILLER,29,und,KON,und,33224,,
tg,rfd2.0,253465,253885,SCHILLER,29,die,ART,der,33224,,
tg,rfd2.0,253465,253885,SCHILLER,29,Menschen,NN,mensch,33224,,
tg,rfd2.0,253465,253885,SCHILLER,29,aufzurufen,VVIZU,aufrufen,33224,,
tg,rfd2.0,253465,253885,SCHILLER,29,zur,APPRART,zu,33224,,
tg,rfd2.0,253465,253885,SCHILLER,29,Sammlung,NN,sammlung,33224,,
tg,rfd2.0,253465,253885,SCHILLER,29,",","$,",--,33224,,
tg,rfd2.0,253465,253885,SCHILLER,29,Begeisterung,NN,begeisterung,33224,,
tg,rfd2.0,253465,253885,SCHILLER,29,und,KON,und,33224,,
tg,rfd2.0,253465,253885,SCHILLER,29,Tätigkeit,NN,tätigkeit,33224,,
tg,rfd2.0,253465,253885,SCHILLER,29,.,$.,--,33224,,
tg,rfd2.0,253465,253885,SCHILLER,29,So,ADV,so,33224,,
tg,rfd2.0,253465,253885,SCHILLER,29,ist,VAFIN,sein,33224,,
tg,rfd2.0,253465,253885,SCHILLER,29,es,PPER,es,33224,,
tg,rfd2.0,253465,253885,SCHILLER,29,noch,ADV,noch,33224,,
tg,rfd2.0,253465,253885,SCHILLER,29,in,APPR,in,33224,,
tg,rfd2.0,253465,253885,SCHILLER,29,mir,PPER,sich,33224,SCHILLER,29
tg,rfd2.0,253465,253885,SCHILLER,29,",","$,",--,33224,,
tg,rfd2.0,253465,253885,SCHILLER,29,Durchlaucht,NN,durchlaucht,33224,,
tg,rfd2.0,253465,253885,SCHILLER,29,.,$.,--,33224,,
tg,rfd2.0,253465,253885,SCHILLER,29,Ich,PPER,ich,33224,,
tg,rfd2.0,253465,253885,SCHILLER,29,glühe,VVFIN,glühen,33224,,
tg,rfd2.0,253465,253885,SCHILLER,29,",","$,",--,33224,,
tg,rfd2.0,253465,253885,SCHILLER,29,ich,PPER,ich,33224,SCHILLER,29
tg,rfd2.0,253465,253885,SCHILLER,29,zittre,VVFIN,zittre,33224,,
tg,rfd2.0,253465,253885,SCHILLER,29,und,KON,und,33224,,
tg,rfd2.0,253465,253885,SCHILLER,29,bebe,VVFIN,beben,33224,,
tg,rfd2.0,253465,253885,SCHILLER,29,dafür,PROAV,dafür,33224,,
tg,rfd2.0,253465,253885,SCHILLER,29,",","$,",--,33224,,
tg,rfd2.0,253465,253885,SCHILLER,29,Gutes,NN,gute,33224,,
tg,rfd2.0,253465,253885,SCHILLER,29,und,KON,und,33224,,
tg,rfd2.0,253465,253885,SCHILLER,29,Großes,NN,groß,33224,,
tg,rfd2.0,253465,253885,SCHILLER,29,zu,PTKZU,zu,33224,,
tg,rfd2.0,253465,253885,SCHILLER,29,bewirken,VVINF,bewirken,33224,,
tg,rfd2.0,253465,253885,SCHILLER,29,.,$.,--,33224,,
tg,rfd2.0,253890,254246,Herzog Karl von Württemberg.,0,Ich,PPER,ich,33224,,
tg,rfd2.0,253890,254246,Herzog Karl von Württemberg.,0,glaube,VVFIN,glauben,33224,,
tg,rfd2.0,253890,254246,Herzog Karl von Württemberg.,0,wahrhaftig,ADJD,wahrhaftig,33224,,
tg,rfd2.0,253890,254246,Herzog Karl von Württemberg.,0,",","$,",--,33224,,
tg,rfd2.0,253890,254246,Herzog Karl von Württemberg.,0,es,PPER,es,33224,,
tg,rfd2.0,253890,254246,Herzog Karl von Württemberg.,0,wäre,VAFIN,sein,33224,,
tg,rfd2.0,253890,254246,Herzog Karl von Württemberg.,0,ihm,PPER,ihm,33224,,
tg,rfd2.0,253890,254246,Herzog Karl von Württemberg.,0,besser,ADJD,gut,33224,,
tg,rfd2.0,253890,254246,Herzog Karl von Württemberg.,0,gewesen,VAPP,sein,33224,,
tg,rfd2.0,253890,254246,Herzog Karl von Württemberg.,0,"!",$.,--,33224,,
tg,rfd2.0,253890,254246,Herzog Karl von Württemberg.,0,Im,APPRART,in,33224,,
tg,rfd2.0,253890,254246,Herzog Karl von Württemberg.,0,Tübinger,NN,tübinger,33224,,
tg,rfd2.0,253890,254246,Herzog Karl von Württemberg.,0,Stifte,VVFIN,stift,33224,,
tg,rfd2.0,253890,254246,Herzog Karl von Württemberg.,0,die,ART,der,33224,,
tg,rfd2.0,253890,254246,Herzog Karl von Württemberg.,0,steife,ADJA,steif,33224,,
tg,rfd2.0,253890,254246,Herzog Karl von Württemberg.,0,Methode,NN,methode,33224,,
tg,rfd2.0,253890,254246,Herzog Karl von Württemberg.,0,und,KON,und,33224,,
tg,rfd2.0,253890,254246,Herzog Karl von Württemberg.,0,dann,ADV,dann,33224,,
tg,rfd2.0,253890,254246,Herzog Karl von Württemberg.,0,hinaus,APZR,hinaus,33224,,
tg,rfd2.0,253890,254246,Herzog Karl von Württemberg.,0,mit,APPR,mit,33224,,
tg,rfd2.0,253890,254246,Herzog Karl von Württemberg.,0,den,ART,der,33224,,
tg,rfd2.0,253890,254246,Herzog Karl von Württemberg.,0,Windmühlflügeln,NN,windmühlflügel,33224,,
tg,rfd2.0,253890,254246,Herzog Karl von Württemberg.,0,in,APPR,in,33224,,
tg,rfd2.0,253890,254246,Herzog Karl von Württemberg.,0,die,ART,der,33224,,
tg,rfd2.0,253890,254246,Herzog Karl von Württemberg.,0,dicken,ADJA,dick,33224,,
tg,rfd2.0,253890,254246,Herzog Karl von Württemberg.,0,Nebel,NN,nebel,33224,,
tg,rfd2.0,253890,254246,Herzog Karl von Württemberg.,0,zwischen,APPR,zwischen,33224,,
tg,rfd2.0,253890,254246,Herzog Karl von Württemberg.,0,diesseits,ADV,diesseits,33224,,
tg,rfd2.0,253890,254246,Herzog Karl von Württemberg.,0,und,KON,und,33224,,
tg,rfd2.0,253890,254246,Herzog Karl von Württemberg.,0,jenseits,ADV,jenseits,33224,,
tg,rfd2.0,253890,254246,Herzog Karl von Württemberg.,0,.,$.,--,33224,,
tg,rfd2.0,253890,254246,Herzog Karl von Württemberg.,0,Herrgott,NN,herrgott,33224,,
tg,rfd2.0,253890,254246,Herzog Karl von Württemberg.,0,und,KON,und,33224,,
tg,rfd2.0,253890,254246,Herzog Karl von Württemberg.,0,Satan,NE,satan,33224,,
tg,rfd2.0,253890,254246,Herzog Karl von Württemberg.,0,",","$,",--,33224,,
tg,rfd2.0,253890,254246,Herzog Karl von Württemberg.,0,Himmel,NN,himmel,33224,,
tg,rfd2.0,253890,254246,Herzog Karl von Württemberg.,0,und,KON,und,33224,,
tg,rfd2.0,253890,254246,Herzog Karl von Württemberg.,0,Hölle,NN,hölle,33224,,
tg,rfd2.0,253890,254246,Herzog Karl von Württemberg.,0,vertragen,VVFIN,vertragen,33224,,
tg,rfd2.0,253890,254246,Herzog Karl von Württemberg.,0,mehr,ADV,mehr,33224,,
tg,rfd2.0,253890,254246,Herzog Karl von Württemberg.,0,",","$,",--,33224,,
tg,rfd2.0,253890,254246,Herzog Karl von Württemberg.,0,als,KOKOM,als,33224,,
tg,rfd2.0,253890,254246,Herzog Karl von Württemberg.,0,wir,PPER,wir,33224,,
tg,rfd2.0,253890,254246,Herzog Karl von Württemberg.,0,auf,APPR,auf,33224,,
tg,rfd2.0,253890,254246,Herzog Karl von Württemberg.,0,Erden,NN,erde,33224,,
tg,rfd2.0,253890,254246,Herzog Karl von Württemberg.,0,.,$.,--,33224,,
tg,rfd2.0,253890,254246,Herzog Karl von Württemberg.,0,Laut,APPR,laut,33224,,
tg,rfd2.0,253890,254246,Herzog Karl von Württemberg.,0,und,KON,und,33224,,
tg,rfd2.0,253890,254246,Herzog Karl von Württemberg.,0,streng,ADJD,streng,33224,,
tg,rfd2.0,253890,254246,Herzog Karl von Württemberg.,0,.,$.,--,33224,,
tg,rfd2.0,253890,254246,Herzog Karl von Württemberg.,0,Was,PWS,was,33224,,
tg,rfd2.0,253890,254246,Herzog Karl von Württemberg.,0,soll,VMFIN,sollen,33224,,
tg,rfd2.0,253890,254246,Herzog Karl von Württemberg.,0,denn,ADV,denn,33224,,
tg,rfd2.0,253890,254246,Herzog Karl von Württemberg.,0,nun,ADV,nun,33224,,
tg,rfd2.0,253890,254246,Herzog Karl von Württemberg.,0,aus,APPR,aus,33224,,
tg,rfd2.0,253890,254246,Herzog Karl von Württemberg.,0,Ihm,PPER,ihm,33224,,
tg,rfd2.0,253890,254246,Herzog Karl von Württemberg.,0,werden,VAFIN,werden,33224,,
tg,rfd2.0,253890,254246,Herzog Karl von Württemberg.,0,?,$.,--,33224,,
tg,rfd2.0,253890,254246,Herzog Karl von Württemberg.,0,Ein,ART,ein,33224,,
tg,rfd2.0,253890,254246,Herzog Karl von Württemberg.,0,Poet,NN,poet,33224,,
tg,rfd2.0,253890,254246,Herzog Karl von Württemberg.,0,",","$,",--,33224,,
tg,rfd2.0,253890,254246,Herzog Karl von Württemberg.,0,daß,KOUS,daß,33224,,
tg,rfd2.0,253890,254246,Herzog Karl von Württemberg.,0,Gott,NN,gott,33224,,
tg,rfd2.0,253890,254246,Herzog Karl von Württemberg.,0,erbarm,ADJD,erbarm,33224,,
tg,rfd2.0,253890,254246,Herzog Karl von Württemberg.,0,"!",$.,--,33224,,
tg,rfd2.0,254251,254711,SCHILLER,29,Ein,ART,ein,33224,,
tg,rfd2.0,254251,254711,SCHILLER,29,Prediger,NN,prediger,33224,,
tg,rfd2.0,254251,254711,SCHILLER,29,von,APPR,von,33224,,
tg,rfd2.0,254251,254711,SCHILLER,29,der,ART,der,33224,,
tg,rfd2.0,254251,254711,SCHILLER,29,Schaubühne,NN,schaubühne,33224,,
tg,rfd2.0,254251,254711,SCHILLER,29,herab,ADV,herab,33224,,
tg,rfd2.0,254251,254711,SCHILLER,29,durch,APPR,durch,33224,,
tg,rfd2.0,254251,254711,SCHILLER,29,die,ART,der,33224,,
tg,rfd2.0,254251,254711,SCHILLER,29,begeisterte,ADJA,begeistert,33224,,
tg,rfd2.0,254251,254711,SCHILLER,29,Stimme,NN,stimme,33224,,
tg,rfd2.0,254251,254711,SCHILLER,29,des,ART,der,33224,,
tg,rfd2.0,254251,254711,SCHILLER,29,Schauspielers,NN,schauspieler,33224,,
tg,rfd2.0,254251,254711,SCHILLER,29,.,$.,--,33224,,
tg,rfd2.0,254251,254711,SCHILLER,29,Durchlaucht,NN,durchlaucht,33224,,
tg,rfd2.0,254251,254711,SCHILLER,29,",","$,",--,33224,,
tg,rfd2.0,254251,254711,SCHILLER,29,eine,ART,ein,33224,,
tg,rfd2.0,254251,254711,SCHILLER,29,belebende,ADJA,belebend,33224,,
tg,rfd2.0,254251,254711,SCHILLER,29,Zukunft,NN,zukunft,33224,,
tg,rfd2.0,254251,254711,SCHILLER,29,für,APPR,für,33224,,
tg,rfd2.0,254251,254711,SCHILLER,29,deutsches,ADJA,deutsch,33224,,
tg,rfd2.0,254251,254711,SCHILLER,29,Schauspiel,NN,schauspiel,33224,,
tg,rfd2.0,254251,254711,SCHILLER,29,öffnet,VVFIN,öffnen,33224,,
tg,rfd2.0,254251,254711,SCHILLER,29,sich,PRF,sich,33224,,
tg,rfd2.0,254251,254711,SCHILLER,29,unserm,APPRART,unser,33224,,
tg,rfd2.0,254251,254711,SCHILLER,29,Vaterlande,NN,vaterlande,33224,,
tg,rfd2.0,254251,254711,SCHILLER,29,",","$,",--,33224,,
tg,rfd2.0,254251,254711,SCHILLER,29,Schröder,NE,schröder,33224,,
tg,rfd2.0,254251,254711,SCHILLER,29,hat,VAFIN,haben,33224,,
tg,rfd2.0,254251,254711,SCHILLER,29,in,APPR,in,33224,,
tg,rfd2.0,254251,254711,SCHILLER,29,Hamburg,NE,hamburg,33224,,
tg,rfd2.0,254251,254711,SCHILLER,29,vorgearbeitet,VVPP,vorgearbeiten,33224,,
tg,rfd2.0,254251,254711,SCHILLER,29,",","$,",--,33224,,
tg,rfd2.0,254251,254711,SCHILLER,29,Kaiser,NN,kaiser,33224,,
tg,rfd2.0,254251,254711,SCHILLER,29,Josef,NE,josef,33224,,
tg,rfd2.0,254251,254711,SCHILLER,29,hat,VAFIN,haben,33224,,
tg,rfd2.0,254251,254711,SCHILLER,29,ihn,PPER,ihn,33224,,
tg,rfd2.0,254251,254711,SCHILLER,29,jetzt,ADV,jetzt,33224,,
tg,rfd2.0,254251,254711,SCHILLER,29,an,APPR,an,33224,,
tg,rfd2.0,254251,254711,SCHILLER,29,die,ART,der,33224,,
tg,rfd2.0,254251,254711,SCHILLER,29,Burg,NN,burg,33224,,
tg,rfd2.0,254251,254711,SCHILLER,29,berufen,VVPP,berufen,33224,,
tg,rfd2.0,254251,254711,SCHILLER,29,",","$,",--,33224,,
tg,rfd2.0,254251,254711,SCHILLER,29,Dalberg,NE,dalberg,33224,,
tg,rfd2.0,254251,254711,SCHILLER,29,wirkt,VVFIN,wirken,33224,,
tg,rfd2.0,254251,254711,SCHILLER,29,in,APPR,in,33224,,
tg,rfd2.0,254251,254711,SCHILLER,29,Mannheim,NE,mannheim,33224,,
tg,rfd2.0,254251,254711,SCHILLER,29,",","$,",--,33224,,
tg,rfd2.0,254251,254711,SCHILLER,29,und,KON,und,33224,,
tg,rfd2.0,254251,254711,SCHILLER,29,ein,ART,ein,33224,,
tg,rfd2.0,254251,254711,SCHILLER,29,Fürst,NN,fürst,33224,,
tg,rfd2.0,254251,254711,SCHILLER,29,von,APPR,von,33224,,
tg,rfd2.0,254251,254711,SCHILLER,29,Ihrer,PPOSAT,ihr,33224,,
tg,rfd2.0,254251,254711,SCHILLER,29,Erfahrung,NN,erfahrung,33224,,
tg,rfd2.0,254251,254711,SCHILLER,29,und,KON,und,33224,,
tg,rfd2.0,254251,254711,SCHILLER,29,Tatkraft,NN,tatkraft,33224,,
tg,rfd2.0,254251,254711,SCHILLER,29,ist,VAFIN,sein,33224,,
tg,rfd2.0,254251,254711,SCHILLER,29,der,ART,der,33224,,
tg,rfd2.0,254251,254711,SCHILLER,29,Mann,NN,mann,33224,,
tg,rfd2.0,254251,254711,SCHILLER,29,dazu,PROAV,dazu,33224,,
tg,rfd2.0,254251,254711,SCHILLER,29,",","$,",--,33224,,
tg,rfd2.0,254251,254711,SCHILLER,29,in,APPR,in,33224,,
tg,rfd2.0,254251,254711,SCHILLER,29,Deutschland,NE,deutschland,33224,,
tg,rfd2.0,254251,254711,SCHILLER,29,solche,PIDAT,solcher,33224,,
tg,rfd2.0,254251,254711,SCHILLER,29,neue,ADJA,neu,33224,,
tg,rfd2.0,254251,254711,SCHILLER,29,lebensvolle,ADJA,lebensvoll,33224,,
tg,rfd2.0,254251,254711,SCHILLER,29,Epoche,NN,epoche,33224,,
tg,rfd2.0,254251,254711,SCHILLER,29,für,APPR,für,33224,,
tg,rfd2.0,254251,254711,SCHILLER,29,Literatur,NN,literatur,33224,,
tg,rfd2.0,254251,254711,SCHILLER,29,und,KON,und,33224,,
tg,rfd2.0,254251,254711,SCHILLER,29,Kunst,NN,kunst,33224,,
tg,rfd2.0,254251,254711,SCHILLER,29,gründlich,ADJD,gründlich,33224,,
tg,rfd2.0,254251,254711,SCHILLER,29,zu,PTKZU,zu,33224,,
tg,rfd2.0,254251,254711,SCHILLER,29,fördern,VVINF,fördern,33224,,
tg,rfd2.0,254251,254711,SCHILLER,29,.,$.,--,33224,,
tg,rfd2.0,254716,255289,Herzog Karl von Württemberg.,0,Zum,APPRART,zu,33224,,
tg,rfd2.0,254716,255289,Herzog Karl von Württemberg.,0,Aufschwung,NN,aufschwung,33224,,
tg,rfd2.0,254716,255289,Herzog Karl von Württemberg.,0,eurer,ADJA,eurer,33224,,
tg,rfd2.0,254716,255289,Herzog Karl von Württemberg.,0,wilden,ADJA,wilden,33224,,
tg,rfd2.0,254716,255289,Herzog Karl von Württemberg.,0,und,KON,und,33224,,
tg,rfd2.0,254716,255289,Herzog Karl von Württemberg.,0,rohen,VVFIN,roh,33224,,
tg,rfd2.0,254716,255289,Herzog Karl von Württemberg.,0,Gedanken,NN,gedanke,33224,,
tg,rfd2.0,254716,255289,Herzog Karl von Württemberg.,0,"!",$.,--,33224,,
tg,rfd2.0,254716,255289,Herzog Karl von Württemberg.,0,Ihn,CARD,ihn,33224,,
tg,rfd2.0,254716,255289,Herzog Karl von Württemberg.,0,groß,ADJD,groß,33224,,
tg,rfd2.0,254716,255289,Herzog Karl von Württemberg.,0,ansehend,ADJD,ansehend,33224,,
tg,rfd2.0,254716,255289,Herzog Karl von Württemberg.,0,.,$.,--,33224,,
tg,rfd2.0,254716,255289,Herzog Karl von Württemberg.,0,Er,PPER,er,33224,,
tg,rfd2.0,254716,255289,Herzog Karl von Württemberg.,0,ist,VAFIN,sein,33224,,
tg,rfd2.0,254716,255289,Herzog Karl von Württemberg.,0,doch,ADV,doch,33224,,
tg,rfd2.0,254716,255289,Herzog Karl von Württemberg.,0,wohl,ADV,wohl,33224,,
tg,rfd2.0,254716,255289,Herzog Karl von Württemberg.,0,verrückt,VVPP,verrücken,33224,,
tg,rfd2.0,254716,255289,Herzog Karl von Württemberg.,0,"!",$.,--,33224,,
tg,rfd2.0,254716,255289,Herzog Karl von Württemberg.,0,Steht,NE,stehen,33224,,
tg,rfd2.0,254716,255289,Herzog Karl von Württemberg.,0,hier,ADV,hier,33224,,
tg,rfd2.0,254716,255289,Herzog Karl von Württemberg.,0,",","$,",--,33224,,
tg,rfd2.0,254716,255289,Herzog Karl von Württemberg.,0,um,KOUI,um,33224,,
tg,rfd2.0,254716,255289,Herzog Karl von Württemberg.,0,sich,PRF,sich,33224,,
tg,rfd2.0,254716,255289,Herzog Karl von Württemberg.,0,für,APPR,für,33224,,
tg,rfd2.0,254716,255289,Herzog Karl von Württemberg.,0,Leib,NN,leib,33224,,
tg,rfd2.0,254716,255289,Herzog Karl von Württemberg.,0,und,KON,und,33224,,
tg,rfd2.0,254716,255289,Herzog Karl von Württemberg.,0,Leben,NN,leben,33224,,
tg,rfd2.0,254716,255289,Herzog Karl von Württemberg.,0,zu,PTKZU,zu,33224,,
tg,rfd2.0,254716,255289,Herzog Karl von Württemberg.,0,verantworten,VVINF,verantworten,33224,,
tg,rfd2.0,254716,255289,Herzog Karl von Württemberg.,0,wegen,APPR,wegen,33224,,
tg,rfd2.0,254716,255289,Herzog Karl von Württemberg.,0,eines,ART,ein,33224,,
tg,rfd2.0,254716,255289,Herzog Karl von Württemberg.,0,frechen,ADJA,frechen,33224,,
tg,rfd2.0,254716,255289,Herzog Karl von Württemberg.,0,Werks,NN,werk,33224,,
tg,rfd2.0,254716,255289,Herzog Karl von Württemberg.,0,und,KON,und,33224,,
tg,rfd2.0,254716,255289,Herzog Karl von Württemberg.,0,frechen,VVFIN,frechen,33224,,
tg,rfd2.0,254716,255289,Herzog Karl von Württemberg.,0,Verbreitung,NN,verbreitung,33224,,
tg,rfd2.0,254716,255289,Herzog Karl von Württemberg.,0,desselben,VVINF,derselbe,33224,,
tg,rfd2.0,254716,255289,Herzog Karl von Württemberg.,0,",","$,",--,33224,,
tg,rfd2.0,254716,255289,Herzog Karl von Württemberg.,0,und,KON,und,33224,,
tg,rfd2.0,254716,255289,Herzog Karl von Württemberg.,0,beginnt,VVFIN,beginnen,33224,,
tg,rfd2.0,254716,255289,Herzog Karl von Württemberg.,0,seine,PPOSAT,sein,33224,,
tg,rfd2.0,254716,255289,Herzog Karl von Württemberg.,0,Defension,NN,defension,33224,,
tg,rfd2.0,254716,255289,Herzog Karl von Württemberg.,0,damit,PROAV,damit,33224,,
tg,rfd2.0,254716,255289,Herzog Karl von Württemberg.,0,",","$,",--,33224,,
tg,rfd2.0,254716,255289,Herzog Karl von Württemberg.,0,unerhörte,ADJA,unerhört,33224,,
tg,rfd2.0,254716,255289,Herzog Karl von Württemberg.,0,Dinge,NN,ding,33224,,
tg,rfd2.0,254716,255289,Herzog Karl von Württemberg.,0,zu,APPR,zu,33224,,
tg,rfd2.0,254716,255289,Herzog Karl von Württemberg.,0,begehren,ADJA,begehren,33224,,
tg,rfd2.0,254716,255289,Herzog Karl von Württemberg.,0,–,NN,–,33224,,
tg,rfd2.0,254716,255289,Herzog Karl von Württemberg.,0,"!",$.,--,33224,,
tg,rfd2.0,254716,255289,Herzog Karl von Württemberg.,0,Deutsches,ADJA,deutsch,33224,,
tg,rfd2.0,254716,255289,Herzog Karl von Württemberg.,0,Theater,NN,theater,33224,,
tg,rfd2.0,254716,255289,Herzog Karl von Württemberg.,0,"!",$.,--,33224,,
tg,rfd2.0,254716,255289,Herzog Karl von Württemberg.,0,Narretei,NN,narretei,33224,,
tg,rfd2.0,254716,255289,Herzog Karl von Württemberg.,0,"!",$.,--,33224,,
tg,rfd2.0,254716,255289,Herzog Karl von Württemberg.,0,Schaff,NE,schaff,33224,,
tg,rfd2.0,254716,255289,Herzog Karl von Württemberg.,0,Er,PPER,er,33224,,
tg,rfd2.0,254716,255289,Herzog Karl von Württemberg.,0,erst,ADV,erst,33224,,
tg,rfd2.0,254716,255289,Herzog Karl von Württemberg.,0,eine,ART,ein,33224,,
tg,rfd2.0,254716,255289,Herzog Karl von Württemberg.,0,gebildete,ADJA,gebildet,33224,,
tg,rfd2.0,254716,255289,Herzog Karl von Württemberg.,0,deutsche,ADJA,deutsch,33224,,
tg,rfd2.0,254716,255289,Herzog Karl von Württemberg.,0,Sprache,NN,sprache,33224,,
tg,rfd2.0,254716,255289,Herzog Karl von Württemberg.,0,"!",$.,--,33224,,
tg,rfd2.0,254716,255289,Herzog Karl von Württemberg.,0,Schaff,NE,schaff,33224,,
tg,rfd2.0,254716,255289,Herzog Karl von Württemberg.,0,Er,PPER,er,33224,,
tg,rfd2.0,254716,255289,Herzog Karl von Württemberg.,0,erst,ADV,erst,33224,,
tg,rfd2.0,254716,255289,Herzog Karl von Württemberg.,0,Geschmack,NN,geschmack,33224,,
tg,rfd2.0,254716,255289,Herzog Karl von Württemberg.,0,"!",$.,--,33224,,
tg,rfd2.0,254716,255289,Herzog Karl von Württemberg.,0,Ihr,PPOSAT,ihr,33224,,
tg,rfd2.0,254716,255289,Herzog Karl von Württemberg.,0,Schwaben,NN,schwabe,33224,,
tg,rfd2.0,254716,255289,Herzog Karl von Württemberg.,0,",","$,",--,33224,,
tg,rfd2.0,254716,255289,Herzog Karl von Württemberg.,0,die,ART,der,33224,,
tg,rfd2.0,254716,255289,Herzog Karl von Württemberg.,0,kein,PIAT,kein,33224,,
tg,rfd2.0,254716,255289,Herzog Karl von Württemberg.,0,Satan,NN,satan,33224,,
tg,rfd2.0,254716,255289,Herzog Karl von Württemberg.,0,zum,APPRART,zu,33224,,
tg,rfd2.0,254716,255289,Herzog Karl von Württemberg.,0,guten,ADJA,gut,33224,,
tg,rfd2.0,254716,255289,Herzog Karl von Württemberg.,0,Geschmack,NN,geschmack,33224,,
tg,rfd2.0,254716,255289,Herzog Karl von Württemberg.,0,erziehen,VVINF,erziehen,33224,,
tg,rfd2.0,254716,255289,Herzog Karl von Württemberg.,0,wird,VAFIN,werden,33224,,
tg,rfd2.0,254716,255289,Herzog Karl von Württemberg.,0,",","$,",--,33224,,
tg,rfd2.0,254716,255289,Herzog Karl von Württemberg.,0,ihr,PPOSAT,ihr,33224,,
tg,rfd2.0,254716,255289,Herzog Karl von Württemberg.,0,wollt,VVFIN,wollen,33224,,
tg,rfd2.0,254716,255289,Herzog Karl von Württemberg.,0,ein,ART,ein,33224,,
tg,rfd2.0,254716,255289,Herzog Karl von Württemberg.,0,deutsches,ADJA,deutsch,33224,,
tg,rfd2.0,254716,255289,Herzog Karl von Württemberg.,0,Theater,NN,theater,33224,,
tg,rfd2.0,254716,255289,Herzog Karl von Württemberg.,0,machen,VVINF,machen,33224,,
tg,rfd2.0,254716,255289,Herzog Karl von Württemberg.,0,"!",$.,--,33224,,
tg,rfd2.0,254716,255289,Herzog Karl von Württemberg.,0,Schwabenstreiche,NN,schwabenstreiche,33224,,
tg,rfd2.0,254716,255289,Herzog Karl von Württemberg.,0,könnt,VVFIN,können,33224,,
tg,rfd2.0,254716,255289,Herzog Karl von Württemberg.,0,ihr,PPOSAT,ihr,33224,,
tg,rfd2.0,254716,255289,Herzog Karl von Württemberg.,0,machen,VVINF,machen,33224,,
tg,rfd2.0,254716,255289,Herzog Karl von Württemberg.,0,",","$,",--,33224,,
tg,rfd2.0,254716,255289,Herzog Karl von Württemberg.,0,weiter,ADV,weiter,33224,,
tg,rfd2.0,254716,255289,Herzog Karl von Württemberg.,0,nichts,PIS,nichts,33224,,
tg,rfd2.0,254716,255289,Herzog Karl von Württemberg.,0,"!",$.,--,33224,,
tg,rfd2.0,255294,255350,SCHILLER,29,Schwabenstreiche,NN,schwabenstreich,33224,,
tg,rfd2.0,255294,255350,SCHILLER,29,sind,VAFIN,sein,33224,,
tg,rfd2.0,255294,255350,SCHILLER,29,besser,ADJD,gut,33224,,
tg,rfd2.0,255294,255350,SCHILLER,29,als,KOKOM,als,33224,,
tg,rfd2.0,255294,255350,SCHILLER,29,Puppenspiel,NN,puppenspiel,33224,,
tg,rfd2.0,255294,255350,SCHILLER,29,.,$.,--,33224,,
tg,rfd2.0,255355,256045,Herzog Karl von Württemberg.,0,Schweig,ADJD,schweig,33224,,
tg,rfd2.0,255355,256045,Herzog Karl von Württemberg.,0,Er,PPER,er,33224,,
tg,rfd2.0,255355,256045,Herzog Karl von Württemberg.,0,still,ADJD,still,33224,,
tg,rfd2.0,255355,256045,Herzog Karl von Württemberg.,0,",","$,",--,33224,,
tg,rfd2.0,255355,256045,Herzog Karl von Württemberg.,0,bis,KOUS,bis,33224,,
tg,rfd2.0,255355,256045,Herzog Karl von Württemberg.,0,ich,PPER,ich,33224,Herzog Karl von Württemberg.,0
tg,rfd2.0,255355,256045,Herzog Karl von Württemberg.,0,Ihn,CARD,ihn,33224,,
tg,rfd2.0,255355,256045,Herzog Karl von Württemberg.,0,frage,VVFIN,fragen,33224,,
tg,rfd2.0,255355,256045,Herzog Karl von Württemberg.,0,.,$.,--,33224,,
tg,rfd2.0,255355,256045,Herzog Karl von Württemberg.,0,Deutsches,ADJA,deutsch,33224,,
tg,rfd2.0,255355,256045,Herzog Karl von Württemberg.,0,Theater,NN,theater,33224,,
tg,rfd2.0,255355,256045,Herzog Karl von Württemberg.,0,"!",$.,--,33224,,
tg,rfd2.0,255355,256045,Herzog Karl von Württemberg.,0,Den,ART,der,33224,,
tg,rfd2.0,255355,256045,Herzog Karl von Württemberg.,0,Voltaire,NE,voltaire,33224,,
tg,rfd2.0,255355,256045,Herzog Karl von Württemberg.,0,habt,VAFIN,haben,33224,,
tg,rfd2.0,255355,256045,Herzog Karl von Württemberg.,0,ihr,PPER,ihr,33224,,
tg,rfd2.0,255355,256045,Herzog Karl von Württemberg.,0,neben,APPR,neben,33224,,
tg,rfd2.0,255355,256045,Herzog Karl von Württemberg.,0,euch,PPER,euch,33224,,
tg,rfd2.0,255355,256045,Herzog Karl von Württemberg.,0,gehabt,VAPP,haben,33224,,
tg,rfd2.0,255355,256045,Herzog Karl von Württemberg.,0,und,KON,und,33224,,
tg,rfd2.0,255355,256045,Herzog Karl von Württemberg.,0,lernt,VVFIN,lernen,33224,,
tg,rfd2.0,255355,256045,Herzog Karl von Württemberg.,0,doch,ADV,doch,33224,,
tg,rfd2.0,255355,256045,Herzog Karl von Württemberg.,0,nichts,PIS,nichts,33224,,
tg,rfd2.0,255355,256045,Herzog Karl von Württemberg.,0,"!",$.,--,33224,,
tg,rfd2.0,255355,256045,Herzog Karl von Württemberg.,0,Der,ART,der,33224,,
tg,rfd2.0,255355,256045,Herzog Karl von Württemberg.,0,junge,ADJA,jung,33224,,
tg,rfd2.0,255355,256045,Herzog Karl von Württemberg.,0,Goethe,NN,goethe,33224,,
tg,rfd2.0,255355,256045,Herzog Karl von Württemberg.,0,",","$,",--,33224,,
tg,rfd2.0,255355,256045,Herzog Karl von Württemberg.,0,von,APPR,von,33224,,
tg,rfd2.0,255355,256045,Herzog Karl von Württemberg.,0,welchem,PWAT,welcher,33224,,
tg,rfd2.0,255355,256045,Herzog Karl von Württemberg.,0,der,ART,der,33224,,
tg,rfd2.0,255355,256045,Herzog Karl von Württemberg.,0,von,APPR,von,33224,,
tg,rfd2.0,255355,256045,Herzog Karl von Württemberg.,0,Weimar,NE,weimar,33224,,
tg,rfd2.0,255355,256045,Herzog Karl von Württemberg.,0,solch,PIDAT,solcher,33224,,
tg,rfd2.0,255355,256045,Herzog Karl von Württemberg.,0,Aufhebens,NN,aufheben,33224,,
tg,rfd2.0,255355,256045,Herzog Karl von Württemberg.,0,macht,VVFIN,machen,33224,,
tg,rfd2.0,255355,256045,Herzog Karl von Württemberg.,0,",","$,",--,33224,,
tg,rfd2.0,255355,256045,Herzog Karl von Württemberg.,0,hat,VAFIN,haben,33224,,
tg,rfd2.0,255355,256045,Herzog Karl von Württemberg.,0,mir,PPER,sich,33224,Herzog Karl von Württemberg.,0
tg,rfd2.0,255355,256045,Herzog Karl von Württemberg.,0,bei,APPR,bei,33224,,
tg,rfd2.0,255355,256045,Herzog Karl von Württemberg.,0,seiner,PPOSAT,sein,33224,,
tg,rfd2.0,255355,256045,Herzog Karl von Württemberg.,0,Durchreise,NN,durchreise,33224,,
tg,rfd2.0,255355,256045,Herzog Karl von Württemberg.,0,hier,ADV,hier,33224,,
tg,rfd2.0,255355,256045,Herzog Karl von Württemberg.,0,gesagt,VVPP,sagen,33224,,
tg,rfd2.0,255355,256045,Herzog Karl von Württemberg.,0,",","$,",--,33224,,
tg,rfd2.0,255355,256045,Herzog Karl von Württemberg.,0,er,PPER,er,33224,,
tg,rfd2.0,255355,256045,Herzog Karl von Württemberg.,0,hätte,VAFIN,haben,33224,,
tg,rfd2.0,255355,256045,Herzog Karl von Württemberg.,0,in,APPR,in,33224,,
tg,rfd2.0,255355,256045,Herzog Karl von Württemberg.,0,Straßburg,NE,straßburg,33224,,
tg,rfd2.0,255355,256045,Herzog Karl von Württemberg.,0,die,ART,der,33224,,
tg,rfd2.0,255355,256045,Herzog Karl von Württemberg.,0,Franzosen,NN,franzose,33224,,
tg,rfd2.0,255355,256045,Herzog Karl von Württemberg.,0,studiert,VVFIN,studieren,33224,,
tg,rfd2.0,255355,256045,Herzog Karl von Württemberg.,0,",","$,",--,33224,,
tg,rfd2.0,255355,256045,Herzog Karl von Württemberg.,0,und,KON,und,33224,,
tg,rfd2.0,255355,256045,Herzog Karl von Württemberg.,0,was,PWS,was,33224,,
tg,rfd2.0,255355,256045,Herzog Karl von Württemberg.,0,bringt,VVFIN,bringen,33224,,
tg,rfd2.0,255355,256045,Herzog Karl von Württemberg.,0,er,PPER,er,33224,,
tg,rfd2.0,255355,256045,Herzog Karl von Württemberg.,0,zustande,PTKVZ,zustande,33224,,
tg,rfd2.0,255355,256045,Herzog Karl von Württemberg.,0,?,$.,--,33224,,
tg,rfd2.0,255355,256045,Herzog Karl von Württemberg.,0,Ist's,NE,ist's,33224,,
tg,rfd2.0,255355,256045,Herzog Karl von Württemberg.,0,nicht,PTKNEG,nicht,33224,,
tg,rfd2.0,255355,256045,Herzog Karl von Württemberg.,0,ein,ART,ein,33224,,
tg,rfd2.0,255355,256045,Herzog Karl von Württemberg.,0,klägliches,ADJA,kläglich,33224,,
tg,rfd2.0,255355,256045,Herzog Karl von Württemberg.,0,Ding,NN,ding,33224,,
tg,rfd2.0,255355,256045,Herzog Karl von Württemberg.,0,mit,APPR,mit,33224,,
tg,rfd2.0,255355,256045,Herzog Karl von Württemberg.,0,diesem,PDAT,dieser,33224,,
tg,rfd2.0,255355,256045,Herzog Karl von Württemberg.,0,Clavigo,NN,clavigo,33224,,
tg,rfd2.0,255355,256045,Herzog Karl von Württemberg.,0,?,$.,--,33224,,
tg,rfd2.0,255355,256045,Herzog Karl von Württemberg.,0,Ein,ART,ein,33224,,
tg,rfd2.0,255355,256045,Herzog Karl von Württemberg.,0,Frauenzimmer,NN,frauenzimmer,33224,,
tg,rfd2.0,255355,256045,Herzog Karl von Württemberg.,0,stirbt,VVFIN,sterben,33224,,
tg,rfd2.0,255355,256045,Herzog Karl von Württemberg.,0,fünf,CARD,fünf,33224,,
tg,rfd2.0,255355,256045,Herzog Karl von Württemberg.,0,Akte,NN,akt,33224,,
tg,rfd2.0,255355,256045,Herzog Karl von Württemberg.,0,lang,ADV,lang,33224,,
tg,rfd2.0,255355,256045,Herzog Karl von Württemberg.,0,an,APPR,an,33224,,
tg,rfd2.0,255355,256045,Herzog Karl von Württemberg.,0,der,ART,der,33224,,
tg,rfd2.0,255355,256045,Herzog Karl von Württemberg.,0,Schwindsucht,NN,schwindsucht,33224,,
tg,rfd2.0,255355,256045,Herzog Karl von Württemberg.,0,"!",$.,--,33224,,
tg,rfd2.0,255355,256045,Herzog Karl von Württemberg.,0,Auf,APPR,auf,33224,,
tg,rfd2.0,255355,256045,Herzog Karl von Württemberg.,0,so,ADV,so,33224,,
tg,rfd2.0,255355,256045,Herzog Karl von Württemberg.,0,einen,ART,ein,33224,,
tg,rfd2.0,255355,256045,Herzog Karl von Württemberg.,0,geschmacklosen,ADJA,geschmacklos,33224,,
tg,rfd2.0,255355,256045,Herzog Karl von Württemberg.,0,Einfall,NN,einfall,33224,,
tg,rfd2.0,255355,256045,Herzog Karl von Württemberg.,0,gerät,VVFIN,geraten,33224,,
tg,rfd2.0,255355,256045,Herzog Karl von Württemberg.,0,man,PIS,man,33224,,
tg,rfd2.0,255355,256045,Herzog Karl von Württemberg.,0,nur,ADV,nur,33224,,
tg,rfd2.0,255355,256045,Herzog Karl von Württemberg.,0,bei,APPR,bei,33224,,
tg,rfd2.0,255355,256045,Herzog Karl von Württemberg.,0,uns,PPER,uns,33224,,
tg,rfd2.0,255355,256045,Herzog Karl von Württemberg.,0,"!",$.,--,33224,,
tg,rfd2.0,255355,256045,Herzog Karl von Württemberg.,0,Und,KON,und,33224,,
tg,rfd2.0,255355,256045,Herzog Karl von Württemberg.,0,das,PDS,der,33224,,
tg,rfd2.0,255355,256045,Herzog Karl von Württemberg.,0,spricht,VVFIN,sprechen,33224,,
tg,rfd2.0,255355,256045,Herzog Karl von Württemberg.,0,von,APPR,von,33224,,
tg,rfd2.0,255355,256045,Herzog Karl von Württemberg.,0,deutschem,ADJA,deutsch,33224,,
tg,rfd2.0,255355,256045,Herzog Karl von Württemberg.,0,Theater,NN,theater,33224,,
tg,rfd2.0,255355,256045,Herzog Karl von Württemberg.,0,"!",$.,--,33224,,
tg,rfd2.0,255355,256045,Herzog Karl von Württemberg.,0,Aufstehend,ADJD,aufstehend,33224,,
tg,rfd2.0,255355,256045,Herzog Karl von Württemberg.,0,.,$.,--,33224,,
tg,rfd2.0,255355,256045,Herzog Karl von Württemberg.,0,Das,ART,der,33224,,
tg,rfd2.0,255355,256045,Herzog Karl von Württemberg.,0,Publikum,NN,publikum,33224,,
tg,rfd2.0,255355,256045,Herzog Karl von Württemberg.,0,verderben,VVFIN,verderben,33224,,
tg,rfd2.0,255355,256045,Herzog Karl von Württemberg.,0,",","$,",--,33224,,
tg,rfd2.0,255355,256045,Herzog Karl von Württemberg.,0,verwirren,VVFIN,verwirren,33224,,
tg,rfd2.0,255355,256045,Herzog Karl von Württemberg.,0,",","$,",--,33224,,
tg,rfd2.0,255355,256045,Herzog Karl von Württemberg.,0,aufrühren,VVINF,aufrühren,33224,,
tg,rfd2.0,255355,256045,Herzog Karl von Württemberg.,0,",","$,",--,33224,,
tg,rfd2.0,255355,256045,Herzog Karl von Württemberg.,0,das,PRELS,der,33224,,
tg,rfd2.0,255355,256045,Herzog Karl von Württemberg.,0,allein,ADV,allein,33224,,
tg,rfd2.0,255355,256045,Herzog Karl von Württemberg.,0,könnt,VVFIN,können,33224,,
tg,rfd2.0,255355,256045,Herzog Karl von Württemberg.,0,ihr,PPOSAT,ihr,33224,,
tg,rfd2.0,255355,256045,Herzog Karl von Württemberg.,0,mit,APPR,mit,33224,,
tg,rfd2.0,255355,256045,Herzog Karl von Württemberg.,0,euern,ADJA,euern,33224,,
tg,rfd2.0,255355,256045,Herzog Karl von Württemberg.,0,wüsten,ADJA,wüst,33224,,
tg,rfd2.0,255355,256045,Herzog Karl von Württemberg.,0,Phantastereien,NN,phantasterei,33224,,
tg,rfd2.0,255355,256045,Herzog Karl von Württemberg.,0,",","$,",--,33224,,
tg,rfd2.0,255355,256045,Herzog Karl von Württemberg.,0,und,KON,und,33224,,
tg,rfd2.0,255355,256045,Herzog Karl von Württemberg.,0,das,ART,der,33224,,
tg,rfd2.0,255355,256045,Herzog Karl von Württemberg.,0,Handwerk,NN,handwerk,33224,,
tg,rfd2.0,255355,256045,Herzog Karl von Württemberg.,0,soll,VMFIN,sollen,33224,,
tg,rfd2.0,255355,256045,Herzog Karl von Württemberg.,0,euch,PRF,euch,33224,,
tg,rfd2.0,255355,256045,Herzog Karl von Württemberg.,0,gelegt,VVPP,legen,33224,,
tg,rfd2.0,255355,256045,Herzog Karl von Württemberg.,0,werden,VAINF,werden,33224,,
tg,rfd2.0,255355,256045,Herzog Karl von Württemberg.,0,.,$.,--,33224,,
tg,rfd2.0,255355,256045,Herzog Karl von Württemberg.,0,Umhergehend,ADJD,umhergehend,33224,,
tg,rfd2.0,255355,256045,Herzog Karl von Württemberg.,0,.,$.,--,33224,,
tg,rfd2.0,256051,256076,SCHILLER,29,Durchlaucht,NN,durchlaucht,33224,,
tg,rfd2.0,256051,256076,SCHILLER,29,–,XY,–,33224,,
tg,rfd2.0,256051,256076,SCHILLER,29,"!",$.,--,33224,,
tg,rfd2.0,256081,256168,Herzog Karl von Württemberg.,0,Stillschweigen,NN,stillschweigen,33224,,
tg,rfd2.0,256081,256168,Herzog Karl von Württemberg.,0,.,$.,--,33224,,
tg,rfd2.0,256081,256168,Herzog Karl von Württemberg.,0,–,XY,–,33224,,
tg,rfd2.0,256081,256168,Herzog Karl von Württemberg.,0,Wie,PWAV,wie,33224,,
tg,rfd2.0,256081,256168,Herzog Karl von Württemberg.,0,ist,VAFIN,sein,33224,,
tg,rfd2.0,256081,256168,Herzog Karl von Württemberg.,0,Er,PPER,er,33224,,
tg,rfd2.0,256081,256168,Herzog Karl von Württemberg.,0,auf,APPR,auf,33224,,
tg,rfd2.0,256081,256168,Herzog Karl von Württemberg.,0,die,ART,der,33224,,
tg,rfd2.0,256081,256168,Herzog Karl von Württemberg.,0,abscheuliche,ADJA,abscheulich,33224,,
tg,rfd2.0,256081,256168,Herzog Karl von Württemberg.,0,Idee,NN,idee,33224,,
tg,rfd2.0,256081,256168,Herzog Karl von Württemberg.,0,dieser,PDAT,dieser,33224,,
tg,rfd2.0,256081,256168,Herzog Karl von Württemberg.,0,Räuber,NN,räuber,33224,,
tg,rfd2.0,256081,256168,Herzog Karl von Württemberg.,0,gekommen,VVPP,kommen,33224,,
tg,rfd2.0,256081,256168,Herzog Karl von Württemberg.,0,?,$.,--,33224,,
tg,rfd2.0,256173,256278,SCHILLER,29,Im,APPRART,in,33224,,
tg,rfd2.0,256173,256278,SCHILLER,29,schwäbischen,ADJA,schwäbisch,33224,,
tg,rfd2.0,256173,256278,SCHILLER,29,Magazin,NN,magazin,33224,,
tg,rfd2.0,256173,256278,SCHILLER,29,stand,VVFIN,stehen,33224,,
tg,rfd2.0,256173,256278,SCHILLER,29,eine,ART,ein,33224,,
tg,rfd2.0,256173,256278,SCHILLER,29,Geschichte,NN,geschichte,33224,,
tg,rfd2.0,256173,256278,SCHILLER,29,",","$,",--,33224,,
tg,rfd2.0,256173,256278,SCHILLER,29,wie,PWAV,wie,33224,,
tg,rfd2.0,256173,256278,SCHILLER,29,ein,ART,ein,33224,,
tg,rfd2.0,256173,256278,SCHILLER,29,verstoßener,ADJA,verstoßen,33224,,
tg,rfd2.0,256173,256278,SCHILLER,29,Sohn,NN,sohn,33224,,
tg,rfd2.0,256173,256278,SCHILLER,29,seinen,PPOSAT,sein,33224,,
tg,rfd2.0,256173,256278,SCHILLER,29,Vater,NN,vater,33224,,
tg,rfd2.0,256173,256278,SCHILLER,29,rettete,VVFIN,retten,33224,,
tg,rfd2.0,256173,256278,SCHILLER,29,–,PPER,–,33224,,
tg,rfd2.0,256283,256297,Herzog Karl von Württemberg.,0,Und,KON,und,33224,,
tg,rfd2.0,256283,256297,Herzog Karl von Württemberg.,0,–,XY,–,33224,,
tg,rfd2.0,256302,256412,SCHILLER,29,Und,KON,und,33224,,
tg,rfd2.0,256302,256412,SCHILLER,29,ich,PPER,ich,33224,SCHILLER,29
tg,rfd2.0,256302,256412,SCHILLER,29,hatte,VAFIN,haben,33224,,
tg,rfd2.0,256302,256412,SCHILLER,29,im,APPRART,in,33224,,
tg,rfd2.0,256302,256412,SCHILLER,29,großen,ADJA,groß,33224,,
tg,rfd2.0,256302,256412,SCHILLER,29,Briten,NN,brit,33224,,
tg,rfd2.0,256302,256412,SCHILLER,29,Shakespeare,NN,shakespeare,33224,,
tg,rfd2.0,256302,256412,SCHILLER,29,gesehen,VVPP,sehen,33224,,
tg,rfd2.0,256302,256412,SCHILLER,29,",","$,",--,33224,,
tg,rfd2.0,256302,256412,SCHILLER,29,welche,PWAT,welcher,33224,,
tg,rfd2.0,256302,256412,SCHILLER,29,Leidenschaften,NN,leidenschaft,33224,,
tg,rfd2.0,256302,256412,SCHILLER,29,ein,ART,ein,33224,,
tg,rfd2.0,256302,256412,SCHILLER,29,Drama,NN,drama,33224,,
tg,rfd2.0,256302,256412,SCHILLER,29,bilden,VVINF,bilden,33224,,
tg,rfd2.0,256302,256412,SCHILLER,29,konnten,VMFIN,können,33224,,
tg,rfd2.0,256302,256412,SCHILLER,29,-,$[,--,33224,,
tg,rfd2.0,256417,256464,Herzog Karl von Württemberg.,0,Immer,ADV,immer,33224,,
tg,rfd2.0,256417,256464,Herzog Karl von Württemberg.,0,dies,PDS,dieser,33224,,
tg,rfd2.0,256417,256464,Herzog Karl von Württemberg.,0,verderbliche,ADJA,verderblich,33224,,
tg,rfd2.0,256417,256464,Herzog Karl von Württemberg.,0,England,NE,england,33224,,
tg,rfd2.0,256417,256464,Herzog Karl von Württemberg.,0,"!",$.,--,33224,,
tg,rfd2.0,256417,256464,Herzog Karl von Württemberg.,0,Und,KON,und,33224,,
tg,rfd2.0,256417,256464,Herzog Karl von Württemberg.,0,–,XY,–,33224,,
tg,rfd2.0,256469,256507,SCHILLER,29,Und,KON,und,33224,,
tg,rfd2.0,256469,256507,SCHILLER,29,–,KOUS,–,33224,,
tg,rfd2.0,256469,256507,SCHILLER,29,ich,PPER,ich,33224,SCHILLER,29
tg,rfd2.0,256469,256507,SCHILLER,29,war,VAFIN,sein,33224,,
tg,rfd2.0,256469,256507,SCHILLER,29,Karlsschüler,NN,karlsschüler,33224,,
tg,rfd2.0,256469,256507,SCHILLER,29,"!",$.,--,33224,,
tg,rfd2.0,256512,256571,Herzog Karl von Württemberg.,0,Nun,ADV,nun,33224,,
tg,rfd2.0,256512,256571,Herzog Karl von Württemberg.,0,",","$,",--,33224,,
tg,rfd2.0,256512,256571,Herzog Karl von Württemberg.,0,was,PWS,was,33224,,
tg,rfd2.0,256512,256571,Herzog Karl von Württemberg.,0,soll,VMFIN,sollen,33224,,
tg,rfd2.0,256512,256571,Herzog Karl von Württemberg.,0,das,PDS,der,33224,,
tg,rfd2.0,256512,256571,Herzog Karl von Württemberg.,0,?,$.,--,33224,,
tg,rfd2.0,256512,256571,Herzog Karl von Württemberg.,0,Stützt,VVFIN,stützen,33224,,
tg,rfd2.0,256512,256571,Herzog Karl von Württemberg.,0,sich,PRF,sich,33224,,
tg,rfd2.0,256512,256571,Herzog Karl von Württemberg.,0,auf,APPR,auf,33224,,
tg,rfd2.0,256512,256571,Herzog Karl von Württemberg.,0,die,ART,der,33224,,
tg,rfd2.0,256512,256571,Herzog Karl von Württemberg.,0,Stuhllehne,NN,stuhllehne,33224,,
tg,rfd2.0,256512,256571,Herzog Karl von Württemberg.,0,.,$.,--,33224,,
tg,rfd2.0,256577,256830,SCHILLER,29,Ich,PPER,ich,33224,,
tg,rfd2.0,256577,256830,SCHILLER,29,ward,VVFIN,werden,33224,,
tg,rfd2.0,256577,256830,SCHILLER,29,als,APPR,als,33224,,
tg,rfd2.0,256577,256830,SCHILLER,29,Schüler,NN,schüler,33224,,
tg,rfd2.0,256577,256830,SCHILLER,29,in,APPR,in,33224,,
tg,rfd2.0,256577,256830,SCHILLER,29,soldatischer,ADJA,soldatisch,33224,,
tg,rfd2.0,256577,256830,SCHILLER,29,Disziplin,NN,disziplin,33224,,
tg,rfd2.0,256577,256830,SCHILLER,29,gehalten,VVPP,halten,33224,,
tg,rfd2.0,256577,256830,SCHILLER,29,",","$,",--,33224,,
tg,rfd2.0,256577,256830,SCHILLER,29,wie,PWAV,wie,33224,,
tg,rfd2.0,256577,256830,SCHILLER,29,ein,ART,ein,33224,,
tg,rfd2.0,256577,256830,SCHILLER,29,Wesen,NN,wesen,33224,,
tg,rfd2.0,256577,256830,SCHILLER,29,",","$,",--,33224,,
tg,rfd2.0,256577,256830,SCHILLER,29,das,PRELS,der,33224,,
tg,rfd2.0,256577,256830,SCHILLER,29,keinen,PIAT,kein,33224,,
tg,rfd2.0,256577,256830,SCHILLER,29,eignen,ADJA,eignen,33224,,
tg,rfd2.0,256577,256830,SCHILLER,29,Gedanken,NN,gedanke,33224,,
tg,rfd2.0,256577,256830,SCHILLER,29,",","$,",--,33224,,
tg,rfd2.0,256577,256830,SCHILLER,29,keinen,PIAT,kein,33224,,
tg,rfd2.0,256577,256830,SCHILLER,29,eignen,ADJA,eign,33224,,
tg,rfd2.0,256577,256830,SCHILLER,29,Willen,NN,wille,33224,,
tg,rfd2.0,256577,256830,SCHILLER,29,haben,VAFIN,haben,33224,,
tg,rfd2.0,256577,256830,SCHILLER,29,durfte,VMFIN,dürfen,33224,,
tg,rfd2.0,256577,256830,SCHILLER,29,",","$,",--,33224,,
tg,rfd2.0,256577,256830,SCHILLER,29,und,KON,und,33224,,
tg,rfd2.0,256577,256830,SCHILLER,29,war,VAFIN,sein,33224,,
tg,rfd2.0,256577,256830,SCHILLER,29,doch,ADV,doch,33224,,
tg,rfd2.0,256577,256830,SCHILLER,29,erregt,VVPP,erregt,33224,,
tg,rfd2.0,256577,256830,SCHILLER,29,von,APPR,von,33224,,
tg,rfd2.0,256577,256830,SCHILLER,29,eignen,ADJA,eignen,33224,,
tg,rfd2.0,256577,256830,SCHILLER,29,Gedanken,NN,gedanke,33224,,
tg,rfd2.0,256577,256830,SCHILLER,29,",","$,",--,33224,,
tg,rfd2.0,256577,256830,SCHILLER,29,war,VAFIN,sein,33224,,
tg,rfd2.0,256577,256830,SCHILLER,29,doch,ADV,doch,33224,,
tg,rfd2.0,256577,256830,SCHILLER,29,erhoben,VVPP,erhoben,33224,,
tg,rfd2.0,256577,256830,SCHILLER,29,von,APPR,von,33224,,
tg,rfd2.0,256577,256830,SCHILLER,29,eigner,ADJA,eign,33224,,
tg,rfd2.0,256577,256830,SCHILLER,29,Willenskraft,NN,willenskraft,33224,,
tg,rfd2.0,256577,256830,SCHILLER,29,und,KON,und,33224,,
tg,rfd2.0,256577,256830,SCHILLER,29,geriet,VVFIN,geraten,33224,,
tg,rfd2.0,256577,256830,SCHILLER,29,solchen,PIDAT,solcher,33224,,
tg,rfd2.0,256577,256830,SCHILLER,29,Wegs,NN,weg,33224,,
tg,rfd2.0,256577,256830,SCHILLER,29,–,XY,–,33224,,
tg,rfd2.0,256835,256856,Herzog Karl von Württemberg.,0,In,APPR,in,33224,,
tg,rfd2.0,256835,256856,Herzog Karl von Württemberg.,0,Empörung,NN,empörung,33224,,
tg,rfd2.0,256835,256856,Herzog Karl von Württemberg.,0,?,$.,--,33224,,
tg,rfd2.0,256861,259918,SCHILLER,29,Ja,PTKANT,ja,33224,,
tg,rfd2.0,256861,259918,SCHILLER,29,",","$,",--,33224,,
tg,rfd2.0,256861,259918,SCHILLER,29,in,APPR,in,33224,,
tg,rfd2.0,256861,259918,SCHILLER,29,innere,ADJA,innerer,33224,,
tg,rfd2.0,256861,259918,SCHILLER,29,Empörung,NN,empörung,33224,,
tg,rfd2.0,256861,259918,SCHILLER,29,"!",$.,--,33224,,
tg,rfd2.0,256861,259918,SCHILLER,29,–,XY,–,33224,,
tg,rfd2.0,256861,259918,SCHILLER,29,Sei's,FM,sei's,33224,,
tg,rfd2.0,256861,259918,SCHILLER,29,denn,KON,denn,33224,,
tg,rfd2.0,256861,259918,SCHILLER,29,gesagt,VVPP,sagen,33224,,
tg,rfd2.0,256861,259918,SCHILLER,29,"!",$.,--,33224,,
tg,rfd2.0,256861,259918,SCHILLER,29,–,XY,–,33224,,
tg,rfd2.0,256861,259918,SCHILLER,29,Ich,PPER,ich,33224,,
tg,rfd2.0,256861,259918,SCHILLER,29,bin,VAFIN,sein,33224,,
tg,rfd2.0,256861,259918,SCHILLER,29,zu,APPR,zu,33224,,
tg,rfd2.0,256861,259918,SCHILLER,29,dieser,PDAT,dieser,33224,,
tg,rfd2.0,256861,259918,SCHILLER,29,Unterredung,NN,unterredung,33224,,
tg,rfd2.0,256861,259918,SCHILLER,29,gekommen,VVPP,kommen,33224,,
tg,rfd2.0,256861,259918,SCHILLER,29,mit,APPR,mit,33224,,
tg,rfd2.0,256861,259918,SCHILLER,29,vollem,ADJA,voll,33224,,
tg,rfd2.0,256861,259918,SCHILLER,29,Vertrauen,NN,vertrauen,33224,,
tg,rfd2.0,256861,259918,SCHILLER,29,auf,APPR,auf,33224,,
tg,rfd2.0,256861,259918,SCHILLER,29,meine,PPOSAT,mein,33224,SCHILLER,29
tg,rfd2.0,256861,259918,SCHILLER,29,gute,ADJA,gut,33224,,
tg,rfd2.0,256861,259918,SCHILLER,29,Sache,NN,sache,33224,,
tg,rfd2.0,256861,259918,SCHILLER,29,und,KON,und,33224,,
tg,rfd2.0,256861,259918,SCHILLER,29,auf,APPR,auf,33224,,
tg,rfd2.0,256861,259918,SCHILLER,29,Ihr,PPOSAT,ihr,33224,,
tg,rfd2.0,256861,259918,SCHILLER,29,edles,ADJA,edl,33224,,
tg,rfd2.0,256861,259918,SCHILLER,29,Herz,NN,herz,33224,,
tg,rfd2.0,256861,259918,SCHILLER,29,",","$,",--,33224,,
tg,rfd2.0,256861,259918,SCHILLER,29,Durchlaucht,NN,durchlaucht,33224,,
tg,rfd2.0,256861,259918,SCHILLER,29,.,$.,--,33224,,
tg,rfd2.0,256861,259918,SCHILLER,29,Ich,PPER,ich,33224,,
tg,rfd2.0,256861,259918,SCHILLER,29,habe,VAFIN,haben,33224,,
tg,rfd2.0,256861,259918,SCHILLER,29,mich,PPER,mich,33224,SCHILLER,29
tg,rfd2.0,256861,259918,SCHILLER,29,nicht,PTKNEG,nicht,33224,,
tg,rfd2.0,256861,259918,SCHILLER,29,irren,VVFIN,irren,33224,,
tg,rfd2.0,256861,259918,SCHILLER,29,lassen,VVINF,lassen,33224,,
tg,rfd2.0,256861,259918,SCHILLER,29,durch,APPR,durch,33224,,
tg,rfd2.0,256861,259918,SCHILLER,29,Abmahnung,NN,abmahnung,33224,,
tg,rfd2.0,256861,259918,SCHILLER,29,",","$,",--,33224,,
tg,rfd2.0,256861,259918,SCHILLER,29,Warnung,NN,warnung,33224,,
tg,rfd2.0,256861,259918,SCHILLER,29,und,KON,und,33224,,
tg,rfd2.0,256861,259918,SCHILLER,29,Einschüchterung,NN,einschüchterung,33224,,
tg,rfd2.0,256861,259918,SCHILLER,29,",","$,",--,33224,,
tg,rfd2.0,256861,259918,SCHILLER,29,ich,PPER,ich,33224,SCHILLER,29
tg,rfd2.0,256861,259918,SCHILLER,29,habe,VAFIN,haben,33224,,
tg,rfd2.0,256861,259918,SCHILLER,29,gehofft,VVPP,hoffen,33224,,
tg,rfd2.0,256861,259918,SCHILLER,29,",","$,",--,33224,,
tg,rfd2.0,256861,259918,SCHILLER,29,meinem,PPOSAT,mein,33224,SCHILLER,29
tg,rfd2.0,256861,259918,SCHILLER,29,und,KON,und,33224,,
tg,rfd2.0,256861,259918,SCHILLER,29,dem,ART,der,33224,,
tg,rfd2.0,256861,259918,SCHILLER,29,allgemeinen,ADJA,allgemein,33224,,
tg,rfd2.0,256861,259918,SCHILLER,29,Interesse,NN,interesse,33224,,
tg,rfd2.0,256861,259918,SCHILLER,29,zu,APPR,zu,33224,,
tg,rfd2.0,256861,259918,SCHILLER,29,nützen,ADJA,nützen,33224,,
tg,rfd2.0,256861,259918,SCHILLER,29,durch,APPR,durch,33224,,
tg,rfd2.0,256861,259918,SCHILLER,29,offene,ADJA,offen,33224,,
tg,rfd2.0,256861,259918,SCHILLER,29,",","$,",--,33224,,
tg,rfd2.0,256861,259918,SCHILLER,29,mutige,ADJA,mutig,33224,,
tg,rfd2.0,256861,259918,SCHILLER,29,Rede,NN,rede,33224,,
tg,rfd2.0,256861,259918,SCHILLER,29,.,$.,--,33224,,
tg,rfd2.0,256861,259918,SCHILLER,29,So,ADV,so,33224,,
tg,rfd2.0,256861,259918,SCHILLER,29,sei,VAFIN,sein,33224,,
tg,rfd2.0,256861,259918,SCHILLER,29,denn,ADV,denn,33224,,
tg,rfd2.0,256861,259918,SCHILLER,29,alles,PIS,alle,33224,,
tg,rfd2.0,256861,259918,SCHILLER,29,gesagt,VVPP,sagen,33224,,
tg,rfd2.0,256861,259918,SCHILLER,29,",","$,",--,33224,,
tg,rfd2.0,256861,259918,SCHILLER,29,was,PWS,was,33224,,
tg,rfd2.0,256861,259918,SCHILLER,29,ich,PPER,ich,33224,SCHILLER,29
tg,rfd2.0,256861,259918,SCHILLER,29,auf,APPR,auf,33224,,
tg,rfd2.0,256861,259918,SCHILLER,29,dem,ART,der,33224,,
tg,rfd2.0,256861,259918,SCHILLER,29,Herzen,NN,herz,33224,,
tg,rfd2.0,256861,259918,SCHILLER,29,habe,VAFIN,haben,33224,,
tg,rfd2.0,256861,259918,SCHILLER,29,",","$,",--,33224,,
tg,rfd2.0,256861,259918,SCHILLER,29,vielleicht,ADV,vielleicht,33224,,
tg,rfd2.0,256861,259918,SCHILLER,29,zündet,VVFIN,zünden,33224,,
tg,rfd2.0,256861,259918,SCHILLER,29,ein,ART,ein,33224,,
tg,rfd2.0,256861,259918,SCHILLER,29,Funke,NN,funk,33224,,
tg,rfd2.0,256861,259918,SCHILLER,29,Wahrheit,NN,wahrheit,33224,,
tg,rfd2.0,256861,259918,SCHILLER,29,in,APPR,in,33224,,
tg,rfd2.0,256861,259918,SCHILLER,29,Ihrer,PPOSAT,ihr,33224,,
tg,rfd2.0,256861,259918,SCHILLER,29,Seele,NN,seele,33224,,
tg,rfd2.0,256861,259918,SCHILLER,29,–,XY,–,33224,,
tg,rfd2.0,256861,259918,SCHILLER,29,ja,PTKANT,ja,33224,,
tg,rfd2.0,256861,259918,SCHILLER,29,",","$,",--,33224,,
tg,rfd2.0,256861,259918,SCHILLER,29,in,APPR,in,33224,,
tg,rfd2.0,256861,259918,SCHILLER,29,innere,ADJA,innerer,33224,,
tg,rfd2.0,256861,259918,SCHILLER,29,Empörung,NN,empörung,33224,,
tg,rfd2.0,256861,259918,SCHILLER,29,geriet,VVFIN,geraten,33224,,
tg,rfd2.0,256861,259918,SCHILLER,29,ich,PPER,ich,33224,SCHILLER,29
tg,rfd2.0,256861,259918,SCHILLER,29,über,APPR,über,33224,,
tg,rfd2.0,256861,259918,SCHILLER,29,mein,PPOSAT,mein,33224,SCHILLER,29
tg,rfd2.0,256861,259918,SCHILLER,29,Schicksal,NN,schicksal,33224,,
tg,rfd2.0,256861,259918,SCHILLER,29,und,KON,und,33224,,
tg,rfd2.0,256861,259918,SCHILLER,29,das,ART,der,33224,,
tg,rfd2.0,256861,259918,SCHILLER,29,Schicksal,NN,schicksal,33224,,
tg,rfd2.0,256861,259918,SCHILLER,29,meines,PPOSAT,mein,33224,SCHILLER,29
tg,rfd2.0,256861,259918,SCHILLER,29,Vaterlandes,NN,vaterland,33224,,
tg,rfd2.0,256861,259918,SCHILLER,29,.,$.,--,33224,,
tg,rfd2.0,256861,259918,SCHILLER,29,Ich,PPER,ich,33224,,
tg,rfd2.0,256861,259918,SCHILLER,29,fühlte,VVFIN,fühlen,33224,,
tg,rfd2.0,256861,259918,SCHILLER,29,mich,PRF,mich,33224,SCHILLER,29
tg,rfd2.0,256861,259918,SCHILLER,29,gemißhandelt,VVPP,gemhandeln,33224,,
tg,rfd2.0,256861,259918,SCHILLER,29,Tag,NN,tag,33224,,
tg,rfd2.0,256861,259918,SCHILLER,29,und,KON,und,33224,,
tg,rfd2.0,256861,259918,SCHILLER,29,Nacht,NN,nacht,33224,,
tg,rfd2.0,256861,259918,SCHILLER,29,bis,APPR,bis,33224,,
tg,rfd2.0,256861,259918,SCHILLER,29,in,APPR,in,33224,,
tg,rfd2.0,256861,259918,SCHILLER,29,die,ART,der,33224,,
tg,rfd2.0,256861,259918,SCHILLER,29,innerste,ADJA,inner,33224,,
tg,rfd2.0,256861,259918,SCHILLER,29,Seele,NN,seele,33224,,
tg,rfd2.0,256861,259918,SCHILLER,29,hinein,PTKVZ,hinein,33224,,
tg,rfd2.0,256861,259918,SCHILLER,29,.,$.,--,33224,,
tg,rfd2.0,256861,259918,SCHILLER,29,Das,ART,der,33224,,
tg,rfd2.0,256861,259918,SCHILLER,29,Ideal,NN,ideal,33224,,
tg,rfd2.0,256861,259918,SCHILLER,29,eines,ART,ein,33224,,
tg,rfd2.0,256861,259918,SCHILLER,29,Volksredners,NN,volksredner,33224,,
tg,rfd2.0,256861,259918,SCHILLER,29,ward,VVFIN,werden,33224,,
tg,rfd2.0,256861,259918,SCHILLER,29,mir,PPER,sich,33224,SCHILLER,29
tg,rfd2.0,256861,259918,SCHILLER,29,spöttisch,ADJD,spöttisch,33224,,
tg,rfd2.0,256861,259918,SCHILLER,29,entrissen,VVPP,entreißen,33224,,
tg,rfd2.0,256861,259918,SCHILLER,29,;,$.,--,33224,,
tg,rfd2.0,256861,259918,SCHILLER,29,denn,KON,denn,33224,,
tg,rfd2.0,256861,259918,SCHILLER,29,in,APPR,in,33224,,
tg,rfd2.0,256861,259918,SCHILLER,29,der,ART,der,33224,,
tg,rfd2.0,256861,259918,SCHILLER,29,Karlsschule,NN,karlsschule,33224,,
tg,rfd2.0,256861,259918,SCHILLER,29,hieß,VVFIN,heißen,33224,,
tg,rfd2.0,256861,259918,SCHILLER,29,es,PPER,es,33224,,
tg,rfd2.0,256861,259918,SCHILLER,29,",","$,",--,33224,,
tg,rfd2.0,256861,259918,SCHILLER,29,gibt,VVFIN,geben,33224,,
tg,rfd2.0,256861,259918,SCHILLER,29,es,PPER,es,33224,,
tg,rfd2.0,256861,259918,SCHILLER,29,kein,PIAT,kein,33224,,
tg,rfd2.0,256861,259918,SCHILLER,29,Volk,NN,volk,33224,,
tg,rfd2.0,256861,259918,SCHILLER,29,und,KON,und,33224,,
tg,rfd2.0,256861,259918,SCHILLER,29,keine,PIAT,kein,33224,,
tg,rfd2.0,256861,259918,SCHILLER,29,Gottesgelehrsamkeit,NN,gottesgelehrsamkeit,33224,,
tg,rfd2.0,256861,259918,SCHILLER,29,.,$.,--,33224,,
tg,rfd2.0,256861,259918,SCHILLER,29,Willst,VAFIN,willen,33224,,
tg,rfd2.0,256861,259918,SCHILLER,29,du,PPER,du,33224,,
tg,rfd2.0,256861,259918,SCHILLER,29,aufgenommen,VVPP,aufnehmen,33224,,
tg,rfd2.0,256861,259918,SCHILLER,29,sein,VAINF,sein,33224,,
tg,rfd2.0,256861,259918,SCHILLER,29,",","$,",--,33224,,
tg,rfd2.0,256861,259918,SCHILLER,29,so,ADV,so,33224,,
tg,rfd2.0,256861,259918,SCHILLER,29,werde,VAFIN,werden,33224,,
tg,rfd2.0,256861,259918,SCHILLER,29,Jurist,NN,jurist,33224,,
tg,rfd2.0,256861,259918,SCHILLER,29,oder,KON,oder,33224,,
tg,rfd2.0,256861,259918,SCHILLER,29,Mediziner,NN,mediziner,33224,,
tg,rfd2.0,256861,259918,SCHILLER,29,.,$.,--,33224,,
tg,rfd2.0,256861,259918,SCHILLER,29,Ich,PPER,ich,33224,,
tg,rfd2.0,256861,259918,SCHILLER,29,war,VAFIN,sein,33224,,
tg,rfd2.0,256861,259918,SCHILLER,29,arm,ADJD,arm,33224,,
tg,rfd2.0,256861,259918,SCHILLER,29,",","$,",--,33224,,
tg,rfd2.0,256861,259918,SCHILLER,29,die,ART,der,33224,,
tg,rfd2.0,256861,259918,SCHILLER,29,Aufnahme,NN,aufnahme,33224,,
tg,rfd2.0,256861,259918,SCHILLER,29,galt,VVFIN,gelten,33224,,
tg,rfd2.0,256861,259918,SCHILLER,29,uns,PPER,uns,33224,,
tg,rfd2.0,256861,259918,SCHILLER,29,für,APPR,für,33224,,
tg,rfd2.0,256861,259918,SCHILLER,29,die,ART,der,33224,,
tg,rfd2.0,256861,259918,SCHILLER,29,größte,ADJA,groß,33224,,
tg,rfd2.0,256861,259918,SCHILLER,29,Wohltat,NN,wohltat,33224,,
tg,rfd2.0,256861,259918,SCHILLER,29,",","$,",--,33224,,
tg,rfd2.0,256861,259918,SCHILLER,29,besonders,ADV,besonders,33224,,
tg,rfd2.0,256861,259918,SCHILLER,29,weil,KOUS,weil,33224,,
tg,rfd2.0,256861,259918,SCHILLER,29,ich,PPER,ich,33224,SCHILLER,29
tg,rfd2.0,256861,259918,SCHILLER,29,nur,ADV,nur,33224,,
tg,rfd2.0,256861,259918,SCHILLER,29,bürgerlicher,ADJA,bürgerlich,33224,,
tg,rfd2.0,256861,259918,SCHILLER,29,Herkunft,NN,herkunft,33224,,
tg,rfd2.0,256861,259918,SCHILLER,29,war,VAFIN,sein,33224,,
tg,rfd2.0,256861,259918,SCHILLER,29,.,$.,--,33224,,
tg,rfd2.0,256861,259918,SCHILLER,29,Ich,PPER,ich,33224,,
tg,rfd2.0,256861,259918,SCHILLER,29,mußte,VMFIN,müssen,33224,,
tg,rfd2.0,256861,259918,SCHILLER,29,die,ART,der,33224,,
tg,rfd2.0,256861,259918,SCHILLER,29,Hand,NN,hand,33224,,
tg,rfd2.0,256861,259918,SCHILLER,29,küssen,VVFIN,küssen,33224,,
tg,rfd2.0,256861,259918,SCHILLER,29,",","$,",--,33224,,
tg,rfd2.0,256861,259918,SCHILLER,29,welche,PWAT,welcher,33224,,
tg,rfd2.0,256861,259918,SCHILLER,29,mir,PPER,sich,33224,SCHILLER,29
tg,rfd2.0,256861,259918,SCHILLER,29,die,ART,der,33224,,
tg,rfd2.0,256861,259918,SCHILLER,29,ersehnte,ADJA,ersehnt,33224,,
tg,rfd2.0,256861,259918,SCHILLER,29,Zukunft,NN,zukunft,33224,,
tg,rfd2.0,256861,259918,SCHILLER,29,entzog,VVFIN,entziehen,33224,,
tg,rfd2.0,256861,259918,SCHILLER,29,;,$.,--,33224,,
tg,rfd2.0,256861,259918,SCHILLER,29,ich,PPER,ich,33224,SCHILLER,29
tg,rfd2.0,256861,259918,SCHILLER,29,ward,VVFIN,werden,33224,,
tg,rfd2.0,256861,259918,SCHILLER,29,Jurist,NN,jurist,33224,,
tg,rfd2.0,256861,259918,SCHILLER,29,und,KON,und,33224,,
tg,rfd2.0,256861,259918,SCHILLER,29,verwand,VVFIN,verwand,33224,,
tg,rfd2.0,256861,259918,SCHILLER,29,mit,APPR,mit,33224,,
tg,rfd2.0,256861,259918,SCHILLER,29,Schmerzen,NN,schmerz,33224,,
tg,rfd2.0,256861,259918,SCHILLER,29,diesen,PDAT,dieser,33224,,
tg,rfd2.0,256861,259918,SCHILLER,29,ersten,ADJA,erster,33224,,
tg,rfd2.0,256861,259918,SCHILLER,29,Ruck,NN,ruck,33224,,
tg,rfd2.0,256861,259918,SCHILLER,29,",","$,",--,33224,,
tg,rfd2.0,256861,259918,SCHILLER,29,der,PRELS,der,33224,,
tg,rfd2.0,256861,259918,SCHILLER,29,meinen,PPOSAT,mein,33224,SCHILLER,29
tg,rfd2.0,256861,259918,SCHILLER,29,tiefsten,ADJA,tief,33224,,
tg,rfd2.0,256861,259918,SCHILLER,29,Wünschen,NN,wunsch,33224,,
tg,rfd2.0,256861,259918,SCHILLER,29,angetan,VVPP,antun,33224,,
tg,rfd2.0,256861,259918,SCHILLER,29,wurde,VAFIN,werden,33224,,
tg,rfd2.0,256861,259918,SCHILLER,29,.,$.,--,33224,,
tg,rfd2.0,256861,259918,SCHILLER,29,Aber,KON,aber,33224,,
tg,rfd2.0,256861,259918,SCHILLER,29,ich,PPER,ich,33224,SCHILLER,29
tg,rfd2.0,256861,259918,SCHILLER,29,war,VAFIN,sein,33224,,
tg,rfd2.0,256861,259918,SCHILLER,29,nicht,PTKNEG,nicht,33224,,
tg,rfd2.0,256861,259918,SCHILLER,29,nur,ADV,nur,33224,,
tg,rfd2.0,256861,259918,SCHILLER,29,arm,ADJD,arm,33224,,
tg,rfd2.0,256861,259918,SCHILLER,29,",","$,",--,33224,,
tg,rfd2.0,256861,259918,SCHILLER,29,ich,PPER,ich,33224,SCHILLER,29
tg,rfd2.0,256861,259918,SCHILLER,29,war,VAFIN,sein,33224,,
tg,rfd2.0,256861,259918,SCHILLER,29,auch,ADV,auch,33224,,
tg,rfd2.0,256861,259918,SCHILLER,29,ein,ART,ein,33224,,
tg,rfd2.0,256861,259918,SCHILLER,29,ungewandter,ADJA,ungewandt,33224,,
tg,rfd2.0,256861,259918,SCHILLER,29,und,KON,und,33224,,
tg,rfd2.0,256861,259918,SCHILLER,29,nun,ADV,nun,33224,,
tg,rfd2.0,256861,259918,SCHILLER,29,vollends,ADV,vollends,33224,,
tg,rfd2.0,256861,259918,SCHILLER,29,eingeschüchterter,ADJA,eingeschüchtert,33224,,
tg,rfd2.0,256861,259918,SCHILLER,29,Knabe,NN,knabe,33224,,
tg,rfd2.0,256861,259918,SCHILLER,29,",","$,",--,33224,,
tg,rfd2.0,256861,259918,SCHILLER,29,der,PRELS,der,33224,,
tg,rfd2.0,256861,259918,SCHILLER,29,wegen,APPR,wegen,33224,,
tg,rfd2.0,256861,259918,SCHILLER,29,seines,PPOSAT,sein,33224,,
tg,rfd2.0,256861,259918,SCHILLER,29,linkischen,ADJA,linkisch,33224,,
tg,rfd2.0,256861,259918,SCHILLER,29,Wesens,NN,wesen,33224,,
tg,rfd2.0,256861,259918,SCHILLER,29,fortwährend,ADJD,fortwährend,33224,,
tg,rfd2.0,256861,259918,SCHILLER,29,gescholten,ADJA,schelten,33224,,
tg,rfd2.0,256861,259918,SCHILLER,29,und,KON,und,33224,,
tg,rfd2.0,256861,259918,SCHILLER,29,gestraft,VVPP,strafen,33224,,
tg,rfd2.0,256861,259918,SCHILLER,29,wurde,VAFIN,werden,33224,,
tg,rfd2.0,256861,259918,SCHILLER,29,.,$.,--,33224,,
tg,rfd2.0,256861,259918,SCHILLER,29,War,VAFIN,sein,33224,,
tg,rfd2.0,256861,259918,SCHILLER,29,das,PDS,der,33224,,
tg,rfd2.0,256861,259918,SCHILLER,29,meine,PPOSAT,mein,33224,SCHILLER,29
tg,rfd2.0,256861,259918,SCHILLER,29,Schuld,NN,schuld,33224,,
tg,rfd2.0,256861,259918,SCHILLER,29,?,$.,--,33224,,
tg,rfd2.0,256861,259918,SCHILLER,29,Warum,PWAV,warum,33224,,
tg,rfd2.0,256861,259918,SCHILLER,29,gab,VVFIN,geben,33224,,
tg,rfd2.0,256861,259918,SCHILLER,29,die,ART,der,33224,,
tg,rfd2.0,256861,259918,SCHILLER,29,Natur,NN,natur,33224,,
tg,rfd2.0,256861,259918,SCHILLER,29,gerade,ADV,gerade,33224,,
tg,rfd2.0,256861,259918,SCHILLER,29,mir,PPER,sich,33224,SCHILLER,29
tg,rfd2.0,256861,259918,SCHILLER,29,ein,ART,ein,33224,,
tg,rfd2.0,256861,259918,SCHILLER,29,ungestüm,ADJD,ungestüm,33224,,
tg,rfd2.0,256861,259918,SCHILLER,29,inneres,ADJA,innerer,33224,,
tg,rfd2.0,256861,259918,SCHILLER,29,und,KON,und,33224,,
tg,rfd2.0,256861,259918,SCHILLER,29,ein,ART,ein,33224,,
tg,rfd2.0,256861,259918,SCHILLER,29,so,ADV,so,33224,,
tg,rfd2.0,256861,259918,SCHILLER,29,träg,ADJD,träg,33224,,
tg,rfd2.0,256861,259918,SCHILLER,29,nachhinkendes,ADJA,nachhinkend,33224,,
tg,rfd2.0,256861,259918,SCHILLER,29,äußeres,ADJA,äußerer,33224,,
tg,rfd2.0,256861,259918,SCHILLER,29,Wesen,NN,wesen,33224,,
tg,rfd2.0,256861,259918,SCHILLER,29,?,$.,--,33224,,
tg,rfd2.0,256861,259918,SCHILLER,29,So,ADV,so,33224,,
tg,rfd2.0,256861,259918,SCHILLER,29,ward,VVFIN,werden,33224,,
tg,rfd2.0,256861,259918,SCHILLER,29,meine,PPOSAT,mein,33224,SCHILLER,29
tg,rfd2.0,256861,259918,SCHILLER,29,Jugend,NN,jugend,33224,,
tg,rfd2.0,256861,259918,SCHILLER,29,ein,ART,ein,33224,,
tg,rfd2.0,256861,259918,SCHILLER,29,fortdauerndes,ADJA,fortdauernd,33224,,
tg,rfd2.0,256861,259918,SCHILLER,29,Leiden,NN,leiden,33224,,
tg,rfd2.0,256861,259918,SCHILLER,29,",","$,",--,33224,,
tg,rfd2.0,256861,259918,SCHILLER,29,und,KON,und,33224,,
tg,rfd2.0,256861,259918,SCHILLER,29,als,APPR,als,33224,,
tg,rfd2.0,256861,259918,SCHILLER,29,ich,PPER,ich,33224,SCHILLER,29
tg,rfd2.0,256861,259918,SCHILLER,29,mich,PRF,mich,33224,SCHILLER,29
tg,rfd2.0,256861,259918,SCHILLER,29,endlich,ADV,endlich,33224,,
tg,rfd2.0,256861,259918,SCHILLER,29,mühsam,ADJD,mühsam,33224,,
tg,rfd2.0,256861,259918,SCHILLER,29,in,APPR,in,33224,,
tg,rfd2.0,256861,259918,SCHILLER,29,die,ART,der,33224,,
tg,rfd2.0,256861,259918,SCHILLER,29,aufgedrungene,ADJA,aufgedrungen,33224,,
tg,rfd2.0,256861,259918,SCHILLER,29,Bahn,NN,bahn,33224,,
tg,rfd2.0,256861,259918,SCHILLER,29,gefunden,VVPP,finden,33224,,
tg,rfd2.0,256861,259918,SCHILLER,29,",","$,",--,33224,,
tg,rfd2.0,256861,259918,SCHILLER,29,da,ADV,da,33224,,
tg,rfd2.0,256861,259918,SCHILLER,29,hieß,VVFIN,heißen,33224,,
tg,rfd2.0,256861,259918,SCHILLER,29,es,PPER,es,33224,,
tg,rfd2.0,256861,259918,SCHILLER,29,wiederum,ADV,wiederum,33224,,
tg,rfd2.0,256861,259918,SCHILLER,29,halt,ADV,halt,33224,,
tg,rfd2.0,256861,259918,SCHILLER,29,"!",$.,--,33224,,
tg,rfd2.0,256861,259918,SCHILLER,29,Kein,PIAT,kein,33224,,
tg,rfd2.0,256861,259918,SCHILLER,29,Jurist,NN,jurist,33224,,
tg,rfd2.0,256861,259918,SCHILLER,29,"!",$.,--,33224,,
tg,rfd2.0,256861,259918,SCHILLER,29,Mediziner,NN,mediziner,33224,,
tg,rfd2.0,256861,259918,SCHILLER,29,soll,VMFIN,sollen,33224,,
tg,rfd2.0,256861,259918,SCHILLER,29,der,ART,der,33224,,
tg,rfd2.0,256861,259918,SCHILLER,29,Bursch,NN,bursch,33224,,
tg,rfd2.0,256861,259918,SCHILLER,29,werden,VAFIN,werden,33224,,
tg,rfd2.0,256861,259918,SCHILLER,29,",","$,",--,33224,,
tg,rfd2.0,256861,259918,SCHILLER,29,das,PDS,der,33224,,
tg,rfd2.0,256861,259918,SCHILLER,29,paßt,VVFIN,passen,33224,,
tg,rfd2.0,256861,259918,SCHILLER,29,besser,ADJD,gut,33224,,
tg,rfd2.0,256861,259918,SCHILLER,29,für,APPR,für,33224,,
tg,rfd2.0,256861,259918,SCHILLER,29,den,ART,der,33224,,
tg,rfd2.0,256861,259918,SCHILLER,29,armen,ADJA,arm,33224,,
tg,rfd2.0,256861,259918,SCHILLER,29,Teufel,NN,teufel,33224,,
tg,rfd2.0,256861,259918,SCHILLER,29,",","$,",--,33224,,
tg,rfd2.0,256861,259918,SCHILLER,29,und,KON,und,33224,,
tg,rfd2.0,256861,259918,SCHILLER,29,zum,APPRART,zu,33224,,
tg,rfd2.0,256861,259918,SCHILLER,29,zweiten,ADJA,zweiter,33224,,
tg,rfd2.0,256861,259918,SCHILLER,29,Male,NN,mal,33224,,
tg,rfd2.0,256861,259918,SCHILLER,29,gewaltsam,ADJD,gewaltsam,33224,,
tg,rfd2.0,256861,259918,SCHILLER,29,wurde,VAFIN,werden,33224,,
tg,rfd2.0,256861,259918,SCHILLER,29,der,ART,der,33224,,
tg,rfd2.0,256861,259918,SCHILLER,29,Ruck,NN,ruck,33224,,
tg,rfd2.0,256861,259918,SCHILLER,29,meines,PPOSAT,mein,33224,SCHILLER,29
tg,rfd2.0,256861,259918,SCHILLER,29,Innern,NN,innere,33224,,
tg,rfd2.0,256861,259918,SCHILLER,29,erzwungen,VVPP,erzwingen,33224,,
tg,rfd2.0,256861,259918,SCHILLER,29,",","$,",--,33224,,
tg,rfd2.0,256861,259918,SCHILLER,29,ob,KOUS,ob,33224,,
tg,rfd2.0,256861,259918,SCHILLER,29,auch,ADV,auch,33224,,
tg,rfd2.0,256861,259918,SCHILLER,29,alle,PIDAT,aller,33224,ALLE,30
tg,rfd2.0,256861,259918,SCHILLER,29,Fugen,NN,fuge,33224,,
tg,rfd2.0,256861,259918,SCHILLER,29,in,APPR,in,33224,,
tg,rfd2.0,256861,259918,SCHILLER,29,mir,PPER,sich,33224,SCHILLER,29
tg,rfd2.0,256861,259918,SCHILLER,29,krachten,VVFIN,krachen,33224,,
tg,rfd2.0,256861,259918,SCHILLER,29,und,KON,und,33224,,
tg,rfd2.0,256861,259918,SCHILLER,29,schmerzten,VVFIN,schmerzen,33224,,
tg,rfd2.0,256861,259918,SCHILLER,29,.,$.,--,33224,,
tg,rfd2.0,256861,259918,SCHILLER,29,Was,PWS,was,33224,,
tg,rfd2.0,256861,259918,SCHILLER,29,da,ADV,da,33224,,
tg,rfd2.0,256861,259918,SCHILLER,29,"!",$.,--,33224,,
tg,rfd2.0,256861,259918,SCHILLER,29,hieß,VVFIN,heißen,33224,,
tg,rfd2.0,256861,259918,SCHILLER,29,es,PPER,es,33224,,
tg,rfd2.0,256861,259918,SCHILLER,29,",","$,",--,33224,,
tg,rfd2.0,256861,259918,SCHILLER,29,der,ART,der,33224,,
tg,rfd2.0,256861,259918,SCHILLER,29,Mensch,NN,mensch,33224,,
tg,rfd2.0,256861,259918,SCHILLER,29,ist,VAFIN,sein,33224,,
tg,rfd2.0,256861,259918,SCHILLER,29,eine,ART,ein,33224,,
tg,rfd2.0,256861,259918,SCHILLER,29,Maschine,NN,maschine,33224,,
tg,rfd2.0,256861,259918,SCHILLER,29,",","$,",--,33224,,
tg,rfd2.0,256861,259918,SCHILLER,29,man,PIS,man,33224,,
tg,rfd2.0,256861,259918,SCHILLER,29,dreht,VVFIN,drehen,33224,,
tg,rfd2.0,256861,259918,SCHILLER,29,sie,PPER,sie,33224,,
tg,rfd2.0,256861,259918,SCHILLER,29,und,KON,und,33224,,
tg,rfd2.0,256861,259918,SCHILLER,29,stellt,VVFIN,stellen,33224,,
tg,rfd2.0,256861,259918,SCHILLER,29,sie,PPER,sie,33224,,
tg,rfd2.0,256861,259918,SCHILLER,29,und,KON,und,33224,,
tg,rfd2.0,256861,259918,SCHILLER,29,zwingt,VVFIN,zwingen,33224,,
tg,rfd2.0,256861,259918,SCHILLER,29,sie,PPER,sie,33224,,
tg,rfd2.0,256861,259918,SCHILLER,29,in,APPR,in,33224,,
tg,rfd2.0,256861,259918,SCHILLER,29,Gang,NN,gang,33224,,
tg,rfd2.0,256861,259918,SCHILLER,29,.,$.,--,33224,,
tg,rfd2.0,256861,259918,SCHILLER,29,Der,ART,der,33224,,
tg,rfd2.0,256861,259918,SCHILLER,29,Mensch,NN,mensch,33224,,
tg,rfd2.0,256861,259918,SCHILLER,29,ist,VAFIN,sein,33224,,
tg,rfd2.0,256861,259918,SCHILLER,29,keine,PIAT,kein,33224,,
tg,rfd2.0,256861,259918,SCHILLER,29,Maschine,NN,maschine,33224,,
tg,rfd2.0,256861,259918,SCHILLER,29,"!",$.,--,33224,,
tg,rfd2.0,256861,259918,SCHILLER,29,schrie,VVFIN,schreien,33224,,
tg,rfd2.0,256861,259918,SCHILLER,29,es,PPER,es,33224,,
tg,rfd2.0,256861,259918,SCHILLER,29,auf,APPR,auf,33224,,
tg,rfd2.0,256861,259918,SCHILLER,29,in,APPR,in,33224,,
tg,rfd2.0,256861,259918,SCHILLER,29,meiner,PPOSAT,mein,33224,SCHILLER,29
tg,rfd2.0,256861,259918,SCHILLER,29,Brust,NN,brust,33224,,
tg,rfd2.0,256861,259918,SCHILLER,29,",","$,",--,33224,,
tg,rfd2.0,256861,259918,SCHILLER,29,und,KON,und,33224,,
tg,rfd2.0,256861,259918,SCHILLER,29,schrie,VVFIN,schreien,33224,,
tg,rfd2.0,256861,259918,SCHILLER,29,es,PPER,es,33224,,
tg,rfd2.0,256861,259918,SCHILLER,29,so,ADV,so,33224,,
tg,rfd2.0,256861,259918,SCHILLER,29,lange,ADV,lange,33224,,
tg,rfd2.0,256861,259918,SCHILLER,29,",","$,",--,33224,,
tg,rfd2.0,256861,259918,SCHILLER,29,bis,KOUS,bis,33224,,
tg,rfd2.0,256861,259918,SCHILLER,29,wir,PPER,wir,33224,,
tg,rfd2.0,256861,259918,SCHILLER,29,alle,PIS,alle,33224,ALLE,30
tg,rfd2.0,256861,259918,SCHILLER,29,wußten,VVFIN,wissen,33224,,
tg,rfd2.0,256861,259918,SCHILLER,29,",","$,",--,33224,,
tg,rfd2.0,256861,259918,SCHILLER,29,solche,PIDAT,solcher,33224,,
tg,rfd2.0,256861,259918,SCHILLER,29,Erziehung,NN,erziehung,33224,,
tg,rfd2.0,256861,259918,SCHILLER,29,sei,VAFIN,sein,33224,,
tg,rfd2.0,256861,259918,SCHILLER,29,Mißhandlung,NN,mißhandlung,33224,,
tg,rfd2.0,256861,259918,SCHILLER,29,",","$,",--,33224,,
tg,rfd2.0,256861,259918,SCHILLER,29,bis,KOUS,bis,33224,,
tg,rfd2.0,256861,259918,SCHILLER,29,wir,PPER,wir,33224,,
tg,rfd2.0,256861,259918,SCHILLER,29,alle,PIDAT,aller,33224,ALLE,30
tg,rfd2.0,256861,259918,SCHILLER,29,fest,PTKVZ,fest,33224,,
tg,rfd2.0,256861,259918,SCHILLER,29,entschlossen,VVPP,entschließen,33224,,
tg,rfd2.0,256861,259918,SCHILLER,29,waren,VAFIN,sein,33224,,
tg,rfd2.0,256861,259918,SCHILLER,29,",","$,",--,33224,,
tg,rfd2.0,256861,259918,SCHILLER,29,uns,PPER,uns,33224,,
tg,rfd2.0,256861,259918,SCHILLER,29,aufzulehnen,VVIZU,auflehnen,33224,,
tg,rfd2.0,256861,259918,SCHILLER,29,.,$.,--,33224,,
tg,rfd2.0,256861,259918,SCHILLER,29,War's,NE,war's,33224,,
tg,rfd2.0,256861,259918,SCHILLER,29,nun,ADV,nun,33224,,
tg,rfd2.0,256861,259918,SCHILLER,29,ein,ART,ein,33224,,
tg,rfd2.0,256861,259918,SCHILLER,29,Wunder,NN,wunder,33224,,
tg,rfd2.0,256861,259918,SCHILLER,29,",","$,",--,33224,,
tg,rfd2.0,256861,259918,SCHILLER,29,daß,KOUS,daß,33224,,
tg,rfd2.0,256861,259918,SCHILLER,29,die,ART,der,33224,,
tg,rfd2.0,256861,259918,SCHILLER,29,verschobene,ADJA,verschoben,33224,,
tg,rfd2.0,256861,259918,SCHILLER,29,Seele,NN,seele,33224,,
tg,rfd2.0,256861,259918,SCHILLER,29,krampfhaft,ADJD,krampfhaft,33224,,
tg,rfd2.0,256861,259918,SCHILLER,29,hineingerissen,VVPP,hineinreißen,33224,,
tg,rfd2.0,256861,259918,SCHILLER,29,wurde,VAFIN,werden,33224,,
tg,rfd2.0,256861,259918,SCHILLER,29,in,APPR,in,33224,,
tg,rfd2.0,256861,259918,SCHILLER,29,wilde,ADJA,wild,33224,,
tg,rfd2.0,256861,259918,SCHILLER,29,Phantasien,NN,phantasie,33224,,
tg,rfd2.0,256861,259918,SCHILLER,29,",","$,",--,33224,,
tg,rfd2.0,256861,259918,SCHILLER,29,war's,VVFIN,war,33224,,
tg,rfd2.0,256861,259918,SCHILLER,29,nun,ADV,nun,33224,,
tg,rfd2.0,256861,259918,SCHILLER,29,ein,ART,ein,33224,,
tg,rfd2.0,256861,259918,SCHILLER,29,Wunder,NN,wunder,33224,,
tg,rfd2.0,256861,259918,SCHILLER,29,",","$,",--,33224,,
tg,rfd2.0,256861,259918,SCHILLER,29,daß,KOUS,daß,33224,,
tg,rfd2.0,256861,259918,SCHILLER,29,wir,PPER,wir,33224,,
tg,rfd2.0,256861,259918,SCHILLER,29,Ideale,NN,ideal,33224,,
tg,rfd2.0,256861,259918,SCHILLER,29,ausbrüteten,VVFIN,ausbrüten,33224,,
tg,rfd2.0,256861,259918,SCHILLER,29,von,APPR,von,33224,,
tg,rfd2.0,256861,259918,SCHILLER,29,ungetümer,ADJA,ungetüm,33224,,
tg,rfd2.0,256861,259918,SCHILLER,29,Natur,NN,natur,33224,,
tg,rfd2.0,256861,259918,SCHILLER,29,?,$.,--,33224,,
tg,rfd2.0,256861,259918,SCHILLER,29,"!",$.,--,33224,,
tg,rfd2.0,256861,259918,SCHILLER,29,Die,ART,der,33224,,
tg,rfd2.0,256861,259918,SCHILLER,29,Seele,NN,seele,33224,,
tg,rfd2.0,256861,259918,SCHILLER,29,braucht,VVFIN,brauchen,33224,,
tg,rfd2.0,256861,259918,SCHILLER,29,Speise,NN,speise,33224,,
tg,rfd2.0,256861,259918,SCHILLER,29,und,KON,und,33224,,
tg,rfd2.0,256861,259918,SCHILLER,29,Trank,NN,trank,33224,,
tg,rfd2.0,256861,259918,SCHILLER,29,",","$,",--,33224,,
tg,rfd2.0,256861,259918,SCHILLER,29,wie,PWAV,wie,33224,,
tg,rfd2.0,256861,259918,SCHILLER,29,der,ART,der,33224,,
tg,rfd2.0,256861,259918,SCHILLER,29,Leib,NN,leib,33224,,
tg,rfd2.0,256861,259918,SCHILLER,29,",","$,",--,33224,,
tg,rfd2.0,256861,259918,SCHILLER,29,das,ART,der,33224,,
tg,rfd2.0,256861,259918,SCHILLER,29,Ideal,NN,ideal,33224,,
tg,rfd2.0,256861,259918,SCHILLER,29,ist,VAFIN,sein,33224,,
tg,rfd2.0,256861,259918,SCHILLER,29,ihre,PPOSAT,ihr,33224,,
tg,rfd2.0,256861,259918,SCHILLER,29,Speise,NN,speise,33224,,
tg,rfd2.0,256861,259918,SCHILLER,29,und,KON,und,33224,,
tg,rfd2.0,256861,259918,SCHILLER,29,Trank,NN,trank,33224,,
tg,rfd2.0,256861,259918,SCHILLER,29,.,$.,--,33224,,
tg,rfd2.0,256861,259918,SCHILLER,29,Konnte,NN,können,33224,,
tg,rfd2.0,256861,259918,SCHILLER,29,unser,PPOSAT,unser,33224,,
tg,rfd2.0,256861,259918,SCHILLER,29,Ideal,NN,ideal,33224,,
tg,rfd2.0,256861,259918,SCHILLER,29,dem,ART,der,33224,,
tg,rfd2.0,256861,259918,SCHILLER,29,Herrn,NN,herr,33224,,
tg,rfd2.0,256861,259918,SCHILLER,29,der,ART,der,33224,,
tg,rfd2.0,256861,259918,SCHILLER,29,Karlsschule,NN,karlsschule,33224,,
tg,rfd2.0,256861,259918,SCHILLER,29,wohlgefällig,ADJD,wohlgefällig,33224,,
tg,rfd2.0,256861,259918,SCHILLER,29,werden,VAINF,werden,33224,,
tg,rfd2.0,256861,259918,SCHILLER,29,?,$.,--,33224,,
tg,rfd2.0,256861,259918,SCHILLER,29,Vor,APPR,vor,33224,,
tg,rfd2.0,256861,259918,SCHILLER,29,unsern,ADJD,unsern,33224,,
tg,rfd2.0,256861,259918,SCHILLER,29,Augen,NN,auge,33224,,
tg,rfd2.0,256861,259918,SCHILLER,29,war,VAFIN,sein,33224,,
tg,rfd2.0,256861,259918,SCHILLER,29,Kampf,NN,kampf,33224,,
tg,rfd2.0,256861,259918,SCHILLER,29,und,KON,und,33224,,
tg,rfd2.0,256861,259918,SCHILLER,29,Gewalt,NN,gewalt,33224,,
tg,rfd2.0,256861,259918,SCHILLER,29,gegen,APPR,gegen,33224,,
tg,rfd2.0,256861,259918,SCHILLER,29,die,ART,der,33224,,
tg,rfd2.0,256861,259918,SCHILLER,29,Vertreter,NN,vertreter,33224,,
tg,rfd2.0,256861,259918,SCHILLER,29,des,ART,der,33224,,
tg,rfd2.0,256861,259918,SCHILLER,29,Landes,NN,land,33224,,
tg,rfd2.0,256861,259918,SCHILLER,29,",","$,",--,33224,,
tg,rfd2.0,256861,259918,SCHILLER,29,vor,APPR,vor,33224,,
tg,rfd2.0,256861,259918,SCHILLER,29,unsern,ADJD,unsern,33224,,
tg,rfd2.0,256861,259918,SCHILLER,29,Augen,NN,auge,33224,,
tg,rfd2.0,256861,259918,SCHILLER,29,Verhöhnung,NN,verhöhnung,33224,,
tg,rfd2.0,256861,259918,SCHILLER,29,des,ART,der,33224,,
tg,rfd2.0,256861,259918,SCHILLER,29,Freiheitsgedankens,NN,freiheitsgedanke,33224,,
tg,rfd2.0,256861,259918,SCHILLER,29,",","$,",--,33224,,
tg,rfd2.0,256861,259918,SCHILLER,29,welcher,ADJA,welcher,33224,,
tg,rfd2.0,256861,259918,SCHILLER,29,jenseits,APPR,jenseits,33224,,
tg,rfd2.0,256861,259918,SCHILLER,29,des,ART,der,33224,,
tg,rfd2.0,256861,259918,SCHILLER,29,Meeres,NN,meer,33224,,
tg,rfd2.0,256861,259918,SCHILLER,29,schmetternde,ADJA,schmetternd,33224,,
tg,rfd2.0,256861,259918,SCHILLER,29,Siege,NN,sieg,33224,,
tg,rfd2.0,256861,259918,SCHILLER,29,erfocht,VVFIN,erfochen,33224,,
tg,rfd2.0,256861,259918,SCHILLER,29,",","$,",--,33224,,
tg,rfd2.0,256861,259918,SCHILLER,29,vor,APPR,vor,33224,,
tg,rfd2.0,256861,259918,SCHILLER,29,unsern,ADJD,unsern,33224,,
tg,rfd2.0,256861,259918,SCHILLER,29,Augen,NN,auge,33224,,
tg,rfd2.0,256861,259918,SCHILLER,29,Verhöhnung,NN,verhöhnung,33224,,
tg,rfd2.0,256861,259918,SCHILLER,29,deutschen,ADJA,deutsch,33224,,
tg,rfd2.0,256861,259918,SCHILLER,29,Dranges,NN,dranges,33224,,
tg,rfd2.0,256861,259918,SCHILLER,29,nach,APPR,nach,33224,,
tg,rfd2.0,256861,259918,SCHILLER,29,eigener,ADJA,eigen,33224,,
tg,rfd2.0,256861,259918,SCHILLER,29,Literatur,NN,literatur,33224,,
tg,rfd2.0,256861,259918,SCHILLER,29,und,KON,und,33224,,
tg,rfd2.0,256861,259918,SCHILLER,29,Kunst,NN,kunst,33224,,
tg,rfd2.0,256861,259918,SCHILLER,29,",","$,",--,33224,,
tg,rfd2.0,256861,259918,SCHILLER,29,vor,APPR,vor,33224,,
tg,rfd2.0,256861,259918,SCHILLER,29,unsern,ADJD,unsern,33224,,
tg,rfd2.0,256861,259918,SCHILLER,29,Augen,NN,auge,33224,,
tg,rfd2.0,256861,259918,SCHILLER,29,all,PIDAT,all,33224,,
tg,rfd2.0,256861,259918,SCHILLER,29,und,KON,und,33224,,
tg,rfd2.0,256861,259918,SCHILLER,29,überall,ADV,überall,33224,,
tg,rfd2.0,256861,259918,SCHILLER,29,Druck,NN,druck,33224,,
tg,rfd2.0,256861,259918,SCHILLER,29,auf,APPR,auf,33224,,
tg,rfd2.0,256861,259918,SCHILLER,29,Hirn,NN,hirn,33224,,
tg,rfd2.0,256861,259918,SCHILLER,29,und,KON,und,33224,,
tg,rfd2.0,256861,259918,SCHILLER,29,Herz,NN,herz,33224,,
tg,rfd2.0,256861,259918,SCHILLER,29,",","$,",--,33224,,
tg,rfd2.0,256861,259918,SCHILLER,29,mußte,VMFIN,müssen,33224,,
tg,rfd2.0,256861,259918,SCHILLER,29,da,ADV,da,33224,,
tg,rfd2.0,256861,259918,SCHILLER,29,nicht,PTKNEG,nicht,33224,,
tg,rfd2.0,256861,259918,SCHILLER,29,jener,PDAT,jener,33224,,
tg,rfd2.0,256861,259918,SCHILLER,29,entsetzliche,ADJA,entsetzlich,33224,,
tg,rfd2.0,256861,259918,SCHILLER,29,Zustand,NN,zustand,33224,,
tg,rfd2.0,256861,259918,SCHILLER,29,in,APPR,in,33224,,
tg,rfd2.0,256861,259918,SCHILLER,29,uns,PPER,uns,33224,,
tg,rfd2.0,256861,259918,SCHILLER,29,entstehen,VVFIN,entstehen,33224,,
tg,rfd2.0,256861,259918,SCHILLER,29,",","$,",--,33224,,
tg,rfd2.0,256861,259918,SCHILLER,29,welcher,ADJA,welcher,33224,,
tg,rfd2.0,256861,259918,SCHILLER,29,die,ART,der,33224,,
tg,rfd2.0,256861,259918,SCHILLER,29,Augen,NN,auge,33224,,
tg,rfd2.0,256861,259918,SCHILLER,29,schließt,VVFIN,schließen,33224,,
tg,rfd2.0,256861,259918,SCHILLER,29,und,KON,und,33224,,
tg,rfd2.0,256861,259918,SCHILLER,29,blind,ADJD,blind,33224,,
tg,rfd2.0,256861,259918,SCHILLER,29,mit,APPR,mit,33224,,
tg,rfd2.0,256861,259918,SCHILLER,29,dem,ART,der,33224,,
tg,rfd2.0,256861,259918,SCHILLER,29,Haupt,NN,haupt,33224,,
tg,rfd2.0,256861,259918,SCHILLER,29,gegen,APPR,gegen,33224,,
tg,rfd2.0,256861,259918,SCHILLER,29,die,ART,der,33224,,
tg,rfd2.0,256861,259918,SCHILLER,29,Schranke,NN,schranke,33224,,
tg,rfd2.0,256861,259918,SCHILLER,29,rennt,VVFIN,rennen,33224,,
tg,rfd2.0,256861,259918,SCHILLER,29,",","$,",--,33224,,
tg,rfd2.0,256861,259918,SCHILLER,29,mußten,VMFIN,müssen,33224,,
tg,rfd2.0,256861,259918,SCHILLER,29,da,ADV,da,33224,,
tg,rfd2.0,256861,259918,SCHILLER,29,nicht,PTKNEG,nicht,33224,,
tg,rfd2.0,256861,259918,SCHILLER,29,die,ART,der,33224,,
tg,rfd2.0,256861,259918,SCHILLER,29,Räuber,NN,räuber,33224,,
tg,rfd2.0,256861,259918,SCHILLER,29,entstehen,VVFIN,entstehen,33224,,
tg,rfd2.0,256861,259918,SCHILLER,29,",","$,",--,33224,,
tg,rfd2.0,256861,259918,SCHILLER,29,welche,PRELS,welcher,33224,,
tg,rfd2.0,256861,259918,SCHILLER,29,man,PIS,man,33224,,
tg,rfd2.0,256861,259918,SCHILLER,29,nun,ADV,nun,33224,,
tg,rfd2.0,256861,259918,SCHILLER,29,so,ADV,so,33224,,
tg,rfd2.0,256861,259918,SCHILLER,29,entsetzlich,ADJD,entsetzlich,33224,,
tg,rfd2.0,256861,259918,SCHILLER,29,findet,VVFIN,finden,33224,,
tg,rfd2.0,256861,259918,SCHILLER,29,.,$.,--,33224,,
tg,rfd2.0,256861,259918,SCHILLER,29,Sie,PPER,sie,33224,,
tg,rfd2.0,256861,259918,SCHILLER,29,mußten,VMFIN,müssen,33224,,
tg,rfd2.0,256861,259918,SCHILLER,29,entstehen,VVINF,entstehen,33224,,
tg,rfd2.0,256861,259918,SCHILLER,29,",","$,",--,33224,,
tg,rfd2.0,256861,259918,SCHILLER,29,und,KON,und,33224,,
tg,rfd2.0,256861,259918,SCHILLER,29,die,ART,der,33224,,
tg,rfd2.0,256861,259918,SCHILLER,29,deutsche,ADJA,deutsch,33224,,
tg,rfd2.0,256861,259918,SCHILLER,29,Karlsschule,NN,karlsschule,33224,,
tg,rfd2.0,256861,259918,SCHILLER,29,ist,VAFIN,sein,33224,,
tg,rfd2.0,256861,259918,SCHILLER,29,die,ART,der,33224,,
tg,rfd2.0,256861,259918,SCHILLER,29,Mutter,NN,mutter,33224,,
tg,rfd2.0,256861,259918,SCHILLER,29,des,ART,der,33224,,
tg,rfd2.0,256861,259918,SCHILLER,29,Stücks,NN,stück,33224,,
tg,rfd2.0,256861,259918,SCHILLER,29,",","$,",--,33224,,
tg,rfd2.0,256861,259918,SCHILLER,29,der,ART,der,33224,,
tg,rfd2.0,256861,259918,SCHILLER,29,Herzog,NE,herzog,33224,,
tg,rfd2.0,256861,259918,SCHILLER,29,von,APPR,von,33224,,
tg,rfd2.0,256861,259918,SCHILLER,29,Württemberg,NE,württemberg,33224,,
tg,rfd2.0,256861,259918,SCHILLER,29,ist,VAFIN,sein,33224,,
tg,rfd2.0,256861,259918,SCHILLER,29,der,ART,der,33224,,
tg,rfd2.0,256861,259918,SCHILLER,29,Vater,NN,vater,33224,,
tg,rfd2.0,256861,259918,SCHILLER,29,desselben,VVINF,derselbe,33224,,
tg,rfd2.0,256861,259918,SCHILLER,29,"!",$.,--,33224,,
tg,rfd2.0,259924,260630,Herzog Karl von Württemberg.,0,Wenn,KOUS,wenn,33224,,
tg,rfd2.0,259924,260630,Herzog Karl von Württemberg.,0,du,PPER,du,33224,,
tg,rfd2.0,259924,260630,Herzog Karl von Württemberg.,0,horchst,VVFIN,horchst,33224,,
tg,rfd2.0,259924,260630,Herzog Karl von Württemberg.,0,",","$,",--,33224,,
tg,rfd2.0,259924,260630,Herzog Karl von Württemberg.,0,Franziska,NE,franziska,33224,,
tg,rfd2.0,259924,260630,Herzog Karl von Württemberg.,0,",","$,",--,33224,,
tg,rfd2.0,259924,260630,Herzog Karl von Württemberg.,0,so,ADV,so,33224,,
tg,rfd2.0,259924,260630,Herzog Karl von Württemberg.,0,erfährst,VVFIN,erfährst,33224,,
tg,rfd2.0,259924,260630,Herzog Karl von Württemberg.,0,du,PPER,du,33224,,
tg,rfd2.0,259924,260630,Herzog Karl von Württemberg.,0,",","$,",--,33224,,
tg,rfd2.0,259924,260630,Herzog Karl von Württemberg.,0,daß,KOUS,daß,33224,,
tg,rfd2.0,259924,260630,Herzog Karl von Württemberg.,0,ich,PPER,ich,33224,Herzog Karl von Württemberg.,0
tg,rfd2.0,259924,260630,Herzog Karl von Württemberg.,0,recht,ADV,recht,33224,,
tg,rfd2.0,259924,260630,Herzog Karl von Württemberg.,0,gehabt,VAPP,haben,33224,,
tg,rfd2.0,259924,260630,Herzog Karl von Württemberg.,0,und,KON,und,33224,,
tg,rfd2.0,259924,260630,Herzog Karl von Württemberg.,0,daß,KOUS,daß,33224,,
tg,rfd2.0,259924,260630,Herzog Karl von Württemberg.,0,er,PPER,er,33224,,
tg,rfd2.0,259924,260630,Herzog Karl von Württemberg.,0,reif,ADJD,reif,33224,,
tg,rfd2.0,259924,260630,Herzog Karl von Württemberg.,0,ist,VAFIN,sein,33224,,
tg,rfd2.0,259924,260630,Herzog Karl von Württemberg.,0,",","$,",--,33224,,
tg,rfd2.0,259924,260630,Herzog Karl von Württemberg.,0,wie,PWAV,wie,33224,,
tg,rfd2.0,259924,260630,Herzog Karl von Württemberg.,0,ich,PPER,ich,33224,Herzog Karl von Württemberg.,0
tg,rfd2.0,259924,260630,Herzog Karl von Württemberg.,0,mir,PPER,sich,33224,Herzog Karl von Württemberg.,0
tg,rfd2.0,259924,260630,Herzog Karl von Württemberg.,0,gedacht,VVPP,denken,33224,,
tg,rfd2.0,259924,260630,Herzog Karl von Württemberg.,0,.,$.,--,33224,,
tg,rfd2.0,259924,260630,Herzog Karl von Württemberg.,0,Er,PPER,er,33224,,
tg,rfd2.0,259924,260630,Herzog Karl von Württemberg.,0,geht,VVFIN,gehen,33224,,
tg,rfd2.0,259924,260630,Herzog Karl von Württemberg.,0,hinten,ADV,hinten,33224,,
tg,rfd2.0,259924,260630,Herzog Karl von Württemberg.,0,nach,APPR,nach,33224,,
tg,rfd2.0,259924,260630,Herzog Karl von Württemberg.,0,dem,ART,der,33224,,
tg,rfd2.0,259924,260630,Herzog Karl von Württemberg.,0,Ausgange,NN,ausgange,33224,,
tg,rfd2.0,259924,260630,Herzog Karl von Württemberg.,0,",","$,",--,33224,,
tg,rfd2.0,259924,260630,Herzog Karl von Württemberg.,0,als,KOUS,als,33224,,
tg,rfd2.0,259924,260630,Herzog Karl von Württemberg.,0,wolle,VMFIN,wollen,33224,,
tg,rfd2.0,259924,260630,Herzog Karl von Württemberg.,0,er,PPER,er,33224,,
tg,rfd2.0,259924,260630,Herzog Karl von Württemberg.,0,nach,APPR,nach,33224,,
tg,rfd2.0,259924,260630,Herzog Karl von Württemberg.,0,dem,ART,der,33224,,
tg,rfd2.0,259924,260630,Herzog Karl von Württemberg.,0,Wetter,NN,wetter,33224,,
tg,rfd2.0,259924,260630,Herzog Karl von Württemberg.,0,sehen,VVINF,sehen,33224,,
tg,rfd2.0,259924,260630,Herzog Karl von Württemberg.,0,",","$,",--,33224,,
tg,rfd2.0,259924,260630,Herzog Karl von Württemberg.,0,geht,VVFIN,gehen,33224,,
tg,rfd2.0,259924,260630,Herzog Karl von Württemberg.,0,dann,ADV,dann,33224,,
tg,rfd2.0,259924,260630,Herzog Karl von Württemberg.,0,rasch,ADJD,rasch,33224,,
tg,rfd2.0,259924,260630,Herzog Karl von Württemberg.,0,auf,APPR,auf,33224,,
tg,rfd2.0,259924,260630,Herzog Karl von Württemberg.,0,die,ART,der,33224,,
tg,rfd2.0,259924,260630,Herzog Karl von Württemberg.,0,zweite,ADJA,zweiter,33224,,
tg,rfd2.0,259924,260630,Herzog Karl von Württemberg.,0,Türe,NN,türe,33224,,
tg,rfd2.0,259924,260630,Herzog Karl von Württemberg.,0,links,ADV,links,33224,,
tg,rfd2.0,259924,260630,Herzog Karl von Württemberg.,0,zu,PTKVZ,zu,33224,,
tg,rfd2.0,259924,260630,Herzog Karl von Württemberg.,0,",","$,",--,33224,,
tg,rfd2.0,259924,260630,Herzog Karl von Württemberg.,0,als,KOUS,als,33224,,
tg,rfd2.0,259924,260630,Herzog Karl von Württemberg.,0,wolle,VMFIN,wollen,33224,,
tg,rfd2.0,259924,260630,Herzog Karl von Württemberg.,0,er,PPER,er,33224,,
tg,rfd2.0,259924,260630,Herzog Karl von Württemberg.,0,Rieger,NN,rieger,33224,RIEGER,27
tg,rfd2.0,259924,260630,Herzog Karl von Württemberg.,0,rufen,VVFIN,rufen,33224,,
tg,rfd2.0,259924,260630,Herzog Karl von Württemberg.,0,",","$,",--,33224,,
tg,rfd2.0,259924,260630,Herzog Karl von Württemberg.,0,bleibt,VVFIN,bleiben,33224,,
tg,rfd2.0,259924,260630,Herzog Karl von Württemberg.,0,aber,ADV,aber,33224,,
tg,rfd2.0,259924,260630,Herzog Karl von Württemberg.,0,plötzlich,ADJD,plötzlich,33224,,
tg,rfd2.0,259924,260630,Herzog Karl von Württemberg.,0,stehen,VVFIN,stehen,33224,,
tg,rfd2.0,259924,260630,Herzog Karl von Württemberg.,0,",","$,",--,33224,,
tg,rfd2.0,259924,260630,Herzog Karl von Württemberg.,0,betrachtet,VVPP,betrachten,33224,,
tg,rfd2.0,259924,260630,Herzog Karl von Württemberg.,0,wie,KOKOM,wie,33224,,
tg,rfd2.0,259924,260630,Herzog Karl von Württemberg.,0,mitleidig,ADJD,mitleidig,33224,,
tg,rfd2.0,259924,260630,Herzog Karl von Württemberg.,0,Schiller,NE,schiller,33224,SCHILLER,29
tg,rfd2.0,259924,260630,Herzog Karl von Württemberg.,0,und,KON,und,33224,,
tg,rfd2.0,259924,260630,Herzog Karl von Württemberg.,0,kommt,VVFIN,kommen,33224,,
tg,rfd2.0,259924,260630,Herzog Karl von Württemberg.,0,an,APPR,an,33224,,
tg,rfd2.0,259924,260630,Herzog Karl von Württemberg.,0,seinen,PPOSAT,sein,33224,,
tg,rfd2.0,259924,260630,Herzog Karl von Württemberg.,0,Platz,NN,platz,33224,,
tg,rfd2.0,259924,260630,Herzog Karl von Württemberg.,0,zurück,PTKVZ,zurück,33224,,
tg,rfd2.0,259924,260630,Herzog Karl von Württemberg.,0,",","$,",--,33224,,
tg,rfd2.0,259924,260630,Herzog Karl von Württemberg.,0,das,ART,der,33224,,
tg,rfd2.0,259924,260630,Herzog Karl von Württemberg.,0,nächste,ADJA,nächster,33224,,
tg,rfd2.0,259924,260630,Herzog Karl von Württemberg.,0,mild,NN,mild,33224,,
tg,rfd2.0,259924,260630,Herzog Karl von Württemberg.,0,",","$,",--,33224,,
tg,rfd2.0,259924,260630,Herzog Karl von Württemberg.,0,aber,KON,aber,33224,,
tg,rfd2.0,259924,260630,Herzog Karl von Württemberg.,0,immer,ADV,immer,33224,,
tg,rfd2.0,259924,260630,Herzog Karl von Württemberg.,0,verhalten,ADJD,verhalten,33224,,
tg,rfd2.0,259924,260630,Herzog Karl von Württemberg.,0,sprechend,ADJD,sprechend,33224,,
tg,rfd2.0,259924,260630,Herzog Karl von Württemberg.,0,.,$.,--,33224,,
tg,rfd2.0,259924,260630,Herzog Karl von Württemberg.,0,Du,PPER,du,33224,,
tg,rfd2.0,259924,260630,Herzog Karl von Württemberg.,0,ruinierst,VVFIN,ruinieren,33224,,
tg,rfd2.0,259924,260630,Herzog Karl von Württemberg.,0,dich,PPER,dich,33224,,
tg,rfd2.0,259924,260630,Herzog Karl von Württemberg.,0,",","$,",--,33224,,
tg,rfd2.0,259924,260630,Herzog Karl von Württemberg.,0,mein,PPOSAT,mein,33224,Herzog Karl von Württemberg.,0
tg,rfd2.0,259924,260630,Herzog Karl von Württemberg.,0,Sohn,NN,sohn,33224,,
tg,rfd2.0,259924,260630,Herzog Karl von Württemberg.,0,",","$,",--,33224,,
tg,rfd2.0,259924,260630,Herzog Karl von Württemberg.,0,durch,APPR,durch,33224,,
tg,rfd2.0,259924,260630,Herzog Karl von Württemberg.,0,deine,PPOSAT,dein,33224,,
tg,rfd2.0,259924,260630,Herzog Karl von Württemberg.,0,Heftigkeit,NN,heftigkeit,33224,,
tg,rfd2.0,259924,260630,Herzog Karl von Württemberg.,0,.,$.,--,33224,,
tg,rfd2.0,259924,260630,Herzog Karl von Württemberg.,0,Ich,PPER,ich,33224,,
tg,rfd2.0,259924,260630,Herzog Karl von Württemberg.,0,hätte,VAFIN,haben,33224,,
tg,rfd2.0,259924,260630,Herzog Karl von Württemberg.,0,es,PPER,es,33224,,
tg,rfd2.0,259924,260630,Herzog Karl von Württemberg.,0,lieber,ADV,lieber,33224,,
tg,rfd2.0,259924,260630,Herzog Karl von Württemberg.,0,gesehn,ADJD,gesehn,33224,,
tg,rfd2.0,259924,260630,Herzog Karl von Württemberg.,0,",","$,",--,33224,,
tg,rfd2.0,259924,260630,Herzog Karl von Württemberg.,0,wenn,KOUS,wenn,33224,,
tg,rfd2.0,259924,260630,Herzog Karl von Württemberg.,0,ich,PPER,ich,33224,Herzog Karl von Württemberg.,0
tg,rfd2.0,259924,260630,Herzog Karl von Württemberg.,0,dir,PRF,dir,33224,,
tg,rfd2.0,259924,260630,Herzog Karl von Württemberg.,0,verzeihen,VVINF,verzeihen,33224,,
tg,rfd2.0,259924,260630,Herzog Karl von Württemberg.,0,gekonnt,VMPP,konnen,33224,,
tg,rfd2.0,259924,260630,Herzog Karl von Württemberg.,0,.,$.,--,33224,,
tg,rfd2.0,259924,260630,Herzog Karl von Württemberg.,0,Du,PPER,du,33224,,
tg,rfd2.0,259924,260630,Herzog Karl von Württemberg.,0,bist,VAFIN,sein,33224,,
tg,rfd2.0,259924,260630,Herzog Karl von Württemberg.,0,aber,ADV,aber,33224,,
tg,rfd2.0,259924,260630,Herzog Karl von Württemberg.,0,wohl,ADV,wohl,33224,,
tg,rfd2.0,259924,260630,Herzog Karl von Württemberg.,0,für,APPR,für,33224,,
tg,rfd2.0,259924,260630,Herzog Karl von Württemberg.,0,nichts,PIS,nichts,33224,,
tg,rfd2.0,259924,260630,Herzog Karl von Württemberg.,0,zu,PTKZU,zu,33224,,
tg,rfd2.0,259924,260630,Herzog Karl von Württemberg.,0,brauchen,VVINF,brauchen,33224,,
tg,rfd2.0,259924,260630,Herzog Karl von Württemberg.,0,",","$,",--,33224,,
tg,rfd2.0,259924,260630,Herzog Karl von Württemberg.,0,nicht,PTKNEG,nicht,33224,,
tg,rfd2.0,259924,260630,Herzog Karl von Württemberg.,0,einmal,ADV,einmal,33224,,
tg,rfd2.0,259924,260630,Herzog Karl von Württemberg.,0,zum,APPRART,zu,33224,,
tg,rfd2.0,259924,260630,Herzog Karl von Württemberg.,0,Hofpoeten,NN,hofpoet,33224,,
tg,rfd2.0,259924,260630,Herzog Karl von Württemberg.,0,denn,KON,denn,33224,,
tg,rfd2.0,259924,260630,Herzog Karl von Württemberg.,0,du,PPER,du,33224,,
tg,rfd2.0,259924,260630,Herzog Karl von Württemberg.,0,übertreibst,VVPP,übertreibst,33224,,
tg,rfd2.0,259924,260630,Herzog Karl von Württemberg.,0,alles,PIS,alle,33224,,
tg,rfd2.0,259924,260630,Herzog Karl von Württemberg.,0,",","$,",--,33224,,
tg,rfd2.0,259924,260630,Herzog Karl von Württemberg.,0,wie,PWAV,wie,33224,,
tg,rfd2.0,259924,260630,Herzog Karl von Württemberg.,0,du,PPER,du,33224,,
tg,rfd2.0,259924,260630,Herzog Karl von Württemberg.,0,die,ART,der,33224,,
tg,rfd2.0,259924,260630,Herzog Karl von Württemberg.,0,Wüstheit,NN,wüstheit,33224,,
tg,rfd2.0,259924,260630,Herzog Karl von Württemberg.,0,und,KON,und,33224,,
tg,rfd2.0,259924,260630,Herzog Karl von Württemberg.,0,Immoralität,NN,immoralität,33224,,
tg,rfd2.0,259924,260630,Herzog Karl von Württemberg.,0,deiner,ADJA,dein,33224,,
tg,rfd2.0,259924,260630,Herzog Karl von Württemberg.,0,Räuber,NN,räuber,33224,,
tg,rfd2.0,259924,260630,Herzog Karl von Württemberg.,0,übertrieben,ADJD,übertrieben,33224,,
tg,rfd2.0,259924,260630,Herzog Karl von Württemberg.,0,hast,VAFIN,haben,33224,,
tg,rfd2.0,259924,260630,Herzog Karl von Württemberg.,0,–,PPER,–,33224,,
tg,rfd2.0,259924,260630,Herzog Karl von Württemberg.,0,siehst,VVFIN,sehen,33224,,
tg,rfd2.0,259924,260630,Herzog Karl von Württemberg.,0,du,PPER,du,33224,,
tg,rfd2.0,259924,260630,Herzog Karl von Württemberg.,0,dies,PDS,dieser,33224,,
tg,rfd2.0,259924,260630,Herzog Karl von Württemberg.,0,ein,PTKVZ,ein,33224,,
tg,rfd2.0,259924,260630,Herzog Karl von Württemberg.,0,?,$.,--,33224,,
tg,rfd2.0,260635,260768,SCHILLER,29,Durchlaucht,NN,durchlaucht,33224,,
tg,rfd2.0,260635,260768,SCHILLER,29,",","$,",--,33224,,
tg,rfd2.0,260635,260768,SCHILLER,29,ich,PPER,ich,33224,SCHILLER,29
tg,rfd2.0,260635,260768,SCHILLER,29,sehe,VVFIN,sehen,33224,,
tg,rfd2.0,260635,260768,SCHILLER,29,ein,PTKVZ,ein,33224,,
tg,rfd2.0,260635,260768,SCHILLER,29,",","$,",--,33224,,
tg,rfd2.0,260635,260768,SCHILLER,29,daß,KOUS,daß,33224,,
tg,rfd2.0,260635,260768,SCHILLER,29,das,ART,der,33224,,
tg,rfd2.0,260635,260768,SCHILLER,29,Buch,NN,buch,33224,,
tg,rfd2.0,260635,260768,SCHILLER,29,in,APPR,in,33224,,
tg,rfd2.0,260635,260768,SCHILLER,29,der,ART,der,33224,,
tg,rfd2.0,260635,260768,SCHILLER,29,Schilderung,NN,schilderung,33224,,
tg,rfd2.0,260635,260768,SCHILLER,29,seiner,PPOSAT,sein,33224,,
tg,rfd2.0,260635,260768,SCHILLER,29,Menschen,NN,mensch,33224,,
tg,rfd2.0,260635,260768,SCHILLER,29,übertrieben,ADJD,übertrieben,33224,,
tg,rfd2.0,260635,260768,SCHILLER,29,ist,VAFIN,sein,33224,,
tg,rfd2.0,260635,260768,SCHILLER,29,.,$.,--,33224,,
tg,rfd2.0,260635,260768,SCHILLER,29,Aber,KON,aber,33224,,
tg,rfd2.0,260635,260768,SCHILLER,29,unmoralisch,ADJD,unmoralisch,33224,,
tg,rfd2.0,260635,260768,SCHILLER,29,ist,VAFIN,sein,33224,,
tg,rfd2.0,260635,260768,SCHILLER,29,es,PPER,es,33224,,
tg,rfd2.0,260635,260768,SCHILLER,29,nicht,PTKNEG,nicht,33224,,
tg,rfd2.0,260635,260768,SCHILLER,29,.,$.,--,33224,,
tg,rfd2.0,260773,260785,Herzog Karl von Württemberg.,0,So,ADV,so,33224,,
tg,rfd2.0,260773,260785,Herzog Karl von Württemberg.,0,?,$.,--,33224,,
tg,rfd2.0,260790,260921,SCHILLER,29,Die,ART,der,33224,,
tg,rfd2.0,260790,260921,SCHILLER,29,Welt,NN,welt,33224,,
tg,rfd2.0,260790,260921,SCHILLER,29,wird,VAFIN,werden,33224,,
tg,rfd2.0,260790,260921,SCHILLER,29,im,APPRART,in,33224,,
tg,rfd2.0,260790,260921,SCHILLER,29,Innersten,NN,innersten,33224,,
tg,rfd2.0,260790,260921,SCHILLER,29,bewegt,VVPP,bewegen,33224,,
tg,rfd2.0,260790,260921,SCHILLER,29,",","$,",--,33224,,
tg,rfd2.0,260790,260921,SCHILLER,29,aber,KON,aber,33224,,
tg,rfd2.0,260790,260921,SCHILLER,29,es,PPER,es,33224,,
tg,rfd2.0,260790,260921,SCHILLER,29,wird,VAFIN,werden,33224,,
tg,rfd2.0,260790,260921,SCHILLER,29,das,ART,der,33224,,
tg,rfd2.0,260790,260921,SCHILLER,29,Laster,NN,laster,33224,,
tg,rfd2.0,260790,260921,SCHILLER,29,furchtbar,ADJD,furchtbar,33224,,
tg,rfd2.0,260790,260921,SCHILLER,29,bestraft,VVFIN,bestrafen,33224,,
tg,rfd2.0,260790,260921,SCHILLER,29,",","$,",--,33224,,
tg,rfd2.0,260790,260921,SCHILLER,29,und,KON,und,33224,,
tg,rfd2.0,260790,260921,SCHILLER,29,die,ART,der,33224,,
tg,rfd2.0,260790,260921,SCHILLER,29,Tugend,NN,tugend,33224,,
tg,rfd2.0,260790,260921,SCHILLER,29,geht,VVFIN,gehen,33224,,
tg,rfd2.0,260790,260921,SCHILLER,29,triumphierend,ADJD,triumphierend,33224,,
tg,rfd2.0,260790,260921,SCHILLER,29,hervor,PTKVZ,hervor,33224,,
tg,rfd2.0,260790,260921,SCHILLER,29,.,$.,--,33224,,
tg,rfd2.0,260926,261005,Herzog Karl von Württemberg.,0,Und,KON,und,33224,,
tg,rfd2.0,260926,261005,Herzog Karl von Württemberg.,0,du,PPER,du,33224,,
tg,rfd2.0,260926,261005,Herzog Karl von Württemberg.,0,glaubst,VVPP,glaubst,33224,,
tg,rfd2.0,260926,261005,Herzog Karl von Württemberg.,0,",","$,",--,33224,,
tg,rfd2.0,260926,261005,Herzog Karl von Württemberg.,0,solch,PIDAT,solch,33224,,
tg,rfd2.0,260926,261005,Herzog Karl von Württemberg.,0,ein,ART,ein,33224,,
tg,rfd2.0,260926,261005,Herzog Karl von Württemberg.,0,Stück,NN,stück,33224,,
tg,rfd2.0,260926,261005,Herzog Karl von Württemberg.,0,werde,VAFIN,werden,33224,,
tg,rfd2.0,260926,261005,Herzog Karl von Württemberg.,0,dem,ART,der,33224,,
tg,rfd2.0,260926,261005,Herzog Karl von Württemberg.,0,deutschen,ADJA,deutsch,33224,,
tg,rfd2.0,260926,261005,Herzog Karl von Württemberg.,0,Publikum,NN,publikum,33224,,
tg,rfd2.0,260926,261005,Herzog Karl von Württemberg.,0,gefallen,VVPP,fallen,33224,,
tg,rfd2.0,260926,261005,Herzog Karl von Württemberg.,0,?,$.,--,33224,,
tg,rfd2.0,261010,261036,SCHILLER,29,Ich,PPER,ich,33224,,
tg,rfd2.0,261010,261036,SCHILLER,29,–,XY,–,33224,,
tg,rfd2.0,261010,261036,SCHILLER,29,hoffe,VVFIN,hoffen,33224,,
tg,rfd2.0,261010,261036,SCHILLER,29,es,PPER,es,33224,,
tg,rfd2.0,261010,261036,SCHILLER,29,.,$.,--,33224,,
tg,rfd2.0,261041,261360,Herzog Karl von Württemberg.,0,Ich,PPER,ich,33224,,
tg,rfd2.0,261041,261360,Herzog Karl von Württemberg.,0,fürchte,VVFIN,fürchten,33224,,
tg,rfd2.0,261041,261360,Herzog Karl von Württemberg.,0,es,PPER,es,33224,,
tg,rfd2.0,261041,261360,Herzog Karl von Württemberg.,0,nicht,PTKNEG,nicht,33224,,
tg,rfd2.0,261041,261360,Herzog Karl von Württemberg.,0,.,$.,--,33224,,
tg,rfd2.0,261041,261360,Herzog Karl von Württemberg.,0,So,ADV,so,33224,,
tg,rfd2.0,261041,261360,Herzog Karl von Württemberg.,0,tief,ADJD,tief,33224,,
tg,rfd2.0,261041,261360,Herzog Karl von Württemberg.,0,ist,VAFIN,sein,33224,,
tg,rfd2.0,261041,261360,Herzog Karl von Württemberg.,0,der,ART,der,33224,,
tg,rfd2.0,261041,261360,Herzog Karl von Württemberg.,0,Sinn,NN,sinn,33224,,
tg,rfd2.0,261041,261360,Herzog Karl von Württemberg.,0,des,ART,der,33224,,
tg,rfd2.0,261041,261360,Herzog Karl von Württemberg.,0,Volkes,NN,volk,33224,,
tg,rfd2.0,261041,261360,Herzog Karl von Württemberg.,0,noch,ADV,noch,33224,,
tg,rfd2.0,261041,261360,Herzog Karl von Württemberg.,0,nicht,PTKNEG,nicht,33224,,
tg,rfd2.0,261041,261360,Herzog Karl von Württemberg.,0,verdorben,VVPP,verderben,33224,,
tg,rfd2.0,261041,261360,Herzog Karl von Württemberg.,0,",","$,",--,33224,,
tg,rfd2.0,261041,261360,Herzog Karl von Württemberg.,0,und,KON,und,33224,,
tg,rfd2.0,261041,261360,Herzog Karl von Württemberg.,0,solche,PIAT,solcher,33224,,
tg,rfd2.0,261041,261360,Herzog Karl von Württemberg.,0,Empörung,NN,empörung,33224,,
tg,rfd2.0,261041,261360,Herzog Karl von Württemberg.,0,findet,VVFIN,finden,33224,,
tg,rfd2.0,261041,261360,Herzog Karl von Württemberg.,0,nur,ADV,nur,33224,,
tg,rfd2.0,261041,261360,Herzog Karl von Württemberg.,0,in,APPR,in,33224,,
tg,rfd2.0,261041,261360,Herzog Karl von Württemberg.,0,jungen,ADJA,jung,33224,,
tg,rfd2.0,261041,261360,Herzog Karl von Württemberg.,0,überspannten,ADJA,überspannt,33224,,
tg,rfd2.0,261041,261360,Herzog Karl von Württemberg.,0,Köpfen,NN,kopf,33224,,
tg,rfd2.0,261041,261360,Herzog Karl von Württemberg.,0,einen,ART,ein,33224,,
tg,rfd2.0,261041,261360,Herzog Karl von Württemberg.,0,Anklang,NN,anklang,33224,,
tg,rfd2.0,261041,261360,Herzog Karl von Württemberg.,0,.,$.,--,33224,,
tg,rfd2.0,261041,261360,Herzog Karl von Württemberg.,0,Gefiehle,NN,gefiehln,33224,,
tg,rfd2.0,261041,261360,Herzog Karl von Württemberg.,0,es,PPER,es,33224,,
tg,rfd2.0,261041,261360,Herzog Karl von Württemberg.,0,wirklich,ADJD,wirklich,33224,,
tg,rfd2.0,261041,261360,Herzog Karl von Württemberg.,0,",","$,",--,33224,,
tg,rfd2.0,261041,261360,Herzog Karl von Württemberg.,0,dann,ADV,dann,33224,,
tg,rfd2.0,261041,261360,Herzog Karl von Württemberg.,0,müßten,VMFIN,müssen,33224,,
tg,rfd2.0,261041,261360,Herzog Karl von Württemberg.,0,wir,PPER,wir,33224,,
tg,rfd2.0,261041,261360,Herzog Karl von Württemberg.,0,Herren,NN,herr,33224,,
tg,rfd2.0,261041,261360,Herzog Karl von Württemberg.,0,des,ART,der,33224,,
tg,rfd2.0,261041,261360,Herzog Karl von Württemberg.,0,Landes,NN,land,33224,,
tg,rfd2.0,261041,261360,Herzog Karl von Württemberg.,0,von,APPR,von,33224,,
tg,rfd2.0,261041,261360,Herzog Karl von Württemberg.,0,unsern,ADV,unsern,33224,,
tg,rfd2.0,261041,261360,Herzog Karl von Württemberg.,0,Stühlen,NN,stuhl,33224,,
tg,rfd2.0,261041,261360,Herzog Karl von Württemberg.,0,herab,ADV,herab,33224,,
tg,rfd2.0,261041,261360,Herzog Karl von Württemberg.,0,und,KON,und,33224,,
tg,rfd2.0,261041,261360,Herzog Karl von Württemberg.,0,in,APPR,in,33224,,
tg,rfd2.0,261041,261360,Herzog Karl von Württemberg.,0,die,ART,der,33224,,
tg,rfd2.0,261041,261360,Herzog Karl von Württemberg.,0,Gräber,NN,grab,33224,,
tg,rfd2.0,261041,261360,Herzog Karl von Württemberg.,0,hinuntersteigen,VVINF,hinuntersteigen,33224,,
tg,rfd2.0,261041,261360,Herzog Karl von Württemberg.,0,",","$,",--,33224,,
tg,rfd2.0,261041,261360,Herzog Karl von Württemberg.,0,um,KOUI,um,33224,,
tg,rfd2.0,261041,261360,Herzog Karl von Württemberg.,0,euch,PRF,euch,33224,,
tg,rfd2.0,261041,261360,Herzog Karl von Württemberg.,0,Platz,NN,platz,33224,,
tg,rfd2.0,261041,261360,Herzog Karl von Württemberg.,0,zu,PTKZU,zu,33224,,
tg,rfd2.0,261041,261360,Herzog Karl von Württemberg.,0,machen,VVINF,machen,33224,,
tg,rfd2.0,261041,261360,Herzog Karl von Württemberg.,0,.,$.,--,33224,,
tg,rfd2.0,261041,261360,Herzog Karl von Württemberg.,0,Versteht,VVFIN,verstehen,33224,,
tg,rfd2.0,261041,261360,Herzog Karl von Württemberg.,0,du,PPER,du,33224,,
tg,rfd2.0,261041,261360,Herzog Karl von Württemberg.,0,mich,PRF,mich,33224,Herzog Karl von Württemberg.,0
tg,rfd2.0,261041,261360,Herzog Karl von Württemberg.,0,?,$.,--,33224,,
tg,rfd2.0,261365,261392,SCHILLER,29,Ja,PTKANT,ja,33224,,
tg,rfd2.0,261365,261392,SCHILLER,29,",","$,",--,33224,,
tg,rfd2.0,261365,261392,SCHILLER,29,Durchlaucht,NN,durchlaucht,33224,,
tg,rfd2.0,261365,261392,SCHILLER,29,.,$.,--,33224,,
tg,rfd2.0,261397,261700,Herzog Karl von Württemberg.,0,Und,KON,und,33224,,
tg,rfd2.0,261397,261700,Herzog Karl von Württemberg.,0,nun,ADV,nun,33224,,
tg,rfd2.0,261397,261700,Herzog Karl von Württemberg.,0,höre,VVFIN,hören,33224,,
tg,rfd2.0,261397,261700,Herzog Karl von Württemberg.,0,meine,PPOSAT,mein,33224,Herzog Karl von Württemberg.,0
tg,rfd2.0,261397,261700,Herzog Karl von Württemberg.,0,aufrichtige,ADJA,aufrichtig,33224,,
tg,rfd2.0,261397,261700,Herzog Karl von Württemberg.,0,ganze,ADJA,ganz,33224,,
tg,rfd2.0,261397,261700,Herzog Karl von Württemberg.,0,Meinung,NN,meinung,33224,,
tg,rfd2.0,261397,261700,Herzog Karl von Württemberg.,0,über,APPR,über,33224,,
tg,rfd2.0,261397,261700,Herzog Karl von Württemberg.,0,dein,PPOSAT,dein,33224,,
tg,rfd2.0,261397,261700,Herzog Karl von Württemberg.,0,Werk,NN,werk,33224,,
tg,rfd2.0,261397,261700,Herzog Karl von Württemberg.,0,"!",$.,--,33224,,
tg,rfd2.0,261397,261700,Herzog Karl von Württemberg.,0,Wenn,KOUS,wenn,33224,,
tg,rfd2.0,261397,261700,Herzog Karl von Württemberg.,0,ich,PPER,ich,33224,Herzog Karl von Württemberg.,0
tg,rfd2.0,261397,261700,Herzog Karl von Württemberg.,0,Gott,NN,gott,33224,,
tg,rfd2.0,261397,261700,Herzog Karl von Württemberg.,0,selbst,ADV,selbst,33224,,
tg,rfd2.0,261397,261700,Herzog Karl von Württemberg.,0,und,KON,und,33224,,
tg,rfd2.0,261397,261700,Herzog Karl von Württemberg.,0,im,APPRART,in,33224,,
tg,rfd2.0,261397,261700,Herzog Karl von Württemberg.,0,Begriff,NN,begriff,33224,,
tg,rfd2.0,261397,261700,Herzog Karl von Württemberg.,0,wäre,VAFIN,sein,33224,,
tg,rfd2.0,261397,261700,Herzog Karl von Württemberg.,0,",","$,",--,33224,,
tg,rfd2.0,261397,261700,Herzog Karl von Württemberg.,0,diese,PDAT,dieser,33224,,
tg,rfd2.0,261397,261700,Herzog Karl von Württemberg.,0,Welt,NN,welt,33224,,
tg,rfd2.0,261397,261700,Herzog Karl von Württemberg.,0,zu,PTKZU,zu,33224,,
tg,rfd2.0,261397,261700,Herzog Karl von Württemberg.,0,schaffen,VVINF,schaffen,33224,,
tg,rfd2.0,261397,261700,Herzog Karl von Württemberg.,0,",","$,",--,33224,,
tg,rfd2.0,261397,261700,Herzog Karl von Württemberg.,0,und,KON,und,33224,,
tg,rfd2.0,261397,261700,Herzog Karl von Württemberg.,0,ich,PPER,ich,33224,Herzog Karl von Württemberg.,0
tg,rfd2.0,261397,261700,Herzog Karl von Württemberg.,0,sähe,VVFIN,sehen,33224,,
tg,rfd2.0,261397,261700,Herzog Karl von Württemberg.,0,voraus,PTKVZ,voraus,33224,,
tg,rfd2.0,261397,261700,Herzog Karl von Württemberg.,0,",","$,",--,33224,,
tg,rfd2.0,261397,261700,Herzog Karl von Württemberg.,0,daß,KOUS,daß,33224,,
tg,rfd2.0,261397,261700,Herzog Karl von Württemberg.,0,deine,PPOSAT,dein,33224,,
tg,rfd2.0,261397,261700,Herzog Karl von Württemberg.,0,Räuber,NN,räuber,33224,,
tg,rfd2.0,261397,261700,Herzog Karl von Württemberg.,0,in,APPR,in,33224,,
tg,rfd2.0,261397,261700,Herzog Karl von Württemberg.,0,dieser,PDAT,dieser,33224,,
tg,rfd2.0,261397,261700,Herzog Karl von Württemberg.,0,Welt,NN,welt,33224,,
tg,rfd2.0,261397,261700,Herzog Karl von Württemberg.,0,geschrieben,VVPP,schreiben,33224,,
tg,rfd2.0,261397,261700,Herzog Karl von Württemberg.,0,und,KON,und,33224,,
tg,rfd2.0,261397,261700,Herzog Karl von Württemberg.,0,mit,APPR,mit,33224,,
tg,rfd2.0,261397,261700,Herzog Karl von Württemberg.,0,Beifall,NN,beifall,33224,,
tg,rfd2.0,261397,261700,Herzog Karl von Württemberg.,0,aufgenommen,VVPP,aufnehmen,33224,,
tg,rfd2.0,261397,261700,Herzog Karl von Württemberg.,0,werden,VAFIN,werden,33224,,
tg,rfd2.0,261397,261700,Herzog Karl von Württemberg.,0,sollten,VMFIN,sollen,33224,,
tg,rfd2.0,261397,261700,Herzog Karl von Württemberg.,0,Mit,APPR,mit,33224,,
tg,rfd2.0,261397,261700,Herzog Karl von Württemberg.,0,furchtbarem,ADJA,furchtbar,33224,,
tg,rfd2.0,261397,261700,Herzog Karl von Württemberg.,0,Ernst,NN,ernst,33224,,
tg,rfd2.0,261397,261700,Herzog Karl von Württemberg.,0,.,$.,--,33224,,
tg,rfd2.0,261397,261700,Herzog Karl von Württemberg.,0,–,XY,–,33224,,
tg,rfd2.0,261397,261700,Herzog Karl von Württemberg.,0,ich,PPER,ich,33224,Herzog Karl von Württemberg.,0
tg,rfd2.0,261397,261700,Herzog Karl von Württemberg.,0,ließe,VVFIN,lassen,33224,,
tg,rfd2.0,261397,261700,Herzog Karl von Württemberg.,0,diese,PDAT,dieser,33224,,
tg,rfd2.0,261397,261700,Herzog Karl von Württemberg.,0,Welt,NN,welt,33224,,
tg,rfd2.0,261397,261700,Herzog Karl von Württemberg.,0,ungeschaffen,ADJD,ungeschaffen,33224,,
tg,rfd2.0,261397,261700,Herzog Karl von Württemberg.,0,.,$.,--,33224,,
tg,rfd2.0,261705,261730,SCHILLER,29,Durchlaucht,NN,durchlaucht,33224,,
tg,rfd2.0,261705,261730,SCHILLER,29,–,XY,–,33224,,
tg,rfd2.0,261705,261730,SCHILLER,29,"!",$.,--,33224,,
tg,rfd2.0,261735,261875,Herzog Karl von Württemberg.,0,So,ADV,so,33224,,
tg,rfd2.0,261735,261875,Herzog Karl von Württemberg.,0,tief,ADJD,tief,33224,,
tg,rfd2.0,261735,261875,Herzog Karl von Württemberg.,0,ist,VAFIN,sein,33224,,
tg,rfd2.0,261735,261875,Herzog Karl von Württemberg.,0,mein,PPOSAT,mein,33224,Herzog Karl von Württemberg.,0
tg,rfd2.0,261735,261875,Herzog Karl von Württemberg.,0,Abscheu,NN,abscheu,33224,,
tg,rfd2.0,261735,261875,Herzog Karl von Württemberg.,0,"!",$.,--,33224,,
tg,rfd2.0,261735,261875,Herzog Karl von Württemberg.,0,Nun,ADV,nun,33224,,
tg,rfd2.0,261735,261875,Herzog Karl von Württemberg.,0,wirst,VAFIN,werden,33224,,
tg,rfd2.0,261735,261875,Herzog Karl von Württemberg.,0,du's,PPER,du's,33224,,
tg,rfd2.0,261735,261875,Herzog Karl von Württemberg.,0,begreiflich,ADJD,begreiflich,33224,,
tg,rfd2.0,261735,261875,Herzog Karl von Württemberg.,0,und,KON,und,33224,,
tg,rfd2.0,261735,261875,Herzog Karl von Württemberg.,0,gerecht,ADJD,gerecht,33224,,
tg,rfd2.0,261735,261875,Herzog Karl von Württemberg.,0,finden,VVINF,finden,33224,,
tg,rfd2.0,261735,261875,Herzog Karl von Württemberg.,0,",","$,",--,33224,,
tg,rfd2.0,261735,261875,Herzog Karl von Württemberg.,0,daß,KOUS,daß,33224,,
tg,rfd2.0,261735,261875,Herzog Karl von Württemberg.,0,ich,PPER,ich,33224,Herzog Karl von Württemberg.,0
tg,rfd2.0,261735,261875,Herzog Karl von Württemberg.,0,auf,APPR,auf,33224,,
tg,rfd2.0,261735,261875,Herzog Karl von Württemberg.,0,gründliche,ADJA,gründlich,33224,,
tg,rfd2.0,261735,261875,Herzog Karl von Württemberg.,0,Abhilfe,NN,abhilfe,33224,,
tg,rfd2.0,261735,261875,Herzog Karl von Württemberg.,0,oder,KON,oder,33224,,
tg,rfd2.0,261735,261875,Herzog Karl von Württemberg.,0,Strafe,NN,strafe,33224,,
tg,rfd2.0,261735,261875,Herzog Karl von Württemberg.,0,denke,VVFIN,denken,33224,,
tg,rfd2.0,261735,261875,Herzog Karl von Württemberg.,0,.,$.,--,33224,,
tg,rfd2.0,261880,261904,SCHILLER,29,Mein,PPOSAT,mein,33224,,
tg,rfd2.0,261880,261904,SCHILLER,29,Fürst,NN,fürst,33224,,
tg,rfd2.0,261880,261904,SCHILLER,29,–,XY,–,33224,,
tg,rfd2.0,261880,261904,SCHILLER,29,"!",$.,--,33224,,
tg,rfd2.0,261909,262434,Herzog Karl von Württemberg.,0,Bin,NE,sein,33224,,
tg,rfd2.0,261909,262434,Herzog Karl von Württemberg.,0,ich,PPER,ich,33224,Herzog Karl von Württemberg.,0
tg,rfd2.0,261909,262434,Herzog Karl von Württemberg.,0,in,APPR,in,33224,,
tg,rfd2.0,261909,262434,Herzog Karl von Württemberg.,0,Wahrheit,NN,wahrheit,33224,,
tg,rfd2.0,261909,262434,Herzog Karl von Württemberg.,0,dein,PPOSAT,dein,33224,,
tg,rfd2.0,261909,262434,Herzog Karl von Württemberg.,0,Fürst,NN,fürst,33224,,
tg,rfd2.0,261909,262434,Herzog Karl von Württemberg.,0,",","$,",--,33224,,
tg,rfd2.0,261909,262434,Herzog Karl von Württemberg.,0,so,ADV,so,33224,,
tg,rfd2.0,261909,262434,Herzog Karl von Württemberg.,0,folge,VVFIN,folge,33224,,
tg,rfd2.0,261909,262434,Herzog Karl von Württemberg.,0,mir,PPER,sich,33224,Herzog Karl von Württemberg.,0
tg,rfd2.0,261909,262434,Herzog Karl von Württemberg.,0,.,$.,--,33224,,
tg,rfd2.0,261909,262434,Herzog Karl von Württemberg.,0,Ich,PPER,ich,33224,,
tg,rfd2.0,261909,262434,Herzog Karl von Württemberg.,0,sehe,VVFIN,sehen,33224,,
tg,rfd2.0,261909,262434,Herzog Karl von Württemberg.,0,aus,APPR,aus,33224,,
tg,rfd2.0,261909,262434,Herzog Karl von Württemberg.,0,dem,ART,der,33224,,
tg,rfd2.0,261909,262434,Herzog Karl von Württemberg.,0,zweiten,ADJA,zweiter,33224,,
tg,rfd2.0,261909,262434,Herzog Karl von Württemberg.,0,Stück,NN,stück,33224,,
tg,rfd2.0,261909,262434,Herzog Karl von Württemberg.,0,",","$,",--,33224,,
tg,rfd2.0,261909,262434,Herzog Karl von Württemberg.,0,welches,PRELS,welcher,33224,,
tg,rfd2.0,261909,262434,Herzog Karl von Württemberg.,0,man,PIS,man,33224,,
tg,rfd2.0,261909,262434,Herzog Karl von Württemberg.,0,im,APPRART,in,33224,,
tg,rfd2.0,261909,262434,Herzog Karl von Württemberg.,0,Manuskript,NN,manuskript,33224,,
tg,rfd2.0,261909,262434,Herzog Karl von Württemberg.,0,bei,APPR,bei,33224,,
tg,rfd2.0,261909,262434,Herzog Karl von Württemberg.,0,dir,PPER,dir,33224,,
tg,rfd2.0,261909,262434,Herzog Karl von Württemberg.,0,gefunden,VVPP,finden,33224,,
tg,rfd2.0,261909,262434,Herzog Karl von Württemberg.,0,",","$,",--,33224,,
tg,rfd2.0,261909,262434,Herzog Karl von Württemberg.,0,daß,KOUS,daß,33224,,
tg,rfd2.0,261909,262434,Herzog Karl von Württemberg.,0,du,PPER,du,33224,,
tg,rfd2.0,261909,262434,Herzog Karl von Württemberg.,0,auf,APPR,auf,33224,,
tg,rfd2.0,261909,262434,Herzog Karl von Württemberg.,0,dem,ART,der,33224,,
tg,rfd2.0,261909,262434,Herzog Karl von Württemberg.,0,begonnenen,ADJA,begonnen,33224,,
tg,rfd2.0,261909,262434,Herzog Karl von Württemberg.,0,Wege,NN,weg,33224,,
tg,rfd2.0,261909,262434,Herzog Karl von Württemberg.,0,des,ART,der,33224,,
tg,rfd2.0,261909,262434,Herzog Karl von Württemberg.,0,Aufruhrs,NN,aufruhr,33224,,
tg,rfd2.0,261909,262434,Herzog Karl von Württemberg.,0,fortwandelst,VVPP,fortwandelen,33224,,
tg,rfd2.0,261909,262434,Herzog Karl von Württemberg.,0,.,$.,--,33224,,
tg,rfd2.0,261909,262434,Herzog Karl von Württemberg.,0,Dies,PDS,dieser,33224,,
tg,rfd2.0,261909,262434,Herzog Karl von Württemberg.,0,zweite,ADJA,zweiter,33224,,
tg,rfd2.0,261909,262434,Herzog Karl von Württemberg.,0,Stück,NN,stück,33224,,
tg,rfd2.0,261909,262434,Herzog Karl von Württemberg.,0,heißt,VVFIN,heißen,33224,,
tg,rfd2.0,261909,262434,Herzog Karl von Württemberg.,0,»,ADJD,»,33224,,
tg,rfd2.0,261909,262434,Herzog Karl von Württemberg.,0,Die,ART,der,33224,,
tg,rfd2.0,261909,262434,Herzog Karl von Württemberg.,0,Verschwörung,NN,verschwörung,33224,,
tg,rfd2.0,261909,262434,Herzog Karl von Württemberg.,0,des,ART,der,33224,,
tg,rfd2.0,261909,262434,Herzog Karl von Württemberg.,0,Fiesko,NN,fiesko,33224,,
tg,rfd2.0,261909,262434,Herzog Karl von Württemberg.,0,",","$,",--,33224,,
tg,rfd2.0,261909,262434,Herzog Karl von Württemberg.,0,republikanisches,ADJA,republikanisch,33224,,
tg,rfd2.0,261909,262434,Herzog Karl von Württemberg.,0,Trauerspiel,NN,trauerspiel,33224,,
tg,rfd2.0,261909,262434,Herzog Karl von Württemberg.,0,.,$.,--,33224,,
tg,rfd2.0,261909,262434,Herzog Karl von Württemberg.,0,–,XY,–,33224,,
tg,rfd2.0,261909,262434,Herzog Karl von Württemberg.,0,Mein,PPOSAT,mein,33224,,
tg,rfd2.0,261909,262434,Herzog Karl von Württemberg.,0,Sohn,NN,sohn,33224,,
tg,rfd2.0,261909,262434,Herzog Karl von Württemberg.,0,",","$,",--,33224,,
tg,rfd2.0,261909,262434,Herzog Karl von Württemberg.,0,aus,APPR,aus,33224,,
tg,rfd2.0,261909,262434,Herzog Karl von Württemberg.,0,diesem,PDAT,dieser,33224,,
tg,rfd2.0,261909,262434,Herzog Karl von Württemberg.,0,Wege,NN,weg,33224,,
tg,rfd2.0,261909,262434,Herzog Karl von Württemberg.,0,wirst,VAFIN,werden,33224,,
tg,rfd2.0,261909,262434,Herzog Karl von Württemberg.,0,du,PPER,du,33224,,
tg,rfd2.0,261909,262434,Herzog Karl von Württemberg.,0,vielleicht,ADV,vielleicht,33224,,
tg,rfd2.0,261909,262434,Herzog Karl von Württemberg.,0,ein,ART,ein,33224,,
tg,rfd2.0,261909,262434,Herzog Karl von Württemberg.,0,großer,ADJA,groß,33224,,
tg,rfd2.0,261909,262434,Herzog Karl von Württemberg.,0,Dichter,NN,dichter,33224,,
tg,rfd2.0,261909,262434,Herzog Karl von Württemberg.,0,",","$,",--,33224,,
tg,rfd2.0,261909,262434,Herzog Karl von Württemberg.,0,vielleicht,ADV,vielleicht,33224,,
tg,rfd2.0,261909,262434,Herzog Karl von Württemberg.,0,",","$,",--,33224,,
tg,rfd2.0,261909,262434,Herzog Karl von Württemberg.,0,–,VVFIN,–,33224,,
tg,rfd2.0,261909,262434,Herzog Karl von Württemberg.,0,ich,PPER,ich,33224,Herzog Karl von Württemberg.,0
tg,rfd2.0,261909,262434,Herzog Karl von Württemberg.,0,bezweifle,VVFIN,bezweifeln,33224,,
tg,rfd2.0,261909,262434,Herzog Karl von Württemberg.,0,es,PPER,es,33224,,
tg,rfd2.0,261909,262434,Herzog Karl von Württemberg.,0,;,$.,--,33224,,
tg,rfd2.0,261909,262434,Herzog Karl von Württemberg.,0,denn,KON,denn,33224,,
tg,rfd2.0,261909,262434,Herzog Karl von Württemberg.,0,ich,PPER,ich,33224,Herzog Karl von Württemberg.,0
tg,rfd2.0,261909,262434,Herzog Karl von Württemberg.,0,vermisse,VVFIN,vermissen,33224,,
tg,rfd2.0,261909,262434,Herzog Karl von Württemberg.,0,Maß,NN,maß,33224,,
tg,rfd2.0,261909,262434,Herzog Karl von Württemberg.,0,und,KON,und,33224,,
tg,rfd2.0,261909,262434,Herzog Karl von Württemberg.,0,Schönheit,NN,schönheit,33224,,
tg,rfd2.0,261909,262434,Herzog Karl von Württemberg.,0,–,ITJ,–,33224,,
tg,rfd2.0,261909,262434,Herzog Karl von Württemberg.,0,oder,KON,oder,33224,,
tg,rfd2.0,261909,262434,Herzog Karl von Württemberg.,0,du,PPER,du,33224,,
tg,rfd2.0,261909,262434,Herzog Karl von Württemberg.,0,wirst,VAFIN,werden,33224,,
tg,rfd2.0,261909,262434,Herzog Karl von Württemberg.,0,",","$,",--,33224,,
tg,rfd2.0,261909,262434,Herzog Karl von Württemberg.,0,und,KON,und,33224,,
tg,rfd2.0,261909,262434,Herzog Karl von Württemberg.,0,das,PDS,der,33224,,
tg,rfd2.0,261909,262434,Herzog Karl von Württemberg.,0,ist,VAFIN,sein,33224,,
tg,rfd2.0,261909,262434,Herzog Karl von Württemberg.,0,wahrscheinlich,ADJD,wahrscheinlich,33224,,
tg,rfd2.0,261909,262434,Herzog Karl von Württemberg.,0,",","$,",--,33224,,
tg,rfd2.0,261909,262434,Herzog Karl von Württemberg.,0,ist,VAFIN,sein,33224,,
tg,rfd2.0,261909,262434,Herzog Karl von Württemberg.,0,für,APPR,für,33224,,
tg,rfd2.0,261909,262434,Herzog Karl von Württemberg.,0,mich,PPER,mich,33224,Herzog Karl von Württemberg.,0
tg,rfd2.0,261909,262434,Herzog Karl von Württemberg.,0,gewiß,ADV,gewiß,33224,,
tg,rfd2.0,261909,262434,Herzog Karl von Württemberg.,0,",","$,",--,33224,,
tg,rfd2.0,261909,262434,Herzog Karl von Württemberg.,0,du,PPER,du,33224,,
tg,rfd2.0,261909,262434,Herzog Karl von Württemberg.,0,wirst,VAFIN,werden,33224,,
tg,rfd2.0,261909,262434,Herzog Karl von Württemberg.,0,ein,ART,ein,33224,,
tg,rfd2.0,261909,262434,Herzog Karl von Württemberg.,0,großer,ADJA,groß,33224,,
tg,rfd2.0,261909,262434,Herzog Karl von Württemberg.,0,Staatsverbrecher,NN,staatsverbrecher,33224,,
tg,rfd2.0,261909,262434,Herzog Karl von Württemberg.,0,–,XY,–,33224,,
tg,rfd2.0,262439,262463,SCHILLER,29,Durchlaucht,NN,durchlaucht,33224,,
tg,rfd2.0,262439,262463,SCHILLER,29,–,XY,–,33224,,
tg,rfd2.0,262468,262684,Herzog Karl von Württemberg.,0,Der,PDS,der,33224,,
tg,rfd2.0,262468,262684,Herzog Karl von Württemberg.,0,ein,ART,ein,33224,,
tg,rfd2.0,262468,262684,Herzog Karl von Württemberg.,0,schmähliches,ADJA,schmählich,33224,,
tg,rfd2.0,262468,262684,Herzog Karl von Württemberg.,0,Ende,NN,ende,33224,,
tg,rfd2.0,262468,262684,Herzog Karl von Württemberg.,0,nimmt,VVFIN,nehmen,33224,,
tg,rfd2.0,262468,262684,Herzog Karl von Württemberg.,0,"!",$.,--,33224,,
tg,rfd2.0,262468,262684,Herzog Karl von Württemberg.,0,–,XY,–,33224,,
tg,rfd2.0,262468,262684,Herzog Karl von Württemberg.,0,Willst,VAFIN,willen,33224,,
tg,rfd2.0,262468,262684,Herzog Karl von Württemberg.,0,du,PPER,du,33224,,
tg,rfd2.0,262468,262684,Herzog Karl von Württemberg.,0,an,APPR,an,33224,,
tg,rfd2.0,262468,262684,Herzog Karl von Württemberg.,0,meiner,PPOSAT,mein,33224,Herzog Karl von Württemberg.,0
tg,rfd2.0,262468,262684,Herzog Karl von Württemberg.,0,Hand,NN,hand,33224,,
tg,rfd2.0,262468,262684,Herzog Karl von Württemberg.,0,umkehren,VVINF,umkehren,33224,,
tg,rfd2.0,262468,262684,Herzog Karl von Württemberg.,0,?,$.,--,33224,,
tg,rfd2.0,262468,262684,Herzog Karl von Württemberg.,0,Ich,PPER,ich,33224,,
tg,rfd2.0,262468,262684,Herzog Karl von Württemberg.,0,will,VMFIN,wollen,33224,,
tg,rfd2.0,262468,262684,Herzog Karl von Württemberg.,0,dir,PRF,dir,33224,,
tg,rfd2.0,262468,262684,Herzog Karl von Württemberg.,0,die,ART,der,33224,,
tg,rfd2.0,262468,262684,Herzog Karl von Württemberg.,0,Hand,NN,hand,33224,,
tg,rfd2.0,262468,262684,Herzog Karl von Württemberg.,0,dazu,PROAV,dazu,33224,,
tg,rfd2.0,262468,262684,Herzog Karl von Württemberg.,0,bieten,VVINF,bieten,33224,,
tg,rfd2.0,262468,262684,Herzog Karl von Württemberg.,0,.,$.,--,33224,,
tg,rfd2.0,262468,262684,Herzog Karl von Württemberg.,0,–,XY,–,33224,,
tg,rfd2.0,262468,262684,Herzog Karl von Württemberg.,0,Dein,PPOSAT,dein,33224,,
tg,rfd2.0,262468,262684,Herzog Karl von Württemberg.,0,Herz,NN,herz,33224,,
tg,rfd2.0,262468,262684,Herzog Karl von Württemberg.,0,ist,VAFIN,sein,33224,,
tg,rfd2.0,262468,262684,Herzog Karl von Württemberg.,0,schöner,ADJA,schön,33224,,
tg,rfd2.0,262468,262684,Herzog Karl von Württemberg.,0,Regungen,NN,regung,33224,,
tg,rfd2.0,262468,262684,Herzog Karl von Württemberg.,0,fähig,ADJD,fähig,33224,,
tg,rfd2.0,262468,262684,Herzog Karl von Württemberg.,0,–,VVFIN,–,33224,,
tg,rfd2.0,262468,262684,Herzog Karl von Württemberg.,0,ich,PPER,ich,33224,Herzog Karl von Württemberg.,0
tg,rfd2.0,262468,262684,Herzog Karl von Württemberg.,0,kenne,VVFIN,kennen,33224,,
tg,rfd2.0,262468,262684,Herzog Karl von Württemberg.,0,deine,PPOSAT,dein,33224,,
tg,rfd2.0,262468,262684,Herzog Karl von Württemberg.,0,Geheimnisse,NN,geheimnis,33224,,
tg,rfd2.0,262468,262684,Herzog Karl von Württemberg.,0,und,KON,und,33224,,
tg,rfd2.0,262468,262684,Herzog Karl von Württemberg.,0,will,VMFIN,wollen,33224,,
tg,rfd2.0,262468,262684,Herzog Karl von Württemberg.,0,deshalb,PROAV,deshalb,33224,,
tg,rfd2.0,262468,262684,Herzog Karl von Württemberg.,0,nicht,PTKNEG,nicht,33224,,
tg,rfd2.0,262468,262684,Herzog Karl von Württemberg.,0,schelten,VVFIN,scheln,33224,,
tg,rfd2.0,262468,262684,Herzog Karl von Württemberg.,0,–,XY,–,33224,,
tg,rfd2.0,262689,262711,SCHILLER,29,Mein,PPOSAT,mein,33224,,
tg,rfd2.0,262689,262711,SCHILLER,29,Fürst,NN,fürst,33224,,
tg,rfd2.0,262689,262711,SCHILLER,29,"!",$.,--,33224,,
tg,rfd2.0,262716,262888,Herzog Karl von Württemberg.,0,Ich,PPER,ich,33224,,
tg,rfd2.0,262716,262888,Herzog Karl von Württemberg.,0,will,VMFIN,wollen,33224,,
tg,rfd2.0,262716,262888,Herzog Karl von Württemberg.,0,dich,PRF,dich,33224,,
tg,rfd2.0,262716,262888,Herzog Karl von Württemberg.,0,deshalb,PROAV,deshalb,33224,,
tg,rfd2.0,262716,262888,Herzog Karl von Württemberg.,0,nicht,PTKNEG,nicht,33224,,
tg,rfd2.0,262716,262888,Herzog Karl von Württemberg.,0,schelten,VVFIN,scheln,33224,,
tg,rfd2.0,262716,262888,Herzog Karl von Württemberg.,0,.,$.,--,33224,,
tg,rfd2.0,262716,262888,Herzog Karl von Württemberg.,0,Weil,KOUS,weil,33224,,
tg,rfd2.0,262716,262888,Herzog Karl von Württemberg.,0,dein,PPOSAT,dein,33224,,
tg,rfd2.0,262716,262888,Herzog Karl von Württemberg.,0,Herz,NN,herz,33224,,
tg,rfd2.0,262716,262888,Herzog Karl von Württemberg.,0,die,ART,der,33224,,
tg,rfd2.0,262716,262888,Herzog Karl von Württemberg.,0,wahre,ADJA,wahr,33224,,
tg,rfd2.0,262716,262888,Herzog Karl von Württemberg.,0,Liebenswürdigkeit,NN,liebenswürdigkeit,33224,,
tg,rfd2.0,262716,262888,Herzog Karl von Württemberg.,0,erkennen,VVINF,erkennen,33224,,
tg,rfd2.0,262716,262888,Herzog Karl von Württemberg.,0,und,KON,und,33224,,
tg,rfd2.0,262716,262888,Herzog Karl von Württemberg.,0,empfinden,VVINF,empfinden,33224,,
tg,rfd2.0,262716,262888,Herzog Karl von Württemberg.,0,kann,VMFIN,können,33224,,
tg,rfd2.0,262716,262888,Herzog Karl von Württemberg.,0,",","$,",--,33224,,
tg,rfd2.0,262716,262888,Herzog Karl von Württemberg.,0,deshalb,PROAV,deshalb,33224,,
tg,rfd2.0,262716,262888,Herzog Karl von Württemberg.,0,will,VMFIN,wollen,33224,,
tg,rfd2.0,262716,262888,Herzog Karl von Württemberg.,0,ich,PPER,ich,33224,Herzog Karl von Württemberg.,0
tg,rfd2.0,262716,262888,Herzog Karl von Württemberg.,0,deine,PPOSAT,dein,33224,,
tg,rfd2.0,262716,262888,Herzog Karl von Württemberg.,0,Besserung,NN,besserung,33224,,
tg,rfd2.0,262716,262888,Herzog Karl von Württemberg.,0,für,APPR,für,33224,,
tg,rfd2.0,262716,262888,Herzog Karl von Württemberg.,0,möglich,ADJD,möglich,33224,,
tg,rfd2.0,262716,262888,Herzog Karl von Württemberg.,0,halten,VVFIN,halten,33224,,
tg,rfd2.0,262716,262888,Herzog Karl von Württemberg.,0,–,PPER,–,33224,,
tg,rfd2.0,262893,262918,SCHILLER,29,O,NE,O,33224,,
tg,rfd2.0,262893,262918,SCHILLER,29,",","$,",--,33224,,
tg,rfd2.0,262893,262918,SCHILLER,29,mein,PPOSAT,mein,33224,SCHILLER,29
tg,rfd2.0,262893,262918,SCHILLER,29,Fürst,NN,fürst,33224,,
tg,rfd2.0,262893,262918,SCHILLER,29,"!",$.,--,33224,,
tg,rfd2.0,262923,262964,Herzog Karl von Württemberg.,0,Willst,VAFIN,willen,33224,,
tg,rfd2.0,262923,262964,Herzog Karl von Württemberg.,0,du,PPER,du,33224,,
tg,rfd2.0,262923,262964,Herzog Karl von Württemberg.,0,Besserung,NN,besserung,33224,,
tg,rfd2.0,262923,262964,Herzog Karl von Württemberg.,0,versprechen,VVFIN,versprechen,33224,,
tg,rfd2.0,262923,262964,Herzog Karl von Württemberg.,0,?,$.,--,33224,,
tg,rfd2.0,262969,263016,SCHILLER,29,O,NE,O,33224,,
tg,rfd2.0,262969,263016,SCHILLER,29,",","$,",--,33224,,
tg,rfd2.0,262969,263016,SCHILLER,29,mein,PPOSAT,mein,33224,SCHILLER,29
tg,rfd2.0,262969,263016,SCHILLER,29,Gott,NN,gott,33224,,
tg,rfd2.0,262969,263016,SCHILLER,29,"!",$.,--,33224,,
tg,rfd2.0,262969,263016,SCHILLER,29,–,XY,–,33224,,
tg,rfd2.0,262969,263016,SCHILLER,29,Was,PWS,was,33224,,
tg,rfd2.0,262969,263016,SCHILLER,29,heißt,VVFIN,heißen,33224,,
tg,rfd2.0,262969,263016,SCHILLER,29,Besserung,NN,besserung,33224,,
tg,rfd2.0,262969,263016,SCHILLER,29,?,$.,--,33224,,
tg,rfd2.0,263021,263049,Herzog Karl von Württemberg.,0,Das,PDS,der,33224,,
tg,rfd2.0,263021,263049,Herzog Karl von Württemberg.,0,heißt,VVFIN,heißen,33224,,
tg,rfd2.0,263021,263049,Herzog Karl von Württemberg.,0,Änderung,NN,änderung,33224,,
tg,rfd2.0,263021,263049,Herzog Karl von Württemberg.,0,"!",$.,--,33224,,
tg,rfd2.0,263054,263074,SCHILLER,29,Änderung,NN,änderung,33224,,
tg,rfd2.0,263054,263074,SCHILLER,29,?,$.,--,33224,,
tg,rfd2.0,263079,263095,Herzog Karl von Württemberg.,0,Totale,NN,totale,33224,,
tg,rfd2.0,263079,263095,Herzog Karl von Württemberg.,0,"!",$.,--,33224,,
tg,rfd2.0,263100,263381,SCHILLER,29,Änderung,NN,änderung,33224,,
tg,rfd2.0,263100,263381,SCHILLER,29,"!",$.,--,33224,,
tg,rfd2.0,263100,263381,SCHILLER,29,Wie,PWAV,wie,33224,,
tg,rfd2.0,263100,263381,SCHILLER,29,soll,VMFIN,sollen,33224,,
tg,rfd2.0,263100,263381,SCHILLER,29,ich,PPER,ich,33224,SCHILLER,29
tg,rfd2.0,263100,263381,SCHILLER,29,–,XY,–,33224,,
tg,rfd2.0,263100,263381,SCHILLER,29,wie,KOKOM,wie,33224,,
tg,rfd2.0,263100,263381,SCHILLER,29,kann,VMFIN,können,33224,,
tg,rfd2.0,263100,263381,SCHILLER,29,ich,PPER,ich,33224,SCHILLER,29
tg,rfd2.0,263100,263381,SCHILLER,29,sie,PPER,sie,33224,,
tg,rfd2.0,263100,263381,SCHILLER,29,zuwege,ADV,zuwege,33224,,
tg,rfd2.0,263100,263381,SCHILLER,29,bringen,VVINF,bringen,33224,,
tg,rfd2.0,263100,263381,SCHILLER,29,?,$.,--,33224,,
tg,rfd2.0,263100,263381,SCHILLER,29,Ich,PPER,ich,33224,,
tg,rfd2.0,263100,263381,SCHILLER,29,bin,VAFIN,sein,33224,,
tg,rfd2.0,263100,263381,SCHILLER,29,ja,ADV,ja,33224,,
tg,rfd2.0,263100,263381,SCHILLER,29,nur,ADV,nur,33224,,
tg,rfd2.0,263100,263381,SCHILLER,29,etwas,PIS,etwas,33224,,
tg,rfd2.0,263100,263381,SCHILLER,29,",","$,",--,33224,,
tg,rfd2.0,263100,263381,SCHILLER,29,indem,KOUS,indem,33224,,
tg,rfd2.0,263100,263381,SCHILLER,29,ich,PPER,ich,33224,SCHILLER,29
tg,rfd2.0,263100,263381,SCHILLER,29,–,XY,–,33224,,
tg,rfd2.0,263100,263381,SCHILLER,29,eben,ADV,eben,33224,,
tg,rfd2.0,263100,263381,SCHILLER,29,Schiller,NE,schiller,33224,SCHILLER,29
tg,rfd2.0,263100,263381,SCHILLER,29,bin,VAFIN,sein,33224,,
tg,rfd2.0,263100,263381,SCHILLER,29,",","$,",--,33224,,
tg,rfd2.0,263100,263381,SCHILLER,29,der,ART,der,33224,,
tg,rfd2.0,263100,263381,SCHILLER,29,Mensch,NN,mensch,33224,,
tg,rfd2.0,263100,263381,SCHILLER,29,mit,APPR,mit,33224,,
tg,rfd2.0,263100,263381,SCHILLER,29,eben,ADV,eben,33224,,
tg,rfd2.0,263100,263381,SCHILLER,29,diesen,PDAT,dieser,33224,,
tg,rfd2.0,263100,263381,SCHILLER,29,und,KON,und,33224,,
tg,rfd2.0,263100,263381,SCHILLER,29,diesen,PDAT,dieser,33224,,
tg,rfd2.0,263100,263381,SCHILLER,29,Empfindungen,NN,empfindung,33224,,
tg,rfd2.0,263100,263381,SCHILLER,29,",","$,",--,33224,,
tg,rfd2.0,263100,263381,SCHILLER,29,Erfahrungen,NN,erfahrung,33224,,
tg,rfd2.0,263100,263381,SCHILLER,29,",","$,",--,33224,,
tg,rfd2.0,263100,263381,SCHILLER,29,Ansichten,NN,ansicht,33224,,
tg,rfd2.0,263100,263381,SCHILLER,29,und,KON,und,33224,,
tg,rfd2.0,263100,263381,SCHILLER,29,Wünschen,NN,wunsch,33224,,
tg,rfd2.0,263100,263381,SCHILLER,29,–,XY,–,33224,,
tg,rfd2.0,263100,263381,SCHILLER,29,wie,KOKOM,wie,33224,,
tg,rfd2.0,263100,263381,SCHILLER,29,kann,VMFIN,können,33224,,
tg,rfd2.0,263100,263381,SCHILLER,29,ich,PPER,ich,33224,SCHILLER,29
tg,rfd2.0,263100,263381,SCHILLER,29,mich,PRF,mich,33224,SCHILLER,29
tg,rfd2.0,263100,263381,SCHILLER,29,gänzlich,ADJD,gänzlich,33224,,
tg,rfd2.0,263100,263381,SCHILLER,29,ändern,VVINF,ändern,33224,,
tg,rfd2.0,263100,263381,SCHILLER,29,",","$,",--,33224,,
tg,rfd2.0,263100,263381,SCHILLER,29,ohne,APPR,ohne,33224,,
tg,rfd2.0,263100,263381,SCHILLER,29,mich,PPER,mich,33224,SCHILLER,29
tg,rfd2.0,263100,263381,SCHILLER,29,gänzlich,ADJD,gänzlich,33224,,
tg,rfd2.0,263100,263381,SCHILLER,29,zu,PTKZU,zu,33224,,
tg,rfd2.0,263100,263381,SCHILLER,29,verlieren,VVINF,verlieren,33224,,
tg,rfd2.0,263100,263381,SCHILLER,29,–,XY,–,33224,,
tg,rfd2.0,263100,263381,SCHILLER,29,?,$.,--,33224,,
tg,rfd2.0,263386,263483,Herzog Karl von Württemberg.,0,Das,PDS,der,33224,,
tg,rfd2.0,263386,263483,Herzog Karl von Württemberg.,0,wird,VAFIN,werden,33224,,
tg,rfd2.0,263386,263483,Herzog Karl von Württemberg.,0,meine,PPOSAT,mein,33224,Herzog Karl von Württemberg.,0
tg,rfd2.0,263386,263483,Herzog Karl von Württemberg.,0,Sorge,NN,sorge,33224,,
tg,rfd2.0,263386,263483,Herzog Karl von Württemberg.,0,sein,VAINF,sein,33224,,
tg,rfd2.0,263386,263483,Herzog Karl von Württemberg.,0,.,$.,--,33224,,
tg,rfd2.0,263386,263483,Herzog Karl von Württemberg.,0,Jeder,PIDAT,jeder,33224,,
tg,rfd2.0,263386,263483,Herzog Karl von Württemberg.,0,Mensch,NN,mensch,33224,,
tg,rfd2.0,263386,263483,Herzog Karl von Württemberg.,0,ist,VAFIN,sein,33224,,
tg,rfd2.0,263386,263483,Herzog Karl von Württemberg.,0,zu,PTKZU,zu,33224,,
tg,rfd2.0,263386,263483,Herzog Karl von Württemberg.,0,ändern,VVINF,ändern,33224,,
tg,rfd2.0,263386,263483,Herzog Karl von Württemberg.,0,",","$,",--,33224,,
tg,rfd2.0,263386,263483,Herzog Karl von Württemberg.,0,sonst,ADV,sonst,33224,,
tg,rfd2.0,263386,263483,Herzog Karl von Württemberg.,0,wär,VAFIN,sein,33224,,
tg,rfd2.0,263386,263483,Herzog Karl von Württemberg.,0,',$[,--,33224,,
tg,rfd2.0,263386,263483,Herzog Karl von Württemberg.,0,er,PPER,er,33224,,
tg,rfd2.0,263386,263483,Herzog Karl von Württemberg.,0,nicht,PTKNEG,nicht,33224,,
tg,rfd2.0,263386,263483,Herzog Karl von Württemberg.,0,zu,APPR,zu,33224,,
tg,rfd2.0,263386,263483,Herzog Karl von Württemberg.,0,regieren,ADJA,regieren,33224,,
tg,rfd2.0,263386,263483,Herzog Karl von Württemberg.,0,–,NN,–,33224,,
tg,rfd2.0,263488,263507,SCHILLER,29,O,NE,O,33224,,
tg,rfd2.0,263488,263507,SCHILLER,29,nein,PTKANT,nein,33224,,
tg,rfd2.0,263488,263507,SCHILLER,29,–,XY,–,33224,,
tg,rfd2.0,263512,263648,Herzog Karl von Württemberg.,0,Still,NN,still,33224,,
tg,rfd2.0,263512,263648,Herzog Karl von Württemberg.,0,",","$,",--,33224,,
tg,rfd2.0,263512,263648,Herzog Karl von Württemberg.,0,und,KON,und,33224,,
tg,rfd2.0,263512,263648,Herzog Karl von Württemberg.,0,hör,PPER,hör,33224,,
tg,rfd2.0,263512,263648,Herzog Karl von Württemberg.,0,Er,PPER,er,33224,,
tg,rfd2.0,263512,263648,Herzog Karl von Württemberg.,0,zu,APPR,zu,33224,,
tg,rfd2.0,263512,263648,Herzog Karl von Württemberg.,0,"!",$.,--,33224,,
tg,rfd2.0,263512,263648,Herzog Karl von Württemberg.,0,Er,PPER,er,33224,,
tg,rfd2.0,263512,263648,Herzog Karl von Württemberg.,0,muß,VMFIN,müssen,33224,,
tg,rfd2.0,263512,263648,Herzog Karl von Württemberg.,0,mir,PPER,sich,33224,Herzog Karl von Württemberg.,0
tg,rfd2.0,263512,263648,Herzog Karl von Württemberg.,0,künftig,ADJD,künftig,33224,,
tg,rfd2.0,263512,263648,Herzog Karl von Württemberg.,0,alles,PIS,alle,33224,,
tg,rfd2.0,263512,263648,Herzog Karl von Württemberg.,0,zeigen,VVINF,zeigen,33224,,
tg,rfd2.0,263512,263648,Herzog Karl von Württemberg.,0,",","$,",--,33224,,
tg,rfd2.0,263512,263648,Herzog Karl von Württemberg.,0,was,PWS,was,33224,,
tg,rfd2.0,263512,263648,Herzog Karl von Württemberg.,0,Er,PPER,er,33224,,
tg,rfd2.0,263512,263648,Herzog Karl von Württemberg.,0,schreibt,VVFIN,schreiben,33224,,
tg,rfd2.0,263512,263648,Herzog Karl von Württemberg.,0,",","$,",--,33224,,
tg,rfd2.0,263512,263648,Herzog Karl von Württemberg.,0,ehe,KOUS,ehe,33224,,
tg,rfd2.0,263512,263648,Herzog Karl von Württemberg.,0,Er,PPER,er,33224,,
tg,rfd2.0,263512,263648,Herzog Karl von Württemberg.,0,es,PPER,es,33224,,
tg,rfd2.0,263512,263648,Herzog Karl von Württemberg.,0,durch,APPR,durch,33224,,
tg,rfd2.0,263512,263648,Herzog Karl von Württemberg.,0,den,ART,der,33224,,
tg,rfd2.0,263512,263648,Herzog Karl von Württemberg.,0,Druck,NN,druck,33224,,
tg,rfd2.0,263512,263648,Herzog Karl von Württemberg.,0,oder,KON,oder,33224,,
tg,rfd2.0,263512,263648,Herzog Karl von Württemberg.,0,sonstwie,ADJD,sonstwie,33224,,
tg,rfd2.0,263512,263648,Herzog Karl von Württemberg.,0,veröffentlicht,VVPP,veröffentlichen,33224,,
tg,rfd2.0,263512,263648,Herzog Karl von Württemberg.,0,.,$.,--,33224,,
tg,rfd2.0,263653,263671,SCHILLER,29,Zensur,NN,zensur,33224,,
tg,rfd2.0,263653,263671,SCHILLER,29,"!",$.,--,33224,,
tg,rfd2.0,263676,263765,Herzog Karl von Württemberg.,0,Damit,PROAV,damit,33224,,
tg,rfd2.0,263676,263765,Herzog Karl von Württemberg.,0,ich,PPER,ich,33224,Herzog Karl von Württemberg.,0
tg,rfd2.0,263676,263765,Herzog Karl von Württemberg.,0,es,PPER,es,33224,,
tg,rfd2.0,263676,263765,Herzog Karl von Württemberg.,0,entweder,KON,entweder,33224,,
tg,rfd2.0,263676,263765,Herzog Karl von Württemberg.,0,unterdrücken,ADJA,unterdrücken,33224,,
tg,rfd2.0,263676,263765,Herzog Karl von Württemberg.,0,oder,KON,oder,33224,,
tg,rfd2.0,263676,263765,Herzog Karl von Württemberg.,0,Ihm,PPER,ihm,33224,,
tg,rfd2.0,263676,263765,Herzog Karl von Württemberg.,0,die,ART,der,33224,,
tg,rfd2.0,263676,263765,Herzog Karl von Württemberg.,0,nötigen,ADJA,nötig,33224,,
tg,rfd2.0,263676,263765,Herzog Karl von Württemberg.,0,Änderungen,NN,änderung,33224,,
tg,rfd2.0,263676,263765,Herzog Karl von Württemberg.,0,angeben,VVINF,angeben,33224,,
tg,rfd2.0,263676,263765,Herzog Karl von Württemberg.,0,kann,VMFIN,können,33224,,
tg,rfd2.0,263676,263765,Herzog Karl von Württemberg.,0,.,$.,--,33224,,
tg,rfd2.0,263770,263930,SCHILLER,29,Römische,ADJA,römisch,33224,,
tg,rfd2.0,263770,263930,SCHILLER,29,Zensur,NN,zensur,33224,,
tg,rfd2.0,263770,263930,SCHILLER,29,"!",$.,--,33224,,
tg,rfd2.0,263770,263930,SCHILLER,29,–,XY,–,33224,,
tg,rfd2.0,263770,263930,SCHILLER,29,Aber,KON,aber,33224,,
tg,rfd2.0,263770,263930,SCHILLER,29,wir,PPER,wir,33224,,
tg,rfd2.0,263770,263930,SCHILLER,29,jungen,ADJA,jung,33224,,
tg,rfd2.0,263770,263930,SCHILLER,29,Leute,NN,leute,33224,,
tg,rfd2.0,263770,263930,SCHILLER,29,haben,VAFIN,haben,33224,,
tg,rfd2.0,263770,263930,SCHILLER,29,ja,ADV,ja,33224,,
tg,rfd2.0,263770,263930,SCHILLER,29,eine,ART,ein,33224,,
tg,rfd2.0,263770,263930,SCHILLER,29,ganz,ADV,ganz,33224,,
tg,rfd2.0,263770,263930,SCHILLER,29,andere,ADJA,anderer,33224,,
tg,rfd2.0,263770,263930,SCHILLER,29,Welt,NN,welt,33224,,
tg,rfd2.0,263770,263930,SCHILLER,29,in,APPR,in,33224,,
tg,rfd2.0,263770,263930,SCHILLER,29,unserm,APPRART,unser,33224,,
tg,rfd2.0,263770,263930,SCHILLER,29,Herzen,NN,herz,33224,,
tg,rfd2.0,263770,263930,SCHILLER,29,",","$,",--,33224,,
tg,rfd2.0,263770,263930,SCHILLER,29,als,KOUS,als,33224,,
tg,rfd2.0,263770,263930,SCHILLER,29,die,ART,der,33224,,
tg,rfd2.0,263770,263930,SCHILLER,29,wirkliche,ADJA,wirklich,33224,,
tg,rfd2.0,263770,263930,SCHILLER,29,Welt,NN,welt,33224,,
tg,rfd2.0,263770,263930,SCHILLER,29,",","$,",--,33224,,
tg,rfd2.0,263770,263930,SCHILLER,29,als,KOUS,als,33224,,
tg,rfd2.0,263770,263930,SCHILLER,29,die,ART,der,33224,,
tg,rfd2.0,263770,263930,SCHILLER,29,Welt,NN,welt,33224,,
tg,rfd2.0,263770,263930,SCHILLER,29,Eurer,ADJA,eurer,33224,,
tg,rfd2.0,263770,263930,SCHILLER,29,Durchlaucht,NN,durchlaucht,33224,,
tg,rfd2.0,263770,263930,SCHILLER,29,ist,VAFIN,sein,33224,,
tg,rfd2.0,263770,263930,SCHILLER,29,"!",$.,--,33224,,
tg,rfd2.0,263935,263983,Herzog Karl von Württemberg.,0,Die,ART,der,33224,,
tg,rfd2.0,263935,263983,Herzog Karl von Württemberg.,0,soll,VMFIN,sollen,33224,,
tg,rfd2.0,263935,263983,Herzog Karl von Württemberg.,0,euch,PRF,euch,33224,,
tg,rfd2.0,263935,263983,Herzog Karl von Württemberg.,0,eben,ADV,eben,33224,,
tg,rfd2.0,263935,263983,Herzog Karl von Württemberg.,0,ausgetrieben,VVPP,austreiben,33224,,
tg,rfd2.0,263935,263983,Herzog Karl von Württemberg.,0,werden,VAINF,werden,33224,,
tg,rfd2.0,263935,263983,Herzog Karl von Württemberg.,0,"!",$.,--,33224,,
tg,rfd2.0,263988,264039,SCHILLER,29,Das,PDS,der,33224,,
tg,rfd2.0,263988,264039,SCHILLER,29,heißt,VVFIN,heißen,33224,,
tg,rfd2.0,263988,264039,SCHILLER,29,",","$,",--,33224,,
tg,rfd2.0,263988,264039,SCHILLER,29,wir,PPER,wir,33224,,
tg,rfd2.0,263988,264039,SCHILLER,29,sollen,VMFIN,sollen,33224,,
tg,rfd2.0,263988,264039,SCHILLER,29,vernichtet,VVPP,vernichten,33224,,
tg,rfd2.0,263988,264039,SCHILLER,29,werden,VAINF,werden,33224,,
tg,rfd2.0,263988,264039,SCHILLER,29,"!",$.,--,33224,,
tg,rfd2.0,264045,264242,Herzog Karl von Württemberg.,0,Er,PPER,er,33224,,
tg,rfd2.0,264045,264242,Herzog Karl von Württemberg.,0,soll,VMFIN,sollen,33224,,
tg,rfd2.0,264045,264242,Herzog Karl von Württemberg.,0,ferner,ADV,ferner,33224,,
tg,rfd2.0,264045,264242,Herzog Karl von Württemberg.,0,bei,APPR,bei,33224,,
tg,rfd2.0,264045,264242,Herzog Karl von Württemberg.,0,höchster,ADJA,hoch,33224,,
tg,rfd2.0,264045,264242,Herzog Karl von Württemberg.,0,Leibesstrafe,NN,leibesstrafe,33224,,
tg,rfd2.0,264045,264242,Herzog Karl von Württemberg.,0,nicht,PTKNEG,nicht,33224,,
tg,rfd2.0,264045,264242,Herzog Karl von Württemberg.,0,mehr,ADV,mehr,33224,,
tg,rfd2.0,264045,264242,Herzog Karl von Württemberg.,0,mit,APPR,mit,33224,,
tg,rfd2.0,264045,264242,Herzog Karl von Württemberg.,0,dem,ART,der,33224,,
tg,rfd2.0,264045,264242,Herzog Karl von Württemberg.,0,Auslande,NN,auslande,33224,,
tg,rfd2.0,264045,264242,Herzog Karl von Württemberg.,0,verkehren,VVINF,verkehren,33224,,
tg,rfd2.0,264045,264242,Herzog Karl von Württemberg.,0,durch,APPR,durch,33224,,
tg,rfd2.0,264045,264242,Herzog Karl von Württemberg.,0,irgend,ADV,irgend,33224,,
tg,rfd2.0,264045,264242,Herzog Karl von Württemberg.,0,eine,ART,ein,33224,,
tg,rfd2.0,264045,264242,Herzog Karl von Württemberg.,0,Schrift,NN,schrift,33224,,
tg,rfd2.0,264045,264242,Herzog Karl von Württemberg.,0,",","$,",--,33224,,
tg,rfd2.0,264045,264242,Herzog Karl von Württemberg.,0,ja,ADV,ja,33224,,
tg,rfd2.0,264045,264242,Herzog Karl von Württemberg.,0,nicht,PTKNEG,nicht,33224,,
tg,rfd2.0,264045,264242,Herzog Karl von Württemberg.,0,durch,APPR,durch,33224,,
tg,rfd2.0,264045,264242,Herzog Karl von Württemberg.,0,irgend,ADV,irgend,33224,,
tg,rfd2.0,264045,264242,Herzog Karl von Württemberg.,0,eine,ART,ein,33224,,
tg,rfd2.0,264045,264242,Herzog Karl von Württemberg.,0,Zeile,NN,zeile,33224,,
tg,rfd2.0,264045,264242,Herzog Karl von Württemberg.,0,–,XY,–,33224,,
tg,rfd2.0,264045,264242,Herzog Karl von Württemberg.,0,will,VMFIN,wollen,33224,,
tg,rfd2.0,264045,264242,Herzog Karl von Württemberg.,0,Er,PPER,er,33224,,
tg,rfd2.0,264045,264242,Herzog Karl von Württemberg.,0,mir,PPER,sich,33224,Herzog Karl von Württemberg.,0
tg,rfd2.0,264045,264242,Herzog Karl von Württemberg.,0,beides,PIS,beide,33224,,
tg,rfd2.0,264045,264242,Herzog Karl von Württemberg.,0,versprechen,VVFIN,versprechen,33224,,
tg,rfd2.0,264045,264242,Herzog Karl von Württemberg.,0,?,$.,--,33224,,
tg,rfd2.0,264248,264502,SCHILLER,29,O,NE,O,33224,,
tg,rfd2.0,264248,264502,SCHILLER,29,",","$,",--,33224,,
tg,rfd2.0,264248,264502,SCHILLER,29,meine,PPOSAT,mein,33224,SCHILLER,29
tg,rfd2.0,264248,264502,SCHILLER,29,Täuschung,NN,täuschung,33224,,
tg,rfd2.0,264248,264502,SCHILLER,29,"!",$.,--,33224,,
tg,rfd2.0,264248,264502,SCHILLER,29,–,XY,–,33224,,
tg,rfd2.0,264248,264502,SCHILLER,29,Versprechen,NN,versprechen,33224,,
tg,rfd2.0,264248,264502,SCHILLER,29,",","$,",--,33224,,
tg,rfd2.0,264248,264502,SCHILLER,29,daß,KOUS,daß,33224,,
tg,rfd2.0,264248,264502,SCHILLER,29,ich,PPER,ich,33224,SCHILLER,29
tg,rfd2.0,264248,264502,SCHILLER,29,zertreten,VVINF,zertreten,33224,,
tg,rfd2.0,264248,264502,SCHILLER,29,lasse,VVFIN,lassen,33224,,
tg,rfd2.0,264248,264502,SCHILLER,29,",","$,",--,33224,,
tg,rfd2.0,264248,264502,SCHILLER,29,was,PWS,was,33224,,
tg,rfd2.0,264248,264502,SCHILLER,29,Lebendiges,NN,lebendige,33224,,
tg,rfd2.0,264248,264502,SCHILLER,29,",","$,",--,33224,,
tg,rfd2.0,264248,264502,SCHILLER,29,was,PWS,was,33224,,
tg,rfd2.0,264248,264502,SCHILLER,29,Eigentümliches,NN,eigentümlich,33224,,
tg,rfd2.0,264248,264502,SCHILLER,29,in,APPR,in,33224,,
tg,rfd2.0,264248,264502,SCHILLER,29,mir,PPER,sich,33224,SCHILLER,29
tg,rfd2.0,264248,264502,SCHILLER,29,ist,VAFIN,sein,33224,,
tg,rfd2.0,264248,264502,SCHILLER,29,",","$,",--,33224,,
tg,rfd2.0,264248,264502,SCHILLER,29,versprechen,VVFIN,versprechen,33224,,
tg,rfd2.0,264248,264502,SCHILLER,29,",","$,",--,33224,,
tg,rfd2.0,264248,264502,SCHILLER,29,daß,KOUS,daß,33224,,
tg,rfd2.0,264248,264502,SCHILLER,29,ich,PPER,ich,33224,SCHILLER,29
tg,rfd2.0,264248,264502,SCHILLER,29,mein,PPOSAT,mein,33224,SCHILLER,29
tg,rfd2.0,264248,264502,SCHILLER,29,besseres,ADJA,gute,33224,,
tg,rfd2.0,264248,264502,SCHILLER,29,Selbst,ADV,selbst,33224,,
tg,rfd2.0,264248,264502,SCHILLER,29,töten,VVINF,töten,33224,,
tg,rfd2.0,264248,264502,SCHILLER,29,lassen,VVINF,lassen,33224,,
tg,rfd2.0,264248,264502,SCHILLER,29,will,VMFIN,wollen,33224,,
tg,rfd2.0,264248,264502,SCHILLER,29,–,XY,–,33224,,
tg,rfd2.0,264248,264502,SCHILLER,29,Ausbrechend,NN,ausbrechend,33224,,
tg,rfd2.0,264248,264502,SCHILLER,29,.,$.,--,33224,,
tg,rfd2.0,264248,264502,SCHILLER,29,beim,APPRART,bei,33224,,
tg,rfd2.0,264248,264502,SCHILLER,29,allmächtigen,ADJA,allmächtig,33224,,
tg,rfd2.0,264248,264502,SCHILLER,29,Gott,NN,gott,33224,,
tg,rfd2.0,264248,264502,SCHILLER,29,im,APPRART,in,33224,,
tg,rfd2.0,264248,264502,SCHILLER,29,Himmel,NN,himmel,33224,,
tg,rfd2.0,264248,264502,SCHILLER,29,",","$,",--,33224,,
tg,rfd2.0,264248,264502,SCHILLER,29,das,PDS,der,33224,,
tg,rfd2.0,264248,264502,SCHILLER,29,kann,VMFIN,können,33224,,
tg,rfd2.0,264248,264502,SCHILLER,29,ich,PPER,ich,33224,SCHILLER,29
tg,rfd2.0,264248,264502,SCHILLER,29,nicht,PTKNEG,nicht,33224,,
tg,rfd2.0,264248,264502,SCHILLER,29,"!",$.,--,33224,,
tg,rfd2.0,264507,264650,Herzog Karl von Württemberg.,0,Nicht,PTKNEG,nicht,33224,,
tg,rfd2.0,264507,264650,Herzog Karl von Württemberg.,0,?,$.,--,33224,,
tg,rfd2.0,264507,264650,Herzog Karl von Württemberg.,0,Sich,PRF,sich,33224,,
tg,rfd2.0,264507,264650,Herzog Karl von Württemberg.,0,zusammennehmend,ADJD,zusammennehmend,33224,,
tg,rfd2.0,264507,264650,Herzog Karl von Württemberg.,0,.,$.,--,33224,,
tg,rfd2.0,264507,264650,Herzog Karl von Württemberg.,0,Überleg,ADV,überleg,33224,,
tg,rfd2.0,264507,264650,Herzog Karl von Württemberg.,0,Er,PPER,er,33224,,
tg,rfd2.0,264507,264650,Herzog Karl von Württemberg.,0,sich's,VVFIN,sich,33224,,
tg,rfd2.0,264507,264650,Herzog Karl von Württemberg.,0,"!",$.,--,33224,,
tg,rfd2.0,264507,264650,Herzog Karl von Württemberg.,0,Sein,PPOSAT,sein,33224,,
tg,rfd2.0,264507,264650,Herzog Karl von Württemberg.,0,ganzes,ADJA,ganz,33224,,
tg,rfd2.0,264507,264650,Herzog Karl von Württemberg.,0,Leben,NN,leben,33224,,
tg,rfd2.0,264507,264650,Herzog Karl von Württemberg.,0,steht,VVFIN,stehen,33224,,
tg,rfd2.0,264507,264650,Herzog Karl von Württemberg.,0,auf,APPR,auf,33224,,
tg,rfd2.0,264507,264650,Herzog Karl von Württemberg.,0,dem,ART,der,33224,,
tg,rfd2.0,264507,264650,Herzog Karl von Württemberg.,0,Spiele,NN,spiel,33224,,
tg,rfd2.0,264507,264650,Herzog Karl von Württemberg.,0,"!",$.,--,33224,,
tg,rfd2.0,264507,264650,Herzog Karl von Württemberg.,0,Das,ART,der,33224,,
tg,rfd2.0,264507,264650,Herzog Karl von Württemberg.,0,Herzensleben,NN,herzensleben,33224,,
tg,rfd2.0,264507,264650,Herzog Karl von Württemberg.,0,wie,KOKOM,wie,33224,,
tg,rfd2.0,264507,264650,Herzog Karl von Württemberg.,0,das,ART,der,33224,,
tg,rfd2.0,264507,264650,Herzog Karl von Württemberg.,0,bürgerliche,ADJA,bürgerlich,33224,,
tg,rfd2.0,264507,264650,Herzog Karl von Württemberg.,0,.,$.,--,33224,,
tg,rfd2.0,264655,264739,SCHILLER,29,Das,ART,der,33224,,
tg,rfd2.0,264655,264739,SCHILLER,29,Herzensleben,NN,herzensleben,33224,,
tg,rfd2.0,264655,264739,SCHILLER,29,–,VVFIN,–,33224,,
tg,rfd2.0,264655,264739,SCHILLER,29,o,ADV,O,33224,,
tg,rfd2.0,264655,264739,SCHILLER,29,Gott,NN,gott,33224,,
tg,rfd2.0,264655,264739,SCHILLER,29,"!",$.,--,33224,,
tg,rfd2.0,264655,264739,SCHILLER,29,–,XY,–,33224,,
tg,rfd2.0,264655,264739,SCHILLER,29,–,XY,–,33224,,
tg,rfd2.0,264655,264739,SCHILLER,29,Nein,PTKANT,nein,33224,,
tg,rfd2.0,264655,264739,SCHILLER,29,"!",$.,--,33224,,
tg,rfd2.0,264655,264739,SCHILLER,29,"!",$.,--,33224,,
tg,rfd2.0,264655,264739,SCHILLER,29,Nein,PTKANT,nein,33224,,
tg,rfd2.0,264655,264739,SCHILLER,29,"!",$.,--,33224,,
tg,rfd2.0,264655,264739,SCHILLER,29,Lieber,ADJD,lieb,33224,,
tg,rfd2.0,264655,264739,SCHILLER,29,sterben,VVFIN,sterben,33224,,
tg,rfd2.0,264655,264739,SCHILLER,29,als,APPR,als,33224,,
tg,rfd2.0,264655,264739,SCHILLER,29,verderben,ADJA,verderben,33224,,
tg,rfd2.0,264655,264739,SCHILLER,29,"!",$.,--,33224,,
tg,rfd2.0,264744,264877,Herzog Karl von Württemberg.,0,So,ADV,so,33224,,
tg,rfd2.0,264744,264877,Herzog Karl von Württemberg.,0,fahre,VVFIN,fahren,33224,,
tg,rfd2.0,264744,264877,Herzog Karl von Württemberg.,0,hin,PTKVZ,hin,33224,,
tg,rfd2.0,264744,264877,Herzog Karl von Württemberg.,0,"!",$.,--,33224,,
tg,rfd2.0,264744,264877,Herzog Karl von Württemberg.,0,Stehenbleibend,NN,stehenbleibend,33224,,
tg,rfd2.0,264744,264877,Herzog Karl von Württemberg.,0,und,KON,und,33224,,
tg,rfd2.0,264744,264877,Herzog Karl von Württemberg.,0,mit,APPR,mit,33224,,
tg,rfd2.0,264744,264877,Herzog Karl von Württemberg.,0,voller,ADJA,voll,33224,,
tg,rfd2.0,264744,264877,Herzog Karl von Württemberg.,0,Kraft,NN,kraft,33224,,
tg,rfd2.0,264744,264877,Herzog Karl von Württemberg.,0,.,$.,--,33224,,
tg,rfd2.0,264744,264877,Herzog Karl von Württemberg.,0,Für,APPR,für,33224,,
tg,rfd2.0,264744,264877,Herzog Karl von Württemberg.,0,diese,PDAT,dieser,33224,,
tg,rfd2.0,264744,264877,Herzog Karl von Württemberg.,0,Welt,NN,welt,33224,,
tg,rfd2.0,264744,264877,Herzog Karl von Württemberg.,0,bist,VAFIN,sein,33224,,
tg,rfd2.0,264744,264877,Herzog Karl von Württemberg.,0,du,PPER,du,33224,,
tg,rfd2.0,264744,264877,Herzog Karl von Württemberg.,0,verloren,PTKVZ,verlieren,33224,,
tg,rfd2.0,264744,264877,Herzog Karl von Württemberg.,0,.,$.,--,33224,,
tg,rfd2.0,264883,264938,SCHILLER,29,Verloren,NN,verloren,33224,,
tg,rfd2.0,264883,264938,SCHILLER,29,",","$,",--,33224,,
tg,rfd2.0,264883,264938,SCHILLER,29,weil,KOUS,weil,33224,,
tg,rfd2.0,264883,264938,SCHILLER,29,ich,PPER,ich,33224,SCHILLER,29
tg,rfd2.0,264883,264938,SCHILLER,29,nicht,PTKNEG,nicht,33224,,
tg,rfd2.0,264883,264938,SCHILLER,29,Sklave,NN,sklave,33224,,
tg,rfd2.0,264883,264938,SCHILLER,29,werden,VAINF,werden,33224,,
tg,rfd2.0,264883,264938,SCHILLER,29,will,VMFIN,wollen,33224,,
tg,rfd2.0,264883,264938,SCHILLER,29,.,$.,--,33224,,
tg,rfd2.0,264943,264997,Herzog Karl von Württemberg.,0,Weil,KOUS,weil,33224,,
tg,rfd2.0,264943,264997,Herzog Karl von Württemberg.,0,Er,PPER,er,33224,,
tg,rfd2.0,264943,264997,Herzog Karl von Württemberg.,0,Seinem,PPOSAT,sein,33224,,
tg,rfd2.0,264943,264997,Herzog Karl von Württemberg.,0,Fürsten,NN,fürst,33224,,
tg,rfd2.0,264943,264997,Herzog Karl von Württemberg.,0,und,KON,und,33224,,
tg,rfd2.0,264943,264997,Herzog Karl von Württemberg.,0,Herrn,NN,herr,33224,,
tg,rfd2.0,264943,264997,Herzog Karl von Württemberg.,0,widerstrebt,VVFIN,widerstreben,33224,,
tg,rfd2.0,264943,264997,Herzog Karl von Württemberg.,0,.,$.,--,33224,,
tg,rfd2.0,265002,265077,SCHILLER,29,Die,ART,der,33224,,
tg,rfd2.0,265002,265077,SCHILLER,29,Welt,NN,welt,33224,,
tg,rfd2.0,265002,265077,SCHILLER,29,meines,PPOSAT,mein,33224,SCHILLER,29
tg,rfd2.0,265002,265077,SCHILLER,29,Geistes,NN,geist,33224,,
tg,rfd2.0,265002,265077,SCHILLER,29,gehört,VVFIN,gehören,33224,,
tg,rfd2.0,265002,265077,SCHILLER,29,meinem,PPOSAT,mein,33224,SCHILLER,29
tg,rfd2.0,265002,265077,SCHILLER,29,Vaterlande,NN,vaterlande,33224,,
tg,rfd2.0,265002,265077,SCHILLER,29,",","$,",--,33224,,
tg,rfd2.0,265002,265077,SCHILLER,29,meiner,PPOSAT,mein,33224,SCHILLER,29
tg,rfd2.0,265002,265077,SCHILLER,29,Nation,NN,nation,33224,,
tg,rfd2.0,265002,265077,SCHILLER,29,.,$.,--,33224,,
tg,rfd2.0,265082,265131,Herzog Karl von Württemberg.,0,Sein,PPOSAT,sein,33224,,
tg,rfd2.0,265082,265131,Herzog Karl von Württemberg.,0,Vaterland,NN,vaterland,33224,,
tg,rfd2.0,265082,265131,Herzog Karl von Württemberg.,0,und,KON,und,33224,,
tg,rfd2.0,265082,265131,Herzog Karl von Württemberg.,0,Seine,PPOSAT,sein,33224,,
tg,rfd2.0,265082,265131,Herzog Karl von Württemberg.,0,Nation,NN,nation,33224,,
tg,rfd2.0,265082,265131,Herzog Karl von Württemberg.,0,bin,VAFIN,sein,33224,,
tg,rfd2.0,265082,265131,Herzog Karl von Württemberg.,0,ich,PPER,ich,33224,Herzog Karl von Württemberg.,0
tg,rfd2.0,265082,265131,Herzog Karl von Württemberg.,0,"!",$.,--,33224,,
tg,rfd2.0,265136,265397,SCHILLER,29,Das,PDS,der,33224,,
tg,rfd2.0,265136,265397,SCHILLER,29,sind,VAFIN,sein,33224,,
tg,rfd2.0,265136,265397,SCHILLER,29,Sie,PPER,sie,33224,,
tg,rfd2.0,265136,265397,SCHILLER,29,nicht,PTKNEG,nicht,33224,,
tg,rfd2.0,265136,265397,SCHILLER,29,"!",$.,--,33224,,
tg,rfd2.0,265136,265397,SCHILLER,29,–,XY,–,33224,,
tg,rfd2.0,265136,265397,SCHILLER,29,Verzeihung,NN,verzeihung,33224,,
tg,rfd2.0,265136,265397,SCHILLER,29,"!",$.,--,33224,,
tg,rfd2.0,265136,265397,SCHILLER,29,Aber,KON,aber,33224,,
tg,rfd2.0,265136,265397,SCHILLER,29,ich,PPER,ich,33224,SCHILLER,29
tg,rfd2.0,265136,265397,SCHILLER,29,muß,VMFIN,müssen,33224,,
tg,rfd2.0,265136,265397,SCHILLER,29,sagen,VVINF,sagen,33224,,
tg,rfd2.0,265136,265397,SCHILLER,29,",","$,",--,33224,,
tg,rfd2.0,265136,265397,SCHILLER,29,was,PWS,was,33224,,
tg,rfd2.0,265136,265397,SCHILLER,29,ich,PPER,ich,33224,SCHILLER,29
tg,rfd2.0,265136,265397,SCHILLER,29,weiß,VVFIN,weiß,33224,,
tg,rfd2.0,265136,265397,SCHILLER,29,"!",$.,--,33224,,
tg,rfd2.0,265136,265397,SCHILLER,29,Der,ART,der,33224,,
tg,rfd2.0,265136,265397,SCHILLER,29,Größte,ADJA,groß,33224,,
tg,rfd2.0,265136,265397,SCHILLER,29,und,KON,und,33224,,
tg,rfd2.0,265136,265397,SCHILLER,29,Gewaltigste,NN,gewaltigst,33224,,
tg,rfd2.0,265136,265397,SCHILLER,29,ist,VAFIN,sein,33224,,
tg,rfd2.0,265136,265397,SCHILLER,29,nur,ADV,nur,33224,,
tg,rfd2.0,265136,265397,SCHILLER,29,ein,ART,ein,33224,,
tg,rfd2.0,265136,265397,SCHILLER,29,Teil,NN,teil,33224,,
tg,rfd2.0,265136,265397,SCHILLER,29,des,ART,der,33224,,
tg,rfd2.0,265136,265397,SCHILLER,29,Ganzen,NN,ganze,33224,,
tg,rfd2.0,265136,265397,SCHILLER,29,",","$,",--,33224,,
tg,rfd2.0,265136,265397,SCHILLER,29,und,KON,und,33224,,
tg,rfd2.0,265136,265397,SCHILLER,29,nur,ADV,nur,33224,,
tg,rfd2.0,265136,265397,SCHILLER,29,der,ART,der,33224,,
tg,rfd2.0,265136,265397,SCHILLER,29,Tyrann,NN,tyrann,33224,,
tg,rfd2.0,265136,265397,SCHILLER,29,überhebt,VVFIN,überheben,33224,,
tg,rfd2.0,265136,265397,SCHILLER,29,sich,PRF,sich,33224,,
tg,rfd2.0,265136,265397,SCHILLER,29,dessen,PDAT,der,33224,,
tg,rfd2.0,265136,265397,SCHILLER,29,und,KON,und,33224,,
tg,rfd2.0,265136,265397,SCHILLER,29,tastet,VVFIN,tasten,33224,,
tg,rfd2.0,265136,265397,SCHILLER,29,an,APPR,an,33224,,
tg,rfd2.0,265136,265397,SCHILLER,29,das,ART,der,33224,,
tg,rfd2.0,265136,265397,SCHILLER,29,verschleierte,ADJA,verschleiert,33224,,
tg,rfd2.0,265136,265397,SCHILLER,29,Bild,NN,bild,33224,,
tg,rfd2.0,265136,265397,SCHILLER,29,des,ART,der,33224,,
tg,rfd2.0,265136,265397,SCHILLER,29,Weltgeistes,NN,weltgeist,33224,,
tg,rfd2.0,265136,265397,SCHILLER,29,",","$,",--,33224,,
tg,rfd2.0,265136,265397,SCHILLER,29,des,ART,der,33224,,
tg,rfd2.0,265136,265397,SCHILLER,29,Vaterlandes,NN,vaterland,33224,,
tg,rfd2.0,265136,265397,SCHILLER,29,und,KON,und,33224,,
tg,rfd2.0,265136,265397,SCHILLER,29,der,ART,der,33224,,
tg,rfd2.0,265136,265397,SCHILLER,29,Zukunft,NN,zukunft,33224,,
tg,rfd2.0,265136,265397,SCHILLER,29,.,$.,--,33224,,
tg,rfd2.0,265402,265581,Herzog Karl von Württemberg.,0,Und,KON,und,33224,,
tg,rfd2.0,265402,265581,Herzog Karl von Württemberg.,0,reißt,VVFIN,reißen,33224,,
tg,rfd2.0,265402,265581,Herzog Karl von Württemberg.,0,den,ART,der,33224,,
tg,rfd2.0,265402,265581,Herzog Karl von Württemberg.,0,Schleier,NN,schleier,33224,,
tg,rfd2.0,265402,265581,Herzog Karl von Württemberg.,0,herunter,PTKVZ,herunter,33224,,
tg,rfd2.0,265402,265581,Herzog Karl von Württemberg.,0,vom,APPRART,von,33224,,
tg,rfd2.0,265402,265581,Herzog Karl von Württemberg.,0,Götzenbilde,NN,götzenbilde,33224,,
tg,rfd2.0,265402,265581,Herzog Karl von Württemberg.,0,und,KON,und,33224,,
tg,rfd2.0,265402,265581,Herzog Karl von Württemberg.,0,stürzt,VVFIN,stürzen,33224,,
tg,rfd2.0,265402,265581,Herzog Karl von Württemberg.,0,es,PPER,es,33224,,
tg,rfd2.0,265402,265581,Herzog Karl von Württemberg.,0,samt,APPR,samt,33224,,
tg,rfd2.0,265402,265581,Herzog Karl von Württemberg.,0,den,ART,der,33224,,
tg,rfd2.0,265402,265581,Herzog Karl von Württemberg.,0,Baalspriestern,NN,baalspriester,33224,,
tg,rfd2.0,265402,265581,Herzog Karl von Württemberg.,0,in,APPR,in,33224,,
tg,rfd2.0,265402,265581,Herzog Karl von Württemberg.,0,den,ART,der,33224,,
tg,rfd2.0,265402,265581,Herzog Karl von Württemberg.,0,Abgrund,NN,abgrund,33224,,
tg,rfd2.0,265402,265581,Herzog Karl von Württemberg.,0,"!",$.,--,33224,,
tg,rfd2.0,265402,265581,Herzog Karl von Württemberg.,0,Solch,PIDAT,solch,33224,,
tg,rfd2.0,265402,265581,Herzog Karl von Württemberg.,0,ein,ART,ein,33224,,
tg,rfd2.0,265402,265581,Herzog Karl von Württemberg.,0,Tyrann,NN,tyrann,33224,,
tg,rfd2.0,265402,265581,Herzog Karl von Württemberg.,0,will,VMFIN,wollen,33224,,
tg,rfd2.0,265402,265581,Herzog Karl von Württemberg.,0,ich,PPER,ich,33224,Herzog Karl von Württemberg.,0
tg,rfd2.0,265402,265581,Herzog Karl von Württemberg.,0,sein,VAINF,sein,33224,,
tg,rfd2.0,265402,265581,Herzog Karl von Württemberg.,0,",","$,",--,33224,,
tg,rfd2.0,265402,265581,Herzog Karl von Württemberg.,0,so,ADV,so,33224,,
tg,rfd2.0,265402,265581,Herzog Karl von Württemberg.,0,wahr,ADJD,wahr,33224,,
tg,rfd2.0,265402,265581,Herzog Karl von Württemberg.,0,der,ART,der,33224,,
tg,rfd2.0,265402,265581,Herzog Karl von Württemberg.,0,Himmel,NN,himmel,33224,,
tg,rfd2.0,265402,265581,Herzog Karl von Württemberg.,0,über,APPR,über,33224,,
tg,rfd2.0,265402,265581,Herzog Karl von Württemberg.,0,mir,PPER,sich,33224,Herzog Karl von Württemberg.,0
tg,rfd2.0,265402,265581,Herzog Karl von Württemberg.,0,donnert,VVFIN,donnern,33224,,
tg,rfd2.0,265402,265581,Herzog Karl von Württemberg.,0,"!",$.,--,33224,,
tg,rfd2.0,265586,265901,SCHILLER,29,Und,KON,und,33224,,
tg,rfd2.0,265586,265901,SCHILLER,29,wenn,KOUS,wenn,33224,,
tg,rfd2.0,265586,265901,SCHILLER,29,dies,PDS,dieser,33224,,
tg,rfd2.0,265586,265901,SCHILLER,29,Götzenbild,NN,götzenbild,33224,,
tg,rfd2.0,265586,265901,SCHILLER,29,»,XY,»,33224,,
tg,rfd2.0,265586,265901,SCHILLER,29,Weltgeist,NN,weltgeist,33224,,
tg,rfd2.0,265586,265901,SCHILLER,29,",","$,",--,33224,,
tg,rfd2.0,265586,265901,SCHILLER,29,Vaterland,NE,vaterland,33224,,
tg,rfd2.0,265586,265901,SCHILLER,29,und,KON,und,33224,,
tg,rfd2.0,265586,265901,SCHILLER,29,Zukunft,NN,zukunft,33224,,
tg,rfd2.0,265586,265901,SCHILLER,29,«,VVFIN,«,33224,,
tg,rfd2.0,265586,265901,SCHILLER,29,eine,ART,ein,33224,,
tg,rfd2.0,265586,265901,SCHILLER,29,Gottheit,NN,gottheit,33224,,
tg,rfd2.0,265586,265901,SCHILLER,29,ist,VAFIN,sein,33224,,
tg,rfd2.0,265586,265901,SCHILLER,29,",","$,",--,33224,,
tg,rfd2.0,265586,265901,SCHILLER,29,und,KON,und,33224,,
tg,rfd2.0,265586,265901,SCHILLER,29,den,ART,der,33224,,
tg,rfd2.0,265586,265901,SCHILLER,29,Tyrannen,NN,tyranne,33224,,
tg,rfd2.0,265586,265901,SCHILLER,29,mit,APPR,mit,33224,,
tg,rfd2.0,265586,265901,SCHILLER,29,einem,ART,ein,33224,,
tg,rfd2.0,265586,265901,SCHILLER,29,Wetterstrahle,NN,wetterstrahle,33224,,
tg,rfd2.0,265586,265901,SCHILLER,29,in,APPR,in,33224,,
tg,rfd2.0,265586,265901,SCHILLER,29,Staub,NN,staub,33224,,
tg,rfd2.0,265586,265901,SCHILLER,29,und,KON,und,33224,,
tg,rfd2.0,265586,265901,SCHILLER,29,Tod,NN,tod,33224,,
tg,rfd2.0,265586,265901,SCHILLER,29,darniederwirft,VVFIN,darniederwerfen,33224,,
tg,rfd2.0,265586,265901,SCHILLER,29,bei,APPR,bei,33224,,
tg,rfd2.0,265586,265901,SCHILLER,29,der,ART,der,33224,,
tg,rfd2.0,265586,265901,SCHILLER,29,Berührung,NN,berührung,33224,,
tg,rfd2.0,265586,265901,SCHILLER,29,?,$.,--,33224,,
tg,rfd2.0,265586,265901,SCHILLER,29,"!",$.,--,33224,,
tg,rfd2.0,265586,265901,SCHILLER,29,Kurze,ADJA,kurz,33224,,
tg,rfd2.0,265586,265901,SCHILLER,29,Pause,NN,pause,33224,,
tg,rfd2.0,265586,265901,SCHILLER,29,.,$.,--,33224,,
tg,rfd2.0,265586,265901,SCHILLER,29,Dies,PDS,dieser,33224,,
tg,rfd2.0,265586,265901,SCHILLER,29,Bild,NN,bild,33224,,
tg,rfd2.0,265586,265901,SCHILLER,29,ist,VAFIN,sein,33224,,
tg,rfd2.0,265586,265901,SCHILLER,29,eine,ART,ein,33224,,
tg,rfd2.0,265586,265901,SCHILLER,29,Gottheit,NN,gottheit,33224,,
tg,rfd2.0,265586,265901,SCHILLER,29,",","$,",--,33224,,
tg,rfd2.0,265586,265901,SCHILLER,29,Fürst,NN,fürst,33224,,
tg,rfd2.0,265586,265901,SCHILLER,29,"!",$.,--,33224,,
tg,rfd2.0,265586,265901,SCHILLER,29,Vergreifen,NN,vergreifen,33224,,
tg,rfd2.0,265586,265901,SCHILLER,29,Sie,PPER,sie,33224,,
tg,rfd2.0,265586,265901,SCHILLER,29,sich,PRF,sich,33224,,
tg,rfd2.0,265586,265901,SCHILLER,29,nicht,PTKNEG,nicht,33224,,
tg,rfd2.0,265586,265901,SCHILLER,29,an,APPR,an,33224,,
tg,rfd2.0,265586,265901,SCHILLER,29,der,ART,der,33224,,
tg,rfd2.0,265586,265901,SCHILLER,29,Zukunft,NN,zukunft,33224,,
tg,rfd2.0,265586,265901,SCHILLER,29,",","$,",--,33224,,
tg,rfd2.0,265586,265901,SCHILLER,29,Sie,PPER,sie,33224,,
tg,rfd2.0,265586,265901,SCHILLER,29,sind,VAFIN,sein,33224,,
tg,rfd2.0,265586,265901,SCHILLER,29,auch,ADV,auch,33224,,
tg,rfd2.0,265586,265901,SCHILLER,29,nur,ADV,nur,33224,,
tg,rfd2.0,265586,265901,SCHILLER,29,ein,ART,ein,33224,,
tg,rfd2.0,265586,265901,SCHILLER,29,sterblicher,ADJA,sterblich,33224,,
tg,rfd2.0,265586,265901,SCHILLER,29,Mensch,NN,mensch,33224,,
tg,rfd2.0,265586,265901,SCHILLER,29,"!",$.,--,33224,,
tg,rfd2.0,265906,266537,Herzog Karl von Württemberg.,0,Verwegener,ADJA,verwegener,33224,,
tg,rfd2.0,265906,266537,Herzog Karl von Württemberg.,0,–,NN,–,33224,,
tg,rfd2.0,265906,266537,Herzog Karl von Württemberg.,0,"!",$.,--,33224,,
tg,rfd2.0,265906,266537,Herzog Karl von Württemberg.,0,–,XY,–,33224,,
tg,rfd2.0,265906,266537,Herzog Karl von Württemberg.,0,Kurze,ADJA,kurz,33224,,
tg,rfd2.0,265906,266537,Herzog Karl von Württemberg.,0,Pause,NN,pause,33224,,
tg,rfd2.0,265906,266537,Herzog Karl von Württemberg.,0,.,$.,--,33224,,
tg,rfd2.0,265906,266537,Herzog Karl von Württemberg.,0,Nahe,NE,nahe,33224,,
tg,rfd2.0,265906,266537,Herzog Karl von Württemberg.,0,zu,APPR,zu,33224,,
tg,rfd2.0,265906,266537,Herzog Karl von Württemberg.,0,ihm,PPER,ihm,33224,,
tg,rfd2.0,265906,266537,Herzog Karl von Württemberg.,0,tretend,ADJD,tretend,33224,,
tg,rfd2.0,265906,266537,Herzog Karl von Württemberg.,0,und,KON,und,33224,,
tg,rfd2.0,265906,266537,Herzog Karl von Württemberg.,0,ihn,PPER,ihn,33224,,
tg,rfd2.0,265906,266537,Herzog Karl von Württemberg.,0,mit,APPR,mit,33224,,
tg,rfd2.0,265906,266537,Herzog Karl von Württemberg.,0,den,PDS,der,33224,,
tg,rfd2.0,265906,266537,Herzog Karl von Württemberg.,0,Blicken,VVFIN,blick,33224,,
tg,rfd2.0,265906,266537,Herzog Karl von Württemberg.,0,messend,ADJD,messend,33224,,
tg,rfd2.0,265906,266537,Herzog Karl von Württemberg.,0,",","$,",--,33224,,
tg,rfd2.0,265906,266537,Herzog Karl von Württemberg.,0,anfangs,ADV,anfangs,33224,,
tg,rfd2.0,265906,266537,Herzog Karl von Württemberg.,0,leise,ADJD,leise,33224,,
tg,rfd2.0,265906,266537,Herzog Karl von Württemberg.,0,.,$.,--,33224,,
tg,rfd2.0,265906,266537,Herzog Karl von Württemberg.,0,Dreister,NN,dreister,33224,,
tg,rfd2.0,265906,266537,Herzog Karl von Württemberg.,0,Schüler,NN,schüler,33224,,
tg,rfd2.0,265906,266537,Herzog Karl von Württemberg.,0,"!",$.,--,33224,,
tg,rfd2.0,265906,266537,Herzog Karl von Württemberg.,0,Ich,PPER,ich,33224,,
tg,rfd2.0,265906,266537,Herzog Karl von Württemberg.,0,bin,VAFIN,sein,33224,,
tg,rfd2.0,265906,266537,Herzog Karl von Württemberg.,0,als,APPR,als,33224,,
tg,rfd2.0,265906,266537,Herzog Karl von Württemberg.,0,Herr,NN,herr,33224,,
tg,rfd2.0,265906,266537,Herzog Karl von Württemberg.,0,was,PWS,was,33224,,
tg,rfd2.0,265906,266537,Herzog Karl von Württemberg.,0,Besseres,NN,gute,33224,,
tg,rfd2.0,265906,266537,Herzog Karl von Württemberg.,0,denn,ADV,denn,33224,,
tg,rfd2.0,265906,266537,Herzog Karl von Württemberg.,0,ihr,PPER,ihr,33224,,
tg,rfd2.0,265906,266537,Herzog Karl von Württemberg.,0,.,$.,--,33224,,
tg,rfd2.0,265906,266537,Herzog Karl von Württemberg.,0,Das,ART,der,33224,,
tg,rfd2.0,265906,266537,Herzog Karl von Württemberg.,0,willst,VMFIN,wollen,33224,,
tg,rfd2.0,265906,266537,Herzog Karl von Württemberg.,0,du,PPER,du,33224,,
tg,rfd2.0,265906,266537,Herzog Karl von Württemberg.,0,verleugnen,VVINF,verleugnen,33224,,
tg,rfd2.0,265906,266537,Herzog Karl von Württemberg.,0,",","$,",--,33224,,
tg,rfd2.0,265906,266537,Herzog Karl von Württemberg.,0,und,KON,und,33224,,
tg,rfd2.0,265906,266537,Herzog Karl von Württemberg.,0,daher,PROAV,daher,33224,,
tg,rfd2.0,265906,266537,Herzog Karl von Württemberg.,0,der,ART,der,33224,,
tg,rfd2.0,265906,266537,Herzog Karl von Württemberg.,0,tödliche,ADJA,tödlich,33224,,
tg,rfd2.0,265906,266537,Herzog Karl von Württemberg.,0,Zwiespalt,NN,zwiespalt,33224,,
tg,rfd2.0,265906,266537,Herzog Karl von Württemberg.,0,.,$.,--,33224,,
tg,rfd2.0,265906,266537,Herzog Karl von Württemberg.,0,Bringt,VVFIN,bringen,33224,,
tg,rfd2.0,265906,266537,Herzog Karl von Württemberg.,0,ihr,PPER,ihr,33224,,
tg,rfd2.0,265906,266537,Herzog Karl von Württemberg.,0,die,ART,der,33224,,
tg,rfd2.0,265906,266537,Herzog Karl von Württemberg.,0,Welt,NN,welt,33224,,
tg,rfd2.0,265906,266537,Herzog Karl von Württemberg.,0,einmal,ADV,einmal,33224,,
tg,rfd2.0,265906,266537,Herzog Karl von Württemberg.,0,zu,APPR,zu,33224,,
tg,rfd2.0,265906,266537,Herzog Karl von Württemberg.,0,eurem,ADJA,dein,33224,,
tg,rfd2.0,265906,266537,Herzog Karl von Württemberg.,0,Unglauben,NN,unglaube,33224,,
tg,rfd2.0,265906,266537,Herzog Karl von Württemberg.,0,",","$,",--,33224,,
tg,rfd2.0,265906,266537,Herzog Karl von Württemberg.,0,dann,ADV,dann,33224,,
tg,rfd2.0,265906,266537,Herzog Karl von Württemberg.,0,sehet,ADJD,sehet,33224,,
tg,rfd2.0,265906,266537,Herzog Karl von Württemberg.,0,zu,PTKVZ,zu,33224,,
tg,rfd2.0,265906,266537,Herzog Karl von Württemberg.,0,",","$,",--,33224,,
tg,rfd2.0,265906,266537,Herzog Karl von Württemberg.,0,wie's,PWAV,wie,33224,,
tg,rfd2.0,265906,266537,Herzog Karl von Württemberg.,0,euch,PRF,euch,33224,,
tg,rfd2.0,265906,266537,Herzog Karl von Württemberg.,0,bekommt,VVFIN,bekommen,33224,,
tg,rfd2.0,265906,266537,Herzog Karl von Württemberg.,0,.,$.,--,33224,,
tg,rfd2.0,265906,266537,Herzog Karl von Württemberg.,0,Ich,PPER,ich,33224,,
tg,rfd2.0,265906,266537,Herzog Karl von Württemberg.,0,will,VMFIN,wollen,33224,,
tg,rfd2.0,265906,266537,Herzog Karl von Württemberg.,0,und,KON,und,33224,,
tg,rfd2.0,265906,266537,Herzog Karl von Württemberg.,0,werd's,VVFIN,werd's,33224,,
tg,rfd2.0,265906,266537,Herzog Karl von Württemberg.,0,nicht,PTKNEG,nicht,33224,,
tg,rfd2.0,265906,266537,Herzog Karl von Württemberg.,0,erleben,VVINF,erleben,33224,,
tg,rfd2.0,265906,266537,Herzog Karl von Württemberg.,0,",","$,",--,33224,,
tg,rfd2.0,265906,266537,Herzog Karl von Württemberg.,0,und,KON,und,33224,,
tg,rfd2.0,265906,266537,Herzog Karl von Württemberg.,0,will,VMFIN,wollen,33224,,
tg,rfd2.0,265906,266537,Herzog Karl von Württemberg.,0,dafür,PROAV,dafür,33224,,
tg,rfd2.0,265906,266537,Herzog Karl von Württemberg.,0,sorgen,VVINF,sorgen,33224,,
tg,rfd2.0,265906,266537,Herzog Karl von Württemberg.,0,",","$,",--,33224,,
tg,rfd2.0,265906,266537,Herzog Karl von Württemberg.,0,daß,KOUS,daß,33224,,
tg,rfd2.0,265906,266537,Herzog Karl von Württemberg.,0,ich's,PPER,ich's,33224,,
tg,rfd2.0,265906,266537,Herzog Karl von Württemberg.,0,nicht,PTKNEG,nicht,33224,,
tg,rfd2.0,265906,266537,Herzog Karl von Württemberg.,0,erlebe,VVFIN,erleben,33224,,
tg,rfd2.0,265906,266537,Herzog Karl von Württemberg.,0,–,PPER,–,33224,,
tg,rfd2.0,265906,266537,Herzog Karl von Württemberg.,0,Ausbrechend,ADJD,ausbrechend,33224,,
tg,rfd2.0,265906,266537,Herzog Karl von Württemberg.,0,.,$.,--,33224,,
tg,rfd2.0,265906,266537,Herzog Karl von Württemberg.,0,wenn,KOUS,wenn,33224,,
tg,rfd2.0,265906,266537,Herzog Karl von Württemberg.,0,ich,PPER,ich,33224,Herzog Karl von Württemberg.,0
tg,rfd2.0,265906,266537,Herzog Karl von Württemberg.,0,Ihm,PPER,ihm,33224,,
tg,rfd2.0,265906,266537,Herzog Karl von Württemberg.,0,jetzt,ADV,jetzt,33224,,
tg,rfd2.0,265906,266537,Herzog Karl von Württemberg.,0,den,ART,der,33224,,
tg,rfd2.0,265906,266537,Herzog Karl von Württemberg.,0,Kopf,NN,kopf,33224,,
tg,rfd2.0,265906,266537,Herzog Karl von Württemberg.,0,vor,APPR,vor,33224,,
tg,rfd2.0,265906,266537,Herzog Karl von Württemberg.,0,die,ART,der,33224,,
tg,rfd2.0,265906,266537,Herzog Karl von Württemberg.,0,Füße,NN,fuß,33224,,
tg,rfd2.0,265906,266537,Herzog Karl von Württemberg.,0,legen,VVINF,legen,33224,,
tg,rfd2.0,265906,266537,Herzog Karl von Württemberg.,0,lasse,VVFIN,lassen,33224,,
tg,rfd2.0,265906,266537,Herzog Karl von Württemberg.,0,",","$,",--,33224,,
tg,rfd2.0,265906,266537,Herzog Karl von Württemberg.,0,so,ADV,so,33224,,
tg,rfd2.0,265906,266537,Herzog Karl von Württemberg.,0,kräht,VVFIN,krähen,33224,,
tg,rfd2.0,265906,266537,Herzog Karl von Württemberg.,0,kein,PIAT,kein,33224,,
tg,rfd2.0,265906,266537,Herzog Karl von Württemberg.,0,Hahn,NN,hahn,33224,,
tg,rfd2.0,265906,266537,Herzog Karl von Württemberg.,0,danach,PROAV,danach,33224,,
tg,rfd2.0,265906,266537,Herzog Karl von Württemberg.,0,",","$,",--,33224,,
tg,rfd2.0,265906,266537,Herzog Karl von Württemberg.,0,ich,PPER,ich,33224,Herzog Karl von Württemberg.,0
tg,rfd2.0,265906,266537,Herzog Karl von Württemberg.,0,kann's,VVFIN,kann,33224,,
tg,rfd2.0,265906,266537,Herzog Karl von Württemberg.,0,;,$.,--,33224,,
tg,rfd2.0,265906,266537,Herzog Karl von Württemberg.,0,Gott,NN,gott,33224,,
tg,rfd2.0,265906,266537,Herzog Karl von Württemberg.,0,gab,VVFIN,geben,33224,,
tg,rfd2.0,265906,266537,Herzog Karl von Württemberg.,0,Seine,PPOSAT,sein,33224,,
tg,rfd2.0,265906,266537,Herzog Karl von Württemberg.,0,Zukunft,NN,zukunft,33224,,
tg,rfd2.0,265906,266537,Herzog Karl von Württemberg.,0,in,APPR,in,33224,,
tg,rfd2.0,265906,266537,Herzog Karl von Württemberg.,0,meine,PPOSAT,mein,33224,Herzog Karl von Württemberg.,0
tg,rfd2.0,265906,266537,Herzog Karl von Württemberg.,0,Hand,NN,hand,33224,,
tg,rfd2.0,265906,266537,Herzog Karl von Württemberg.,0,",","$,",--,33224,,
tg,rfd2.0,265906,266537,Herzog Karl von Württemberg.,0,ich,PPER,ich,33224,Herzog Karl von Württemberg.,0
tg,rfd2.0,265906,266537,Herzog Karl von Württemberg.,0,mach,VVFIN,machen,33224,,
tg,rfd2.0,265906,266537,Herzog Karl von Württemberg.,0,',$[,--,33224,,
tg,rfd2.0,265906,266537,Herzog Karl von Württemberg.,0,Ihn,CARD,ihn,33224,,
tg,rfd2.0,265906,266537,Herzog Karl von Württemberg.,0,",","$,",--,33224,,
tg,rfd2.0,265906,266537,Herzog Karl von Württemberg.,0,zu,APPR,zu,33224,,
tg,rfd2.0,265906,266537,Herzog Karl von Württemberg.,0,was,PRELS,was,33224,,
tg,rfd2.0,265906,266537,Herzog Karl von Württemberg.,0,ich,PPER,ich,33224,Herzog Karl von Württemberg.,0
tg,rfd2.0,265906,266537,Herzog Karl von Württemberg.,0,will,VMFIN,wollen,33224,,
tg,rfd2.0,265906,266537,Herzog Karl von Württemberg.,0,",","$,",--,33224,,
tg,rfd2.0,265906,266537,Herzog Karl von Württemberg.,0,wenn,KOUS,wenn,33224,,
tg,rfd2.0,265906,266537,Herzog Karl von Württemberg.,0,ich,PPER,ich,33224,Herzog Karl von Württemberg.,0
tg,rfd2.0,265906,266537,Herzog Karl von Württemberg.,0,will,VMFIN,wollen,33224,,
tg,rfd2.0,265906,266537,Herzog Karl von Württemberg.,0,",","$,",--,33224,,
tg,rfd2.0,265906,266537,Herzog Karl von Württemberg.,0,zur,APPRART,zu,33224,,
tg,rfd2.0,265906,266537,Herzog Karl von Württemberg.,0,Leiche,NN,leiche,33224,,
tg,rfd2.0,265906,266537,Herzog Karl von Württemberg.,0,",","$,",--,33224,,
tg,rfd2.0,265906,266537,Herzog Karl von Württemberg.,0,ich,PPER,ich,33224,Herzog Karl von Württemberg.,0
tg,rfd2.0,265906,266537,Herzog Karl von Württemberg.,0,bin,VAFIN,sein,33224,,
tg,rfd2.0,265906,266537,Herzog Karl von Württemberg.,0,Sein,PPOSAT,sein,33224,,
tg,rfd2.0,265906,266537,Herzog Karl von Württemberg.,0,Herr,NN,herr,33224,,
tg,rfd2.0,265906,266537,Herzog Karl von Württemberg.,0,"!",$.,--,33224,,
tg,rfd2.0,266542,266772,SCHILLER,29,Ebenso,ADV,ebenso,33224,,
tg,rfd2.0,266542,266772,SCHILLER,29,wäre,VAFIN,sein,33224,,
tg,rfd2.0,266542,266772,SCHILLER,29,der,ART,der,33224,,
tg,rfd2.0,266542,266772,SCHILLER,29,Mörder,NN,mörder,33224,,
tg,rfd2.0,266542,266772,SCHILLER,29,auf,APPR,auf,33224,,
tg,rfd2.0,266542,266772,SCHILLER,29,der,ART,der,33224,,
tg,rfd2.0,266542,266772,SCHILLER,29,Landstraße,NN,landstraße,33224,,
tg,rfd2.0,266542,266772,SCHILLER,29,mein,PPOSAT,mein,33224,SCHILLER,29
tg,rfd2.0,266542,266772,SCHILLER,29,Herr,NN,herr,33224,,
tg,rfd2.0,266542,266772,SCHILLER,29,",","$,",--,33224,,
tg,rfd2.0,266542,266772,SCHILLER,29,weil,KOUS,weil,33224,,
tg,rfd2.0,266542,266772,SCHILLER,29,er,PPER,er,33224,,
tg,rfd2.0,266542,266772,SCHILLER,29,mich,PRF,mich,33224,SCHILLER,29
tg,rfd2.0,266542,266772,SCHILLER,29,töten,VVINF,töten,33224,,
tg,rfd2.0,266542,266772,SCHILLER,29,kann,VMFIN,können,33224,,
tg,rfd2.0,266542,266772,SCHILLER,29,"!",$.,--,33224,,
tg,rfd2.0,266542,266772,SCHILLER,29,Gefaßt,VVPP,gefassen,33224,,
tg,rfd2.0,266542,266772,SCHILLER,29,.,$.,--,33224,,
tg,rfd2.0,266542,266772,SCHILLER,29,Herzog,NE,herzog,33224,,
tg,rfd2.0,266542,266772,SCHILLER,29,von,APPR,von,33224,,
tg,rfd2.0,266542,266772,SCHILLER,29,Württemberg,NE,württemberg,33224,,
tg,rfd2.0,266542,266772,SCHILLER,29,",","$,",--,33224,,
tg,rfd2.0,266542,266772,SCHILLER,29,Sterben,NN,sterben,33224,,
tg,rfd2.0,266542,266772,SCHILLER,29,ist,VAFIN,sein,33224,,
tg,rfd2.0,266542,266772,SCHILLER,29,kein,PIAT,kein,33224,,
tg,rfd2.0,266542,266772,SCHILLER,29,Kinderspiel,NN,kinderspiel,33224,,
tg,rfd2.0,266542,266772,SCHILLER,29,",","$,",--,33224,,
tg,rfd2.0,266542,266772,SCHILLER,29,und,KON,und,33224,,
tg,rfd2.0,266542,266772,SCHILLER,29,Sie,PPER,sie,33224,,
tg,rfd2.0,266542,266772,SCHILLER,29,haben,VAFIN,haben,33224,,
tg,rfd2.0,266542,266772,SCHILLER,29,dem,ART,der,33224,,
tg,rfd2.0,266542,266772,SCHILLER,29,höhern,ADJA,höhern,33224,,
tg,rfd2.0,266542,266772,SCHILLER,29,Richter,NN,richter,33224,,
tg,rfd2.0,266542,266772,SCHILLER,29,Rechenschaft,NN,rechenschaft,33224,,
tg,rfd2.0,266542,266772,SCHILLER,29,zu,PTKZU,zu,33224,,
tg,rfd2.0,266542,266772,SCHILLER,29,geben,VVINF,geben,33224,,
tg,rfd2.0,266542,266772,SCHILLER,29,.,$.,--,33224,,
tg,rfd2.0,266777,266806,Herzog Karl von Württemberg.,0,Die,ART,der,33224,,
tg,rfd2.0,266777,266806,Herzog Karl von Württemberg.,0,werd,FM,werden,33224,,
tg,rfd2.0,266777,266806,Herzog Karl von Württemberg.,0,',$[,--,33224,,
tg,rfd2.0,266777,266806,Herzog Karl von Württemberg.,0,ich,PPER,ich,33224,Herzog Karl von Württemberg.,0
tg,rfd2.0,266777,266806,Herzog Karl von Württemberg.,0,geben,VVINF,geben,33224,,
tg,rfd2.0,266777,266806,Herzog Karl von Württemberg.,0,"!",$.,--,33224,,
tg,rfd2.0,266811,267089,SCHILLER,29,Sie,PPER,sie,33224,,
tg,rfd2.0,266811,267089,SCHILLER,29,werden,VAFIN,werden,33224,,
tg,rfd2.0,266811,267089,SCHILLER,29,nicht,PTKNEG,nicht,33224,,
tg,rfd2.0,266811,267089,SCHILLER,29,einer,ART,ein,33224,,
tg,rfd2.0,266811,267089,SCHILLER,29,zornigen,ADJA,zornig,33224,,
tg,rfd2.0,266811,267089,SCHILLER,29,Wallung,NN,wallung,33224,,
tg,rfd2.0,266811,267089,SCHILLER,29,gehorchen,VVINF,gehorchen,33224,,
tg,rfd2.0,266811,267089,SCHILLER,29,"!",$.,--,33224,,
tg,rfd2.0,266811,267089,SCHILLER,29,Sie,PPER,sie,33224,,
tg,rfd2.0,266811,267089,SCHILLER,29,werden,VAFIN,werden,33224,,
tg,rfd2.0,266811,267089,SCHILLER,29,mein,PPOSAT,mein,33224,SCHILLER,29
tg,rfd2.0,266811,267089,SCHILLER,29,Herr,NN,herr,33224,,
tg,rfd2.0,266811,267089,SCHILLER,29,sein,PPOSAT,sein,33224,,
tg,rfd2.0,266811,267089,SCHILLER,29,in,APPR,in,33224,,
tg,rfd2.0,266811,267089,SCHILLER,29,einem,ART,ein,33224,,
tg,rfd2.0,266811,267089,SCHILLER,29,größeren,ADJA,groß,33224,,
tg,rfd2.0,266811,267089,SCHILLER,29,Sinne,NN,sinn,33224,,
tg,rfd2.0,266811,267089,SCHILLER,29,"!",$.,--,33224,,
tg,rfd2.0,266811,267089,SCHILLER,29,Mit,APPR,mit,33224,,
tg,rfd2.0,266811,267089,SCHILLER,29,Wahrscheinlichkeit,NN,wahrscheinlichkeit,33224,,
tg,rfd2.0,266811,267089,SCHILLER,29,stehe,VVFIN,stehen,33224,,
tg,rfd2.0,266811,267089,SCHILLER,29,ich,PPER,ich,33224,SCHILLER,29
tg,rfd2.0,266811,267089,SCHILLER,29,einst,ADV,einst,33224,,
tg,rfd2.0,266811,267089,SCHILLER,29,an,APPR,an,33224,,
tg,rfd2.0,266811,267089,SCHILLER,29,Ihrem,PPOSAT,ihr,33224,,
tg,rfd2.0,266811,267089,SCHILLER,29,Sarge,NN,sarge,33224,,
tg,rfd2.0,266811,267089,SCHILLER,29,"!",$.,--,33224,,
tg,rfd2.0,266811,267089,SCHILLER,29,Was,PWS,was,33224,,
tg,rfd2.0,266811,267089,SCHILLER,29,werd,VAFIN,werden,33224,,
tg,rfd2.0,266811,267089,SCHILLER,29,',$[,--,33224,,
tg,rfd2.0,266811,267089,SCHILLER,29,ich,PPER,ich,33224,SCHILLER,29
tg,rfd2.0,266811,267089,SCHILLER,29,sagen,VVINF,sagen,33224,,
tg,rfd2.0,266811,267089,SCHILLER,29,können,VMFIN,können,33224,,
tg,rfd2.0,266811,267089,SCHILLER,29,an,APPR,an,33224,,
tg,rfd2.0,266811,267089,SCHILLER,29,der,ART,der,33224,,
tg,rfd2.0,266811,267089,SCHILLER,29,sterblichen,ADJA,sterblich,33224,,
tg,rfd2.0,266811,267089,SCHILLER,29,Hülle,NN,hülle,33224,,
tg,rfd2.0,266811,267089,SCHILLER,29,dessen,PDS,der,33224,,
tg,rfd2.0,266811,267089,SCHILLER,29,",","$,",--,33224,,
tg,rfd2.0,266811,267089,SCHILLER,29,der,PRELS,der,33224,,
tg,rfd2.0,266811,267089,SCHILLER,29,mein,PPOSAT,mein,33224,SCHILLER,29
tg,rfd2.0,266811,267089,SCHILLER,29,Fürst,NN,fürst,33224,,
tg,rfd2.0,266811,267089,SCHILLER,29,und,KON,und,33224,,
tg,rfd2.0,266811,267089,SCHILLER,29,väterlicher,ADJA,väterlich,33224,,
tg,rfd2.0,266811,267089,SCHILLER,29,Erzieher,NN,erzieher,33224,,
tg,rfd2.0,266811,267089,SCHILLER,29,gewesen,VAPP,sein,33224,,
tg,rfd2.0,266811,267089,SCHILLER,29,–,XY,–,33224,,
tg,rfd2.0,266811,267089,SCHILLER,29,?,$.,--,33224,,
tg,rfd2.0,267094,267612,Herzog Karl von Württemberg.,0,Sag,NE,sag,33224,,
tg,rfd2.0,267094,267612,Herzog Karl von Württemberg.,0,Er,PPER,er,33224,,
tg,rfd2.0,267094,267612,Herzog Karl von Württemberg.,0,",","$,",--,33224,,
tg,rfd2.0,267094,267612,Herzog Karl von Württemberg.,0,die,ART,der,33224,,
tg,rfd2.0,267094,267612,Herzog Karl von Württemberg.,0,Hülle,NN,hülle,33224,,
tg,rfd2.0,267094,267612,Herzog Karl von Württemberg.,0,dieses,PDAT,dieser,33224,,
tg,rfd2.0,267094,267612,Herzog Karl von Württemberg.,0,Fürsten,NN,fürst,33224,,
tg,rfd2.0,267094,267612,Herzog Karl von Württemberg.,0,hatte,VAFIN,haben,33224,,
tg,rfd2.0,267094,267612,Herzog Karl von Württemberg.,0,ein,ART,ein,33224,,
tg,rfd2.0,267094,267612,Herzog Karl von Württemberg.,0,starkes,ADJA,stark,33224,,
tg,rfd2.0,267094,267612,Herzog Karl von Württemberg.,0,Herz,NN,herz,33224,,
tg,rfd2.0,267094,267612,Herzog Karl von Württemberg.,0,",","$,",--,33224,,
tg,rfd2.0,267094,267612,Herzog Karl von Württemberg.,0,welches,PRELS,welcher,33224,,
tg,rfd2.0,267094,267612,Herzog Karl von Württemberg.,0,mir,PPER,sich,33224,Herzog Karl von Württemberg.,0
tg,rfd2.0,267094,267612,Herzog Karl von Württemberg.,0,nicht,PTKNEG,nicht,33224,,
tg,rfd2.0,267094,267612,Herzog Karl von Württemberg.,0,gefiel,VVFIN,gefallen,33224,,
tg,rfd2.0,267094,267612,Herzog Karl von Württemberg.,0,",","$,",--,33224,,
tg,rfd2.0,267094,267612,Herzog Karl von Württemberg.,0,aber,KON,aber,33224,,
tg,rfd2.0,267094,267612,Herzog Karl von Württemberg.,0,der,ART,der,33224,,
tg,rfd2.0,267094,267612,Herzog Karl von Württemberg.,0,Mann,NN,mann,33224,,
tg,rfd2.0,267094,267612,Herzog Karl von Württemberg.,0,tat,VVFIN,taten,33224,,
tg,rfd2.0,267094,267612,Herzog Karl von Württemberg.,0,nach,APPR,nach,33224,,
tg,rfd2.0,267094,267612,Herzog Karl von Württemberg.,0,seiner,PPOSAT,sein,33224,,
tg,rfd2.0,267094,267612,Herzog Karl von Württemberg.,0,Einsicht,NN,einsicht,33224,,
tg,rfd2.0,267094,267612,Herzog Karl von Württemberg.,0,seine,PPOSAT,sein,33224,,
tg,rfd2.0,267094,267612,Herzog Karl von Württemberg.,0,verdammte,ADJA,verdammt,33224,,
tg,rfd2.0,267094,267612,Herzog Karl von Württemberg.,0,Schuldigkeit,NN,schuldigkeit,33224,,
tg,rfd2.0,267094,267612,Herzog Karl von Württemberg.,0,.,$.,--,33224,,
tg,rfd2.0,267094,267612,Herzog Karl von Württemberg.,0,Das,ART,der,33224,,
tg,rfd2.0,267094,267612,Herzog Karl von Württemberg.,0,sag,VVIMP,sag,33224,,
tg,rfd2.0,267094,267612,Herzog Karl von Württemberg.,0,Er,PPER,er,33224,,
tg,rfd2.0,267094,267612,Herzog Karl von Württemberg.,0,mit,APPR,mit,33224,,
tg,rfd2.0,267094,267612,Herzog Karl von Württemberg.,0,gutem,ADJA,gut,33224,,
tg,rfd2.0,267094,267612,Herzog Karl von Württemberg.,0,Gewissen,NN,gewissen,33224,,
tg,rfd2.0,267094,267612,Herzog Karl von Württemberg.,0,",","$,",--,33224,,
tg,rfd2.0,267094,267612,Herzog Karl von Württemberg.,0,wenn,KOUS,wenn,33224,,
tg,rfd2.0,267094,267612,Herzog Karl von Württemberg.,0,Er,PPER,er,33224,,
tg,rfd2.0,267094,267612,Herzog Karl von Württemberg.,0,mich,PRF,mich,33224,Herzog Karl von Württemberg.,0
tg,rfd2.0,267094,267612,Herzog Karl von Württemberg.,0,überlebt,VVFIN,überleben,33224,,
tg,rfd2.0,267094,267612,Herzog Karl von Württemberg.,0,.,$.,--,33224,,
tg,rfd2.0,267094,267612,Herzog Karl von Württemberg.,0,General,NN,General,33224,,
tg,rfd2.0,267094,267612,Herzog Karl von Württemberg.,0,Rieger,NN,rieger,33224,RIEGER,27
tg,rfd2.0,267094,267612,Herzog Karl von Württemberg.,0,"!",$.,--,33224,,
tg,rfd2.0,267094,267612,Herzog Karl von Württemberg.,0,Rieger,NN,rieger,33224,RIEGER,27
tg,rfd2.0,267094,267612,Herzog Karl von Württemberg.,0,erscheint,VVFIN,erscheinen,33224,,
tg,rfd2.0,267094,267612,Herzog Karl von Württemberg.,0,an,APPR,an,33224,,
tg,rfd2.0,267094,267612,Herzog Karl von Württemberg.,0,der,ART,der,33224,,
tg,rfd2.0,267094,267612,Herzog Karl von Württemberg.,0,Schwelle,NN,schwelle,33224,,
tg,rfd2.0,267094,267612,Herzog Karl von Württemberg.,0,.,$.,--,33224,,
tg,rfd2.0,267094,267612,Herzog Karl von Württemberg.,0,Es,PPER,es,33224,,
tg,rfd2.0,267094,267612,Herzog Karl von Württemberg.,0,bleibt,VVFIN,bleiben,33224,,
tg,rfd2.0,267094,267612,Herzog Karl von Württemberg.,0,beim,APPRART,bei,33224,,
tg,rfd2.0,267094,267612,Herzog Karl von Württemberg.,0,Alten,ADJA,alt,33224,,
tg,rfd2.0,267094,267612,Herzog Karl von Württemberg.,0,"!",$.,--,33224,,
tg,rfd2.0,267094,267612,Herzog Karl von Württemberg.,0,Zu,APPR,zu,33224,,
tg,rfd2.0,267094,267612,Herzog Karl von Württemberg.,0,Schiller,NE,schiller,33224,SCHILLER,29
tg,rfd2.0,267094,267612,Herzog Karl von Württemberg.,0,",","$,",--,33224,,
tg,rfd2.0,267094,267612,Herzog Karl von Württemberg.,0,nachdem,KOUS,nachdem,33224,,
tg,rfd2.0,267094,267612,Herzog Karl von Württemberg.,0,er,PPER,er,33224,,
tg,rfd2.0,267094,267612,Herzog Karl von Württemberg.,0,bis,APPR,bis,33224,,
tg,rfd2.0,267094,267612,Herzog Karl von Württemberg.,0,über,APPR,über,33224,,
tg,rfd2.0,267094,267612,Herzog Karl von Württemberg.,0,die,ART,der,33224,,
tg,rfd2.0,267094,267612,Herzog Karl von Württemberg.,0,Mitte,NN,mitte,33224,,
tg,rfd2.0,267094,267612,Herzog Karl von Württemberg.,0,des,ART,der,33224,,
tg,rfd2.0,267094,267612,Herzog Karl von Württemberg.,0,Theaters,NN,theater,33224,,
tg,rfd2.0,267094,267612,Herzog Karl von Württemberg.,0,hinausgekommen,VVPP,hinauskommen,33224,,
tg,rfd2.0,267094,267612,Herzog Karl von Württemberg.,0,ist,VAFIN,sein,33224,,
tg,rfd2.0,267094,267612,Herzog Karl von Württemberg.,0,.,$.,--,33224,,
tg,rfd2.0,267094,267612,Herzog Karl von Württemberg.,0,Und,KON,und,33224,,
tg,rfd2.0,267094,267612,Herzog Karl von Württemberg.,0,somit,ADV,somit,33224,,
tg,rfd2.0,267094,267612,Herzog Karl von Württemberg.,0,Gott,NN,gott,33224,,
tg,rfd2.0,267094,267612,Herzog Karl von Württemberg.,0,befohlen,VVPP,befehlen,33224,,
tg,rfd2.0,267094,267612,Herzog Karl von Württemberg.,0,",","$,",--,33224,,
tg,rfd2.0,267094,267612,Herzog Karl von Württemberg.,0,Poet,NN,poet,33224,,
tg,rfd2.0,267094,267612,Herzog Karl von Württemberg.,0,der,ART,der,33224,,
tg,rfd2.0,267094,267612,Herzog Karl von Württemberg.,0,Zukunft,NN,zukunft,33224,,
tg,rfd2.0,267094,267612,Herzog Karl von Württemberg.,0,"!",$.,--,33224,,
tg,rfd2.0,267094,267612,Herzog Karl von Württemberg.,0,Er,PPER,er,33224,,
tg,rfd2.0,267094,267612,Herzog Karl von Württemberg.,0,hat,VAFIN,haben,33224,,
tg,rfd2.0,267094,267612,Herzog Karl von Württemberg.,0,das,ART,der,33224,,
tg,rfd2.0,267094,267612,Herzog Karl von Württemberg.,0,letztemal,ADV,letztemal,33224,,
tg,rfd2.0,267094,267612,Herzog Karl von Württemberg.,0,zu,PTKA,zu,33224,,
tg,rfd2.0,267094,267612,Herzog Karl von Württemberg.,0,Seinem,PPOSAT,sein,33224,,
tg,rfd2.0,267094,267612,Herzog Karl von Württemberg.,0,Herzoge,NN,herzoge,33224,,
tg,rfd2.0,267094,267612,Herzog Karl von Württemberg.,0,gesprochen,VVPP,sprechen,33224,,
tg,rfd2.0,267094,267612,Herzog Karl von Württemberg.,0,"!",$.,--,33224,,
tg,rfd2.0,267094,267612,Herzog Karl von Württemberg.,0,Wendet,VVFIN,wenden,33224,,
tg,rfd2.0,267094,267612,Herzog Karl von Württemberg.,0,sich,PRF,sich,33224,,
tg,rfd2.0,267094,267612,Herzog Karl von Württemberg.,0,zum,APPRART,zu,33224,,
tg,rfd2.0,267094,267612,Herzog Karl von Württemberg.,0,Abgehen,NN,abgehen,33224,,
tg,rfd2.0,267094,267612,Herzog Karl von Württemberg.,0,.,$.,--,33224,,
tg,rfd2.0,267618,268147,SCHILLER,29,Das,PDS,der,33224,,
tg,rfd2.0,267618,268147,SCHILLER,29,letztemal,ADV,letztemal,33224,,
tg,rfd2.0,267618,268147,SCHILLER,29,"!",$.,--,33224,,
tg,rfd2.0,267618,268147,SCHILLER,29,"!",$.,--,33224,,
tg,rfd2.0,267618,268147,SCHILLER,29,–,XY,–,33224,,
tg,rfd2.0,267618,268147,SCHILLER,29,–,XY,–,33224,,
tg,rfd2.0,267618,268147,SCHILLER,29,Wohlan,VVINF,wohlan,33224,,
tg,rfd2.0,267618,268147,SCHILLER,29,"!",$.,--,33224,,
tg,rfd2.0,267618,268147,SCHILLER,29,So,ADV,so,33224,,
tg,rfd2.0,267618,268147,SCHILLER,29,sei,VAFIN,sein,33224,,
tg,rfd2.0,267618,268147,SCHILLER,29,denn,ADV,denn,33224,,
tg,rfd2.0,267618,268147,SCHILLER,29,dieser,PDAT,dieser,33224,,
tg,rfd2.0,267618,268147,SCHILLER,29,Leib,NN,leib,33224,,
tg,rfd2.0,267618,268147,SCHILLER,29,von,APPR,von,33224,,
tg,rfd2.0,267618,268147,SCHILLER,29,Euch,PPER,euch,33224,,
tg,rfd2.0,267618,268147,SCHILLER,29,zertrümmert,VVPP,zertrümmern,33224,,
tg,rfd2.0,267618,268147,SCHILLER,29,"!",$.,--,33224,,
tg,rfd2.0,267618,268147,SCHILLER,29,Die,ART,der,33224,,
tg,rfd2.0,267618,268147,SCHILLER,29,Räuber,NN,räuber,33224,,
tg,rfd2.0,267618,268147,SCHILLER,29,sind,VAFIN,sein,33224,,
tg,rfd2.0,267618,268147,SCHILLER,29,schon,ADV,schon,33224,,
tg,rfd2.0,267618,268147,SCHILLER,29,jenseit,ADV,jenseit,33224,,
tg,rfd2.0,267618,268147,SCHILLER,29,Württembergs,NE,württemberg,33224,,
tg,rfd2.0,267618,268147,SCHILLER,29,.,$.,--,33224,,
tg,rfd2.0,267618,268147,SCHILLER,29,Gott,NN,gott,33224,,
tg,rfd2.0,267618,268147,SCHILLER,29,",","$,",--,33224,,
tg,rfd2.0,267618,268147,SCHILLER,29,o,ADV,O,33224,,
tg,rfd2.0,267618,268147,SCHILLER,29,Gott,NN,gott,33224,,
tg,rfd2.0,267618,268147,SCHILLER,29,gebe,VVFIN,geben,33224,,
tg,rfd2.0,267618,268147,SCHILLER,29,",","$,",--,33224,,
tg,rfd2.0,267618,268147,SCHILLER,29,daß,KOUS,daß,33224,,
tg,rfd2.0,267618,268147,SCHILLER,29,echter,ADJA,echt,33224,,
tg,rfd2.0,267618,268147,SCHILLER,29,Geist,NN,geist,33224,,
tg,rfd2.0,267618,268147,SCHILLER,29,in,APPR,in,33224,,
tg,rfd2.0,267618,268147,SCHILLER,29,Wahrheit,NN,wahrheit,33224,,
tg,rfd2.0,267618,268147,SCHILLER,29,darin,PROAV,darin,33224,,
tg,rfd2.0,267618,268147,SCHILLER,29,walte,VVFIN,walten,33224,,
tg,rfd2.0,267618,268147,SCHILLER,29,",","$,",--,33224,,
tg,rfd2.0,267618,268147,SCHILLER,29,dann,ADV,dann,33224,,
tg,rfd2.0,267618,268147,SCHILLER,29,wird,VAFIN,werden,33224,,
tg,rfd2.0,267618,268147,SCHILLER,29,er,PPER,er,33224,,
tg,rfd2.0,267618,268147,SCHILLER,29,über,APPR,über,33224,,
tg,rfd2.0,267618,268147,SCHILLER,29,meinem,PPOSAT,mein,33224,SCHILLER,29
tg,rfd2.0,267618,268147,SCHILLER,29,Kerker,NN,kerker,33224,,
tg,rfd2.0,267618,268147,SCHILLER,29,",","$,",--,33224,,
tg,rfd2.0,267618,268147,SCHILLER,29,über,APPR,über,33224,,
tg,rfd2.0,267618,268147,SCHILLER,29,meinem,PPOSAT,mein,33224,SCHILLER,29
tg,rfd2.0,267618,268147,SCHILLER,29,Grabe,NN,grab,33224,,
tg,rfd2.0,267618,268147,SCHILLER,29,schweben,VVFIN,schweben,33224,,
tg,rfd2.0,267618,268147,SCHILLER,29,.,$.,--,33224,,
tg,rfd2.0,267618,268147,SCHILLER,29,Der,ART,der,33224,,
tg,rfd2.0,267618,268147,SCHILLER,29,Dichter,NN,dichter,33224,,
tg,rfd2.0,267618,268147,SCHILLER,29,stirbt,VVFIN,sterben,33224,,
tg,rfd2.0,267618,268147,SCHILLER,29,",","$,",--,33224,,
tg,rfd2.0,267618,268147,SCHILLER,29,die,ART,der,33224,,
tg,rfd2.0,267618,268147,SCHILLER,29,Dichtung,NN,dichtung,33224,,
tg,rfd2.0,267618,268147,SCHILLER,29,aber,ADV,aber,33224,,
tg,rfd2.0,267618,268147,SCHILLER,29,nicht,PTKNEG,nicht,33224,,
tg,rfd2.0,267618,268147,SCHILLER,29,",","$,",--,33224,,
tg,rfd2.0,267618,268147,SCHILLER,29,und,KON,und,33224,,
tg,rfd2.0,267618,268147,SCHILLER,29,wer,PWS,wer,33224,,
tg,rfd2.0,267618,268147,SCHILLER,29,sie,PPER,sie,33224,,
tg,rfd2.0,267618,268147,SCHILLER,29,töten,VVINF,töten,33224,,
tg,rfd2.0,267618,268147,SCHILLER,29,will,VMFIN,wollen,33224,,
tg,rfd2.0,267618,268147,SCHILLER,29,",","$,",--,33224,,
tg,rfd2.0,267618,268147,SCHILLER,29,stirbt,VVFIN,sterben,33224,,
tg,rfd2.0,267618,268147,SCHILLER,29,wie,KOKOM,wie,33224,,
tg,rfd2.0,267618,268147,SCHILLER,29,Prometheus,NN,prometheus,33224,,
tg,rfd2.0,267618,268147,SCHILLER,29,ein,ART,ein,33224,,
tg,rfd2.0,267618,268147,SCHILLER,29,ew'ges,ADJA,ew'g,33224,,
tg,rfd2.0,267618,268147,SCHILLER,29,Sterben,NN,sterben,33224,,
tg,rfd2.0,267618,268147,SCHILLER,29,",","$,",--,33224,,
tg,rfd2.0,267618,268147,SCHILLER,29,einen,ART,ein,33224,,
tg,rfd2.0,267618,268147,SCHILLER,29,ewigen,ADJA,ewig,33224,,
tg,rfd2.0,267618,268147,SCHILLER,29,Tod,NN,tod,33224,,
tg,rfd2.0,267618,268147,SCHILLER,29,.,$.,--,33224,,
tg,rfd2.0,267618,268147,SCHILLER,29,Der,ART,der,33224,,
tg,rfd2.0,267618,268147,SCHILLER,29,Herzog,NE,herzog,33224,,
tg,rfd2.0,267618,268147,SCHILLER,29,ist,VAFIN,sein,33224,,
tg,rfd2.0,267618,268147,SCHILLER,29,wie,KOKOM,wie,33224,,
tg,rfd2.0,267618,268147,SCHILLER,29,betroffen,ADJD,betreffen,33224,,
tg,rfd2.0,267618,268147,SCHILLER,29,stehen,VVFIN,stehen,33224,,
tg,rfd2.0,267618,268147,SCHILLER,29,geblieben,VVPP,bleiben,33224,,
tg,rfd2.0,267618,268147,SCHILLER,29,und,KON,und,33224,,
tg,rfd2.0,267618,268147,SCHILLER,29,winkt,VVFIN,winken,33224,,
tg,rfd2.0,267618,268147,SCHILLER,29,nun,ADV,nun,33224,,
tg,rfd2.0,267618,268147,SCHILLER,29,mit,APPR,mit,33224,,
tg,rfd2.0,267618,268147,SCHILLER,29,einer,ART,ein,33224,,
tg,rfd2.0,267618,268147,SCHILLER,29,Handbewegung,NN,handbewegung,33224,,
tg,rfd2.0,267618,268147,SCHILLER,29,Schiller,NE,schiller,33224,SCHILLER,29
tg,rfd2.0,267618,268147,SCHILLER,29,",","$,",--,33224,,
tg,rfd2.0,267618,268147,SCHILLER,29,sich,PRF,sich,33224,,
tg,rfd2.0,267618,268147,SCHILLER,29,zu,PTKZU,zu,33224,,
tg,rfd2.0,267618,268147,SCHILLER,29,entfernen,VVINF,entfernen,33224,,
tg,rfd2.0,267618,268147,SCHILLER,29,.,$.,--,33224,,
tg,rfd2.0,268314,268626,KOCH,20,Warte,NN,warte,33224,,
tg,rfd2.0,268314,268626,KOCH,20,"!",$.,--,33224,,
tg,rfd2.0,268314,268626,KOCH,20,Dann,ADV,dann,33224,,
tg,rfd2.0,268314,268626,KOCH,20,geht,VVFIN,gehen,33224,,
tg,rfd2.0,268314,268626,KOCH,20,er,PPER,er,33224,,
tg,rfd2.0,268314,268626,KOCH,20,vorsichtig,ADJD,vorsichtig,33224,,
tg,rfd2.0,268314,268626,KOCH,20,über,APPR,über,33224,,
tg,rfd2.0,268314,268626,KOCH,20,die,ART,der,33224,,
tg,rfd2.0,268314,268626,KOCH,20,Bühne,NN,bühne,33224,,
tg,rfd2.0,268314,268626,KOCH,20,an,APPR,an,33224,,
tg,rfd2.0,268314,268626,KOCH,20,das,ART,der,33224,,
tg,rfd2.0,268314,268626,KOCH,20,Ende,NN,ende,33224,,
tg,rfd2.0,268314,268626,KOCH,20,der,ART,der,33224,,
tg,rfd2.0,268314,268626,KOCH,20,Halle,NN,halle,33224,,
tg,rfd2.0,268314,268626,KOCH,20,rechts,ADV,rechts,33224,,
tg,rfd2.0,268314,268626,KOCH,20,",","$,",--,33224,,
tg,rfd2.0,268314,268626,KOCH,20,wo,PWAV,wo,33224,,
tg,rfd2.0,268314,268626,KOCH,20,Trommel,NE,trommel,33224,,
tg,rfd2.0,268314,268626,KOCH,20,und,KON,und,33224,,
tg,rfd2.0,268314,268626,KOCH,20,Gewehre,NN,gewehr,33224,,
tg,rfd2.0,268314,268626,KOCH,20,sind,VAFIN,sein,33224,,
tg,rfd2.0,268314,268626,KOCH,20,",","$,",--,33224,,
tg,rfd2.0,268314,268626,KOCH,20,und,KON,und,33224,,
tg,rfd2.0,268314,268626,KOCH,20,ruft,VVFIN,rufen,33224,,
tg,rfd2.0,268314,268626,KOCH,20,halblaut,VVPP,halblaut,33224,,
tg,rfd2.0,268314,268626,KOCH,20,.,$.,--,33224,,
tg,rfd2.0,268314,268626,KOCH,20,Herr,NN,herr,33224,,
tg,rfd2.0,268314,268626,KOCH,20,Leutnant,NE,leutnant,33224,,
tg,rfd2.0,268314,268626,KOCH,20,Kapf,NE,kapf,33224,,
tg,rfd2.0,268314,268626,KOCH,20,"!",$.,--,33224,,
tg,rfd2.0,268631,268764,SCHILLER,29,Anton,NE,anton,33224,,
tg,rfd2.0,268631,268764,SCHILLER,29,",","$,",--,33224,,
tg,rfd2.0,268631,268764,SCHILLER,29,hier,ADV,hier,33224,,
tg,rfd2.0,268631,268764,SCHILLER,29,"!",$.,--,33224,,
tg,rfd2.0,268769,268922,KOCH,20,Holla,NE,holla,33224,,
tg,rfd2.0,268769,268922,KOCH,20,",","$,",--,33224,,
tg,rfd2.0,268769,268922,KOCH,20,da,KOUS,da,33224,,
tg,rfd2.0,268769,268922,KOCH,20,bist,VAFIN,sein,33224,,
tg,rfd2.0,268769,268922,KOCH,20,du,PPER,du,33224,,
tg,rfd2.0,268769,268922,KOCH,20,ja,ADV,ja,33224,,
tg,rfd2.0,268769,268922,KOCH,20,"!",$.,--,33224,,
tg,rfd2.0,268927,269018,SCHILLER,29,Aber,KON,aber,33224,,
tg,rfd2.0,268927,269018,SCHILLER,29,wo,PWAV,wo,33224,,
tg,rfd2.0,268927,269018,SCHILLER,29,bleibst,VVFIN,bleibst,33224,,
tg,rfd2.0,268927,269018,SCHILLER,29,du,PPER,du,33224,,
tg,rfd2.0,268927,269018,SCHILLER,29,?,$.,--,33224,,
tg,rfd2.0,268927,269018,SCHILLER,29,Warum,PWAV,warum,33224,,
tg,rfd2.0,268927,269018,SCHILLER,29,laßt,VVFIN,lassen,33224,,
tg,rfd2.0,268927,269018,SCHILLER,29,ihr,PPOSAT,ihr,33224,,
tg,rfd2.0,268927,269018,SCHILLER,29,mich,PRF,mich,33224,SCHILLER,29
tg,rfd2.0,268927,269018,SCHILLER,29,alle,PIDAT,aller,33224,ALLE,30
tg,rfd2.0,268927,269018,SCHILLER,29,ohne,APPR,ohne,33224,,
tg,rfd2.0,268927,269018,SCHILLER,29,Nachricht,NN,nachricht,33224,,
tg,rfd2.0,268927,269018,SCHILLER,29,und,KON,und,33224,,
tg,rfd2.0,268927,269018,SCHILLER,29,Hilfe,NN,hilfe,33224,,
tg,rfd2.0,268927,269018,SCHILLER,29,?,$.,--,33224,,
tg,rfd2.0,268927,269018,SCHILLER,29,"!",$.,--,33224,,
tg,rfd2.0,269023,269051,KOCH,20,Sprich,VVIMP,sprich,33224,,
tg,rfd2.0,269023,269051,KOCH,20,leise,ADJD,leise,33224,,
tg,rfd2.0,269023,269051,KOCH,20,.,$.,--,33224,,
tg,rfd2.0,269056,269135,SCHILLER,29,Hier,ADV,hier,33224,,
tg,rfd2.0,269056,269135,SCHILLER,29,ist,VAFIN,sein,33224,,
tg,rfd2.0,269056,269135,SCHILLER,29,nicht,PTKNEG,nicht,33224,,
tg,rfd2.0,269056,269135,SCHILLER,29,so,ADV,so,33224,,
tg,rfd2.0,269056,269135,SCHILLER,29,viel,PIDAT,viel,33224,,
tg,rfd2.0,269056,269135,SCHILLER,29,zu,PTKZU,zu,33224,,
tg,rfd2.0,269056,269135,SCHILLER,29,besorgen,VVINF,besorgen,33224,,
tg,rfd2.0,269056,269135,SCHILLER,29,.,$.,--,33224,,
tg,rfd2.0,269056,269135,SCHILLER,29,Kapf,NE,kapf,33224,,
tg,rfd2.0,269056,269135,SCHILLER,29,kommandiert,VVFIN,kommandieren,33224,,
tg,rfd2.0,269056,269135,SCHILLER,29,noch,ADV,noch,33224,,
tg,rfd2.0,269056,269135,SCHILLER,29,die,ART,der,33224,,
tg,rfd2.0,269056,269135,SCHILLER,29,Wache,NN,wache,33224,,
tg,rfd2.0,269056,269135,SCHILLER,29,.,$.,--,33224,,
tg,rfd2.0,269140,269431,KOCH,20,Wenn,KOUS,wenn,33224,,
tg,rfd2.0,269140,269431,KOCH,20,auch,ADV,auch,33224,,
tg,rfd2.0,269140,269431,KOCH,20,.,$.,--,33224,,
tg,rfd2.0,269140,269431,KOCH,20,Es,PPER,es,33224,,
tg,rfd2.0,269140,269431,KOCH,20,ist,VAFIN,sein,33224,,
tg,rfd2.0,269140,269431,KOCH,20,alles,PIS,alle,33224,,
tg,rfd2.0,269140,269431,KOCH,20,zu,PTKZU,zu,33224,,
tg,rfd2.0,269140,269431,KOCH,20,fürchten,VVINF,fürchten,33224,,
tg,rfd2.0,269140,269431,KOCH,20,.,$.,--,33224,,
tg,rfd2.0,269140,269431,KOCH,20,Die,ART,der,33224,,
tg,rfd2.0,269140,269431,KOCH,20,Wachen,NN,wache,33224,,
tg,rfd2.0,269140,269431,KOCH,20,haben,VAFIN,haben,33224,,
tg,rfd2.0,269140,269431,KOCH,20,wirklich,ADJD,wirklich,33224,,
tg,rfd2.0,269140,269431,KOCH,20,seit,APPR,seit,33224,,
tg,rfd2.0,269140,269431,KOCH,20,heute,ADV,heute,33224,,
tg,rfd2.0,269140,269431,KOCH,20,mittag,ADV,mittag,33224,,
tg,rfd2.0,269140,269431,KOCH,20,Kugeln,NN,kugel,33224,,
tg,rfd2.0,269140,269431,KOCH,20,geladen,VVPP,laden,33224,,
tg,rfd2.0,269140,269431,KOCH,20,",","$,",--,33224,,
tg,rfd2.0,269140,269431,KOCH,20,und,KON,und,33224,,
tg,rfd2.0,269140,269431,KOCH,20,solch,PIDAT,solch,33224,,
tg,rfd2.0,269140,269431,KOCH,20,ein,ART,ein,33224,,
tg,rfd2.0,269140,269431,KOCH,20,Gemeiner,ADJA,gemeiner,33224,,
tg,rfd2.0,269140,269431,KOCH,20,schießt,VVFIN,schießen,33224,,
tg,rfd2.0,269140,269431,KOCH,20,zu,PTKVZ,zu,33224,,
tg,rfd2.0,269140,269431,KOCH,20,",","$,",--,33224,,
tg,rfd2.0,269140,269431,KOCH,20,ohne,APPR,ohne,33224,,
tg,rfd2.0,269140,269431,KOCH,20,seinen,PPOSAT,sein,33224,,
tg,rfd2.0,269140,269431,KOCH,20,Leutnant,NN,leutnant,33224,,
tg,rfd2.0,269140,269431,KOCH,20,zu,PTKZU,zu,33224,,
tg,rfd2.0,269140,269431,KOCH,20,fragen,VVINF,fragen,33224,,
tg,rfd2.0,269140,269431,KOCH,20,",","$,",--,33224,,
tg,rfd2.0,269140,269431,KOCH,20,wenn,KOUS,wenn,33224,,
tg,rfd2.0,269140,269431,KOCH,20,ihm,PPER,ihm,33224,,
tg,rfd2.0,269140,269431,KOCH,20,etwas,ADV,etwas,33224,,
tg,rfd2.0,269140,269431,KOCH,20,in,APPR,in,33224,,
tg,rfd2.0,269140,269431,KOCH,20,die,ART,der,33224,,
tg,rfd2.0,269140,269431,KOCH,20,Quer,NN,quer,33224,,
tg,rfd2.0,269140,269431,KOCH,20,kommt,VVFIN,kommen,33224,,
tg,rfd2.0,269140,269431,KOCH,20,–,ITJ,–,33224,,
tg,rfd2.0,269140,269431,KOCH,20,Bist,VAFIN,sein,33224,,
tg,rfd2.0,269140,269431,KOCH,20,du,PPER,du,33224,,
tg,rfd2.0,269140,269431,KOCH,20,bereit,ADJD,bereit,33224,,
tg,rfd2.0,269140,269431,KOCH,20,und,KON,und,33224,,
tg,rfd2.0,269140,269431,KOCH,20,entschlossen,ADJD,entschließen,33224,,
tg,rfd2.0,269140,269431,KOCH,20,zur,APPRART,zu,33224,,
tg,rfd2.0,269140,269431,KOCH,20,Flucht,NN,flucht,33224,,
tg,rfd2.0,269140,269431,KOCH,20,?,$.,--,33224,,
tg,rfd2.0,269140,269431,KOCH,20,Der,ART,der,33224,,
tg,rfd2.0,269140,269431,KOCH,20,Ton,NN,ton,33224,,
tg,rfd2.0,269140,269431,KOCH,20,der,ART,der,33224,,
tg,rfd2.0,269140,269431,KOCH,20,Unterredung,NN,unterredung,33224,,
tg,rfd2.0,269140,269431,KOCH,20,bleibt,VVFIN,bleiben,33224,,
tg,rfd2.0,269140,269431,KOCH,20,halblaut,VVPP,halblaut,33224,,
tg,rfd2.0,269140,269431,KOCH,20,.,$.,--,33224,,
tg,rfd2.0,269437,269516,SCHILLER,29,Entschlossen,NN,entschlosse,33224,,
tg,rfd2.0,269437,269516,SCHILLER,29,zum,APPRART,zu,33224,,
tg,rfd2.0,269437,269516,SCHILLER,29,Äußersten,NN,äußersten,33224,,
tg,rfd2.0,269437,269516,SCHILLER,29,;,$.,--,33224,,
tg,rfd2.0,269437,269516,SCHILLER,29,denn,KON,denn,33224,,
tg,rfd2.0,269437,269516,SCHILLER,29,der,ART,der,33224,,
tg,rfd2.0,269437,269516,SCHILLER,29,Herzog,NE,herzog,33224,,
tg,rfd2.0,269437,269516,SCHILLER,29,will,VMFIN,wollen,33224,,
tg,rfd2.0,269437,269516,SCHILLER,29,mich,PPER,mich,33224,SCHILLER,29
tg,rfd2.0,269437,269516,SCHILLER,29,geistig,ADJD,geistig,33224,,
tg,rfd2.0,269437,269516,SCHILLER,29,töten,VVINF,töten,33224,,
tg,rfd2.0,269437,269516,SCHILLER,29,.,$.,--,33224,,
tg,rfd2.0,269521,269563,KOCH,20,Und,KON,und,33224,,
tg,rfd2.0,269521,269563,KOCH,20,nicht,PTKNEG,nicht,33224,,
tg,rfd2.0,269521,269563,KOCH,20,bloß,ADV,bloß,33224,,
tg,rfd2.0,269521,269563,KOCH,20,geistig,ADJD,geistig,33224,,
tg,rfd2.0,269521,269563,KOCH,20,–,XY,–,33224,,
tg,rfd2.0,269521,269563,KOCH,20,also,ADV,also,33224,,
tg,rfd2.0,269521,269563,KOCH,20,komm,ADJD,kommen,33224,,
tg,rfd2.0,269521,269563,KOCH,20,"!",$.,--,33224,,
tg,rfd2.0,269568,269676,SCHILLER,29,Der,ART,der,33224,,
tg,rfd2.0,269568,269676,SCHILLER,29,Henkersknecht,NN,henkersknecht,33224,,
tg,rfd2.0,269568,269676,SCHILLER,29,von,APPR,von,33224,,
tg,rfd2.0,269568,269676,SCHILLER,29,Sergeant,NN,sergeant,33224,,
tg,rfd2.0,269568,269676,SCHILLER,29,",","$,",--,33224,,
tg,rfd2.0,269568,269676,SCHILLER,29,welcher,ADJA,welcher,33224,,
tg,rfd2.0,269568,269676,SCHILLER,29,mich,PRF,mich,33224,SCHILLER,29
tg,rfd2.0,269568,269676,SCHILLER,29,heruntergeführt,VVPP,herunterführen,33224,,
tg,rfd2.0,269568,269676,SCHILLER,29,",","$,",--,33224,,
tg,rfd2.0,269568,269676,SCHILLER,29,hat,VAFIN,haben,33224,,
tg,rfd2.0,269568,269676,SCHILLER,29,die,ART,der,33224,,
tg,rfd2.0,269568,269676,SCHILLER,29,Tür,NN,tür,33224,,
tg,rfd2.0,269568,269676,SCHILLER,29,zur,APPRART,zu,33224,,
tg,rfd2.0,269568,269676,SCHILLER,29,Halle,NN,halle,33224,,
tg,rfd2.0,269568,269676,SCHILLER,29,verschlossen,ADJD,verschlossen,33224,,
tg,rfd2.0,269568,269676,SCHILLER,29,.,$.,--,33224,,
tg,rfd2.0,269681,269928,KOCH,20,Auch,ADV,auch,33224,,
tg,rfd2.0,269681,269928,KOCH,20,diese,PDAT,dieser,33224,,
tg,rfd2.0,269681,269928,KOCH,20,dort,ADV,dort,33224,,
tg,rfd2.0,269681,269928,KOCH,20,Auf,APPR,auf,33224,,
tg,rfd2.0,269681,269928,KOCH,20,links,ADV,links,33224,,
tg,rfd2.0,269681,269928,KOCH,20,hinüberdeutend,ADJD,hinüberdeutend,33224,,
tg,rfd2.0,269681,269928,KOCH,20,.,$.,--,33224,,
tg,rfd2.0,269681,269928,KOCH,20,hatte,VAFIN,haben,33224,,
tg,rfd2.0,269681,269928,KOCH,20,er,PPER,er,33224,,
tg,rfd2.0,269681,269928,KOCH,20,zugeschlossen,VVPP,zuschließen,33224,,
tg,rfd2.0,269681,269928,KOCH,20,",","$,",--,33224,,
tg,rfd2.0,269681,269928,KOCH,20,um,KOUI,um,33224,,
tg,rfd2.0,269681,269928,KOCH,20,den,ART,der,33224,,
tg,rfd2.0,269681,269928,KOCH,20,Frauen,NN,frau,33224,,
tg,rfd2.0,269681,269928,KOCH,20,die,ART,der,33224,,
tg,rfd2.0,269681,269928,KOCH,20,Verbindung,NN,verbindung,33224,,
tg,rfd2.0,269681,269928,KOCH,20,zu,APPR,zu,33224,,
tg,rfd2.0,269681,269928,KOCH,20,dir,PPER,dir,33224,,
tg,rfd2.0,269681,269928,KOCH,20,abzusperren,VVIZU,abzperren,33224,,
tg,rfd2.0,269681,269928,KOCH,20,.,$.,--,33224,,
tg,rfd2.0,269681,269928,KOCH,20,Vielleicht,ADV,vielleicht,33224,,
tg,rfd2.0,269681,269928,KOCH,20,hat,VAFIN,haben,33224,,
tg,rfd2.0,269681,269928,KOCH,20,er's,PPER,er's,33224,,
tg,rfd2.0,269681,269928,KOCH,20,auf,APPR,auf,33224,,
tg,rfd2.0,269681,269928,KOCH,20,eigne,ADJA,eign,33224,,
tg,rfd2.0,269681,269928,KOCH,20,Faust,NN,faust,33224,,
tg,rfd2.0,269681,269928,KOCH,20,",","$,",--,33224,,
tg,rfd2.0,269681,269928,KOCH,20,vielleicht,ADV,vielleicht,33224,,
tg,rfd2.0,269681,269928,KOCH,20,auf,APPR,auf,33224,,
tg,rfd2.0,269681,269928,KOCH,20,einen,ART,ein,33224,,
tg,rfd2.0,269681,269928,KOCH,20,Wink,NN,wink,33224,,
tg,rfd2.0,269681,269928,KOCH,20,Riegers,NE,rieger,33224,,
tg,rfd2.0,269681,269928,KOCH,20,getan,VVPP,tun,33224,,
tg,rfd2.0,269681,269928,KOCH,20,.,$.,--,33224,,
tg,rfd2.0,269681,269928,KOCH,20,Ich,PPER,ich,33224,,
tg,rfd2.0,269681,269928,KOCH,20,fürchte,VVFIN,fürchen,33224,,
tg,rfd2.0,269681,269928,KOCH,20,",","$,",--,33224,,
tg,rfd2.0,269681,269928,KOCH,20,Rieger,NN,rieger,33224,RIEGER,27
tg,rfd2.0,269681,269928,KOCH,20,ist,VAFIN,sein,33224,,
tg,rfd2.0,269681,269928,KOCH,20,kommandiert,ADJD,kommandieren,33224,,
tg,rfd2.0,269681,269928,KOCH,20,gegen,APPR,gegen,33224,,
tg,rfd2.0,269681,269928,KOCH,20,dich,PPER,dich,33224,,
tg,rfd2.0,269681,269928,KOCH,20,.,$.,--,33224,,
tg,rfd2.0,269933,269964,SCHILLER,29,Ich,PPER,ich,33224,,
tg,rfd2.0,269933,269964,SCHILLER,29,furcht,VVFIN,furchen,33224,,
tg,rfd2.0,269933,269964,SCHILLER,29,',$[,--,33224,,
tg,rfd2.0,269933,269964,SCHILLER,29,es,PPER,es,33224,,
tg,rfd2.0,269933,269964,SCHILLER,29,auch,ADV,auch,33224,,
tg,rfd2.0,269933,269964,SCHILLER,29,.,$.,--,33224,,
tg,rfd2.0,269969,270306,KOCH,20,Nette,NE,nette,33224,NETTE,15
tg,rfd2.0,269969,270306,KOCH,20,hat,VAFIN,haben,33224,,
tg,rfd2.0,269969,270306,KOCH,20,dem,ART,der,33224,,
tg,rfd2.0,269969,270306,KOCH,20,Papa,NN,papa,33224,,
tg,rfd2.0,269969,270306,KOCH,20,aus,APPR,aus,33224,,
tg,rfd2.0,269969,270306,KOCH,20,der,ART,der,33224,,
tg,rfd2.0,269969,270306,KOCH,20,Diensthöhle,NN,diensthöhle,33224,,
tg,rfd2.0,269969,270306,KOCH,20,die,ART,der,33224,,
tg,rfd2.0,269969,270306,KOCH,20,Schlüssel,NN,schlüssel,33224,,
tg,rfd2.0,269969,270306,KOCH,20,entwendet,VVPP,entwenden,33224,,
tg,rfd2.0,269969,270306,KOCH,20,;,$.,--,33224,,
tg,rfd2.0,269969,270306,KOCH,20,ich,PPER,ich,33224,KOCH,20
tg,rfd2.0,269969,270306,KOCH,20,öffne,VVFIN,öffnen,33224,,
tg,rfd2.0,269969,270306,KOCH,20,dir,PPER,dir,33224,,
tg,rfd2.0,269969,270306,KOCH,20,",","$,",--,33224,,
tg,rfd2.0,269969,270306,KOCH,20,du,PPER,du,33224,,
tg,rfd2.0,269969,270306,KOCH,20,nimmst,ADV,nimmst,33224,,
tg,rfd2.0,269969,270306,KOCH,20,diesen,PDAT,dieser,33224,,
tg,rfd2.0,269969,270306,KOCH,20,Mantel,NN,mantel,33224,,
tg,rfd2.0,269969,270306,KOCH,20,",","$,",--,33224,,
tg,rfd2.0,269969,270306,KOCH,20,und,KON,und,33224,,
tg,rfd2.0,269969,270306,KOCH,20,wenn,KOUS,wenn,33224,,
tg,rfd2.0,269969,270306,KOCH,20,die,ART,der,33224,,
tg,rfd2.0,269969,270306,KOCH,20,Wache,NN,wache,33224,,
tg,rfd2.0,269969,270306,KOCH,20,nach,APPR,nach,33224,,
tg,rfd2.0,269969,270306,KOCH,20,jener,PDAT,jener,33224,,
tg,rfd2.0,269969,270306,KOCH,20,Seite,NN,seite,33224,,
tg,rfd2.0,269969,270306,KOCH,20,Hinten,NN,hinter,33224,,
tg,rfd2.0,269969,270306,KOCH,20,nach,APPR,nach,33224,,
tg,rfd2.0,269969,270306,KOCH,20,rechts,ADV,rechts,33224,,
tg,rfd2.0,269969,270306,KOCH,20,deutend,ADJD,deutend,33224,,
tg,rfd2.0,269969,270306,KOCH,20,.,$.,--,33224,,
tg,rfd2.0,269969,270306,KOCH,20,marschiert,VVPP,marschieren,33224,,
tg,rfd2.0,269969,270306,KOCH,20,",","$,",--,33224,,
tg,rfd2.0,269969,270306,KOCH,20,schlüpfen,VVINF,schlüpfen,33224,,
tg,rfd2.0,269969,270306,KOCH,20,wir,PPER,wir,33224,,
tg,rfd2.0,269969,270306,KOCH,20,Nach,APPR,nach,33224,,
tg,rfd2.0,269969,270306,KOCH,20,dem,ART,der,33224,,
tg,rfd2.0,269969,270306,KOCH,20,offenen,ADJA,offen,33224,,
tg,rfd2.0,269969,270306,KOCH,20,Hintergrunde,NN,hintergrunde,33224,,
tg,rfd2.0,269969,270306,KOCH,20,deutend,ADJD,deutend,33224,,
tg,rfd2.0,269969,270306,KOCH,20,.,$.,--,33224,,
tg,rfd2.0,269969,270306,KOCH,20,hinaus,PTKVZ,hinaus,33224,,
tg,rfd2.0,269969,270306,KOCH,20,.,$.,--,33224,,
tg,rfd2.0,269969,270306,KOCH,20,Fünf,CARD,fünf,33224,,
tg,rfd2.0,269969,270306,KOCH,20,Schritte,NN,schritt,33224,,
tg,rfd2.0,269969,270306,KOCH,20,links,ADV,links,33224,,
tg,rfd2.0,269969,270306,KOCH,20,macht,VVFIN,machen,33224,,
tg,rfd2.0,269969,270306,KOCH,20,der,ART,der,33224,,
tg,rfd2.0,269969,270306,KOCH,20,Wall,NE,Wall,33224,,
tg,rfd2.0,269969,270306,KOCH,20,eine,ART,ein,33224,,
tg,rfd2.0,269969,270306,KOCH,20,Biegung,NN,biegung,33224,,
tg,rfd2.0,269969,270306,KOCH,20,und,KON,und,33224,,
tg,rfd2.0,269969,270306,KOCH,20,entzieht,VVFIN,entziehen,33224,,
tg,rfd2.0,269969,270306,KOCH,20,uns,PPER,uns,33224,,
tg,rfd2.0,269969,270306,KOCH,20,den,PDS,der,33224,,
tg,rfd2.0,269969,270306,KOCH,20,Blicken,VVFIN,blick,33224,,
tg,rfd2.0,269969,270306,KOCH,20,.,$.,--,33224,,
tg,rfd2.0,269969,270306,KOCH,20,Also,ADV,also,33224,,
tg,rfd2.0,269969,270306,KOCH,20,rasch,ADJD,rasch,33224,,
tg,rfd2.0,269969,270306,KOCH,20,"!",$.,--,33224,,
tg,rfd2.0,270311,270387,SCHILLER,29,Das,PDS,der,33224,,
tg,rfd2.0,270311,270387,SCHILLER,29,geht,VVFIN,gehen,33224,,
tg,rfd2.0,270311,270387,SCHILLER,29,nicht,PTKNEG,nicht,33224,,
tg,rfd2.0,270311,270387,SCHILLER,29,",","$,",--,33224,,
tg,rfd2.0,270311,270387,SCHILLER,29,Anton,NE,anton,33224,,
tg,rfd2.0,270311,270387,SCHILLER,29,"!",$.,--,33224,,
tg,rfd2.0,270311,270387,SCHILLER,29,Ich,PPER,ich,33224,,
tg,rfd2.0,270311,270387,SCHILLER,29,muß,VMFIN,müssen,33224,,
tg,rfd2.0,270311,270387,SCHILLER,29,meinen,PPOSAT,mein,33224,SCHILLER,29
tg,rfd2.0,270311,270387,SCHILLER,29,Fiesko,NN,fiesko,33224,,
tg,rfd2.0,270311,270387,SCHILLER,29,haben,VAFIN,haben,33224,,
tg,rfd2.0,270311,270387,SCHILLER,29,",","$,",--,33224,,
tg,rfd2.0,270311,270387,SCHILLER,29,und,KON,und,33224,,
tg,rfd2.0,270311,270387,SCHILLER,29,ich,PPER,ich,33224,SCHILLER,29
tg,rfd2.0,270311,270387,SCHILLER,29,muß,VMFIN,müssen,33224,,
tg,rfd2.0,270311,270387,SCHILLER,29,–,XY,–,33224,,
tg,rfd2.0,270392,270746,KOCH,20,Abschied,NN,abschied,33224,,
tg,rfd2.0,270392,270746,KOCH,20,nehmen,VVINF,nehmen,33224,,
tg,rfd2.0,270392,270746,KOCH,20,"!",$.,--,33224,,
tg,rfd2.0,270392,270746,KOCH,20,–,XY,–,33224,,
tg,rfd2.0,270392,270746,KOCH,20,Schiller,NE,schiller,33224,SCHILLER,29
tg,rfd2.0,270392,270746,KOCH,20,",","$,",--,33224,,
tg,rfd2.0,270392,270746,KOCH,20,nur,ADV,nur,33224,,
tg,rfd2.0,270392,270746,KOCH,20,jetzt,ADV,jetzt,33224,,
tg,rfd2.0,270392,270746,KOCH,20,keine,PIAT,kein,33224,,
tg,rfd2.0,270392,270746,KOCH,20,Sentimentalität,NN,sentimentalität,33224,,
tg,rfd2.0,270392,270746,KOCH,20,–,XY,–,33224,,
tg,rfd2.0,270392,270746,KOCH,20,mit,APPR,mit,33224,,
tg,rfd2.0,270392,270746,KOCH,20,dem,ART,der,33224,,
tg,rfd2.0,270392,270746,KOCH,20,Fiesko,NE,fiesko,33224,,
tg,rfd2.0,270392,270746,KOCH,20,hat's,VVFIN,hat,33224,,
tg,rfd2.0,270392,270746,KOCH,20,seine,PPOSAT,sein,33224,,
tg,rfd2.0,270392,270746,KOCH,20,Richtigkeit,NN,richtigkeit,33224,,
tg,rfd2.0,270392,270746,KOCH,20,",","$,",--,33224,,
tg,rfd2.0,270392,270746,KOCH,20,und,KON,und,33224,,
tg,rfd2.0,270392,270746,KOCH,20,die,ART,der,33224,,
tg,rfd2.0,270392,270746,KOCH,20,Frauenzimmer,NN,frauenzimmer,33224,,
tg,rfd2.0,270392,270746,KOCH,20,harren,VVFIN,harren,33224,,
tg,rfd2.0,270392,270746,KOCH,20,–,PPER,–,33224,,
tg,rfd2.0,270392,270746,KOCH,20,Geht,VVFIN,gehen,33224,,
tg,rfd2.0,270392,270746,KOCH,20,immer,ADV,immer,33224,,
tg,rfd2.0,270392,270746,KOCH,20,nach,APPR,nach,33224,,
tg,rfd2.0,270392,270746,KOCH,20,der,ART,der,33224,,
tg,rfd2.0,270392,270746,KOCH,20,Wache,NN,wache,33224,,
tg,rfd2.0,270392,270746,KOCH,20,sehend,ADJD,sehend,33224,,
tg,rfd2.0,270392,270746,KOCH,20,vorsichtig,ADJD,vorsichtig,33224,,
tg,rfd2.0,270392,270746,KOCH,20,hinüber,ADV,hinüber,33224,,
tg,rfd2.0,270392,270746,KOCH,20,zu,PTKZU,zu,33224,,
tg,rfd2.0,270392,270746,KOCH,20,Nette,VVINF,nette,33224,NETTE,15
tg,rfd2.0,270392,270746,KOCH,20,und,KON,und,33224,,
tg,rfd2.0,270392,270746,KOCH,20,sagt,VVFIN,sagen,33224,,
tg,rfd2.0,270392,270746,KOCH,20,diesem,PDAT,dieser,33224,,
tg,rfd2.0,270392,270746,KOCH,20,leise,ADJA,leise,33224,,
tg,rfd2.0,270392,270746,KOCH,20,etwas,PIS,etwas,33224,,
tg,rfd2.0,270392,270746,KOCH,20,.,$.,--,33224,,
tg,rfd2.0,270392,270746,KOCH,20,Nette,NE,nette,33224,NETTE,15
tg,rfd2.0,270392,270746,KOCH,20,verschwindet,VVFIN,verschwinden,33224,,
tg,rfd2.0,270392,270746,KOCH,20,.,$.,--,33224,,
tg,rfd2.0,270392,270746,KOCH,20,Koch,NE,koch,33224,KOCH,20
tg,rfd2.0,270392,270746,KOCH,20,kommt,VVFIN,kommen,33224,,
tg,rfd2.0,270392,270746,KOCH,20,zurück,PTKVZ,zurück,33224,,
tg,rfd2.0,270392,270746,KOCH,20,und,KON,und,33224,,
tg,rfd2.0,270392,270746,KOCH,20,schließt,VVFIN,schließen,33224,,
tg,rfd2.0,270392,270746,KOCH,20,die,ART,der,33224,,
tg,rfd2.0,270392,270746,KOCH,20,Türe,NN,türe,33224,,
tg,rfd2.0,270392,270746,KOCH,20,rechts,ADV,rechts,33224,,
tg,rfd2.0,270392,270746,KOCH,20,auf,PTKVZ,auf,33224,,
tg,rfd2.0,270392,270746,KOCH,20,.,$.,--,33224,,
tg,rfd2.0,270392,270746,KOCH,20,Schiller,NE,schiller,33224,SCHILLER,29
tg,rfd2.0,270392,270746,KOCH,20,tritt,VVFIN,treten,33224,,
tg,rfd2.0,270392,270746,KOCH,20,heraus,PTKVZ,heraus,33224,,
tg,rfd2.0,270392,270746,KOCH,20,;,$.,--,33224,,
tg,rfd2.0,270392,270746,KOCH,20,er,PPER,er,33224,,
tg,rfd2.0,270392,270746,KOCH,20,führt,VVFIN,führen,33224,,
tg,rfd2.0,270392,270746,KOCH,20,seinen,PPOSAT,sein,33224,,
tg,rfd2.0,270392,270746,KOCH,20,Hut,NN,hut,33224,,
tg,rfd2.0,270392,270746,KOCH,20,mit,APPR,mit,33224,,
tg,rfd2.0,270392,270746,KOCH,20,sich,PRF,sich,33224,,
tg,rfd2.0,270392,270746,KOCH,20,.,$.,--,33224,,
tg,rfd2.0,270752,270813,SCHILLER,29,O,NE,O,33224,,
tg,rfd2.0,270752,270813,SCHILLER,29,mein,PPOSAT,mein,33224,SCHILLER,29
tg,rfd2.0,270752,270813,SCHILLER,29,Gott,NN,gott,33224,,
tg,rfd2.0,270752,270813,SCHILLER,29,"!",$.,--,33224,,
tg,rfd2.0,270752,270813,SCHILLER,29,Wie,PWAV,wie,33224,,
tg,rfd2.0,270752,270813,SCHILLER,29,soll,VMFIN,sollen,33224,,
tg,rfd2.0,270752,270813,SCHILLER,29,ich,PPER,ich,33224,SCHILLER,29
tg,rfd2.0,270752,270813,SCHILLER,29,die,ART,der,33224,,
tg,rfd2.0,270752,270813,SCHILLER,29,Trennung,NN,trennung,33224,,
tg,rfd2.0,270752,270813,SCHILLER,29,überwinden,VVINF,überwinden,33224,,
tg,rfd2.0,270752,270813,SCHILLER,29,?,$.,--,33224,,
tg,rfd2.0,270818,271153,KOCH,20,Klage,NN,klage,33224,,
tg,rfd2.0,270818,271153,KOCH,20,auf,APPR,auf,33224,,
tg,rfd2.0,270818,271153,KOCH,20,dieser,PDAT,dieser,33224,,
tg,rfd2.0,270818,271153,KOCH,20,Seite,NN,seite,33224,,
tg,rfd2.0,270818,271153,KOCH,20,–,VVFIN,–,33224,,
tg,rfd2.0,270818,271153,KOCH,20,ich,PPER,ich,33224,KOCH,20
tg,rfd2.0,270818,271153,KOCH,20,gehe,VVFIN,gehen,33224,,
tg,rfd2.0,270818,271153,KOCH,20,zu,APPR,zu,33224,,
tg,rfd2.0,270818,271153,KOCH,20,Kapf,NN,kapf,33224,,
tg,rfd2.0,270818,271153,KOCH,20,hinein,APZR,hinein,33224,,
tg,rfd2.0,270818,271153,KOCH,20,wegen,APPR,wegen,33224,,
tg,rfd2.0,270818,271153,KOCH,20,der,ART,der,33224,,
tg,rfd2.0,270818,271153,KOCH,20,Schildwache,NN,schildwache,33224,,
tg,rfd2.0,270818,271153,KOCH,20,.,$.,--,33224,,
tg,rfd2.0,270818,271153,KOCH,20,Vielleicht,ADV,vielleicht,33224,,
tg,rfd2.0,270818,271153,KOCH,20,kann,VMFIN,können,33224,,
tg,rfd2.0,270818,271153,KOCH,20,er,PPER,er,33224,,
tg,rfd2.0,270818,271153,KOCH,20,sich,PRF,sich,33224,,
tg,rfd2.0,270818,271153,KOCH,20,selbst,ADV,selbst,33224,,
tg,rfd2.0,270818,271153,KOCH,20,auf,APPR,auf,33224,,
tg,rfd2.0,270818,271153,KOCH,20,den,ART,der,33224,,
tg,rfd2.0,270818,271153,KOCH,20,Wall,NE,Wall,33224,,
tg,rfd2.0,270818,271153,KOCH,20,stellen,VVINF,stellen,33224,,
tg,rfd2.0,270818,271153,KOCH,20,",","$,",--,33224,,
tg,rfd2.0,270818,271153,KOCH,20,damit,KOUS,damit,33224,,
tg,rfd2.0,270818,271153,KOCH,20,er,PPER,er,33224,,
tg,rfd2.0,270818,271153,KOCH,20,ihr,PPOSAT,ihr,33224,,
tg,rfd2.0,270818,271153,KOCH,20,den,ART,der,33224,,
tg,rfd2.0,270818,271153,KOCH,20,Weg,NN,weg,33224,,
tg,rfd2.0,270818,271153,KOCH,20,hierher,PROAV,hierher,33224,,
tg,rfd2.0,270818,271153,KOCH,20,abschneidet,VVFIN,abschneiden,33224,,
tg,rfd2.0,270818,271153,KOCH,20,.,$.,--,33224,,
tg,rfd2.0,270818,271153,KOCH,20,Fasse,NN,fasse,33224,,
tg,rfd2.0,270818,271153,KOCH,20,dich,PPER,dich,33224,,
tg,rfd2.0,270818,271153,KOCH,20,kurz,ADJD,kurz,33224,,
tg,rfd2.0,270818,271153,KOCH,20,",","$,",--,33224,,
tg,rfd2.0,270818,271153,KOCH,20,sobald,KOUS,sobald,33224,,
tg,rfd2.0,270818,271153,KOCH,20,du,PPER,du,33224,,
tg,rfd2.0,270818,271153,KOCH,20,das,ART,der,33224,,
tg,rfd2.0,270818,271153,KOCH,20,Manuskript,NN,manuskript,33224,,
tg,rfd2.0,270818,271153,KOCH,20,hast,VAFIN,haben,33224,,
tg,rfd2.0,270818,271153,KOCH,20,.,$.,--,33224,,
tg,rfd2.0,270818,271153,KOCH,20,Ich,PPER,ich,33224,,
tg,rfd2.0,270818,271153,KOCH,20,fürchte,VVFIN,fürchen,33224,,
tg,rfd2.0,270818,271153,KOCH,20,",","$,",--,33224,,
tg,rfd2.0,270818,271153,KOCH,20,der,ART,der,33224,,
tg,rfd2.0,270818,271153,KOCH,20,Rieger,NN,rieger,33224,RIEGER,27
tg,rfd2.0,270818,271153,KOCH,20,trifft,VVFIN,treffen,33224,,
tg,rfd2.0,270818,271153,KOCH,20,Vorkehrungen,NN,vorkehrung,33224,,
tg,rfd2.0,270818,271153,KOCH,20,",","$,",--,33224,,
tg,rfd2.0,270818,271153,KOCH,20,die,PRELS,der,33224,,
tg,rfd2.0,270818,271153,KOCH,20,uns,PPER,uns,33224,,
tg,rfd2.0,270818,271153,KOCH,20,verderben,VVFIN,verderben,33224,,
tg,rfd2.0,270818,271153,KOCH,20,–,PPER,–,33224,,
tg,rfd2.0,270818,271153,KOCH,20,Ab,APPR,ab,33224,,
tg,rfd2.0,270818,271153,KOCH,20,in,APPR,in,33224,,
tg,rfd2.0,270818,271153,KOCH,20,die,ART,der,33224,,
tg,rfd2.0,270818,271153,KOCH,20,Tür,NN,tür,33224,,
tg,rfd2.0,270818,271153,KOCH,20,rechts,ADV,rechts,33224,,
tg,rfd2.0,270818,271153,KOCH,20,.,$.,--,33224,,
tg,rfd2.0,271296,272637,SCHILLER,29,Dort,ADV,dort,33224,,
tg,rfd2.0,271296,272637,SCHILLER,29,Tod,NN,tod,33224,,
tg,rfd2.0,271296,272637,SCHILLER,29,meines,PPOSAT,mein,33224,SCHILLER,29
tg,rfd2.0,271296,272637,SCHILLER,29,Geistes,NN,geist,33224,,
tg,rfd2.0,271296,272637,SCHILLER,29,",","$,",--,33224,,
tg,rfd2.0,271296,272637,SCHILLER,29,vielleicht,ADV,vielleicht,33224,,
tg,rfd2.0,271296,272637,SCHILLER,29,auch,ADV,auch,33224,,
tg,rfd2.0,271296,272637,SCHILLER,29,meines,PPOSAT,mein,33224,SCHILLER,29
tg,rfd2.0,271296,272637,SCHILLER,29,Leibes,NN,leibe,33224,,
tg,rfd2.0,271296,272637,SCHILLER,29,–,XY,–,33224,,
tg,rfd2.0,271296,272637,SCHILLER,29,hier,ADV,hier,33224,,
tg,rfd2.0,271296,272637,SCHILLER,29,Tod,NN,tod,33224,,
tg,rfd2.0,271296,272637,SCHILLER,29,meines,PPOSAT,mein,33224,SCHILLER,29
tg,rfd2.0,271296,272637,SCHILLER,29,Herzens,NN,Herz,33224,,
tg,rfd2.0,271296,272637,SCHILLER,29,"!",$.,--,33224,,
tg,rfd2.0,271296,272637,SCHILLER,29,Schreckliche,NN,schrecklich,33224,,
tg,rfd2.0,271296,272637,SCHILLER,29,Wahl,NN,wahl,33224,,
tg,rfd2.0,271296,272637,SCHILLER,29,",","$,",--,33224,,
tg,rfd2.0,271296,272637,SCHILLER,29,die,PRELS,der,33224,,
tg,rfd2.0,271296,272637,SCHILLER,29,mir,PPER,sich,33224,SCHILLER,29
tg,rfd2.0,271296,272637,SCHILLER,29,auferlegt,VVPP,auferlegen,33224,,
tg,rfd2.0,271296,272637,SCHILLER,29,wird,VAFIN,werden,33224,,
tg,rfd2.0,271296,272637,SCHILLER,29,"!",$.,--,33224,,
tg,rfd2.0,271296,272637,SCHILLER,29,Tückisches,ADJA,tückisch,33224,,
tg,rfd2.0,271296,272637,SCHILLER,29,Schicksal,NN,schicksal,33224,,
tg,rfd2.0,271296,272637,SCHILLER,29,",","$,",--,33224,,
tg,rfd2.0,271296,272637,SCHILLER,29,das,PRELS,der,33224,,
tg,rfd2.0,271296,272637,SCHILLER,29,mich,PPER,mich,33224,SCHILLER,29
tg,rfd2.0,271296,272637,SCHILLER,29,mit,APPR,mit,33224,,
tg,rfd2.0,271296,272637,SCHILLER,29,seinem,PPOSAT,sein,33224,,
tg,rfd2.0,271296,272637,SCHILLER,29,Glücke,NN,glücke,33224,,
tg,rfd2.0,271296,272637,SCHILLER,29,verhöhnt,VVPP,verhöhnen,33224,,
tg,rfd2.0,271296,272637,SCHILLER,29,:,$.,--,33224,,
tg,rfd2.0,271296,272637,SCHILLER,29,die,ART,der,33224,,
tg,rfd2.0,271296,272637,SCHILLER,29,Pforten,NN,pfort,33224,,
tg,rfd2.0,271296,272637,SCHILLER,29,der,ART,der,33224,,
tg,rfd2.0,271296,272637,SCHILLER,29,Seligkeit,NN,seligkeit,33224,,
tg,rfd2.0,271296,272637,SCHILLER,29,sind,VAFIN,sein,33224,,
tg,rfd2.0,271296,272637,SCHILLER,29,mir,PPER,sich,33224,SCHILLER,29
tg,rfd2.0,271296,272637,SCHILLER,29,endlich,ADV,endlich,33224,,
tg,rfd2.0,271296,272637,SCHILLER,29,geöffnet,VVPP,öffnen,33224,,
tg,rfd2.0,271296,272637,SCHILLER,29,",","$,",--,33224,,
tg,rfd2.0,271296,272637,SCHILLER,29,mein,PPOSAT,mein,33224,SCHILLER,29
tg,rfd2.0,271296,272637,SCHILLER,29,Auge,NN,auge,33224,,
tg,rfd2.0,271296,272637,SCHILLER,29,schwelgt,VVFIN,schwelgen,33224,,
tg,rfd2.0,271296,272637,SCHILLER,29,schon,ADV,schon,33224,,
tg,rfd2.0,271296,272637,SCHILLER,29,im,APPRART,in,33224,,
tg,rfd2.0,271296,272637,SCHILLER,29,Genusse,NN,genusse,33224,,
tg,rfd2.0,271296,272637,SCHILLER,29,;,$.,--,33224,,
tg,rfd2.0,271296,272637,SCHILLER,29,da,ADV,da,33224,,
tg,rfd2.0,271296,272637,SCHILLER,29,werde,VAFIN,werden,33224,,
tg,rfd2.0,271296,272637,SCHILLER,29,ich,PPER,ich,33224,SCHILLER,29
tg,rfd2.0,271296,272637,SCHILLER,29,erbarmungslos,ADJD,erbarmungslos,33224,,
tg,rfd2.0,271296,272637,SCHILLER,29,zurückgeschleudert,VVPP,zurückschleudern,33224,,
tg,rfd2.0,271296,272637,SCHILLER,29,",","$,",--,33224,,
tg,rfd2.0,271296,272637,SCHILLER,29,um,KOUI,um,33224,,
tg,rfd2.0,271296,272637,SCHILLER,29,nie,ADV,nie,33224,,
tg,rfd2.0,271296,272637,SCHILLER,29,",","$,",--,33224,,
tg,rfd2.0,271296,272637,SCHILLER,29,niemals,ADV,niemals,33224,,
tg,rfd2.0,271296,272637,SCHILLER,29,die,ART,der,33224,,
tg,rfd2.0,271296,272637,SCHILLER,29,Pforten,NN,pfort,33224,,
tg,rfd2.0,271296,272637,SCHILLER,29,zu,PTKZU,zu,33224,,
tg,rfd2.0,271296,272637,SCHILLER,29,überschreiten,VVINF,überschreiten,33224,,
tg,rfd2.0,271296,272637,SCHILLER,29,"!",$.,--,33224,,
tg,rfd2.0,271296,272637,SCHILLER,29,Und,KON,und,33224,,
tg,rfd2.0,271296,272637,SCHILLER,29,ich,PPER,ich,33224,SCHILLER,29
tg,rfd2.0,271296,272637,SCHILLER,29,soll,VMFIN,sollen,33224,,
tg,rfd2.0,271296,272637,SCHILLER,29,nicht,PTKNEG,nicht,33224,,
tg,rfd2.0,271296,272637,SCHILLER,29,klagen,VVINF,klagen,33224,,
tg,rfd2.0,271296,272637,SCHILLER,29,"!",$.,--,33224,,
tg,rfd2.0,271296,272637,SCHILLER,29,Dem,ART,der,33224,,
tg,rfd2.0,271296,272637,SCHILLER,29,Dichter,NN,dichter,33224,,
tg,rfd2.0,271296,272637,SCHILLER,29,gebührt,VVPP,bühren,33224,,
tg,rfd2.0,271296,272637,SCHILLER,29,nicht,PTKNEG,nicht,33224,,
tg,rfd2.0,271296,272637,SCHILLER,29,mehr,ADV,mehr,33224,,
tg,rfd2.0,271296,272637,SCHILLER,29,",","$,",--,33224,,
tg,rfd2.0,271296,272637,SCHILLER,29,damit,KOUS,damit,33224,,
tg,rfd2.0,271296,272637,SCHILLER,29,ihm,PPER,ihm,33224,,
tg,rfd2.0,271296,272637,SCHILLER,29,die,ART,der,33224,,
tg,rfd2.0,271296,272637,SCHILLER,29,Sehnsucht,NN,sehnsucht,33224,,
tg,rfd2.0,271296,272637,SCHILLER,29,lebendig,ADJD,lebendig,33224,,
tg,rfd2.0,271296,272637,SCHILLER,29,",","$,",--,33224,,
tg,rfd2.0,271296,272637,SCHILLER,29,das,ART,der,33224,,
tg,rfd2.0,271296,272637,SCHILLER,29,Ideal,NN,ideal,33224,,
tg,rfd2.0,271296,272637,SCHILLER,29,unzerstörbar,ADJD,unzerstörbar,33224,,
tg,rfd2.0,271296,272637,SCHILLER,29,bleibe,VVFIN,bleiben,33224,,
tg,rfd2.0,271296,272637,SCHILLER,29,"!",$.,--,33224,,
tg,rfd2.0,271296,272637,SCHILLER,29,O,NE,O,33224,,
tg,rfd2.0,271296,272637,SCHILLER,29,Dichtkunst,NE,dichtkunst,33224,,
tg,rfd2.0,271296,272637,SCHILLER,29,"!",$.,--,33224,,
tg,rfd2.0,271296,272637,SCHILLER,29,Welch,PIDAT,welch,33224,,
tg,rfd2.0,271296,272637,SCHILLER,29,ein,ART,ein,33224,,
tg,rfd2.0,271296,272637,SCHILLER,29,schmerzliches,ADJA,schmerzlich,33224,,
tg,rfd2.0,271296,272637,SCHILLER,29,Geschenk,NN,geschenk,33224,,
tg,rfd2.0,271296,272637,SCHILLER,29,des,ART,der,33224,,
tg,rfd2.0,271296,272637,SCHILLER,29,Himmels,NN,himmel,33224,,
tg,rfd2.0,271296,272637,SCHILLER,29,bist,VAFIN,sein,33224,,
tg,rfd2.0,271296,272637,SCHILLER,29,du,PPER,du,33224,,
tg,rfd2.0,271296,272637,SCHILLER,29,"!",$.,--,33224,,
tg,rfd2.0,271296,272637,SCHILLER,29,Alle,PIDAT,aller,33224,ALLE,30
tg,rfd2.0,271296,272637,SCHILLER,29,Schmerzen,NN,schmerz,33224,,
tg,rfd2.0,271296,272637,SCHILLER,29,der,ART,der,33224,,
tg,rfd2.0,271296,272637,SCHILLER,29,Welt,NN,welt,33224,,
tg,rfd2.0,271296,272637,SCHILLER,29,doppelt,ADJD,doppelt,33224,,
tg,rfd2.0,271296,272637,SCHILLER,29,zu,PTKZU,zu,33224,,
tg,rfd2.0,271296,272637,SCHILLER,29,empfinden,VVINF,empfinden,33224,,
tg,rfd2.0,271296,272637,SCHILLER,29,",","$,",--,33224,,
tg,rfd2.0,271296,272637,SCHILLER,29,das,PDS,der,33224,,
tg,rfd2.0,271296,272637,SCHILLER,29,ist,VAFIN,sein,33224,,
tg,rfd2.0,271296,272637,SCHILLER,29,unser,PPOSAT,unser,33224,,
tg,rfd2.0,271296,272637,SCHILLER,29,entsetzlicher,ADJA,entsetzlich,33224,,
tg,rfd2.0,271296,272637,SCHILLER,29,Vorzug,NN,vorzug,33224,,
tg,rfd2.0,271296,272637,SCHILLER,29,.,$.,--,33224,,
tg,rfd2.0,271296,272637,SCHILLER,29,Orpheus,NE,orpheus,33224,,
tg,rfd2.0,271296,272637,SCHILLER,29,drang,VVFIN,dringen,33224,,
tg,rfd2.0,271296,272637,SCHILLER,29,mit,APPR,mit,33224,,
tg,rfd2.0,271296,272637,SCHILLER,29,der,ART,der,33224,,
tg,rfd2.0,271296,272637,SCHILLER,29,Macht,NN,macht,33224,,
tg,rfd2.0,271296,272637,SCHILLER,29,des,ART,der,33224,,
tg,rfd2.0,271296,272637,SCHILLER,29,Gesanges,NN,gesang,33224,,
tg,rfd2.0,271296,272637,SCHILLER,29,in,APPR,in,33224,,
tg,rfd2.0,271296,272637,SCHILLER,29,die,ART,der,33224,,
tg,rfd2.0,271296,272637,SCHILLER,29,Unterwelt,NN,unterwelt,33224,,
tg,rfd2.0,271296,272637,SCHILLER,29,hinab,VVFIN,hinab,33224,,
tg,rfd2.0,271296,272637,SCHILLER,29,",","$,",--,33224,,
tg,rfd2.0,271296,272637,SCHILLER,29,die,PRELS,der,33224,,
tg,rfd2.0,271296,272637,SCHILLER,29,vom,APPRART,von,33224,,
tg,rfd2.0,271296,272637,SCHILLER,29,Tode,NN,tod,33224,,
tg,rfd2.0,271296,272637,SCHILLER,29,entführte,ADJA,entführt,33224,,
tg,rfd2.0,271296,272637,SCHILLER,29,Gattin,NN,gattin,33224,,
tg,rfd2.0,271296,272637,SCHILLER,29,noch,ADV,noch,33224,,
tg,rfd2.0,271296,272637,SCHILLER,29,einmal,ADV,einmal,33224,,
tg,rfd2.0,271296,272637,SCHILLER,29,wiederzusehen,VVINF,wiedersehen,33224,,
tg,rfd2.0,271296,272637,SCHILLER,29,.,$.,--,33224,,
tg,rfd2.0,271296,272637,SCHILLER,29,Er,PPER,er,33224,,
tg,rfd2.0,271296,272637,SCHILLER,29,sah,VVFIN,sehen,33224,,
tg,rfd2.0,271296,272637,SCHILLER,29,sie,PPER,sie,33224,,
tg,rfd2.0,271296,272637,SCHILLER,29,wieder,ADV,wieder,33224,,
tg,rfd2.0,271296,272637,SCHILLER,29,",","$,",--,33224,,
tg,rfd2.0,271296,272637,SCHILLER,29,ja,PTKANT,ja,33224,,
tg,rfd2.0,271296,272637,SCHILLER,29,",","$,",--,33224,,
tg,rfd2.0,271296,272637,SCHILLER,29,aber,KON,aber,33224,,
tg,rfd2.0,271296,272637,SCHILLER,29,für,APPR,für,33224,,
tg,rfd2.0,271296,272637,SCHILLER,29,einen,ART,ein,33224,,
tg,rfd2.0,271296,272637,SCHILLER,29,Augenblick,NN,augenblick,33224,,
tg,rfd2.0,271296,272637,SCHILLER,29,",","$,",--,33224,,
tg,rfd2.0,271296,272637,SCHILLER,29,und,KON,und,33224,,
tg,rfd2.0,271296,272637,SCHILLER,29,um,APPR,um,33224,,
tg,rfd2.0,271296,272637,SCHILLER,29,den,ART,der,33224,,
tg,rfd2.0,271296,272637,SCHILLER,29,Verlust,NN,verlust,33224,,
tg,rfd2.0,271296,272637,SCHILLER,29,noch,ADV,noch,33224,,
tg,rfd2.0,271296,272637,SCHILLER,29,einmal,ADV,einmal,33224,,
tg,rfd2.0,271296,272637,SCHILLER,29,und,KON,und,33224,,
tg,rfd2.0,271296,272637,SCHILLER,29,tausendmal,ADV,tausendmal,33224,,
tg,rfd2.0,271296,272637,SCHILLER,29,stärker,ADJD,stark,33224,,
tg,rfd2.0,271296,272637,SCHILLER,29,zu,PTKZU,zu,33224,,
tg,rfd2.0,271296,272637,SCHILLER,29,empfinden,VVINF,empfinden,33224,,
tg,rfd2.0,271296,272637,SCHILLER,29,.,$.,--,33224,,
tg,rfd2.0,271296,272637,SCHILLER,29,So,ADV,so,33224,,
tg,rfd2.0,271296,272637,SCHILLER,29,erringe,VVFIN,erringen,33224,,
tg,rfd2.0,271296,272637,SCHILLER,29,ich,PPER,ich,33224,SCHILLER,29
tg,rfd2.0,271296,272637,SCHILLER,29,endlich,ADV,endlich,33224,,
tg,rfd2.0,271296,272637,SCHILLER,29,",","$,",--,33224,,
tg,rfd2.0,271296,272637,SCHILLER,29,endlich,ADV,endlich,33224,,
tg,rfd2.0,271296,272637,SCHILLER,29,ein,ART,ein,33224,,
tg,rfd2.0,271296,272637,SCHILLER,29,Herz,NN,herz,33224,,
tg,rfd2.0,271296,272637,SCHILLER,29,",","$,",--,33224,,
tg,rfd2.0,271296,272637,SCHILLER,29,das,PRELS,der,33224,,
tg,rfd2.0,271296,272637,SCHILLER,29,mich,PPER,mich,33224,SCHILLER,29
tg,rfd2.0,271296,272637,SCHILLER,29,lieben,ADJA,lieben,33224,,
tg,rfd2.0,271296,272637,SCHILLER,29,will,VMFIN,wollen,33224,,
tg,rfd2.0,271296,272637,SCHILLER,29,endlich,ADV,endlich,33224,,
tg,rfd2.0,271296,272637,SCHILLER,29,"!",$.,--,33224,,
tg,rfd2.0,271296,272637,SCHILLER,29,–,XY,–,33224,,
tg,rfd2.0,271296,272637,SCHILLER,29,um,APPR,um,33224,,
tg,rfd2.0,271296,272637,SCHILLER,29,den,ART,der,33224,,
tg,rfd2.0,271296,272637,SCHILLER,29,Gedanken,NN,gedanke,33224,,
tg,rfd2.0,271296,272637,SCHILLER,29,des,ART,der,33224,,
tg,rfd2.0,271296,272637,SCHILLER,29,Glücks,NN,glück,33224,,
tg,rfd2.0,271296,272637,SCHILLER,29,nur,ADV,nur,33224,,
tg,rfd2.0,271296,272637,SCHILLER,29,einen,ART,ein,33224,,
tg,rfd2.0,271296,272637,SCHILLER,29,Augenblick,NN,augenblick,33224,,
tg,rfd2.0,271296,272637,SCHILLER,29,zu,PTKZU,zu,33224,,
tg,rfd2.0,271296,272637,SCHILLER,29,genießen,VVINF,genießen,33224,,
tg,rfd2.0,271296,272637,SCHILLER,29,",","$,",--,33224,,
tg,rfd2.0,271296,272637,SCHILLER,29,und,KON,und,33224,,
tg,rfd2.0,271296,272637,SCHILLER,29,um,APPR,um,33224,,
tg,rfd2.0,271296,272637,SCHILLER,29,den,ART,der,33224,,
tg,rfd2.0,271296,272637,SCHILLER,29,wirkli,NN,wirkli,33224,,
tg,rfd2.0,271296,272637,SCHILLER,29,chen,VVFIN,chen,33224,,
tg,rfd2.0,271296,272637,SCHILLER,29,Verlust,NN,verlust,33224,,
tg,rfd2.0,271296,272637,SCHILLER,29,tausendmal,ADV,tausendmal,33224,,
tg,rfd2.0,271296,272637,SCHILLER,29,stärker,ADJD,stark,33224,,
tg,rfd2.0,271296,272637,SCHILLER,29,zu,PTKZU,zu,33224,,
tg,rfd2.0,271296,272637,SCHILLER,29,empfinden,VVINF,empfinden,33224,,
tg,rfd2.0,271296,272637,SCHILLER,29,"!",$.,--,33224,,
tg,rfd2.0,271296,272637,SCHILLER,29,–,XY,–,33224,,
tg,rfd2.0,271296,272637,SCHILLER,29,Damit,KOUS,damit,33224,,
tg,rfd2.0,271296,272637,SCHILLER,29,ich,PPER,ich,33224,SCHILLER,29
tg,rfd2.0,271296,272637,SCHILLER,29,ein,ART,ein,33224,,
tg,rfd2.0,271296,272637,SCHILLER,29,Gedicht,NN,gedicht,33224,,
tg,rfd2.0,271296,272637,SCHILLER,29,machen,VVINF,machen,33224,,
tg,rfd2.0,271296,272637,SCHILLER,29,kann,VMFIN,können,33224,,
tg,rfd2.0,271296,272637,SCHILLER,29,",","$,",--,33224,,
tg,rfd2.0,271296,272637,SCHILLER,29,muß,VMFIN,müssen,33224,,
tg,rfd2.0,271296,272637,SCHILLER,29,ich,PPER,ich,33224,SCHILLER,29
tg,rfd2.0,271296,272637,SCHILLER,29,unsäglichen,ADJA,unsäglich,33224,,
tg,rfd2.0,271296,272637,SCHILLER,29,Schmerz,NN,schmerz,33224,,
tg,rfd2.0,271296,272637,SCHILLER,29,erfahren,VVPP,erfahren,33224,,
tg,rfd2.0,271296,272637,SCHILLER,29,.,$.,--,33224,,
tg,rfd2.0,271296,272637,SCHILLER,29,Denn,KON,denn,33224,,
tg,rfd2.0,271296,272637,SCHILLER,29,wer,PWS,wer,33224,,
tg,rfd2.0,271296,272637,SCHILLER,29,nicht,PTKNEG,nicht,33224,,
tg,rfd2.0,271296,272637,SCHILLER,29,mit,APPR,mit,33224,,
tg,rfd2.0,271296,272637,SCHILLER,29,seinem,PPOSAT,sein,33224,,
tg,rfd2.0,271296,272637,SCHILLER,29,Herzblut,NN,herzblut,33224,,
tg,rfd2.0,271296,272637,SCHILLER,29,und,KON,und,33224,,
tg,rfd2.0,271296,272637,SCHILLER,29,seinen,PPOSAT,sein,33224,,
tg,rfd2.0,271296,272637,SCHILLER,29,Tränen,NN,träne,33224,,
tg,rfd2.0,271296,272637,SCHILLER,29,schreibt,VVFIN,schreiben,33224,,
tg,rfd2.0,271296,272637,SCHILLER,29,",","$,",--,33224,,
tg,rfd2.0,271296,272637,SCHILLER,29,den,PRELS,der,33224,,
tg,rfd2.0,271296,272637,SCHILLER,29,nennen,VVFIN,nennen,33224,,
tg,rfd2.0,271296,272637,SCHILLER,29,sie,PPER,sie,33224,,
tg,rfd2.0,271296,272637,SCHILLER,29,keinen,PIAT,kein,33224,,
tg,rfd2.0,271296,272637,SCHILLER,29,Dichter,NN,dichter,33224,,
tg,rfd2.0,271296,272637,SCHILLER,29,"!",$.,--,33224,,
tg,rfd2.0,271296,272637,SCHILLER,29,Er,PPER,er,33224,,
tg,rfd2.0,271296,272637,SCHILLER,29,versinkt,VVFIN,versinken,33224,,
tg,rfd2.0,271296,272637,SCHILLER,29,in,APPR,in,33224,,
tg,rfd2.0,271296,272637,SCHILLER,29,sich,PRF,sich,33224,,
tg,rfd2.0,271296,272637,SCHILLER,29,.,$.,--,33224,,
tg,rfd2.0,272643,272660,"Laura, deren Pflegetochter.",3,Schiller,NE,schiller,33224,SCHILLER,29
tg,rfd2.0,272643,272660,"Laura, deren Pflegetochter.",3,"!",$.,--,33224,,
tg,rfd2.0,272665,272752,SCHILLER,29,Laura,NE,laura,33224,,
tg,rfd2.0,272665,272752,SCHILLER,29,"!",$.,--,33224,,
tg,rfd2.0,272665,272752,SCHILLER,29,Er,PPER,er,33224,,
tg,rfd2.0,272665,272752,SCHILLER,29,fliegt,VVFIN,fliegen,33224,,
tg,rfd2.0,272665,272752,SCHILLER,29,in,APPR,in,33224,,
tg,rfd2.0,272665,272752,SCHILLER,29,die,ART,der,33224,,
tg,rfd2.0,272665,272752,SCHILLER,29,Höhe,NN,höhe,33224,,
tg,rfd2.0,272665,272752,SCHILLER,29,und,KON,und,33224,,
tg,rfd2.0,272665,272752,SCHILLER,29,auf,APPR,auf,33224,,
tg,rfd2.0,272665,272752,SCHILLER,29,sie,PPER,sie,33224,,
tg,rfd2.0,272665,272752,SCHILLER,29,zu,PTKVZ,zu,33224,,
tg,rfd2.0,272665,272752,SCHILLER,29,",","$,",--,33224,,
tg,rfd2.0,272665,272752,SCHILLER,29,sie,PPER,sie,33224,,
tg,rfd2.0,272665,272752,SCHILLER,29,halten,VVFIN,halten,33224,,
tg,rfd2.0,272665,272752,SCHILLER,29,sich,PRF,sich,33224,,
tg,rfd2.0,272665,272752,SCHILLER,29,bei,APPR,bei,33224,,
tg,rfd2.0,272665,272752,SCHILLER,29,den,ART,der,33224,,
tg,rfd2.0,272665,272752,SCHILLER,29,Händen,NN,hand,33224,,
tg,rfd2.0,272665,272752,SCHILLER,29,.,$.,--,33224,,
tg,rfd2.0,272758,272782,Generalin Rieger.,2,Arme,NN,arm,33224,,
tg,rfd2.0,272758,272782,Generalin Rieger.,2,Kinder,NN,kind,33224,,
tg,rfd2.0,272758,272782,Generalin Rieger.,2,"!",$.,--,33224,,
tg,rfd2.0,272787,272822,"Laura, deren Pflegetochter.",3,Muß,VMFIN,müssen,33224,,
tg,rfd2.0,272787,272822,"Laura, deren Pflegetochter.",3,es,PPER,es,33224,,
tg,rfd2.0,272787,272822,"Laura, deren Pflegetochter.",3,denn,ADV,denn,33224,,
tg,rfd2.0,272787,272822,"Laura, deren Pflegetochter.",3,sein,VAINF,sein,33224,,
tg,rfd2.0,272787,272822,"Laura, deren Pflegetochter.",3,",","$,",--,33224,,
tg,rfd2.0,272787,272822,"Laura, deren Pflegetochter.",3,Schiller,NE,schiller,33224,SCHILLER,29
tg,rfd2.0,272787,272822,"Laura, deren Pflegetochter.",3,?,$.,--,33224,,
tg,rfd2.0,272827,272941,SCHILLER,29,Nein,PTKANT,nein,33224,,
tg,rfd2.0,272827,272941,SCHILLER,29,",","$,",--,33224,,
tg,rfd2.0,272827,272941,SCHILLER,29,nein,PTKANT,nein,33224,,
tg,rfd2.0,272827,272941,SCHILLER,29,",","$,",--,33224,,
tg,rfd2.0,272827,272941,SCHILLER,29,nein,PTKANT,nein,33224,,
tg,rfd2.0,272827,272941,SCHILLER,29,"!",$.,--,33224,,
tg,rfd2.0,272827,272941,SCHILLER,29,Wir,PPER,wir,33224,,
tg,rfd2.0,272827,272941,SCHILLER,29,können,VMFIN,können,33224,,
tg,rfd2.0,272827,272941,SCHILLER,29,uns,PPER,uns,33224,,
tg,rfd2.0,272827,272941,SCHILLER,29,nicht,PTKNEG,nicht,33224,,
tg,rfd2.0,272827,272941,SCHILLER,29,bloß,ADV,bloß,33224,,
tg,rfd2.0,272827,272941,SCHILLER,29,gefunden,VVPP,finden,33224,,
tg,rfd2.0,272827,272941,SCHILLER,29,haben,VAFIN,haben,33224,,
tg,rfd2.0,272827,272941,SCHILLER,29,",","$,",--,33224,,
tg,rfd2.0,272827,272941,SCHILLER,29,um,KOUI,um,33224,,
tg,rfd2.0,272827,272941,SCHILLER,29,uns,PPER,uns,33224,,
tg,rfd2.0,272827,272941,SCHILLER,29,sogleich,ADV,sogleich,33224,,
tg,rfd2.0,272827,272941,SCHILLER,29,und,KON,und,33224,,
tg,rfd2.0,272827,272941,SCHILLER,29,für,APPR,für,33224,,
tg,rfd2.0,272827,272941,SCHILLER,29,immer,ADV,immer,33224,,
tg,rfd2.0,272827,272941,SCHILLER,29,zu,PTKZU,zu,33224,,
tg,rfd2.0,272827,272941,SCHILLER,29,verlieren,VVINF,verlieren,33224,,
tg,rfd2.0,272827,272941,SCHILLER,29,"!",$.,--,33224,,
tg,rfd2.0,272946,273076,GENERALEN,14,Du,PPER,du,33224,,
tg,rfd2.0,272946,273076,GENERALEN,14,weißt,VVFIN,weißen,33224,,
tg,rfd2.0,272946,273076,GENERALEN,14,am,PTKA,an,33224,,
tg,rfd2.0,272946,273076,GENERALEN,14,besten,ADJD,gut,33224,,
tg,rfd2.0,272946,273076,GENERALEN,14,",","$,",--,33224,,
tg,rfd2.0,272946,273076,GENERALEN,14,Fritz,NE,fritz,33224,,
tg,rfd2.0,272946,273076,GENERALEN,14,",","$,",--,33224,,
tg,rfd2.0,272946,273076,GENERALEN,14,daß,KOUS,daß,33224,,
tg,rfd2.0,272946,273076,GENERALEN,14,man,PIS,man,33224,,
tg,rfd2.0,272946,273076,GENERALEN,14,niemals,ADV,niemals,33224,,
tg,rfd2.0,272946,273076,GENERALEN,14,verliert,VVFIN,verlieren,33224,,
tg,rfd2.0,272946,273076,GENERALEN,14,",","$,",--,33224,,
tg,rfd2.0,272946,273076,GENERALEN,14,was,PRELS,was,33224,,
tg,rfd2.0,272946,273076,GENERALEN,14,man,PIS,man,33224,,
tg,rfd2.0,272946,273076,GENERALEN,14,einmal,ADV,einmal,33224,,
tg,rfd2.0,272946,273076,GENERALEN,14,ins,APPRART,in,33224,,
tg,rfd2.0,272946,273076,GENERALEN,14,Herz,NN,herz,33224,,
tg,rfd2.0,272946,273076,GENERALEN,14,geschlossen,VVPP,schließen,33224,,
tg,rfd2.0,272946,273076,GENERALEN,14,.,$.,--,33224,,
tg,rfd2.0,273081,273118,"Laura, deren Pflegetochter.",3,Mutter,NN,mutter,33224,,
tg,rfd2.0,273081,273118,"Laura, deren Pflegetochter.",3,"!",$.,--,33224,,
tg,rfd2.0,273081,273118,"Laura, deren Pflegetochter.",3,Ihr,PPOSAT,ihr,33224,,
tg,rfd2.0,273081,273118,"Laura, deren Pflegetochter.",3,ans,APPRART,an,33224,,
tg,rfd2.0,273081,273118,"Laura, deren Pflegetochter.",3,Herz,NN,herz,33224,,
tg,rfd2.0,273081,273118,"Laura, deren Pflegetochter.",3,sinkend,ADJD,sinkend,33224,,
tg,rfd2.0,273081,273118,"Laura, deren Pflegetochter.",3,.,$.,--,33224,,
tg,rfd2.0,273124,273338,SCHILLER,29,O,NE,O,33224,,
tg,rfd2.0,273124,273338,SCHILLER,29,traurige,ADJA,traurig,33224,,
tg,rfd2.0,273124,273338,SCHILLER,29,Weisheit,NN,weisheit,33224,,
tg,rfd2.0,273124,273338,SCHILLER,29,"!",$.,--,33224,,
tg,rfd2.0,273124,273338,SCHILLER,29,Was,PWS,was,33224,,
tg,rfd2.0,273124,273338,SCHILLER,29,uns,PPER,uns,33224,,
tg,rfd2.0,273124,273338,SCHILLER,29,auf,APPR,auf,33224,,
tg,rfd2.0,273124,273338,SCHILLER,29,Erden,NN,erde,33224,,
tg,rfd2.0,273124,273338,SCHILLER,29,versagt,VVPP,versagen,33224,,
tg,rfd2.0,273124,273338,SCHILLER,29,wird,VAFIN,werden,33224,,
tg,rfd2.0,273124,273338,SCHILLER,29,",","$,",--,33224,,
tg,rfd2.0,273124,273338,SCHILLER,29,das,PRELS,der,33224,,
tg,rfd2.0,273124,273338,SCHILLER,29,versetzen,VVINF,versetzen,33224,,
tg,rfd2.0,273124,273338,SCHILLER,29,wir,PPER,wir,33224,,
tg,rfd2.0,273124,273338,SCHILLER,29,in,APPR,in,33224,,
tg,rfd2.0,273124,273338,SCHILLER,29,den,ART,der,33224,,
tg,rfd2.0,273124,273338,SCHILLER,29,Himmel,NN,himmel,33224,,
tg,rfd2.0,273124,273338,SCHILLER,29,.,$.,--,33224,,
tg,rfd2.0,273124,273338,SCHILLER,29,Machen,VVFIN,machen,33224,,
tg,rfd2.0,273124,273338,SCHILLER,29,wir,PPER,wir,33224,,
tg,rfd2.0,273124,273338,SCHILLER,29,es,PPER,es,33224,,
tg,rfd2.0,273124,273338,SCHILLER,29,besser,ADJD,gut,33224,,
tg,rfd2.0,273124,273338,SCHILLER,29,.,$.,--,33224,,
tg,rfd2.0,273124,273338,SCHILLER,29,Holen,VAFIN,holen,33224,,
tg,rfd2.0,273124,273338,SCHILLER,29,wir,PPER,wir,33224,,
tg,rfd2.0,273124,273338,SCHILLER,29,vom,APPRART,von,33224,,
tg,rfd2.0,273124,273338,SCHILLER,29,Himmel,NN,himmel,33224,,
tg,rfd2.0,273124,273338,SCHILLER,29,herab,ADV,herab,33224,,
tg,rfd2.0,273124,273338,SCHILLER,29,",","$,",--,33224,,
tg,rfd2.0,273124,273338,SCHILLER,29,was,PRELS,was,33224,,
tg,rfd2.0,273124,273338,SCHILLER,29,uns,PPER,uns,33224,,
tg,rfd2.0,273124,273338,SCHILLER,29,die,ART,der,33224,,
tg,rfd2.0,273124,273338,SCHILLER,29,Erde,NN,erde,33224,,
tg,rfd2.0,273124,273338,SCHILLER,29,versagt,VVPP,versagen,33224,,
tg,rfd2.0,273124,273338,SCHILLER,29,",","$,",--,33224,,
tg,rfd2.0,273124,273338,SCHILLER,29,verpflanzen,ADJA,verpflanzen,33224,,
tg,rfd2.0,273124,273338,SCHILLER,29,wir's,NN,wir,33224,,
tg,rfd2.0,273124,273338,SCHILLER,29,gewaltsam,ADJD,gewaltsam,33224,,
tg,rfd2.0,273124,273338,SCHILLER,29,auf,APPR,auf,33224,,
tg,rfd2.0,273124,273338,SCHILLER,29,die,ART,der,33224,,
tg,rfd2.0,273124,273338,SCHILLER,29,Erde,NN,erde,33224,,
tg,rfd2.0,273124,273338,SCHILLER,29,.,$.,--,33224,,
tg,rfd2.0,273344,273366,Generalin Rieger.,2,Gewaltsam,ADJD,gewaltsam,33224,,
tg,rfd2.0,273344,273366,Generalin Rieger.,2,"!",$.,--,33224,,
tg,rfd2.0,273371,273841,SCHILLER,29,Den,ART,der,33224,,
tg,rfd2.0,273371,273841,SCHILLER,29,Himmel,NN,himmel,33224,,
tg,rfd2.0,273371,273841,SCHILLER,29,",","$,",--,33224,,
tg,rfd2.0,273371,273841,SCHILLER,29,den,PRELS,der,33224,,
tg,rfd2.0,273371,273841,SCHILLER,29,wir,PPER,wir,33224,,
tg,rfd2.0,273371,273841,SCHILLER,29,erwarten,VVFIN,erwarten,33224,,
tg,rfd2.0,273371,273841,SCHILLER,29,",","$,",--,33224,,
tg,rfd2.0,273371,273841,SCHILLER,29,den,ART,der,33224,,
tg,rfd2.0,273371,273841,SCHILLER,29,können,VMFIN,können,33224,,
tg,rfd2.0,273371,273841,SCHILLER,29,wir,PPER,wir,33224,,
tg,rfd2.0,273371,273841,SCHILLER,29,auch,ADV,auch,33224,,
tg,rfd2.0,273371,273841,SCHILLER,29,erschaffen,VVINF,erschaffen,33224,,
tg,rfd2.0,273371,273841,SCHILLER,29,.,$.,--,33224,,
tg,rfd2.0,273371,273841,SCHILLER,29,Freundin,NN,freundin,33224,,
tg,rfd2.0,273371,273841,SCHILLER,29,meiner,PPOSAT,mein,33224,SCHILLER,29
tg,rfd2.0,273371,273841,SCHILLER,29,Mutter,NN,mutter,33224,,
tg,rfd2.0,273371,273841,SCHILLER,29,",","$,",--,33224,,
tg,rfd2.0,273371,273841,SCHILLER,29,gib,VVFIN,geben,33224,,
tg,rfd2.0,273371,273841,SCHILLER,29,mir,PPER,sich,33224,SCHILLER,29
tg,rfd2.0,273371,273841,SCHILLER,29,dein,PPOSAT,dein,33224,,
tg,rfd2.0,273371,273841,SCHILLER,29,Kind,NN,kind,33224,,
tg,rfd2.0,273371,273841,SCHILLER,29,zum,APPRART,zu,33224,,
tg,rfd2.0,273371,273841,SCHILLER,29,Geleit,NN,geleit,33224,,
tg,rfd2.0,273371,273841,SCHILLER,29,auf,APPR,auf,33224,,
tg,rfd2.0,273371,273841,SCHILLER,29,die,ART,der,33224,,
tg,rfd2.0,273371,273841,SCHILLER,29,Flucht,NN,flucht,33224,,
tg,rfd2.0,273371,273841,SCHILLER,29,in,APPR,in,33224,,
tg,rfd2.0,273371,273841,SCHILLER,29,die,ART,der,33224,,
tg,rfd2.0,273371,273841,SCHILLER,29,weite,ADJA,weit,33224,,
tg,rfd2.0,273371,273841,SCHILLER,29,Welt,NN,welt,33224,,
tg,rfd2.0,273371,273841,SCHILLER,29,hinaus,PTKVZ,hinaus,33224,,
tg,rfd2.0,273371,273841,SCHILLER,29,.,$.,--,33224,,
tg,rfd2.0,273371,273841,SCHILLER,29,Ich,PPER,ich,33224,,
tg,rfd2.0,273371,273841,SCHILLER,29,will,VMFIN,wollen,33224,,
tg,rfd2.0,273371,273841,SCHILLER,29,sie,PPER,sie,33224,,
tg,rfd2.0,273371,273841,SCHILLER,29,hüten,VVINF,hüten,33224,,
tg,rfd2.0,273371,273841,SCHILLER,29,wie,KOKOM,wie,33224,,
tg,rfd2.0,273371,273841,SCHILLER,29,meinen,PPOSAT,mein,33224,SCHILLER,29
tg,rfd2.0,273371,273841,SCHILLER,29,Augapfel,NN,augapfel,33224,,
tg,rfd2.0,273371,273841,SCHILLER,29,",","$,",--,33224,,
tg,rfd2.0,273371,273841,SCHILLER,29,ich,PPER,ich,33224,SCHILLER,29
tg,rfd2.0,273371,273841,SCHILLER,29,will,VMFIN,wollen,33224,,
tg,rfd2.0,273371,273841,SCHILLER,29,sie,PPER,sie,33224,,
tg,rfd2.0,273371,273841,SCHILLER,29,ehren,VVFIN,ehren,33224,,
tg,rfd2.0,273371,273841,SCHILLER,29,wie,KOKOM,wie,33224,,
tg,rfd2.0,273371,273841,SCHILLER,29,meine,PPOSAT,mein,33224,SCHILLER,29
tg,rfd2.0,273371,273841,SCHILLER,29,Gottheit,NN,gottheit,33224,,
tg,rfd2.0,273371,273841,SCHILLER,29,;,$.,--,33224,,
tg,rfd2.0,273371,273841,SCHILLER,29,denn,KON,denn,33224,,
tg,rfd2.0,273371,273841,SCHILLER,29,Laura,NE,laura,33224,,
tg,rfd2.0,273371,273841,SCHILLER,29,die,ART,der,33224,,
tg,rfd2.0,273371,273841,SCHILLER,29,Hand,NN,hand,33224,,
tg,rfd2.0,273371,273841,SCHILLER,29,entgegenstreckend,ADJD,entgegenstreckend,33224,,
tg,rfd2.0,273371,273841,SCHILLER,29,",","$,",--,33224,,
tg,rfd2.0,273371,273841,SCHILLER,29,welche,PWAT,welcher,33224,,
tg,rfd2.0,273371,273841,SCHILLER,29,diese,PDAT,dieser,33224,,
tg,rfd2.0,273371,273841,SCHILLER,29,begeistert,ADJD,begeistert,33224,,
tg,rfd2.0,273371,273841,SCHILLER,29,ergreift,VVFIN,ergreifen,33224,,
tg,rfd2.0,273371,273841,SCHILLER,29,.,$.,--,33224,,
tg,rfd2.0,273371,273841,SCHILLER,29,ich,PPER,ich,33224,SCHILLER,29
tg,rfd2.0,273371,273841,SCHILLER,29,liebe,VVFIN,lieben,33224,,
tg,rfd2.0,273371,273841,SCHILLER,29,sie,PPER,sie,33224,,
tg,rfd2.0,273371,273841,SCHILLER,29,",","$,",--,33224,,
tg,rfd2.0,273371,273841,SCHILLER,29,ich,PPER,ich,33224,SCHILLER,29
tg,rfd2.0,273371,273841,SCHILLER,29,will,VMFIN,wollen,33224,,
tg,rfd2.0,273371,273841,SCHILLER,29,für,APPR,für,33224,,
tg,rfd2.0,273371,273841,SCHILLER,29,sie,PPER,sie,33224,,
tg,rfd2.0,273371,273841,SCHILLER,29,arbeiten,VVFIN,arbeiten,33224,,
tg,rfd2.0,273371,273841,SCHILLER,29,sei's,ADV,sei's,33224,,
tg,rfd2.0,273371,273841,SCHILLER,29,mit,APPR,mit,33224,,
tg,rfd2.0,273371,273841,SCHILLER,29,dem,ART,der,33224,,
tg,rfd2.0,273371,273841,SCHILLER,29,Spaten,NN,spat,33224,,
tg,rfd2.0,273371,273841,SCHILLER,29,in,APPR,in,33224,,
tg,rfd2.0,273371,273841,SCHILLER,29,der,ART,der,33224,,
tg,rfd2.0,273371,273841,SCHILLER,29,Hand,NN,hand,33224,,
tg,rfd2.0,273371,273841,SCHILLER,29,",","$,",--,33224,,
tg,rfd2.0,273371,273841,SCHILLER,29,wenn,KOUS,wenn,33224,,
tg,rfd2.0,273371,273841,SCHILLER,29,meine,PPOSAT,mein,33224,SCHILLER,29
tg,rfd2.0,273371,273841,SCHILLER,29,Dichtung,NN,dichtung,33224,,
tg,rfd2.0,273371,273841,SCHILLER,29,nicht,PTKNEG,nicht,33224,,
tg,rfd2.0,273371,273841,SCHILLER,29,gefällt,VVPP,gefallen,33224,,
tg,rfd2.0,273371,273841,SCHILLER,29,und,KON,und,33224,,
tg,rfd2.0,273371,273841,SCHILLER,29,unsern,ADJD,unsern,33224,,
tg,rfd2.0,273371,273841,SCHILLER,29,Unterhalt,NN,unterhalt,33224,,
tg,rfd2.0,273371,273841,SCHILLER,29,nicht,PTKNEG,nicht,33224,,
tg,rfd2.0,273371,273841,SCHILLER,29,gewähren,VVINF,gewähren,33224,,
tg,rfd2.0,273371,273841,SCHILLER,29,kann,VMFIN,können,33224,,
tg,rfd2.0,273371,273841,SCHILLER,29,.,$.,--,33224,,
tg,rfd2.0,273846,273884,"Laura, deren Pflegetochter.",3,Das,ART,der,33224,,
tg,rfd2.0,273846,273884,"Laura, deren Pflegetochter.",3,sollst,VVFIN,sollen,33224,,
tg,rfd2.0,273846,273884,"Laura, deren Pflegetochter.",3,du,PPER,du,33224,,
tg,rfd2.0,273846,273884,"Laura, deren Pflegetochter.",3,nicht,PTKNEG,nicht,33224,,
tg,rfd2.0,273846,273884,"Laura, deren Pflegetochter.",3,",","$,",--,33224,,
tg,rfd2.0,273846,273884,"Laura, deren Pflegetochter.",3,Schiller,NE,schiller,33224,SCHILLER,29
tg,rfd2.0,273846,273884,"Laura, deren Pflegetochter.",3,.,$.,--,33224,,
tg,rfd2.0,273889,273927,Generalin Rieger.,2,Nichts,PIAT,nichts,33224,,
tg,rfd2.0,273889,273927,Generalin Rieger.,2,Gewaltsames,NN,gewaltsam,33224,,
tg,rfd2.0,273889,273927,Generalin Rieger.,2,",","$,",--,33224,,
tg,rfd2.0,273889,273927,Generalin Rieger.,2,Fritz,NE,fritz,33224,,
tg,rfd2.0,273889,273927,Generalin Rieger.,2,"!",$.,--,33224,,
tg,rfd2.0,273932,274337,"Laura, deren Pflegetochter.",3,Du,PPER,du,33224,,
tg,rfd2.0,273932,274337,"Laura, deren Pflegetochter.",3,sollst,VVFIN,sollen,33224,,
tg,rfd2.0,273932,274337,"Laura, deren Pflegetochter.",3,nicht,PTKNEG,nicht,33224,,
tg,rfd2.0,273932,274337,"Laura, deren Pflegetochter.",3,erniedrigt,VVPP,erniedrigen,33224,,
tg,rfd2.0,273932,274337,"Laura, deren Pflegetochter.",3,werden,VAFIN,werden,33224,,
tg,rfd2.0,273932,274337,"Laura, deren Pflegetochter.",3,um,APPR,um,33224,,
tg,rfd2.0,273932,274337,"Laura, deren Pflegetochter.",3,meinetwillen,VVIZU,meinetwillen,33224,,
tg,rfd2.0,273932,274337,"Laura, deren Pflegetochter.",3,.,$.,--,33224,,
tg,rfd2.0,273932,274337,"Laura, deren Pflegetochter.",3,Du,PPER,du,33224,,
tg,rfd2.0,273932,274337,"Laura, deren Pflegetochter.",3,sollst,VVFIN,sollen,33224,,
tg,rfd2.0,273932,274337,"Laura, deren Pflegetochter.",3,mich,PPER,mich,33224,"Laura, deren Pflegetochter.",3
tg,rfd2.0,273932,274337,"Laura, deren Pflegetochter.",3,nicht,PTKNEG,nicht,33224,,
tg,rfd2.0,273932,274337,"Laura, deren Pflegetochter.",3,überschätzen,VVINF,überschätzen,33224,,
tg,rfd2.0,273932,274337,"Laura, deren Pflegetochter.",3,",","$,",--,33224,,
tg,rfd2.0,273932,274337,"Laura, deren Pflegetochter.",3,ich,PPER,ich,33224,"Laura, deren Pflegetochter.",3
tg,rfd2.0,273932,274337,"Laura, deren Pflegetochter.",3,bin,VAFIN,sein,33224,,
tg,rfd2.0,273932,274337,"Laura, deren Pflegetochter.",3,ein,ART,ein,33224,,
tg,rfd2.0,273932,274337,"Laura, deren Pflegetochter.",3,unbedeutend,ADJD,unbedeutend,33224,,
tg,rfd2.0,273932,274337,"Laura, deren Pflegetochter.",3,Kind,NN,kind,33224,,
tg,rfd2.0,273932,274337,"Laura, deren Pflegetochter.",3,neben,APPR,neben,33224,,
tg,rfd2.0,273932,274337,"Laura, deren Pflegetochter.",3,dir,PPER,dir,33224,,
tg,rfd2.0,273932,274337,"Laura, deren Pflegetochter.",3,.,$.,--,33224,,
tg,rfd2.0,273932,274337,"Laura, deren Pflegetochter.",3,Du,PPER,du,33224,,
tg,rfd2.0,273932,274337,"Laura, deren Pflegetochter.",3,sollst,VVFIN,sollen,33224,,
tg,rfd2.0,273932,274337,"Laura, deren Pflegetochter.",3,nicht,PTKNEG,nicht,33224,,
tg,rfd2.0,273932,274337,"Laura, deren Pflegetochter.",3,gehindert,VVPP,hindern,33224,,
tg,rfd2.0,273932,274337,"Laura, deren Pflegetochter.",3,werden,VAFIN,werden,33224,,
tg,rfd2.0,273932,274337,"Laura, deren Pflegetochter.",3,in,APPR,in,33224,,
tg,rfd2.0,273932,274337,"Laura, deren Pflegetochter.",3,deiner,ADJA,dein,33224,,
tg,rfd2.0,273932,274337,"Laura, deren Pflegetochter.",3,Laufbahn,NN,laufbahn,33224,,
tg,rfd2.0,273932,274337,"Laura, deren Pflegetochter.",3,durch,APPR,durch,33224,,
tg,rfd2.0,273932,274337,"Laura, deren Pflegetochter.",3,–,XY,–,33224,,
tg,rfd2.0,273932,274337,"Laura, deren Pflegetochter.",3,deine,PPOSAT,dein,33224,,
tg,rfd2.0,273932,274337,"Laura, deren Pflegetochter.",3,Laura,NN,laura,33224,,
tg,rfd2.0,273932,274337,"Laura, deren Pflegetochter.",3,.,$.,--,33224,,
tg,rfd2.0,273932,274337,"Laura, deren Pflegetochter.",3,Geh,VVIMP,geh,33224,,
tg,rfd2.0,273932,274337,"Laura, deren Pflegetochter.",3,",","$,",--,33224,,
tg,rfd2.0,273932,274337,"Laura, deren Pflegetochter.",3,fliehe,VVFIN,fliehen,33224,,
tg,rfd2.0,273932,274337,"Laura, deren Pflegetochter.",3,",","$,",--,33224,,
tg,rfd2.0,273932,274337,"Laura, deren Pflegetochter.",3,rette,VVFIN,retten,33224,,
tg,rfd2.0,273932,274337,"Laura, deren Pflegetochter.",3,dich,PPER,dich,33224,,
tg,rfd2.0,273932,274337,"Laura, deren Pflegetochter.",3,jetzt,ADV,jetzt,33224,,
tg,rfd2.0,273932,274337,"Laura, deren Pflegetochter.",3,und,KON,und,33224,,
tg,rfd2.0,273932,274337,"Laura, deren Pflegetochter.",3,–,NN,–,33224,,
tg,rfd2.0,273932,274337,"Laura, deren Pflegetochter.",3,sei,VAFIN,sein,33224,,
tg,rfd2.0,273932,274337,"Laura, deren Pflegetochter.",3,meiner,PPOSAT,mein,33224,"Laura, deren Pflegetochter.",3
tg,rfd2.0,273932,274337,"Laura, deren Pflegetochter.",3,gewiß,ADV,gewiß,33224,,
tg,rfd2.0,273932,274337,"Laura, deren Pflegetochter.",3,.,$.,--,33224,,
tg,rfd2.0,273932,274337,"Laura, deren Pflegetochter.",3,Ich,PPER,ich,33224,,
tg,rfd2.0,273932,274337,"Laura, deren Pflegetochter.",3,bin,VAFIN,sein,33224,,
tg,rfd2.0,273932,274337,"Laura, deren Pflegetochter.",3,das,ART,der,33224,,
tg,rfd2.0,273932,274337,"Laura, deren Pflegetochter.",3,kleine,ADJA,klein,33224,,
tg,rfd2.0,273932,274337,"Laura, deren Pflegetochter.",3,Blümchen,NN,blümchen,33224,,
tg,rfd2.0,273932,274337,"Laura, deren Pflegetochter.",3,",","$,",--,33224,,
tg,rfd2.0,273932,274337,"Laura, deren Pflegetochter.",3,welches,PRELS,welcher,33224,,
tg,rfd2.0,273932,274337,"Laura, deren Pflegetochter.",3,die,ART,der,33224,,
tg,rfd2.0,273932,274337,"Laura, deren Pflegetochter.",3,Sonne,NN,sonne,33224,,
tg,rfd2.0,273932,274337,"Laura, deren Pflegetochter.",3,augenblicks,NE,augenblicks,33224,,
tg,rfd2.0,273932,274337,"Laura, deren Pflegetochter.",3,wiederfindet,VVFIN,wiederfinden,33224,,
tg,rfd2.0,273932,274337,"Laura, deren Pflegetochter.",3,",","$,",--,33224,,
tg,rfd2.0,273932,274337,"Laura, deren Pflegetochter.",3,sobald,KOUS,sobald,33224,,
tg,rfd2.0,273932,274337,"Laura, deren Pflegetochter.",3,die,ART,der,33224,,
tg,rfd2.0,273932,274337,"Laura, deren Pflegetochter.",3,Wolken,NN,wolke,33224,,
tg,rfd2.0,273932,274337,"Laura, deren Pflegetochter.",3,zerstreut,VVPP,zerstreuen,33224,,
tg,rfd2.0,273932,274337,"Laura, deren Pflegetochter.",3,sind,VAFIN,sein,33224,,
tg,rfd2.0,273932,274337,"Laura, deren Pflegetochter.",3,–,XY,–,33224,,
tg,rfd2.0,273932,274337,"Laura, deren Pflegetochter.",3,du,PPER,du,33224,,
tg,rfd2.0,273932,274337,"Laura, deren Pflegetochter.",3,bist,VAFIN,sein,33224,,
tg,rfd2.0,273932,274337,"Laura, deren Pflegetochter.",3,meine,PPOSAT,mein,33224,"Laura, deren Pflegetochter.",3
tg,rfd2.0,273932,274337,"Laura, deren Pflegetochter.",3,Sonne,NN,sonne,33224,,
tg,rfd2.0,273932,274337,"Laura, deren Pflegetochter.",3,.,$.,--,33224,,
tg,rfd2.0,274343,275071,KOCH,20,Nimm,NE,nimm,33224,,
tg,rfd2.0,274343,275071,KOCH,20,meinen,PPOSAT,mein,33224,KOCH,20
tg,rfd2.0,274343,275071,KOCH,20,Mantel,NN,mantel,33224,,
tg,rfd2.0,274343,275071,KOCH,20,um,PTKVZ,um,33224,,
tg,rfd2.0,274343,275071,KOCH,20,",","$,",--,33224,,
tg,rfd2.0,274343,275071,KOCH,20,Schiller,NE,schiller,33224,SCHILLER,29
tg,rfd2.0,274343,275071,KOCH,20,",","$,",--,33224,,
tg,rfd2.0,274343,275071,KOCH,20,zu,APPR,zu,33224,,
tg,rfd2.0,274343,275071,KOCH,20,größerer,ADJA,groß,33224,,
tg,rfd2.0,274343,275071,KOCH,20,Sicherheit,NN,sicherheit,33224,,
tg,rfd2.0,274343,275071,KOCH,20,und,KON,und,33224,,
tg,rfd2.0,274343,275071,KOCH,20,folge,VVFIN,folge,33224,,
tg,rfd2.0,274343,275071,KOCH,20,mir,PPER,sich,33224,KOCH,20
tg,rfd2.0,274343,275071,KOCH,20,",","$,",--,33224,,
tg,rfd2.0,274343,275071,KOCH,20,es,PPER,es,33224,,
tg,rfd2.0,274343,275071,KOCH,20,ist,VAFIN,sein,33224,,
tg,rfd2.0,274343,275071,KOCH,20,Zeit,NN,zeit,33224,,
tg,rfd2.0,274343,275071,KOCH,20,.,$.,--,33224,,
tg,rfd2.0,274343,275071,KOCH,20,Rieger,NN,rieger,33224,RIEGER,27
tg,rfd2.0,274343,275071,KOCH,20,bedroht,VVPP,bedrohen,33224,,
tg,rfd2.0,274343,275071,KOCH,20,uns,PPER,uns,33224,,
tg,rfd2.0,274343,275071,KOCH,20,",","$,",--,33224,,
tg,rfd2.0,274343,275071,KOCH,20,wie,PWAV,wie,33224,,
tg,rfd2.0,274343,275071,KOCH,20,ich,PPER,ich,33224,KOCH,20
tg,rfd2.0,274343,275071,KOCH,20,gefürchtet,VVPP,fürchten,33224,,
tg,rfd2.0,274343,275071,KOCH,20,.,$.,--,33224,,
tg,rfd2.0,274343,275071,KOCH,20,Er,PPER,er,33224,,
tg,rfd2.0,274343,275071,KOCH,20,steht,VVFIN,stehen,33224,,
tg,rfd2.0,274343,275071,KOCH,20,mit,APPR,mit,33224,,
tg,rfd2.0,274343,275071,KOCH,20,dem,ART,der,33224,,
tg,rfd2.0,274343,275071,KOCH,20,Hauptmann,NN,hauptmann,33224,,
tg,rfd2.0,274343,275071,KOCH,20,schon,ADV,schon,33224,,
tg,rfd2.0,274343,275071,KOCH,20,im,APPRART,in,33224,,
tg,rfd2.0,274343,275071,KOCH,20,Schloßhofe,NN,schloßhof,33224,,
tg,rfd2.0,274343,275071,KOCH,20,",","$,",--,33224,,
tg,rfd2.0,274343,275071,KOCH,20,sein,PPOSAT,sein,33224,,
tg,rfd2.0,274343,275071,KOCH,20,gesatteltes,ADJA,gesattelt,33224,,
tg,rfd2.0,274343,275071,KOCH,20,Pferd,NN,pferd,33224,,
tg,rfd2.0,274343,275071,KOCH,20,und,KON,und,33224,,
tg,rfd2.0,274343,275071,KOCH,20,eine,ART,ein,33224,,
tg,rfd2.0,274343,275071,KOCH,20,verschlossene,ADJA,verschlossen,33224,,
tg,rfd2.0,274343,275071,KOCH,20,Kutsche,NN,kutsche,33224,,
tg,rfd2.0,274343,275071,KOCH,20,neben,APPR,neben,33224,,
tg,rfd2.0,274343,275071,KOCH,20,ihm,PPER,ihm,33224,,
tg,rfd2.0,274343,275071,KOCH,20,.,$.,--,33224,,
tg,rfd2.0,274343,275071,KOCH,20,Die,ART,der,33224,,
tg,rfd2.0,274343,275071,KOCH,20,Kutsche,NN,kutsche,33224,,
tg,rfd2.0,274343,275071,KOCH,20,soll,VMFIN,sollen,33224,,
tg,rfd2.0,274343,275071,KOCH,20,dich,PRF,dich,33224,,
tg,rfd2.0,274343,275071,KOCH,20,auf,APPR,auf,33224,,
tg,rfd2.0,274343,275071,KOCH,20,den,ART,der,33224,,
tg,rfd2.0,274343,275071,KOCH,20,Asperg,NE,asperg,33224,,
tg,rfd2.0,274343,275071,KOCH,20,entführen,VVFIN,entführen,33224,,
tg,rfd2.0,274343,275071,KOCH,20,.,$.,--,33224,,
tg,rfd2.0,274343,275071,KOCH,20,Die,ART,der,33224,,
tg,rfd2.0,274343,275071,KOCH,20,Sonne,NN,sonne,33224,,
tg,rfd2.0,274343,275071,KOCH,20,sinkt,VVFIN,sinken,33224,,
tg,rfd2.0,274343,275071,KOCH,20,",","$,",--,33224,,
tg,rfd2.0,274343,275071,KOCH,20,und,KON,und,33224,,
tg,rfd2.0,274343,275071,KOCH,20,so,ADV,so,33224,,
tg,rfd2.0,274343,275071,KOCH,20,wie,PWAV,wie,33224,,
tg,rfd2.0,274343,275071,KOCH,20,sie,PPER,sie,33224,,
tg,rfd2.0,274343,275071,KOCH,20,hinter,APPR,hinter,33224,,
tg,rfd2.0,274343,275071,KOCH,20,dem,ART,der,33224,,
tg,rfd2.0,274343,275071,KOCH,20,Jagdhause,NN,jagdhause,33224,,
tg,rfd2.0,274343,275071,KOCH,20,verschwindet,VVFIN,verschwinden,33224,,
tg,rfd2.0,274343,275071,KOCH,20,",","$,",--,33224,,
tg,rfd2.0,274343,275071,KOCH,20,beginnt,VVFIN,beginnen,33224,,
tg,rfd2.0,274343,275071,KOCH,20,Riegers,NE,rieger,33224,,
tg,rfd2.0,274343,275071,KOCH,20,Kommando,NE,kommando,33224,,
tg,rfd2.0,274343,275071,KOCH,20,.,$.,--,33224,,
tg,rfd2.0,274343,275071,KOCH,20,Dann,ADV,dann,33224,,
tg,rfd2.0,274343,275071,KOCH,20,ist's,ADV,ist's,33224,,
tg,rfd2.0,274343,275071,KOCH,20,vorbei,ADV,vorbei,33224,,
tg,rfd2.0,274343,275071,KOCH,20,mit,APPR,mit,33224,,
tg,rfd2.0,274343,275071,KOCH,20,uns,PPER,uns,33224,,
tg,rfd2.0,274343,275071,KOCH,20,;,$.,--,33224,,
tg,rfd2.0,274343,275071,KOCH,20,ich,PPER,ich,33224,KOCH,20
tg,rfd2.0,274343,275071,KOCH,20,verliere,VVFIN,verlieren,33224,,
tg,rfd2.0,274343,275071,KOCH,20,jetzt,ADV,jetzt,33224,,
tg,rfd2.0,274343,275071,KOCH,20,schon,ADV,schon,33224,,
tg,rfd2.0,274343,275071,KOCH,20,das,ART,der,33224,,
tg,rfd2.0,274343,275071,KOCH,20,Vertrauen,NN,vertrauen,33224,,
tg,rfd2.0,274343,275071,KOCH,20,",","$,",--,33224,,
tg,rfd2.0,274343,275071,KOCH,20,weil,KOUS,weil,33224,,
tg,rfd2.0,274343,275071,KOCH,20,ich,PPER,ich,33224,KOCH,20
tg,rfd2.0,274343,275071,KOCH,20,gesehen,VVPP,sehen,33224,,
tg,rfd2.0,274343,275071,KOCH,20,",","$,",--,33224,,
tg,rfd2.0,274343,275071,KOCH,20,daß,KOUS,daß,33224,,
tg,rfd2.0,274343,275071,KOCH,20,er,PPER,er,33224,,
tg,rfd2.0,274343,275071,KOCH,20,die,ART,der,33224,,
tg,rfd2.0,274343,275071,KOCH,20,Reiterpatrouille,NN,reiterpatrouille,33224,,
tg,rfd2.0,274343,275071,KOCH,20,bereit,ADJD,bereit,33224,,
tg,rfd2.0,274343,275071,KOCH,20,hält,VVFIN,halten,33224,,
tg,rfd2.0,274343,275071,KOCH,20,.,$.,--,33224,,
tg,rfd2.0,274343,275071,KOCH,20,Wenn,KOUS,wenn,33224,,
tg,rfd2.0,274343,275071,KOCH,20,er,PPER,er,33224,,
tg,rfd2.0,274343,275071,KOCH,20,diese,PDAT,dieser,33224,,
tg,rfd2.0,274343,275071,KOCH,20,aussendet,VVPP,aussenden,33224,,
tg,rfd2.0,274343,275071,KOCH,20,",","$,",--,33224,,
tg,rfd2.0,274343,275071,KOCH,20,dann,ADV,dann,33224,,
tg,rfd2.0,274343,275071,KOCH,20,werden,VAFIN,werden,33224,,
tg,rfd2.0,274343,275071,KOCH,20,wir,PPER,wir,33224,,
tg,rfd2.0,274343,275071,KOCH,20,sicher,ADV,sicher,33224,,
tg,rfd2.0,274343,275071,KOCH,20,aufgegriffen,VVPP,aufgreifen,33224,,
tg,rfd2.0,274343,275071,KOCH,20,;,$.,--,33224,,
tg,rfd2.0,274343,275071,KOCH,20,also,ADV,also,33224,,
tg,rfd2.0,274343,275071,KOCH,20,rasch,ADJD,rasch,33224,,
tg,rfd2.0,274343,275071,KOCH,20,vorwärts,ADV,vorwärts,33224,,
tg,rfd2.0,274343,275071,KOCH,20,"!",$.,--,33224,,
tg,rfd2.0,274343,275071,KOCH,20,Wo,PWAV,wo,33224,,
tg,rfd2.0,274343,275071,KOCH,20,ist,VAFIN,sein,33224,,
tg,rfd2.0,274343,275071,KOCH,20,das,ART,der,33224,,
tg,rfd2.0,274343,275071,KOCH,20,Fieskomanuskript,NN,fieskomanuskript,33224,,
tg,rfd2.0,274343,275071,KOCH,20,?,$.,--,33224,,
tg,rfd2.0,275076,275213,Generalin Rieger.,2,Mein,PPOSAT,mein,33224,,
tg,rfd2.0,275076,275213,Generalin Rieger.,2,Gott,NN,gott,33224,,
tg,rfd2.0,275076,275213,Generalin Rieger.,2,",","$,",--,33224,,
tg,rfd2.0,275076,275213,Generalin Rieger.,2,wo,PWAV,wo,33224,,
tg,rfd2.0,275076,275213,Generalin Rieger.,2,bleibt,VVFIN,bleiben,33224,,
tg,rfd2.0,275076,275213,Generalin Rieger.,2,Franzel,NN,franzel,33224,,
tg,rfd2.0,275076,275213,Generalin Rieger.,2,–,VVFIN,–,33224,,
tg,rfd2.0,275076,275213,Generalin Rieger.,2,sie,PPER,sie,33224,,
tg,rfd2.0,275076,275213,Generalin Rieger.,2,hat,VAFIN,haben,33224,,
tg,rfd2.0,275076,275213,Generalin Rieger.,2,es,PPER,es,33224,,
tg,rfd2.0,275076,275213,Generalin Rieger.,2,übernommen,VVPP,übernehmen,33224,,
tg,rfd2.0,275076,275213,Generalin Rieger.,2,",","$,",--,33224,,
tg,rfd2.0,275076,275213,Generalin Rieger.,2,das,ART,der,33224,,
tg,rfd2.0,275076,275213,Generalin Rieger.,2,Manuskript,NN,manuskript,33224,,
tg,rfd2.0,275076,275213,Generalin Rieger.,2,aus,APPR,aus,33224,,
tg,rfd2.0,275076,275213,Generalin Rieger.,2,des,ART,der,33224,,
tg,rfd2.0,275076,275213,Generalin Rieger.,2,Herzogs,NN,herzog,33224,,
tg,rfd2.0,275076,275213,Generalin Rieger.,2,Zimmer,NN,zimmer,33224,,
tg,rfd2.0,275076,275213,Generalin Rieger.,2,zu,PTKZU,zu,33224,,
tg,rfd2.0,275076,275213,Generalin Rieger.,2,holen,VVINF,holen,33224,,
tg,rfd2.0,275076,275213,Generalin Rieger.,2,–,XY,–,33224,,
tg,rfd2.0,275076,275213,Generalin Rieger.,2,Eilt,NN,eilt,33224,,
tg,rfd2.0,275076,275213,Generalin Rieger.,2,an,APPR,an,33224,,
tg,rfd2.0,275076,275213,Generalin Rieger.,2,die,ART,der,33224,,
tg,rfd2.0,275076,275213,Generalin Rieger.,2,Tür,NN,tür,33224,,
tg,rfd2.0,275076,275213,Generalin Rieger.,2,links,ADV,links,33224,,
tg,rfd2.0,275076,275213,Generalin Rieger.,2,.,$.,--,33224,,
tg,rfd2.0,275219,275774,KOCH,20,O,NE,O,33224,,
tg,rfd2.0,275219,275774,KOCH,20,Weiber,NE,weiber,33224,,
tg,rfd2.0,275219,275774,KOCH,20,",","$,",--,33224,,
tg,rfd2.0,275219,275774,KOCH,20,Weiberzauderei,NN,weiberzauderei,33224,,
tg,rfd2.0,275219,275774,KOCH,20,"!",$.,--,33224,,
tg,rfd2.0,275219,275774,KOCH,20,Sie,PPER,sie,33224,,
tg,rfd2.0,275219,275774,KOCH,20,wird's,VAFIN,wird,33224,,
tg,rfd2.0,275219,275774,KOCH,20,mir,PPER,sich,33224,KOCH,20
tg,rfd2.0,275219,275774,KOCH,20,anstreichen,VVINF,anstreichen,33224,,
tg,rfd2.0,275219,275774,KOCH,20,",","$,",--,33224,,
tg,rfd2.0,275219,275774,KOCH,20,daß,KOUS,daß,33224,,
tg,rfd2.0,275219,275774,KOCH,20,ich,PPER,ich,33224,KOCH,20
tg,rfd2.0,275219,275774,KOCH,20,meinen,PPOSAT,mein,33224,KOCH,20
tg,rfd2.0,275219,275774,KOCH,20,Zopf,NN,zopf,33224,,
tg,rfd2.0,275219,275774,KOCH,20,voreilig,ADJD,voreilig,33224,,
tg,rfd2.0,275219,275774,KOCH,20,abgeschnitten,VVPP,abschneiden,33224,,
tg,rfd2.0,275219,275774,KOCH,20,"!",$.,--,33224,,
tg,rfd2.0,275219,275774,KOCH,20,–,XY,–,33224,,
tg,rfd2.0,275219,275774,KOCH,20,Ich,PPER,ich,33224,,
tg,rfd2.0,275219,275774,KOCH,20,eile,VVFIN,eilen,33224,,
tg,rfd2.0,275219,275774,KOCH,20,der,ART,der,33224,,
tg,rfd2.0,275219,275774,KOCH,20,Gräfin,NN,gräfin,33224,,
tg,rfd2.0,275219,275774,KOCH,20,entgegen,PTKVZ,entgegen,33224,,
tg,rfd2.0,275219,275774,KOCH,20,und,KON,und,33224,,
tg,rfd2.0,275219,275774,KOCH,20,sende,ADJA,send,33224,,
tg,rfd2.0,275219,275774,KOCH,20,Nette,NN,nette,33224,NETTE,15
tg,rfd2.0,275219,275774,KOCH,20,",","$,",--,33224,,
tg,rfd2.0,275219,275774,KOCH,20,daß,KOUS,daß,33224,,
tg,rfd2.0,275219,275774,KOCH,20,er,PPER,er,33224,,
tg,rfd2.0,275219,275774,KOCH,20,den,ART,der,33224,,
tg,rfd2.0,275219,275774,KOCH,20,Wagen,NN,wagen,33224,,
tg,rfd2.0,275219,275774,KOCH,20,dort,ADV,dort,33224,,
tg,rfd2.0,275219,275774,KOCH,20,Nach,APPR,nach,33224,,
tg,rfd2.0,275219,275774,KOCH,20,links,ADV,links,33224,,
tg,rfd2.0,275219,275774,KOCH,20,deutend,ADJD,deutend,33224,,
tg,rfd2.0,275219,275774,KOCH,20,.,$.,--,33224,,
tg,rfd2.0,275219,275774,KOCH,20,an,APPR,an,33224,,
tg,rfd2.0,275219,275774,KOCH,20,die,ART,der,33224,,
tg,rfd2.0,275219,275774,KOCH,20,Ecke,NN,ecke,33224,,
tg,rfd2.0,275219,275774,KOCH,20,bestellt,VVPP,bestellen,33224,,
tg,rfd2.0,275219,275774,KOCH,20,",","$,",--,33224,,
tg,rfd2.0,275219,275774,KOCH,20,daß,KOUS,daß,33224,,
tg,rfd2.0,275219,275774,KOCH,20,er,PPER,er,33224,,
tg,rfd2.0,275219,275774,KOCH,20,das,ART,der,33224,,
tg,rfd2.0,275219,275774,KOCH,20,Signal,NN,Signal,33224,,
tg,rfd2.0,275219,275774,KOCH,20,gibt,VVFIN,geben,33224,,
tg,rfd2.0,275219,275774,KOCH,20,und,KON,und,33224,,
tg,rfd2.0,275219,275774,KOCH,20,unsre,ADJA,unsr,33224,,
tg,rfd2.0,275219,275774,KOCH,20,Leute,NN,leute,33224,,
tg,rfd2.0,275219,275774,KOCH,20,als,APPR,als,33224,,
tg,rfd2.0,275219,275774,KOCH,20,Posten,NN,posten,33224,,
tg,rfd2.0,275219,275774,KOCH,20,aufstellt,VVFIN,aufstellen,33224,,
tg,rfd2.0,275219,275774,KOCH,20,bis,APPR,bis,33224,,
tg,rfd2.0,275219,275774,KOCH,20,hierher,PROAV,hierher,33224,,
tg,rfd2.0,275219,275774,KOCH,20,an,APPR,an,33224,,
tg,rfd2.0,275219,275774,KOCH,20,den,ART,der,33224,,
tg,rfd2.0,275219,275774,KOCH,20,Wall,NE,Wall,33224,,
tg,rfd2.0,275219,275774,KOCH,20,.,$.,--,33224,,
tg,rfd2.0,275219,275774,KOCH,20,Dein,PPOSAT,dein,33224,,
tg,rfd2.0,275219,275774,KOCH,20,Regiment,NN,regiment,33224,,
tg,rfd2.0,275219,275774,KOCH,20,bezieht,VVFIN,beziehen,33224,,
tg,rfd2.0,275219,275774,KOCH,20,jetzt,ADV,jetzt,33224,,
tg,rfd2.0,275219,275774,KOCH,20,schon,ADV,schon,33224,,
tg,rfd2.0,275219,275774,KOCH,20,die,ART,der,33224,,
tg,rfd2.0,275219,275774,KOCH,20,Wache,NN,wache,33224,,
tg,rfd2.0,275219,275774,KOCH,20,am,APPRART,an,33224,,
tg,rfd2.0,275219,275774,KOCH,20,Ludwigsburger,ADJA,ludwigsburger,33224,,
tg,rfd2.0,275219,275774,KOCH,20,Tore,NN,tor,33224,,
tg,rfd2.0,275219,275774,KOCH,20,.,$.,--,33224,,
tg,rfd2.0,275219,275774,KOCH,20,Jeder,PIDAT,jeder,33224,,
tg,rfd2.0,275219,275774,KOCH,20,Grenadier,NN,grenadier,33224,,
tg,rfd2.0,275219,275774,KOCH,20,desselben,ADV,derselbe,33224,,
tg,rfd2.0,275219,275774,KOCH,20,kennt,VVFIN,kennen,33224,,
tg,rfd2.0,275219,275774,KOCH,20,dich,PPER,dich,33224,,
tg,rfd2.0,275219,275774,KOCH,20,",","$,",--,33224,,
tg,rfd2.0,275219,275774,KOCH,20,wir,PPER,wir,33224,,
tg,rfd2.0,275219,275774,KOCH,20,müssen,VMFIN,müssen,33224,,
tg,rfd2.0,275219,275774,KOCH,20,also,ADV,also,33224,,
tg,rfd2.0,275219,275774,KOCH,20,deshalb,PROAV,deshalb,33224,,
tg,rfd2.0,275219,275774,KOCH,20,zum,APPRART,zu,33224,,
tg,rfd2.0,275219,275774,KOCH,20,Eßlinger,ADJA,eßlinger,33224,,
tg,rfd2.0,275219,275774,KOCH,20,Tore,NN,tor,33224,,
tg,rfd2.0,275219,275774,KOCH,20,hinaus,APZR,hinaus,33224,,
tg,rfd2.0,275219,275774,KOCH,20,–,XY,–,33224,,
tg,rfd2.0,275219,275774,KOCH,20,Gehend,ADJD,gehend,33224,,
tg,rfd2.0,275219,275774,KOCH,20,.,$.,--,33224,,
tg,rfd2.0,275219,275774,KOCH,20,nimm,ADJD,nimm,33224,,
tg,rfd2.0,275219,275774,KOCH,20,den,ART,der,33224,,
tg,rfd2.0,275219,275774,KOCH,20,Mantel,NN,mantel,33224,,
tg,rfd2.0,275219,275774,KOCH,20,um,PTKVZ,um,33224,,
tg,rfd2.0,275219,275774,KOCH,20,und,KON,und,33224,,
tg,rfd2.0,275219,275774,KOCH,20,sei,VAFIN,sein,33224,,
tg,rfd2.0,275219,275774,KOCH,20,bereit,ADJD,bereit,33224,,
tg,rfd2.0,275219,275774,KOCH,20,im,APPRART,in,33224,,
tg,rfd2.0,275219,275774,KOCH,20,äußersten,ADJA,äußerer,33224,,
tg,rfd2.0,275219,275774,KOCH,20,Falle,NN,fall,33224,,
tg,rfd2.0,275219,275774,KOCH,20,ohne,APPR,ohne,33224,,
tg,rfd2.0,275219,275774,KOCH,20,Fiesko,NN,fiesko,33224,,
tg,rfd2.0,275219,275774,KOCH,20,"!",$.,--,33224,,
tg,rfd2.0,275219,275774,KOCH,20,Links,NE,links,33224,,
tg,rfd2.0,275219,275774,KOCH,20,durch,APPR,durch,33224,,
tg,rfd2.0,275219,275774,KOCH,20,die,ART,der,33224,,
tg,rfd2.0,275219,275774,KOCH,20,Tür,NN,tür,33224,,
tg,rfd2.0,275219,275774,KOCH,20,ab,PTKVZ,ab,33224,,
tg,rfd2.0,275219,275774,KOCH,20,.,$.,--,33224,,
tg,rfd2.0,275781,275998,Generalin Rieger.,2,Im,APPRART,in,33224,,
tg,rfd2.0,275781,275998,Generalin Rieger.,2,schlimmsten,ADJA,schlimm,33224,,
tg,rfd2.0,275781,275998,Generalin Rieger.,2,Falle,NN,fall,33224,,
tg,rfd2.0,275781,275998,Generalin Rieger.,2,",","$,",--,33224,,
tg,rfd2.0,275781,275998,Generalin Rieger.,2,Fritz,NE,fritz,33224,,
tg,rfd2.0,275781,275998,Generalin Rieger.,2,",","$,",--,33224,,
tg,rfd2.0,275781,275998,Generalin Rieger.,2,senden,VVFIN,senden,33224,,
tg,rfd2.0,275781,275998,Generalin Rieger.,2,wir,PPER,wir,33224,,
tg,rfd2.0,275781,275998,Generalin Rieger.,2,dir,PRF,dir,33224,,
tg,rfd2.0,275781,275998,Generalin Rieger.,2,das,ART,der,33224,,
tg,rfd2.0,275781,275998,Generalin Rieger.,2,Manuskript,NN,manuskript,33224,,
tg,rfd2.0,275781,275998,Generalin Rieger.,2,.,$.,--,33224,,
tg,rfd2.0,275781,275998,Generalin Rieger.,2,Verlasse,NN,verlasse,33224,,
tg,rfd2.0,275781,275998,Generalin Rieger.,2,dich,PPER,dich,33224,,
tg,rfd2.0,275781,275998,Generalin Rieger.,2,auf,APPR,auf,33224,,
tg,rfd2.0,275781,275998,Generalin Rieger.,2,mich,PPER,mich,33224,Generalin Rieger.,2
tg,rfd2.0,275781,275998,Generalin Rieger.,2,",","$,",--,33224,,
tg,rfd2.0,275781,275998,Generalin Rieger.,2,ich,PPER,ich,33224,Generalin Rieger.,2
tg,rfd2.0,275781,275998,Generalin Rieger.,2,sorge,VVFIN,sorgen,33224,,
tg,rfd2.0,275781,275998,Generalin Rieger.,2,dafür,PROAV,dafür,33224,,
tg,rfd2.0,275781,275998,Generalin Rieger.,2,",","$,",--,33224,,
tg,rfd2.0,275781,275998,Generalin Rieger.,2,müßt,VVFIN,müssen,33224,,
tg,rfd2.0,275781,275998,Generalin Rieger.,2,',$[,--,33224,,
tg,rfd2.0,275781,275998,Generalin Rieger.,2,ich's,PPER,ich's,33224,,
tg,rfd2.0,275781,275998,Generalin Rieger.,2,mit,APPR,mit,33224,,
tg,rfd2.0,275781,275998,Generalin Rieger.,2,Gefahr,NN,gefahr,33224,,
tg,rfd2.0,275781,275998,Generalin Rieger.,2,meines,PPOSAT,mein,33224,Generalin Rieger.,2
tg,rfd2.0,275781,275998,Generalin Rieger.,2,Lebens,NN,leben,33224,,
tg,rfd2.0,275781,275998,Generalin Rieger.,2,stehlen,VVINF,stehlen,33224,,
tg,rfd2.0,275781,275998,Generalin Rieger.,2,.,$.,--,33224,,
tg,rfd2.0,276003,276029,SCHILLER,29,So,ADV,so,33224,,
tg,rfd2.0,276003,276029,SCHILLER,29,sei,VAFIN,sein,33224,,
tg,rfd2.0,276003,276029,SCHILLER,29,es,PPER,es,33224,,
tg,rfd2.0,276003,276029,SCHILLER,29,denn,ADV,denn,33224,,
tg,rfd2.0,276003,276029,SCHILLER,29,.,$.,--,33224,,
tg,rfd2.0,276035,276050,"Laura, deren Pflegetochter.",3,O,NE,O,33224,,
tg,rfd2.0,276035,276050,"Laura, deren Pflegetochter.",3,Gott,NN,gott,33224,,
tg,rfd2.0,276035,276050,"Laura, deren Pflegetochter.",3,"!",$.,--,33224,,
tg,rfd2.0,276055,276345,SCHILLER,29,So,ADV,so,33224,,
tg,rfd2.0,276055,276345,SCHILLER,29,sei,VAFIN,sein,33224,,
tg,rfd2.0,276055,276345,SCHILLER,29,es,PPER,es,33224,,
tg,rfd2.0,276055,276345,SCHILLER,29,denn,ADV,denn,33224,,
tg,rfd2.0,276055,276345,SCHILLER,29,"!",$.,--,33224,,
tg,rfd2.0,276055,276345,SCHILLER,29,So,ADV,so,33224,,
tg,rfd2.0,276055,276345,SCHILLER,29,scheiden,VVFIN,scheiden,33224,,
tg,rfd2.0,276055,276345,SCHILLER,29,wir,PPER,wir,33224,,
tg,rfd2.0,276055,276345,SCHILLER,29,unter,APPR,unter,33224,,
tg,rfd2.0,276055,276345,SCHILLER,29,schwachem,ADJA,schwach,33224,,
tg,rfd2.0,276055,276345,SCHILLER,29,",","$,",--,33224,,
tg,rfd2.0,276055,276345,SCHILLER,29,ach,PRF,ach,33224,,
tg,rfd2.0,276055,276345,SCHILLER,29,so,ADV,so,33224,,
tg,rfd2.0,276055,276345,SCHILLER,29,schwachem,ADJA,schwach,33224,,
tg,rfd2.0,276055,276345,SCHILLER,29,Hoffnungsschimmer,NN,hoffnungsschimmer,33224,,
tg,rfd2.0,276055,276345,SCHILLER,29,.,$.,--,33224,,
tg,rfd2.0,276055,276345,SCHILLER,29,Wenn,KOUS,wenn,33224,,
tg,rfd2.0,276055,276345,SCHILLER,29,der,ART,der,33224,,
tg,rfd2.0,276055,276345,SCHILLER,29,Mensch,NN,mensch,33224,,
tg,rfd2.0,276055,276345,SCHILLER,29,im,APPRART,in,33224,,
tg,rfd2.0,276055,276345,SCHILLER,29,Schiffbruch,NN,schiffbruch,33224,,
tg,rfd2.0,276055,276345,SCHILLER,29,alles,PIS,alle,33224,,
tg,rfd2.0,276055,276345,SCHILLER,29,verliert,VVFIN,verlieren,33224,,
tg,rfd2.0,276055,276345,SCHILLER,29,",","$,",--,33224,,
tg,rfd2.0,276055,276345,SCHILLER,29,so,ADV,so,33224,,
tg,rfd2.0,276055,276345,SCHILLER,29,klammert,VVFIN,klammern,33224,,
tg,rfd2.0,276055,276345,SCHILLER,29,er,PPER,er,33224,,
tg,rfd2.0,276055,276345,SCHILLER,29,sich,PRF,sich,33224,,
tg,rfd2.0,276055,276345,SCHILLER,29,noch,ADV,noch,33224,,
tg,rfd2.0,276055,276345,SCHILLER,29,an,APPR,an,33224,,
tg,rfd2.0,276055,276345,SCHILLER,29,die,ART,der,33224,,
tg,rfd2.0,276055,276345,SCHILLER,29,Hoffnung,NN,hoffnung,33224,,
tg,rfd2.0,276055,276345,SCHILLER,29,",","$,",--,33224,,
tg,rfd2.0,276055,276345,SCHILLER,29,an,APPR,an,33224,,
tg,rfd2.0,276055,276345,SCHILLER,29,diesen,PDAT,dieser,33224,,
tg,rfd2.0,276055,276345,SCHILLER,29,Himmelsstrahl,NN,himmelsstrahl,33224,,
tg,rfd2.0,276055,276345,SCHILLER,29,",","$,",--,33224,,
tg,rfd2.0,276055,276345,SCHILLER,29,als,KOUS,als,33224,,
tg,rfd2.0,276055,276345,SCHILLER,29,ob,KOUS,ob,33224,,
tg,rfd2.0,276055,276345,SCHILLER,29,er,PPER,er,33224,,
tg,rfd2.0,276055,276345,SCHILLER,29,an,APPR,an,33224,,
tg,rfd2.0,276055,276345,SCHILLER,29,einem,ART,ein,33224,,
tg,rfd2.0,276055,276345,SCHILLER,29,körperlosen,ADJA,körperlos,33224,,
tg,rfd2.0,276055,276345,SCHILLER,29,Lichtstrahle,NN,lichtstrahl,33224,,
tg,rfd2.0,276055,276345,SCHILLER,29,sich,PRF,sich,33224,,
tg,rfd2.0,276055,276345,SCHILLER,29,festhalten,VVINF,festhalten,33224,,
tg,rfd2.0,276055,276345,SCHILLER,29,und,KON,und,33224,,
tg,rfd2.0,276055,276345,SCHILLER,29,erretten,VVINF,erretten,33224,,
tg,rfd2.0,276055,276345,SCHILLER,29,könnte,VMFIN,können,33224,,
tg,rfd2.0,276055,276345,SCHILLER,29,.,$.,--,33224,,
tg,rfd2.0,276487,276716,Gräfin Franziska von Hohenheim.,1,Das,PDS,der,33224,,
tg,rfd2.0,276487,276716,Gräfin Franziska von Hohenheim.,1,tut,VVFIN,tun,33224,,
tg,rfd2.0,276487,276716,Gräfin Franziska von Hohenheim.,1,er,PPER,er,33224,,
tg,rfd2.0,276487,276716,Gräfin Franziska von Hohenheim.,1,",","$,",--,33224,,
tg,rfd2.0,276487,276716,Gräfin Franziska von Hohenheim.,1,wenn,KOUS,wenn,33224,,
tg,rfd2.0,276487,276716,Gräfin Franziska von Hohenheim.,1,er,PPER,er,33224,,
tg,rfd2.0,276487,276716,Gräfin Franziska von Hohenheim.,1,ein,ART,ein,33224,,
tg,rfd2.0,276487,276716,Gräfin Franziska von Hohenheim.,1,ganz,ADV,ganz,33224,,
tg,rfd2.0,276487,276716,Gräfin Franziska von Hohenheim.,1,gewöhnlicher,ADJA,gewöhnlich,33224,,
tg,rfd2.0,276487,276716,Gräfin Franziska von Hohenheim.,1,Mensch,NN,mensch,33224,,
tg,rfd2.0,276487,276716,Gräfin Franziska von Hohenheim.,1,ist,VAFIN,sein,33224,,
tg,rfd2.0,276487,276716,Gräfin Franziska von Hohenheim.,1,",","$,",--,33224,,
tg,rfd2.0,276487,276716,Gräfin Franziska von Hohenheim.,1,nicht,PTKNEG,nicht,33224,,
tg,rfd2.0,276487,276716,Gräfin Franziska von Hohenheim.,1,aber,ADV,aber,33224,,
tg,rfd2.0,276487,276716,Gräfin Franziska von Hohenheim.,1,",","$,",--,33224,,
tg,rfd2.0,276487,276716,Gräfin Franziska von Hohenheim.,1,wenn,KOUS,wenn,33224,,
tg,rfd2.0,276487,276716,Gräfin Franziska von Hohenheim.,1,er,PPER,er,33224,,
tg,rfd2.0,276487,276716,Gräfin Franziska von Hohenheim.,1,berufen,VVPP,berufen,33224,,
tg,rfd2.0,276487,276716,Gräfin Franziska von Hohenheim.,1,ist,VAFIN,sein,33224,,
tg,rfd2.0,276487,276716,Gräfin Franziska von Hohenheim.,1,",","$,",--,33224,,
tg,rfd2.0,276487,276716,Gräfin Franziska von Hohenheim.,1,einem,ART,ein,33224,,
tg,rfd2.0,276487,276716,Gräfin Franziska von Hohenheim.,1,großen,ADJA,groß,33224,,
tg,rfd2.0,276487,276716,Gräfin Franziska von Hohenheim.,1,Volke,NN,volk,33224,,
tg,rfd2.0,276487,276716,Gräfin Franziska von Hohenheim.,1,Dichter,NN,dichter,33224,,
tg,rfd2.0,276487,276716,Gräfin Franziska von Hohenheim.,1,und,KON,und,33224,,
tg,rfd2.0,276487,276716,Gräfin Franziska von Hohenheim.,1,Prophet,NN,prophet,33224,,
tg,rfd2.0,276487,276716,Gräfin Franziska von Hohenheim.,1,zu,PTKZU,zu,33224,,
tg,rfd2.0,276487,276716,Gräfin Franziska von Hohenheim.,1,wenden,VVINF,wenden,33224,,
tg,rfd2.0,276487,276716,Gräfin Franziska von Hohenheim.,1,.,$.,--,33224,,
tg,rfd2.0,276487,276716,Gräfin Franziska von Hohenheim.,1,Wer,PWS,wer,33224,,
tg,rfd2.0,276487,276716,Gräfin Franziska von Hohenheim.,1,unter,APPR,unter,33224,,
tg,rfd2.0,276487,276716,Gräfin Franziska von Hohenheim.,1,Millionen,NN,million,33224,,
tg,rfd2.0,276487,276716,Gräfin Franziska von Hohenheim.,1,allein,ADV,allein,33224,,
tg,rfd2.0,276487,276716,Gräfin Franziska von Hohenheim.,1,auserwählt,VVPP,auswählen,33224,,
tg,rfd2.0,276487,276716,Gräfin Franziska von Hohenheim.,1,wird,VAFIN,werden,33224,,
tg,rfd2.0,276487,276716,Gräfin Franziska von Hohenheim.,1,zu,APPR,zu,33224,,
tg,rfd2.0,276487,276716,Gräfin Franziska von Hohenheim.,1,solcher,PIAT,solcher,33224,,
tg,rfd2.0,276487,276716,Gräfin Franziska von Hohenheim.,1,einsamen,ADJA,einsam,33224,,
tg,rfd2.0,276487,276716,Gräfin Franziska von Hohenheim.,1,Größe,NN,größe,33224,,
tg,rfd2.0,276487,276716,Gräfin Franziska von Hohenheim.,1,–,XY,–,33224,,
tg,rfd2.0,276721,277351,SCHILLER,29,Der,PDS,der,33224,,
tg,rfd2.0,276721,277351,SCHILLER,29,muß,VMFIN,müssen,33224,,
tg,rfd2.0,276721,277351,SCHILLER,29,die,ART,der,33224,,
tg,rfd2.0,276721,277351,SCHILLER,29,Kraft,NN,kraft,33224,,
tg,rfd2.0,276721,277351,SCHILLER,29,in,APPR,in,33224,,
tg,rfd2.0,276721,277351,SCHILLER,29,sich,PRF,sich,33224,,
tg,rfd2.0,276721,277351,SCHILLER,29,tragen,VVINF,tragen,33224,,
tg,rfd2.0,276721,277351,SCHILLER,29,",","$,",--,33224,,
tg,rfd2.0,276721,277351,SCHILLER,29,in,APPR,in,33224,,
tg,rfd2.0,276721,277351,SCHILLER,29,schauerlicher,ADJA,schauerlich,33224,,
tg,rfd2.0,276721,277351,SCHILLER,29,Einsamkeit,NN,einsamkeit,33224,,
tg,rfd2.0,276721,277351,SCHILLER,29,durch,APPR,durch,33224,,
tg,rfd2.0,276721,277351,SCHILLER,29,sein,PPOSAT,sein,33224,,
tg,rfd2.0,276721,277351,SCHILLER,29,Leben,NN,leben,33224,,
tg,rfd2.0,276721,277351,SCHILLER,29,dahinzuwandeln,VVINF,dahinzuwandeln,33224,,
tg,rfd2.0,276721,277351,SCHILLER,29,und,KON,und,33224,,
tg,rfd2.0,276721,277351,SCHILLER,29,ohne,APPR,ohne,33224,,
tg,rfd2.0,276721,277351,SCHILLER,29,Zucken,NN,zucken,33224,,
tg,rfd2.0,276721,277351,SCHILLER,29,seinen,PPOSAT,sein,33224,,
tg,rfd2.0,276721,277351,SCHILLER,29,Blick,NN,blick,33224,,
tg,rfd2.0,276721,277351,SCHILLER,29,abzuwenden,VVIZU,abwenden,33224,,
tg,rfd2.0,276721,277351,SCHILLER,29,vom,APPRART,von,33224,,
tg,rfd2.0,276721,277351,SCHILLER,29,Reize,NN,reiz,33224,,
tg,rfd2.0,276721,277351,SCHILLER,29,des,ART,der,33224,,
tg,rfd2.0,276721,277351,SCHILLER,29,heimischen,ADJA,heimisch,33224,,
tg,rfd2.0,276721,277351,SCHILLER,29,Herdes,NN,herd,33224,,
tg,rfd2.0,276721,277351,SCHILLER,29,",","$,",--,33224,,
tg,rfd2.0,276721,277351,SCHILLER,29,vom,APPRART,von,33224,,
tg,rfd2.0,276721,277351,SCHILLER,29,Zauber,NN,zauber,33224,,
tg,rfd2.0,276721,277351,SCHILLER,29,des,ART,der,33224,,
tg,rfd2.0,276721,277351,SCHILLER,29,geliebten,ADJA,geliebt,33224,,
tg,rfd2.0,276721,277351,SCHILLER,29,Weibes,NN,weib,33224,,
tg,rfd2.0,276721,277351,SCHILLER,29,.,$.,--,33224,,
tg,rfd2.0,276721,277351,SCHILLER,29,Das,ART,der,33224,,
tg,rfd2.0,276721,277351,SCHILLER,29,ganze,ADJA,ganz,33224,,
tg,rfd2.0,276721,277351,SCHILLER,29,Volk,NN,volk,33224,,
tg,rfd2.0,276721,277351,SCHILLER,29,sei,VAFIN,sein,33224,,
tg,rfd2.0,276721,277351,SCHILLER,29,ihm,PPER,ihm,33224,,
tg,rfd2.0,276721,277351,SCHILLER,29,die,ART,der,33224,,
tg,rfd2.0,276721,277351,SCHILLER,29,Heimat,NN,heimat,33224,,
tg,rfd2.0,276721,277351,SCHILLER,29,",","$,",--,33224,,
tg,rfd2.0,276721,277351,SCHILLER,29,die,ART,der,33224,,
tg,rfd2.0,276721,277351,SCHILLER,29,ganze,ADJA,ganz,33224,,
tg,rfd2.0,276721,277351,SCHILLER,29,Menschheit,NN,menschheit,33224,,
tg,rfd2.0,276721,277351,SCHILLER,29,seine,PPOSAT,sein,33224,,
tg,rfd2.0,276721,277351,SCHILLER,29,Liebe,NN,liebe,33224,,
tg,rfd2.0,276721,277351,SCHILLER,29,"!",$.,--,33224,,
tg,rfd2.0,276721,277351,SCHILLER,29,Zu,APPR,zu,33224,,
tg,rfd2.0,276721,277351,SCHILLER,29,ihr,PPOSAT,ihr,33224,,
tg,rfd2.0,276721,277351,SCHILLER,29,eilend,ADJD,eilend,33224,,
tg,rfd2.0,276721,277351,SCHILLER,29,und,KON,und,33224,,
tg,rfd2.0,276721,277351,SCHILLER,29,das,ART,der,33224,,
tg,rfd2.0,276721,277351,SCHILLER,29,Manuskript,NN,manuskript,33224,,
tg,rfd2.0,276721,277351,SCHILLER,29,aus,APPR,aus,33224,,
tg,rfd2.0,276721,277351,SCHILLER,29,ihrer,PPOSAT,ihr,33224,,
tg,rfd2.0,276721,277351,SCHILLER,29,Hand,NN,hand,33224,,
tg,rfd2.0,276721,277351,SCHILLER,29,nehmend,ADJD,nehmend,33224,,
tg,rfd2.0,276721,277351,SCHILLER,29,.,$.,--,33224,,
tg,rfd2.0,276721,277351,SCHILLER,29,Ich,PPER,ich,33224,,
tg,rfd2.0,276721,277351,SCHILLER,29,dank,APPR,dank,33224,,
tg,rfd2.0,276721,277351,SCHILLER,29,',$[,--,33224,,
tg,rfd2.0,276721,277351,SCHILLER,29,Euch,PPER,euch,33224,,
tg,rfd2.0,276721,277351,SCHILLER,29,für,APPR,für,33224,,
tg,rfd2.0,276721,277351,SCHILLER,29,die,ART,der,33224,,
tg,rfd2.0,276721,277351,SCHILLER,29,Mahnung,NN,mahnung,33224,,
tg,rfd2.0,276721,277351,SCHILLER,29,",","$,",--,33224,,
tg,rfd2.0,276721,277351,SCHILLER,29,hohe,ADJA,hoch,33224,,
tg,rfd2.0,276721,277351,SCHILLER,29,Frau,NN,frau,33224,,
tg,rfd2.0,276721,277351,SCHILLER,29,",","$,",--,33224,,
tg,rfd2.0,276721,277351,SCHILLER,29,ich,PPER,ich,33224,SCHILLER,29
tg,rfd2.0,276721,277351,SCHILLER,29,will,VMFIN,wollen,33224,,
tg,rfd2.0,276721,277351,SCHILLER,29,ihr,PPER,ihr,33224,,
tg,rfd2.0,276721,277351,SCHILLER,29,folgen,VVFIN,folgen,33224,,
tg,rfd2.0,276721,277351,SCHILLER,29,",","$,",--,33224,,
tg,rfd2.0,276721,277351,SCHILLER,29,ob,KOUS,ob,33224,,
tg,rfd2.0,276721,277351,SCHILLER,29,auch,ADV,auch,33224,,
tg,rfd2.0,276721,277351,SCHILLER,29,mein,PPOSAT,mein,33224,SCHILLER,29
tg,rfd2.0,276721,277351,SCHILLER,29,Herz,NN,herz,33224,,
tg,rfd2.0,276721,277351,SCHILLER,29,bricht,VVFIN,brechen,33224,,
tg,rfd2.0,276721,277351,SCHILLER,29,",","$,",--,33224,,
tg,rfd2.0,276721,277351,SCHILLER,29,will,VMFIN,wollen,33224,,
tg,rfd2.0,276721,277351,SCHILLER,29,scheiden,VVINF,scheiden,33224,,
tg,rfd2.0,276721,277351,SCHILLER,29,aus,APPR,aus,33224,,
tg,rfd2.0,276721,277351,SCHILLER,29,der,ART,der,33224,,
tg,rfd2.0,276721,277351,SCHILLER,29,Heimat,NN,heimat,33224,,
tg,rfd2.0,276721,277351,SCHILLER,29,",","$,",--,33224,,
tg,rfd2.0,276721,277351,SCHILLER,29,von,APPR,von,33224,,
tg,rfd2.0,276721,277351,SCHILLER,29,der,ART,der,33224,,
tg,rfd2.0,276721,277351,SCHILLER,29,Liebe,NN,liebe,33224,,
tg,rfd2.0,276721,277351,SCHILLER,29,–,XY,–,33224,,
tg,rfd2.0,276721,277351,SCHILLER,29,auf,APPR,auf,33224,,
tg,rfd2.0,276721,277351,SCHILLER,29,Nimmerwiedersehn,NN,nimmerwiedersehn,33224,,
tg,rfd2.0,276721,277351,SCHILLER,29,"!",$.,--,33224,,
tg,rfd2.0,276721,277351,SCHILLER,29,Er,PPER,er,33224,,
tg,rfd2.0,276721,277351,SCHILLER,29,stürzt,VVFIN,stürzen,33224,,
tg,rfd2.0,276721,277351,SCHILLER,29,zu,APPR,zu,33224,,
tg,rfd2.0,276721,277351,SCHILLER,29,Laura,NN,laura,33224,,
tg,rfd2.0,276721,277351,SCHILLER,29,und,KON,und,33224,,
tg,rfd2.0,276721,277351,SCHILLER,29,schließt,VVFIN,schließen,33224,,
tg,rfd2.0,276721,277351,SCHILLER,29,sie,PPER,sie,33224,,
tg,rfd2.0,276721,277351,SCHILLER,29,in,APPR,in,33224,,
tg,rfd2.0,276721,277351,SCHILLER,29,seine,PPOSAT,sein,33224,,
tg,rfd2.0,276721,277351,SCHILLER,29,Arme,NN,arm,33224,,
tg,rfd2.0,276721,277351,SCHILLER,29,.,$.,--,33224,,
tg,rfd2.0,277357,277378,Generalin Rieger.,2,Mein,PPOSAT,mein,33224,,
tg,rfd2.0,277357,277378,Generalin Rieger.,2,Sohn,NN,sohn,33224,,
tg,rfd2.0,277383,277405,"Laura, deren Pflegetochter.",3,Mein,PPOSAT,mein,33224,,
tg,rfd2.0,277383,277405,"Laura, deren Pflegetochter.",3,Schiller,NE,schiller,33224,SCHILLER,29
tg,rfd2.0,277383,277405,"Laura, deren Pflegetochter.",3,"!",$.,--,33224,,
tg,rfd2.0,277410,277430,Gräfin Franziska von Hohenheim.,1,Also,ADV,also,33224,,
tg,rfd2.0,277410,277430,Gräfin Franziska von Hohenheim.,1,sei's,VVFIN,sei,33224,,
tg,rfd2.0,277410,277430,Gräfin Franziska von Hohenheim.,1,"!",$.,--,33224,,
tg,rfd2.0,277435,277636,SCHILLER,29,Dieser,PDAT,dieser,33224,,
tg,rfd2.0,277435,277636,SCHILLER,29,erste,ADJA,erster,33224,,
tg,rfd2.0,277435,277636,SCHILLER,29,und,KON,und,33224,,
tg,rfd2.0,277435,277636,SCHILLER,29,letzte,ADJA,letzter,33224,,
tg,rfd2.0,277435,277636,SCHILLER,29,Kuß,NN,kuß,33224,,
tg,rfd2.0,277435,277636,SCHILLER,29,sei,VAFIN,sein,33224,,
tg,rfd2.0,277435,277636,SCHILLER,29,alles,PIS,alle,33224,,
tg,rfd2.0,277435,277636,SCHILLER,29,",","$,",--,33224,,
tg,rfd2.0,277435,277636,SCHILLER,29,was,PRELS,was,33224,,
tg,rfd2.0,277435,277636,SCHILLER,29,mir,PPER,sich,33224,SCHILLER,29
tg,rfd2.0,277435,277636,SCHILLER,29,die,ART,der,33224,,
tg,rfd2.0,277435,277636,SCHILLER,29,Liebe,NN,liebe,33224,,
tg,rfd2.0,277435,277636,SCHILLER,29,gewährt,VVPP,gewähren,33224,,
tg,rfd2.0,277435,277636,SCHILLER,29,.,$.,--,33224,,
tg,rfd2.0,277435,277636,SCHILLER,29,Der,ART,der,33224,,
tg,rfd2.0,277435,277636,SCHILLER,29,einzig,ADJD,einzig,33224,,
tg,rfd2.0,277435,277636,SCHILLER,29,glückliche,ADJA,glücklich,33224,,
tg,rfd2.0,277435,277636,SCHILLER,29,Augenblick,NN,augenblick,33224,,
tg,rfd2.0,277435,277636,SCHILLER,29,meines,PPOSAT,mein,33224,SCHILLER,29
tg,rfd2.0,277435,277636,SCHILLER,29,Lebens,NN,leben,33224,,
tg,rfd2.0,277435,277636,SCHILLER,29,ist,VAFIN,sein,33224,,
tg,rfd2.0,277435,277636,SCHILLER,29,der,ART,der,33224,,
tg,rfd2.0,277435,277636,SCHILLER,29,traurigste,ADJA,traurig,33224,,
tg,rfd2.0,277435,277636,SCHILLER,29,–,NN,–,33224,,
tg,rfd2.0,277435,277636,SCHILLER,29,ein,ART,ein,33224,,
tg,rfd2.0,277435,277636,SCHILLER,29,Lebewohl,NN,lebewohl,33224,,
tg,rfd2.0,277435,277636,SCHILLER,29,für,APPR,für,33224,,
tg,rfd2.0,277435,277636,SCHILLER,29,immerdar,ADJD,immerdar,33224,,
tg,rfd2.0,277435,277636,SCHILLER,29,.,$.,--,33224,,
tg,rfd2.0,277641,277833,"Laura, deren Pflegetochter.",3,Und,KON,und,33224,,
tg,rfd2.0,277641,277833,"Laura, deren Pflegetochter.",3,doch,ADV,doch,33224,,
tg,rfd2.0,277641,277833,"Laura, deren Pflegetochter.",3,bringt,VVFIN,bringen,33224,,
tg,rfd2.0,277641,277833,"Laura, deren Pflegetochter.",3,er,PPER,er,33224,,
tg,rfd2.0,277641,277833,"Laura, deren Pflegetochter.",3,ein,ART,ein,33224,,
tg,rfd2.0,277641,277833,"Laura, deren Pflegetochter.",3,ganzes,ADJA,ganz,33224,,
tg,rfd2.0,277641,277833,"Laura, deren Pflegetochter.",3,Leben,NN,leben,33224,,
tg,rfd2.0,277641,277833,"Laura, deren Pflegetochter.",3,für,APPR,für,33224,,
tg,rfd2.0,277641,277833,"Laura, deren Pflegetochter.",3,diejenige,PDS,derjenige,33224,,
tg,rfd2.0,277641,277833,"Laura, deren Pflegetochter.",3,",","$,",--,33224,,
tg,rfd2.0,277641,277833,"Laura, deren Pflegetochter.",3,die,PRELS,der,33224,,
tg,rfd2.0,277641,277833,"Laura, deren Pflegetochter.",3,–,XY,–,33224,,
tg,rfd2.0,277641,277833,"Laura, deren Pflegetochter.",3,deiner,PPOSAT,dein,33224,,
tg,rfd2.0,277641,277833,"Laura, deren Pflegetochter.",3,bis,APPR,bis,33224,,
tg,rfd2.0,277641,277833,"Laura, deren Pflegetochter.",3,zum,APPRART,zu,33224,,
tg,rfd2.0,277641,277833,"Laura, deren Pflegetochter.",3,Tod,NN,tod,33224,,
tg,rfd2.0,277641,277833,"Laura, deren Pflegetochter.",3,gedenken,VVFIN,gedenken,33224,,
tg,rfd2.0,277641,277833,"Laura, deren Pflegetochter.",3,wird,VAFIN,werden,33224,,
tg,rfd2.0,277641,277833,"Laura, deren Pflegetochter.",3,–,XY,–,33224,,
tg,rfd2.0,277641,277833,"Laura, deren Pflegetochter.",3,in,APPR,in,33224,,
tg,rfd2.0,277641,277833,"Laura, deren Pflegetochter.",3,Lieb,ADJD,lieb,33224,,
tg,rfd2.0,277641,277833,"Laura, deren Pflegetochter.",3,',$[,--,33224,,
tg,rfd2.0,277641,277833,"Laura, deren Pflegetochter.",3,und,KON,und,33224,,
tg,rfd2.0,277641,277833,"Laura, deren Pflegetochter.",3,Treue,NN,treue,33224,,
tg,rfd2.0,277641,277833,"Laura, deren Pflegetochter.",3,.,$.,--,33224,,
tg,rfd2.0,277840,278004,SCHILLER,29,Die,ART,der,33224,,
tg,rfd2.0,277840,278004,SCHILLER,29,mein,PPOSAT,mein,33224,SCHILLER,29
tg,rfd2.0,277840,278004,SCHILLER,29,gedenken,VVFIN,gedenken,33224,,
tg,rfd2.0,277840,278004,SCHILLER,29,wird,VAFIN,werden,33224,,
tg,rfd2.0,277840,278004,SCHILLER,29,",","$,",--,33224,,
tg,rfd2.0,277840,278004,SCHILLER,29,auch,ADV,auch,33224,,
tg,rfd2.0,277840,278004,SCHILLER,29,wenn,KOUS,wenn,33224,,
tg,rfd2.0,277840,278004,SCHILLER,29,wir,PPER,wir,33224,,
tg,rfd2.0,277840,278004,SCHILLER,29,alle,PIDAT,alle,33224,ALLE,30
tg,rfd2.0,277840,278004,SCHILLER,29,uns,PRF,uns,33224,,
tg,rfd2.0,277840,278004,SCHILLER,29,getäuscht,ADJD,täuschen,33224,,
tg,rfd2.0,277840,278004,SCHILLER,29,in,APPR,in,33224,,
tg,rfd2.0,277840,278004,SCHILLER,29,mir,PPER,sich,33224,SCHILLER,29
tg,rfd2.0,277840,278004,SCHILLER,29,",","$,",--,33224,,
tg,rfd2.0,277840,278004,SCHILLER,29,auch,ADV,auch,33224,,
tg,rfd2.0,277840,278004,SCHILLER,29,wenn,KOUS,wenn,33224,,
tg,rfd2.0,277840,278004,SCHILLER,29,ich,PPER,ich,33224,SCHILLER,29
tg,rfd2.0,277840,278004,SCHILLER,29,unbekannt,ADJD,unbekannt,33224,,
tg,rfd2.0,277840,278004,SCHILLER,29,und,KON,und,33224,,
tg,rfd2.0,277840,278004,SCHILLER,29,wertlos,ADJD,wertlos,33224,,
tg,rfd2.0,277840,278004,SCHILLER,29,bleibe,VVFIN,bleiben,33224,,
tg,rfd2.0,277840,278004,SCHILLER,29,in,APPR,in,33224,,
tg,rfd2.0,277840,278004,SCHILLER,29,der,ART,der,33224,,
tg,rfd2.0,277840,278004,SCHILLER,29,Dichterwelt,NN,dichterwelt,33224,,
tg,rfd2.0,277840,278004,SCHILLER,29,–,XY,–,33224,,
tg,rfd2.0,277840,278004,SCHILLER,29,?,$.,--,33224,,
tg,rfd2.0,278009,278085,"Laura, deren Pflegetochter.",3,Auch,ADV,auch,33224,,
tg,rfd2.0,278009,278085,"Laura, deren Pflegetochter.",3,dann,ADV,dann,33224,,
tg,rfd2.0,278009,278085,"Laura, deren Pflegetochter.",3,"!",$.,--,33224,,
tg,rfd2.0,278009,278085,"Laura, deren Pflegetochter.",3,–,XY,–,33224,,
tg,rfd2.0,278009,278085,"Laura, deren Pflegetochter.",3,Ich,PPER,ich,33224,,
tg,rfd2.0,278009,278085,"Laura, deren Pflegetochter.",3,liebe,VVFIN,lieben,33224,,
tg,rfd2.0,278009,278085,"Laura, deren Pflegetochter.",3,dich,PRF,dich,33224,,
tg,rfd2.0,278009,278085,"Laura, deren Pflegetochter.",3,",","$,",--,33224,,
tg,rfd2.0,278009,278085,"Laura, deren Pflegetochter.",3,wer,PWS,wer,33224,,
tg,rfd2.0,278009,278085,"Laura, deren Pflegetochter.",3,du,PPER,du,33224,,
tg,rfd2.0,278009,278085,"Laura, deren Pflegetochter.",3,auch,ADV,auch,33224,,
tg,rfd2.0,278009,278085,"Laura, deren Pflegetochter.",3,seist,VVFIN,seisen,33224,,
tg,rfd2.0,278009,278085,"Laura, deren Pflegetochter.",3,",","$,",--,33224,,
tg,rfd2.0,278009,278085,"Laura, deren Pflegetochter.",3,was,PWS,was,33224,,
tg,rfd2.0,278009,278085,"Laura, deren Pflegetochter.",3,du,PPER,du,33224,,
tg,rfd2.0,278009,278085,"Laura, deren Pflegetochter.",3,auch,ADV,auch,33224,,
tg,rfd2.0,278009,278085,"Laura, deren Pflegetochter.",3,werdest,VVFIN,werdest,33224,,
tg,rfd2.0,278009,278085,"Laura, deren Pflegetochter.",3,"!",$.,--,33224,,
tg,rfd2.0,278090,278295,SCHILLER,29,So,ADV,so,33224,,
tg,rfd2.0,278090,278295,SCHILLER,29,ist,VAFIN,sein,33224,,
tg,rfd2.0,278090,278295,SCHILLER,29,es,PPER,es,33224,,
tg,rfd2.0,278090,278295,SCHILLER,29,eine,ART,ein,33224,,
tg,rfd2.0,278090,278295,SCHILLER,29,Seligkeit,NN,seligkeit,33224,,
tg,rfd2.0,278090,278295,SCHILLER,29,–,XY,–,33224,,
tg,rfd2.0,278090,278295,SCHILLER,29,zu,PTKZU,zu,33224,,
tg,rfd2.0,278090,278295,SCHILLER,29,weinen,VVINF,weinen,33224,,
tg,rfd2.0,278090,278295,SCHILLER,29,"!",$.,--,33224,,
tg,rfd2.0,278362,278718,KOCH,20,Frisch,ADJD,frisch,33224,,
tg,rfd2.0,278362,278718,KOCH,20,auf,PTKVZ,auf,33224,,
tg,rfd2.0,278362,278718,KOCH,20,",","$,",--,33224,,
tg,rfd2.0,278362,278718,KOCH,20,Kamerad,NN,kamerad,33224,,
tg,rfd2.0,278362,278718,KOCH,20,"!",$.,--,33224,,
tg,rfd2.0,278362,278718,KOCH,20,Das,PDS,der,33224,,
tg,rfd2.0,278362,278718,KOCH,20,ist,VAFIN,sein,33224,,
tg,rfd2.0,278362,278718,KOCH,20,der,ART,der,33224,,
tg,rfd2.0,278362,278718,KOCH,20,Jagdschluß,NN,jagdschluß,33224,,
tg,rfd2.0,278362,278718,KOCH,20,",","$,",--,33224,,
tg,rfd2.0,278362,278718,KOCH,20,der,PRELS,der,33224,,
tg,rfd2.0,278362,278718,KOCH,20,von,APPR,von,33224,,
tg,rfd2.0,278362,278718,KOCH,20,der,ART,der,33224,,
tg,rfd2.0,278362,278718,KOCH,20,Solitude,NN,solitude,33224,,
tg,rfd2.0,278362,278718,KOCH,20,herabdringt,VVFIN,herabdringen,33224,,
tg,rfd2.0,278362,278718,KOCH,20,",","$,",--,33224,,
tg,rfd2.0,278362,278718,KOCH,20,der,ART,der,33224,,
tg,rfd2.0,278362,278718,KOCH,20,Herzog,NE,herzog,33224,,
tg,rfd2.0,278362,278718,KOCH,20,kommt,VVFIN,kommen,33224,,
tg,rfd2.0,278362,278718,KOCH,20,"!",$.,--,33224,,
tg,rfd2.0,278362,278718,KOCH,20,Die,ART,der,33224,,
tg,rfd2.0,278362,278718,KOCH,20,Sonne,NN,sonne,33224,,
tg,rfd2.0,278362,278718,KOCH,20,geht,VVFIN,gehen,33224,,
tg,rfd2.0,278362,278718,KOCH,20,unter,PTKVZ,unter,33224,,
tg,rfd2.0,278362,278718,KOCH,20,",","$,",--,33224,,
tg,rfd2.0,278362,278718,KOCH,20,Riegers,NE,rieger,33224,,
tg,rfd2.0,278362,278718,KOCH,20,Regiment,NE,regiment,33224,,
tg,rfd2.0,278362,278718,KOCH,20,beginnt,VVFIN,beginnen,33224,,
tg,rfd2.0,278362,278718,KOCH,20,",","$,",--,33224,,
tg,rfd2.0,278362,278718,KOCH,20,nimm,VVFIN,nimm,33224,,
tg,rfd2.0,278362,278718,KOCH,20,deinen,PPOSAT,dein,33224,,
tg,rfd2.0,278362,278718,KOCH,20,Hut,NN,hut,33224,,
tg,rfd2.0,278362,278718,KOCH,20,und,KON,und,33224,,
tg,rfd2.0,278362,278718,KOCH,20,diese,PDAT,dieser,33224,,
tg,rfd2.0,278362,278718,KOCH,20,Waffe,NN,waffe,33224,,
tg,rfd2.0,278362,278718,KOCH,20,",","$,",--,33224,,
tg,rfd2.0,278362,278718,KOCH,20,Er,PPER,er,33224,,
tg,rfd2.0,278362,278718,KOCH,20,holt,VVFIN,holen,33224,,
tg,rfd2.0,278362,278718,KOCH,20,den,ART,der,33224,,
tg,rfd2.0,278362,278718,KOCH,20,Hut,NN,hut,33224,,
tg,rfd2.0,278362,278718,KOCH,20,rechts,ADV,rechts,33224,,
tg,rfd2.0,278362,278718,KOCH,20,von,APPR,von,33224,,
tg,rfd2.0,278362,278718,KOCH,20,der,ART,der,33224,,
tg,rfd2.0,278362,278718,KOCH,20,Steinbank,NN,steinbank,33224,,
tg,rfd2.0,278362,278718,KOCH,20,und,KON,und,33224,,
tg,rfd2.0,278362,278718,KOCH,20,reicht,VVFIN,reichen,33224,,
tg,rfd2.0,278362,278718,KOCH,20,ihn,PPER,ihn,33224,,
tg,rfd2.0,278362,278718,KOCH,20,Schiller,NE,schiller,33224,SCHILLER,29
tg,rfd2.0,278362,278718,KOCH,20,mit,APPR,mit,33224,,
tg,rfd2.0,278362,278718,KOCH,20,einem,ART,ein,33224,,
tg,rfd2.0,278362,278718,KOCH,20,Pistol,NN,pistol,33224,,
tg,rfd2.0,278362,278718,KOCH,20,.,$.,--,33224,,
tg,rfd2.0,278362,278718,KOCH,20,auf,PTKVZ,auf,33224,,
tg,rfd2.0,278362,278718,KOCH,20,und,KON,und,33224,,
tg,rfd2.0,278362,278718,KOCH,20,davon,PROAV,davon,33224,,
tg,rfd2.0,278362,278718,KOCH,20,"!",$.,--,33224,,
tg,rfd2.0,278723,278779,"Laura, deren Pflegetochter.",3,Mein,PPOSAT,mein,33224,,
tg,rfd2.0,278723,278779,"Laura, deren Pflegetochter.",3,Friedrich,NE,friedrich,33224,,
tg,rfd2.0,278723,278779,"Laura, deren Pflegetochter.",3,"!",$.,--,33224,,
tg,rfd2.0,278784,278801,SCHILLER,29,Laura,NE,laura,33224,,
tg,rfd2.0,278784,278801,SCHILLER,29,"!",$.,--,33224,,
tg,rfd2.0,278806,278886,"Laura, deren Pflegetochter.",3,Auf,APPR,auf,33224,,
tg,rfd2.0,278806,278886,"Laura, deren Pflegetochter.",3,Nimmerwiedersehn,NN,nimmerwiedersehn,33224,,
tg,rfd2.0,278806,278886,"Laura, deren Pflegetochter.",3,"!",$.,--,33224,,
tg,rfd2.0,278891,278961,Generalin Rieger.,2,Mein,PPOSAT,mein,33224,,
tg,rfd2.0,278891,278961,Generalin Rieger.,2,Sohn,NN,sohn,33224,,
tg,rfd2.0,278891,278961,Generalin Rieger.,2,",","$,",--,33224,,
tg,rfd2.0,278891,278961,Generalin Rieger.,2,mein,PPOSAT,mein,33224,Generalin Rieger.,2
tg,rfd2.0,278891,278961,Generalin Rieger.,2,Sohn,NN,sohn,33224,,
tg,rfd2.0,278891,278961,Generalin Rieger.,2,",","$,",--,33224,,
tg,rfd2.0,278891,278961,Generalin Rieger.,2,Gott,NN,gott,33224,,
tg,rfd2.0,278891,278961,Generalin Rieger.,2,segne,VVFIN,segnen,33224,,
tg,rfd2.0,278891,278961,Generalin Rieger.,2,dich,PPER,dich,33224,,
tg,rfd2.0,278891,278961,Generalin Rieger.,2,"!",$.,--,33224,,
tg,rfd2.0,278966,278990,SCHILLER,29,Meine,PPOSAT,mein,33224,,
tg,rfd2.0,278966,278990,SCHILLER,29,Mutter,NN,mutter,33224,,
tg,rfd2.0,278966,278990,SCHILLER,29,"!",$.,--,33224,,
tg,rfd2.0,278995,279508,Gräfin Franziska von Hohenheim.,1,Auch,ADV,auch,33224,,
tg,rfd2.0,278995,279508,Gräfin Franziska von Hohenheim.,1,an,APPR,an,33224,,
tg,rfd2.0,278995,279508,Gräfin Franziska von Hohenheim.,1,mein,PPOSAT,mein,33224,Gräfin Franziska von Hohenheim.,1
tg,rfd2.0,278995,279508,Gräfin Franziska von Hohenheim.,1,Herz,NN,herz,33224,,
tg,rfd2.0,278995,279508,Gräfin Franziska von Hohenheim.,1,",","$,",--,33224,,
tg,rfd2.0,278995,279508,Gräfin Franziska von Hohenheim.,1,Schiller,NE,schiller,33224,SCHILLER,29
tg,rfd2.0,278995,279508,Gräfin Franziska von Hohenheim.,1,"!",$.,--,33224,,
tg,rfd2.0,278995,279508,Gräfin Franziska von Hohenheim.,1,Sei,VAIMP,sein,33224,,
tg,rfd2.0,278995,279508,Gräfin Franziska von Hohenheim.,1,ein,ART,ein,33224,,
tg,rfd2.0,278995,279508,Gräfin Franziska von Hohenheim.,1,Mann,NN,mann,33224,,
tg,rfd2.0,278995,279508,Gräfin Franziska von Hohenheim.,1,",","$,",--,33224,,
tg,rfd2.0,278995,279508,Gräfin Franziska von Hohenheim.,1,mach,VVFIN,machen,33224,,
tg,rfd2.0,278995,279508,Gräfin Franziska von Hohenheim.,1,deinem,PPOSAT,dein,33224,,
tg,rfd2.0,278995,279508,Gräfin Franziska von Hohenheim.,1,Schwabenlande,NN,schwabenland,33224,,
tg,rfd2.0,278995,279508,Gräfin Franziska von Hohenheim.,1,Ehre,NN,ehre,33224,,
tg,rfd2.0,278995,279508,Gräfin Franziska von Hohenheim.,1,und,KON,und,33224,,
tg,rfd2.0,278995,279508,Gräfin Franziska von Hohenheim.,1,verherrliche,ADJA,verherrlich,33224,,
tg,rfd2.0,278995,279508,Gräfin Franziska von Hohenheim.,1,das,ART,der,33224,,
tg,rfd2.0,278995,279508,Gräfin Franziska von Hohenheim.,1,deutsche,ADJA,deutsch,33224,,
tg,rfd2.0,278995,279508,Gräfin Franziska von Hohenheim.,1,Valerland,NN,valerland,33224,,
tg,rfd2.0,278995,279508,Gräfin Franziska von Hohenheim.,1,"!",$.,--,33224,,
tg,rfd2.0,278995,279508,Gräfin Franziska von Hohenheim.,1,Er,PPER,er,33224,,
tg,rfd2.0,278995,279508,Gräfin Franziska von Hohenheim.,1,sinkt,VVFIN,sinken,33224,,
tg,rfd2.0,278995,279508,Gräfin Franziska von Hohenheim.,1,vor,APPR,vor,33224,,
tg,rfd2.0,278995,279508,Gräfin Franziska von Hohenheim.,1,ihr,PPOSAT,ihr,33224,,
tg,rfd2.0,278995,279508,Gräfin Franziska von Hohenheim.,1,aufs,APPRART,auf,33224,,
tg,rfd2.0,278995,279508,Gräfin Franziska von Hohenheim.,1,Knie,NN,knie,33224,,
tg,rfd2.0,278995,279508,Gräfin Franziska von Hohenheim.,1,.,$.,--,33224,,
tg,rfd2.0,278995,279508,Gräfin Franziska von Hohenheim.,1,Ich,PPER,ich,33224,,
tg,rfd2.0,278995,279508,Gräfin Franziska von Hohenheim.,1,weiß,VVFIN,weiß,33224,,
tg,rfd2.0,278995,279508,Gräfin Franziska von Hohenheim.,1,",","$,",--,33224,,
tg,rfd2.0,278995,279508,Gräfin Franziska von Hohenheim.,1,du,PPER,du,33224,,
tg,rfd2.0,278995,279508,Gräfin Franziska von Hohenheim.,1,kannst,VMFIN,können,33224,,
tg,rfd2.0,278995,279508,Gräfin Franziska von Hohenheim.,1,es,PPER,es,33224,,
tg,rfd2.0,278995,279508,Gräfin Franziska von Hohenheim.,1,",","$,",--,33224,,
tg,rfd2.0,278995,279508,Gräfin Franziska von Hohenheim.,1,und,KON,und,33224,,
tg,rfd2.0,278995,279508,Gräfin Franziska von Hohenheim.,1,du,PPER,du,33224,,
tg,rfd2.0,278995,279508,Gräfin Franziska von Hohenheim.,1,wirst,VAFIN,werden,33224,,
tg,rfd2.0,278995,279508,Gräfin Franziska von Hohenheim.,1,es,PPER,es,33224,,
tg,rfd2.0,278995,279508,Gräfin Franziska von Hohenheim.,1,",","$,",--,33224,,
tg,rfd2.0,278995,279508,Gräfin Franziska von Hohenheim.,1,ja,ADV,ja,33224,,
tg,rfd2.0,278995,279508,Gräfin Franziska von Hohenheim.,1,ich,PPER,ich,33224,Gräfin Franziska von Hohenheim.,1
tg,rfd2.0,278995,279508,Gräfin Franziska von Hohenheim.,1,ahne,VVFIN,ahnen,33224,,
tg,rfd2.0,278995,279508,Gräfin Franziska von Hohenheim.,1,",","$,",--,33224,,
tg,rfd2.0,278995,279508,Gräfin Franziska von Hohenheim.,1,daß,KOUS,daß,33224,,
tg,rfd2.0,278995,279508,Gräfin Franziska von Hohenheim.,1,kommende,ADJA,kommend,33224,,
tg,rfd2.0,278995,279508,Gräfin Franziska von Hohenheim.,1,Geschlechter,NN,geschlecht,33224,,
tg,rfd2.0,278995,279508,Gräfin Franziska von Hohenheim.,1,Deutschlands,NE,deutschland,33224,,
tg,rfd2.0,278995,279508,Gräfin Franziska von Hohenheim.,1,uns,PRF,uns,33224,,
tg,rfd2.0,278995,279508,Gräfin Franziska von Hohenheim.,1,noch,ADV,noch,33224,,
tg,rfd2.0,278995,279508,Gräfin Franziska von Hohenheim.,1,segnen,VVINF,segnen,33224,,
tg,rfd2.0,278995,279508,Gräfin Franziska von Hohenheim.,1,werden,VAFIN,werden,33224,,
tg,rfd2.0,278995,279508,Gräfin Franziska von Hohenheim.,1,",","$,",--,33224,,
tg,rfd2.0,278995,279508,Gräfin Franziska von Hohenheim.,1,den,ART,der,33224,,
tg,rfd2.0,278995,279508,Gräfin Franziska von Hohenheim.,1,Friedrich,NE,friedrich,33224,,
tg,rfd2.0,278995,279508,Gräfin Franziska von Hohenheim.,1,Schiller,NE,schiller,33224,SCHILLER,29
tg,rfd2.0,278995,279508,Gräfin Franziska von Hohenheim.,1,freigemacht,VVPP,freimachen,33224,,
tg,rfd2.0,278995,279508,Gräfin Franziska von Hohenheim.,1,zu,PTKZU,zu,33224,,
tg,rfd2.0,278995,279508,Gräfin Franziska von Hohenheim.,1,haben,VAINF,haben,33224,,
tg,rfd2.0,278995,279508,Gräfin Franziska von Hohenheim.,1,.,$.,--,33224,,
tg,rfd2.0,278995,279508,Gräfin Franziska von Hohenheim.,1,Links,NE,links,33224,,
tg,rfd2.0,278995,279508,Gräfin Franziska von Hohenheim.,1,in,APPR,in,33224,,
tg,rfd2.0,278995,279508,Gräfin Franziska von Hohenheim.,1,mäßiger,ADJA,mäßig,33224,,
tg,rfd2.0,278995,279508,Gräfin Franziska von Hohenheim.,1,Entfernung,NN,entfernung,33224,,
tg,rfd2.0,278995,279508,Gräfin Franziska von Hohenheim.,1,bei,APPR,bei,33224,,
tg,rfd2.0,278995,279508,Gräfin Franziska von Hohenheim.,1,den,ART,der,33224,,
tg,rfd2.0,278995,279508,Gräfin Franziska von Hohenheim.,1,Worten,NN,wort,33224,,
tg,rfd2.0,278995,279508,Gräfin Franziska von Hohenheim.,1,»,XY,»,33224,,
tg,rfd2.0,278995,279508,Gräfin Franziska von Hohenheim.,1,ja,PTKANT,ja,33224,,
tg,rfd2.0,278995,279508,Gräfin Franziska von Hohenheim.,1,ich,PPER,ich,33224,Gräfin Franziska von Hohenheim.,1
tg,rfd2.0,278995,279508,Gräfin Franziska von Hohenheim.,1,ahne,PPER,ahnen,33224,,
tg,rfd2.0,278995,279508,Gräfin Franziska von Hohenheim.,1,«,XY,«,33224,,
tg,rfd2.0,278995,279508,Gräfin Franziska von Hohenheim.,1,gedämpfter,ADJA,gedämpft,33224,,
tg,rfd2.0,278995,279508,Gräfin Franziska von Hohenheim.,1,Gesang,NN,gesang,33224,,
tg,rfd2.0,278995,279508,Gräfin Franziska von Hohenheim.,1,der,ART,der,33224,,
tg,rfd2.0,278995,279508,Gräfin Franziska von Hohenheim.,1,Schüler,NN,schüler,33224,,
tg,rfd2.0,278995,279508,Gräfin Franziska von Hohenheim.,1,»,XY,»,33224,,
tg,rfd2.0,278995,279508,Gräfin Franziska von Hohenheim.,1,Ein,ART,ein,33224,,
tg,rfd2.0,278995,279508,Gräfin Franziska von Hohenheim.,1,freies,ADJA,frei,33224,,
tg,rfd2.0,278995,279508,Gräfin Franziska von Hohenheim.,1,Leben,NN,leben,33224,,
tg,rfd2.0,278995,279508,Gräfin Franziska von Hohenheim.,1,führen,VVFIN,führen,33224,,
tg,rfd2.0,278995,279508,Gräfin Franziska von Hohenheim.,1,wir,PPER,wir,33224,,
tg,rfd2.0,278995,279508,Gräfin Franziska von Hohenheim.,1,«,XY,«,33224,,
tg,rfd2.0,278995,279508,Gräfin Franziska von Hohenheim.,1,mit,APPR,mit,33224,,
tg,rfd2.0,278995,279508,Gräfin Franziska von Hohenheim.,1,diskreter,ADJA,diskret,33224,,
tg,rfd2.0,278995,279508,Gräfin Franziska von Hohenheim.,1,Begleitung,NN,begleitung,33224,,
tg,rfd2.0,278995,279508,Gräfin Franziska von Hohenheim.,1,der,ART,der,33224,,
tg,rfd2.0,278995,279508,Gräfin Franziska von Hohenheim.,1,Klarinette,NN,klarinette,33224,,
tg,rfd2.0,278995,279508,Gräfin Franziska von Hohenheim.,1,.,$.,--,33224,,
tg,rfd2.0,279514,279542,KOCH,20,Unser,PPOSAT,unser,33224,,
tg,rfd2.0,279514,279542,KOCH,20,Signal,NN,Signal,33224,,
tg,rfd2.0,279514,279542,KOCH,20,"!",$.,--,33224,,
tg,rfd2.0,279514,279542,KOCH,20,Endigt,VVPP,endigen,33224,,
tg,rfd2.0,279514,279542,KOCH,20,"!",$.,--,33224,,
tg,rfd2.0,279547,280927,SCHILLER,29,In,APPR,in,33224,,
tg,rfd2.0,279547,280927,SCHILLER,29,deine,PPOSAT,dein,33224,,
tg,rfd2.0,279547,280927,SCHILLER,29,Arme,NN,arm,33224,,
tg,rfd2.0,279547,280927,SCHILLER,29,werf,VVFIN,werf,33224,,
tg,rfd2.0,279547,280927,SCHILLER,29,',$[,--,33224,,
tg,rfd2.0,279547,280927,SCHILLER,29,ich,PPER,ich,33224,SCHILLER,29
tg,rfd2.0,279547,280927,SCHILLER,29,mich,PRF,mich,33224,SCHILLER,29
tg,rfd2.0,279547,280927,SCHILLER,29,",","$,",--,33224,,
tg,rfd2.0,279547,280927,SCHILLER,29,o,ADV,O,33224,,
tg,rfd2.0,279547,280927,SCHILLER,29,deutsches,ADJA,deutsch,33224,,
tg,rfd2.0,279547,280927,SCHILLER,29,Vaterland,NN,vaterland,33224,,
tg,rfd2.0,279547,280927,SCHILLER,29,"!",$.,--,33224,,
tg,rfd2.0,279547,280927,SCHILLER,29,Nimm,NE,nimm,33224,,
tg,rfd2.0,279547,280927,SCHILLER,29,ihn,PPER,ihn,33224,,
tg,rfd2.0,279547,280927,SCHILLER,29,auf,APPR,auf,33224,,
tg,rfd2.0,279547,280927,SCHILLER,29,den,ART,der,33224,,
tg,rfd2.0,279547,280927,SCHILLER,29,aus,APPR,aus,33224,,
tg,rfd2.0,279547,280927,SCHILLER,29,Heimat,NN,heimat,33224,,
tg,rfd2.0,279547,280927,SCHILLER,29,und,KON,und,33224,,
tg,rfd2.0,279547,280927,SCHILLER,29,Liebesglück,NN,liebesglück,33224,,
tg,rfd2.0,279547,280927,SCHILLER,29,verstoßenen,ADJA,verstoßen,33224,,
tg,rfd2.0,279547,280927,SCHILLER,29,Schwärmer,NN,schwärmer,33224,,
tg,rfd2.0,279547,280927,SCHILLER,29,",","$,",--,33224,,
tg,rfd2.0,279547,280927,SCHILLER,29,nimm,VVFIN,nimm,33224,,
tg,rfd2.0,279547,280927,SCHILLER,29,mich,PPER,mich,33224,SCHILLER,29
tg,rfd2.0,279547,280927,SCHILLER,29,auf,APPR,auf,33224,,
tg,rfd2.0,279547,280927,SCHILLER,29,an,APPR,an,33224,,
tg,rfd2.0,279547,280927,SCHILLER,29,dein,PPOSAT,dein,33224,,
tg,rfd2.0,279547,280927,SCHILLER,29,großes,ADJA,groß,33224,,
tg,rfd2.0,279547,280927,SCHILLER,29,Herz,NN,herz,33224,,
tg,rfd2.0,279547,280927,SCHILLER,29,"!",$.,--,33224,,
tg,rfd2.0,279547,280927,SCHILLER,29,Und,KON,und,33224,,
tg,rfd2.0,279547,280927,SCHILLER,29,kannst,VMFIN,können,33224,,
tg,rfd2.0,279547,280927,SCHILLER,29,du's,PPER,du,33224,,
tg,rfd2.0,279547,280927,SCHILLER,29,nicht,PTKNEG,nicht,33224,,
tg,rfd2.0,279547,280927,SCHILLER,29,",","$,",--,33224,,
tg,rfd2.0,279547,280927,SCHILLER,29,weil,KOUS,weil,33224,,
tg,rfd2.0,279547,280927,SCHILLER,29,meine,PPOSAT,mein,33224,SCHILLER,29
tg,rfd2.0,279547,280927,SCHILLER,29,Kraft,NN,kraft,33224,,
tg,rfd2.0,279547,280927,SCHILLER,29,zu,APPR,zu,33224,,
tg,rfd2.0,279547,280927,SCHILLER,29,schwach,ADJD,schwach,33224,,
tg,rfd2.0,279547,280927,SCHILLER,29,und,KON,und,33224,,
tg,rfd2.0,279547,280927,SCHILLER,29,zu,APPR,zu,33224,,
tg,rfd2.0,279547,280927,SCHILLER,29,gering,ADJD,gering,33224,,
tg,rfd2.0,279547,280927,SCHILLER,29,erfunden,VVPP,erfinden,33224,,
tg,rfd2.0,279547,280927,SCHILLER,29,wird,VAFIN,werden,33224,,
tg,rfd2.0,279547,280927,SCHILLER,29,",","$,",--,33224,,
tg,rfd2.0,279547,280927,SCHILLER,29,und,KON,und,33224,,
tg,rfd2.0,279547,280927,SCHILLER,29,kannst,VMFIN,können,33224,,
tg,rfd2.0,279547,280927,SCHILLER,29,du's,PPER,du,33224,,
tg,rfd2.0,279547,280927,SCHILLER,29,nicht,PTKNEG,nicht,33224,,
tg,rfd2.0,279547,280927,SCHILLER,29,"!",$.,--,33224,,
tg,rfd2.0,279547,280927,SCHILLER,29,o,ADV,O,33224,,
tg,rfd2.0,279547,280927,SCHILLER,29,so,ADV,so,33224,,
tg,rfd2.0,279547,280927,SCHILLER,29,schenke,VVFIN,schenken,33224,,
tg,rfd2.0,279547,280927,SCHILLER,29,mir,PPER,sich,33224,SCHILLER,29
tg,rfd2.0,279547,280927,SCHILLER,29,",","$,",--,33224,,
tg,rfd2.0,279547,280927,SCHILLER,29,mein,PPOSAT,mein,33224,SCHILLER,29
tg,rfd2.0,279547,280927,SCHILLER,29,Vaterland,NN,vaterland,33224,,
tg,rfd2.0,279547,280927,SCHILLER,29,",","$,",--,33224,,
tg,rfd2.0,279547,280927,SCHILLER,29,doch,KON,doch,33224,,
tg,rfd2.0,279547,280927,SCHILLER,29,einen,ART,ein,33224,,
tg,rfd2.0,279547,280927,SCHILLER,29,frühen,ADJA,früh,33224,,
tg,rfd2.0,279547,280927,SCHILLER,29,Tod,NN,tod,33224,,
tg,rfd2.0,279547,280927,SCHILLER,29,und,KON,und,33224,,
tg,rfd2.0,279547,280927,SCHILLER,29,widme,VVFIN,widmen,33224,,
tg,rfd2.0,279547,280927,SCHILLER,29,mir,PPER,sich,33224,SCHILLER,29
tg,rfd2.0,279547,280927,SCHILLER,29,zur,APPRART,zu,33224,,
tg,rfd2.0,279547,280927,SCHILLER,29,Grabschrift,NN,grabschrift,33224,,
tg,rfd2.0,279547,280927,SCHILLER,29,doch,ADV,doch,33224,,
tg,rfd2.0,279547,280927,SCHILLER,29,die,ART,der,33224,,
tg,rfd2.0,279547,280927,SCHILLER,29,Worte,NN,wort,33224,,
tg,rfd2.0,279547,280927,SCHILLER,29,.,$.,--,33224,,
tg,rfd2.0,279547,280927,SCHILLER,29,Der,ART,der,33224,,
tg,rfd2.0,279547,280927,SCHILLER,29,arme,ADJA,arm,33224,,
tg,rfd2.0,279547,280927,SCHILLER,29,Schwabe,NN,schwabe,33224,,
tg,rfd2.0,279547,280927,SCHILLER,29,trachtete,VVFIN,trachten,33224,,
tg,rfd2.0,279547,280927,SCHILLER,29,nach,APPR,nach,33224,,
tg,rfd2.0,279547,280927,SCHILLER,29,Großem,ADJA,großem,33224,,
tg,rfd2.0,279547,280927,SCHILLER,29,",","$,",--,33224,,
tg,rfd2.0,279547,280927,SCHILLER,29,Wir,PPER,wir,33224,,
tg,rfd2.0,279547,280927,SCHILLER,29,segnen,VVFIN,segnen,33224,,
tg,rfd2.0,279547,280927,SCHILLER,29,ihn,PPER,ihn,33224,,
tg,rfd2.0,279547,280927,SCHILLER,29,für,APPR,für,33224,,
tg,rfd2.0,279547,280927,SCHILLER,29,das,PDS,der,33224,,
tg,rfd2.0,279547,280927,SCHILLER,29,",","$,",--,33224,,
tg,rfd2.0,279547,280927,SCHILLER,29,was,PRELS,was,33224,,
tg,rfd2.0,279547,280927,SCHILLER,29,er,PPER,er,33224,,
tg,rfd2.0,279547,280927,SCHILLER,29,geträumt,VVPP,träumen,33224,,
tg,rfd2.0,279547,280927,SCHILLER,29,"!",$.,--,33224,,
tg,rfd2.0,280934,280985,Generalin Rieger.,2,Barmherziger,ADJA,barmherziger,33224,,
tg,rfd2.0,280934,280985,Generalin Rieger.,2,Gott,NN,gott,33224,,
tg,rfd2.0,280934,280985,Generalin Rieger.,2,",","$,",--,33224,,
tg,rfd2.0,280934,280985,Generalin Rieger.,2,man,PIS,man,33224,,
tg,rfd2.0,280934,280985,Generalin Rieger.,2,schießt,VVFIN,schießen,33224,,
tg,rfd2.0,280934,280985,Generalin Rieger.,2,auf,APPR,auf,33224,,
tg,rfd2.0,280934,280985,Generalin Rieger.,2,sie,PPER,sie,33224,,
tg,rfd2.0,280934,280985,Generalin Rieger.,2,"!",$.,--,33224,,
tg,rfd2.0,280990,281062,Gräfin Franziska von Hohenheim.,1,Allmächtiger,ADJA,allmächtig,33224,,
tg,rfd2.0,280990,281062,Gräfin Franziska von Hohenheim.,1,Gott,NN,gott,33224,,
tg,rfd2.0,280990,281062,Gräfin Franziska von Hohenheim.,1,"!",$.,--,33224,,
tg,rfd2.0,280990,281062,Gräfin Franziska von Hohenheim.,1,Das,PDS,der,33224,,
tg,rfd2.0,280990,281062,Gräfin Franziska von Hohenheim.,1,ist,VAFIN,sein,33224,,
tg,rfd2.0,280990,281062,Gräfin Franziska von Hohenheim.,1,entsetzlich,ADJD,entsetzlich,33224,,
tg,rfd2.0,280990,281062,Gräfin Franziska von Hohenheim.,1,–,XY,–,33224,,
tg,rfd2.0,280990,281062,Gräfin Franziska von Hohenheim.,1,das,PDS,der,33224,,
tg,rfd2.0,280990,281062,Gräfin Franziska von Hohenheim.,1,ist,VAFIN,sein,33224,,
tg,rfd2.0,280990,281062,Gräfin Franziska von Hohenheim.,1,nicht,PTKNEG,nicht,33224,,
tg,rfd2.0,280990,281062,Gräfin Franziska von Hohenheim.,1,möglich,ADJD,möglich,33224,,
tg,rfd2.0,280990,281062,Gräfin Franziska von Hohenheim.,1,.,$.,--,33224,,
tg,rfd2.0,281189,281316,RIEGER,27,Das,ART,der,33224,,
tg,rfd2.0,281189,281316,RIEGER,27,Zimmer,NN,zimmer,33224,,
tg,rfd2.0,281189,281316,RIEGER,27,leer,ADJD,leer,33224,,
tg,rfd2.0,281189,281316,RIEGER,27,"!",$.,--,33224,,
tg,rfd2.0,281189,281316,RIEGER,27,Die,ART,der,33224,,
tg,rfd2.0,281189,281316,RIEGER,27,Tür,NN,tür,33224,,
tg,rfd2.0,281189,281316,RIEGER,27,offen,PTKVZ,offen,33224,,
tg,rfd2.0,281189,281316,RIEGER,27,"!",$.,--,33224,,
tg,rfd2.0,281189,281316,RIEGER,27,Tritt,NN,tritt,33224,,
tg,rfd2.0,281189,281316,RIEGER,27,hastig,ADJD,hastig,33224,,
tg,rfd2.0,281189,281316,RIEGER,27,und,KON,und,33224,,
tg,rfd2.0,281189,281316,RIEGER,27,aufgeregt,ADJD,aufgeregt,33224,,
tg,rfd2.0,281189,281316,RIEGER,27,aus,APPR,aus,33224,,
tg,rfd2.0,281189,281316,RIEGER,27,der,ART,der,33224,,
tg,rfd2.0,281189,281316,RIEGER,27,Tür,NN,tür,33224,,
tg,rfd2.0,281189,281316,RIEGER,27,.,$.,--,33224,,
tg,rfd2.0,281189,281316,RIEGER,27,Er,PPER,er,33224,,
tg,rfd2.0,281189,281316,RIEGER,27,ist,VAFIN,sein,33224,,
tg,rfd2.0,281189,281316,RIEGER,27,fort,PTKVZ,fort,33224,,
tg,rfd2.0,281189,281316,RIEGER,27,–,XY,–,33224,,
tg,rfd2.0,281189,281316,RIEGER,27,?,$.,--,33224,,
tg,rfd2.0,281189,281316,RIEGER,27,"!",$.,--,33224,,
tg,rfd2.0,281321,281376,Generalin Rieger.,2,Du,PPER,du,33224,,
tg,rfd2.0,281321,281376,Generalin Rieger.,2,hast,VAFIN,haben,33224,,
tg,rfd2.0,281321,281376,Generalin Rieger.,2,auf,APPR,auf,33224,,
tg,rfd2.0,281321,281376,Generalin Rieger.,2,ihn,PPER,ihn,33224,,
tg,rfd2.0,281321,281376,Generalin Rieger.,2,schießen,VVINF,schießen,33224,,
tg,rfd2.0,281321,281376,Generalin Rieger.,2,lassen,VVINF,lassen,33224,,
tg,rfd2.0,281321,281376,Generalin Rieger.,2,",","$,",--,33224,,
tg,rfd2.0,281321,281376,Generalin Rieger.,2,Unseliger,NN,unseliger,33224,,
tg,rfd2.0,281321,281376,Generalin Rieger.,2,?,$.,--,33224,,
tg,rfd2.0,281381,281427,Gräfin Franziska von Hohenheim.,1,Wehe,NN,wehe,33224,,
tg,rfd2.0,281381,281427,Gräfin Franziska von Hohenheim.,1,Euch,PPER,euch,33224,,
tg,rfd2.0,281381,281427,Gräfin Franziska von Hohenheim.,1,",","$,",--,33224,,
tg,rfd2.0,281381,281427,Gräfin Franziska von Hohenheim.,1,wenn,KOUS,wenn,33224,,
tg,rfd2.0,281381,281427,Gräfin Franziska von Hohenheim.,1,eine,ART,ein,33224,,
tg,rfd2.0,281381,281427,Gräfin Franziska von Hohenheim.,1,Kugel,NN,kugel,33224,,
tg,rfd2.0,281381,281427,Gräfin Franziska von Hohenheim.,1,getroffen,VVPP,treffen,33224,,
tg,rfd2.0,281381,281427,Gräfin Franziska von Hohenheim.,1,"!",$.,--,33224,,
tg,rfd2.0,281432,281655,RIEGER,27,Auf,APPR,auf,33224,,
tg,rfd2.0,281432,281655,RIEGER,27,ihn,PPER,ihn,33224,,
tg,rfd2.0,281432,281655,RIEGER,27,?,$.,--,33224,,
tg,rfd2.0,281432,281655,RIEGER,27,Er,PPER,er,33224,,
tg,rfd2.0,281432,281655,RIEGER,27,ist,VAFIN,sein,33224,,
tg,rfd2.0,281432,281655,RIEGER,27,also,ADV,also,33224,,
tg,rfd2.0,281432,281655,RIEGER,27,eben,ADV,eben,33224,,
tg,rfd2.0,281432,281655,RIEGER,27,fort,PTKVZ,fort,33224,,
tg,rfd2.0,281432,281655,RIEGER,27,–,XY,–,33224,,
tg,rfd2.0,281432,281655,RIEGER,27,holla,ITJ,holla,33224,,
tg,rfd2.0,281432,281655,RIEGER,27,"!",$.,--,33224,,
tg,rfd2.0,281432,281655,RIEGER,27,Wendet,VVFIN,wenden,33224,,
tg,rfd2.0,281432,281655,RIEGER,27,sich,PRF,sich,33224,,
tg,rfd2.0,281432,281655,RIEGER,27,nach,APPR,nach,33224,,
tg,rfd2.0,281432,281655,RIEGER,27,rechts,ADV,rechts,33224,,
tg,rfd2.0,281432,281655,RIEGER,27,zur,APPRART,zu,33224,,
tg,rfd2.0,281432,281655,RIEGER,27,Tür,NN,tür,33224,,
tg,rfd2.0,281432,281655,RIEGER,27,und,KON,und,33224,,
tg,rfd2.0,281432,281655,RIEGER,27,ruft,VVFIN,rufen,33224,,
tg,rfd2.0,281432,281655,RIEGER,27,mit,APPR,mit,33224,,
tg,rfd2.0,281432,281655,RIEGER,27,starker,ADJA,stark,33224,,
tg,rfd2.0,281432,281655,RIEGER,27,Stimme,NN,stimme,33224,,
tg,rfd2.0,281432,281655,RIEGER,27,.,$.,--,33224,,
tg,rfd2.0,281432,281655,RIEGER,27,Reiterpatrouille,NN,reiterpatrouille,33224,,
tg,rfd2.0,281432,281655,RIEGER,27,marsch,ADJD,marsch,33224,,
tg,rfd2.0,281432,281655,RIEGER,27,"!",$.,--,33224,,
tg,rfd2.0,281432,281655,RIEGER,27,Unterdes,NE,unterdes,33224,,
tg,rfd2.0,281432,281655,RIEGER,27,ist,VAFIN,sein,33224,,
tg,rfd2.0,281432,281655,RIEGER,27,der,ART,der,33224,,
tg,rfd2.0,281432,281655,RIEGER,27,Hauptmann,NE,hauptmann,33224,,
tg,rfd2.0,281432,281655,RIEGER,27,eingetreten,VVPP,eintreten,33224,,
tg,rfd2.0,281432,281655,RIEGER,27,von,APPR,von,33224,,
tg,rfd2.0,281432,281655,RIEGER,27,rechts,ADV,rechts,33224,,
tg,rfd2.0,281432,281655,RIEGER,27,aus,APPR,aus,33224,,
tg,rfd2.0,281432,281655,RIEGER,27,der,ART,der,33224,,
tg,rfd2.0,281432,281655,RIEGER,27,Tür,NN,tür,33224,,
tg,rfd2.0,281432,281655,RIEGER,27,und,KON,und,33224,,
tg,rfd2.0,281432,281655,RIEGER,27,hat,VAFIN,haben,33224,,
tg,rfd2.0,281432,281655,RIEGER,27,die,ART,der,33224,,
tg,rfd2.0,281432,281655,RIEGER,27,Fragen,NN,frage,33224,,
tg,rfd2.0,281432,281655,RIEGER,27,gehört,VVFIN,gehören,33224,,
tg,rfd2.0,281432,281655,RIEGER,27,.,$.,--,33224,,
tg,rfd2.0,281661,281904,"Hauptmann von Silberkalb, Kammerherr.",5,Beruhigen,ADJA,beruhigen,33224,,
tg,rfd2.0,281661,281904,"Hauptmann von Silberkalb, Kammerherr.",5,Sie,PPER,sie,33224,,
tg,rfd2.0,281661,281904,"Hauptmann von Silberkalb, Kammerherr.",5,sich,PRF,sich,33224,,
tg,rfd2.0,281661,281904,"Hauptmann von Silberkalb, Kammerherr.",5,",","$,",--,33224,,
tg,rfd2.0,281661,281904,"Hauptmann von Silberkalb, Kammerherr.",5,erlauchte,VVFIN,erlaucht,33224,,
tg,rfd2.0,281661,281904,"Hauptmann von Silberkalb, Kammerherr.",5,Frau,NN,frau,33224,,
tg,rfd2.0,281661,281904,"Hauptmann von Silberkalb, Kammerherr.",5,",","$,",--,33224,,
tg,rfd2.0,281661,281904,"Hauptmann von Silberkalb, Kammerherr.",5,die,ART,der,33224,,
tg,rfd2.0,281661,281904,"Hauptmann von Silberkalb, Kammerherr.",5,Schüsse,NN,schuß,33224,,
tg,rfd2.0,281661,281904,"Hauptmann von Silberkalb, Kammerherr.",5,sind,VAFIN,sein,33224,,
tg,rfd2.0,281661,281904,"Hauptmann von Silberkalb, Kammerherr.",5,nur,ADV,nur,33224,,
tg,rfd2.0,281661,281904,"Hauptmann von Silberkalb, Kammerherr.",5,Signale,NN,signal,33224,,
tg,rfd2.0,281661,281904,"Hauptmann von Silberkalb, Kammerherr.",5,zum,APPRART,zu,33224,,
tg,rfd2.0,281661,281904,"Hauptmann von Silberkalb, Kammerherr.",5,Feuerwerk,NN,feuerwerk,33224,,
tg,rfd2.0,281661,281904,"Hauptmann von Silberkalb, Kammerherr.",5,",","$,",--,33224,,
tg,rfd2.0,281661,281904,"Hauptmann von Silberkalb, Kammerherr.",5,Trommel,NN,trommel,33224,,
tg,rfd2.0,281661,281904,"Hauptmann von Silberkalb, Kammerherr.",5,und,KON,und,33224,,
tg,rfd2.0,281661,281904,"Hauptmann von Silberkalb, Kammerherr.",5,klingendes,ADJA,klingend,33224,,
tg,rfd2.0,281661,281904,"Hauptmann von Silberkalb, Kammerherr.",5,Spiel,NN,spiel,33224,,
tg,rfd2.0,281661,281904,"Hauptmann von Silberkalb, Kammerherr.",5,rechts,ADV,rechts,33224,,
tg,rfd2.0,281661,281904,"Hauptmann von Silberkalb, Kammerherr.",5,.,$.,--,33224,,
tg,rfd2.0,281661,281904,"Hauptmann von Silberkalb, Kammerherr.",5,welches,PRELS,welcher,33224,,
tg,rfd2.0,281661,281904,"Hauptmann von Silberkalb, Kammerherr.",5,nach,APPR,nach,33224,,
tg,rfd2.0,281661,281904,"Hauptmann von Silberkalb, Kammerherr.",5,der,ART,der,33224,,
tg,rfd2.0,281661,281904,"Hauptmann von Silberkalb, Kammerherr.",5,Solitude,NN,solitude,33224,,
tg,rfd2.0,281661,281904,"Hauptmann von Silberkalb, Kammerherr.",5,hinauf,ADV,hinauf,33224,,
tg,rfd2.0,281661,281904,"Hauptmann von Silberkalb, Kammerherr.",5,signalisiert,VVPP,signalisieren,33224,,
tg,rfd2.0,281661,281904,"Hauptmann von Silberkalb, Kammerherr.",5,wird,VAFIN,werden,33224,,
tg,rfd2.0,281661,281904,"Hauptmann von Silberkalb, Kammerherr.",5,.,$.,--,33224,,
tg,rfd2.0,281661,281904,"Hauptmann von Silberkalb, Kammerherr.",5,–,XY,–,33224,,
tg,rfd2.0,281661,281904,"Hauptmann von Silberkalb, Kammerherr.",5,Durchlaucht,NN,durchlaucht,33224,,
tg,rfd2.0,281661,281904,"Hauptmann von Silberkalb, Kammerherr.",5,der,ART,der,33224,,
tg,rfd2.0,281661,281904,"Hauptmann von Silberkalb, Kammerherr.",5,Herzog,NE,herzog,33224,,
tg,rfd2.0,281661,281904,"Hauptmann von Silberkalb, Kammerherr.",5,kommt,VVFIN,kommen,33224,,
tg,rfd2.0,281661,281904,"Hauptmann von Silberkalb, Kammerherr.",5,eben,ADV,eben,33224,,
tg,rfd2.0,281661,281904,"Hauptmann von Silberkalb, Kammerherr.",5,an,PTKVZ,an,33224,,
tg,rfd2.0,281661,281904,"Hauptmann von Silberkalb, Kammerherr.",5,",","$,",--,33224,,
tg,rfd2.0,281661,281904,"Hauptmann von Silberkalb, Kammerherr.",5,Euer,NE,euer,33224,,
tg,rfd2.0,281661,281904,"Hauptmann von Silberkalb, Kammerherr.",5,Gnaden,NE,gnade,33224,,
tg,rfd2.0,281661,281904,"Hauptmann von Silberkalb, Kammerherr.",5,abzuholen,VVINF,abholen,33224,,
tg,rfd2.0,281661,281904,"Hauptmann von Silberkalb, Kammerherr.",5,.,$.,--,33224,,
tg,rfd2.0,281909,282237,RIEGER,27,Durchlaucht,NN,durchlaucht,33224,,
tg,rfd2.0,281909,282237,RIEGER,27,der,ART,der,33224,,
tg,rfd2.0,281909,282237,RIEGER,27,Herzog,NE,herzog,33224,,
tg,rfd2.0,281909,282237,RIEGER,27,"!",$.,--,33224,,
tg,rfd2.0,282242,282294,Herzog Karl von Württemberg.,0,Was,PWS,was,33224,,
tg,rfd2.0,282242,282294,Herzog Karl von Württemberg.,0,ist,VAFIN,sein,33224,,
tg,rfd2.0,282242,282294,Herzog Karl von Württemberg.,0,?,$.,--,33224,,
tg,rfd2.0,282299,282417,RIEGER,27,Der,ART,der,33224,,
tg,rfd2.0,282299,282417,RIEGER,27,Jerobeam,NN,jerobeam,33224,,
tg,rfd2.0,282299,282417,RIEGER,27,Schiller,NE,schiller,33224,SCHILLER,29
tg,rfd2.0,282299,282417,RIEGER,27,ist,VAFIN,sein,33224,,
tg,rfd2.0,282299,282417,RIEGER,27,soeben,ADV,soeben,33224,,
tg,rfd2.0,282299,282417,RIEGER,27,entflohn,CARD,entflohn,33224,,
tg,rfd2.0,282299,282417,RIEGER,27,–,XY,–,33224,,
tg,rfd2.0,282299,282417,RIEGER,27,die,ART,der,33224,,
tg,rfd2.0,282299,282417,RIEGER,27,Wache,NN,wache,33224,,
tg,rfd2.0,282299,282417,RIEGER,27,am,APPRART,an,33224,,
tg,rfd2.0,282299,282417,RIEGER,27,Tor,NN,tor,33224,,
tg,rfd2.0,282299,282417,RIEGER,27,erwartet,VVPP,erwarten,33224,,
tg,rfd2.0,282299,282417,RIEGER,27,",","$,",--,33224,,
tg,rfd2.0,282299,282417,RIEGER,27,und,KON,und,33224,,
tg,rfd2.0,282299,282417,RIEGER,27,die,ART,der,33224,,
tg,rfd2.0,282299,282417,RIEGER,27,Reiterpatrouille,NN,reiterpatrouille,33224,,
tg,rfd2.0,282299,282417,RIEGER,27,verfolgt,VVFIN,verfolgen,33224,,
tg,rfd2.0,282299,282417,RIEGER,27,ihn,PPER,ihn,33224,,
tg,rfd2.0,282299,282417,RIEGER,27,.,$.,--,33224,,
tg,rfd2.0,282422,282548,Herzog Karl von Württemberg.,0,Was,PWS,was,33224,,
tg,rfd2.0,282422,282548,Herzog Karl von Württemberg.,0,ist,VAFIN,sein,33224,,
tg,rfd2.0,282422,282548,Herzog Karl von Württemberg.,0,das,PDS,der,33224,,
tg,rfd2.0,282422,282548,Herzog Karl von Württemberg.,0,?,$.,--,33224,,
tg,rfd2.0,282422,282548,Herzog Karl von Württemberg.,0,Auf,APPR,auf,33224,,
tg,rfd2.0,282422,282548,Herzog Karl von Württemberg.,0,einen,ART,ein,33224,,
tg,rfd2.0,282422,282548,Herzog Karl von Württemberg.,0,großen,ADJA,groß,33224,,
tg,rfd2.0,282422,282548,Herzog Karl von Württemberg.,0,Brief,NN,brief,33224,,
tg,rfd2.0,282422,282548,Herzog Karl von Württemberg.,0,in,APPR,in,33224,,
tg,rfd2.0,282422,282548,Herzog Karl von Württemberg.,0,der,ART,der,33224,,
tg,rfd2.0,282422,282548,Herzog Karl von Württemberg.,0,Hand,NN,hand,33224,,
tg,rfd2.0,282422,282548,Herzog Karl von Württemberg.,0,des,ART,der,33224,,
tg,rfd2.0,282422,282548,Herzog Karl von Württemberg.,0,Hauptmanns,NN,hauptmann,33224,,
tg,rfd2.0,282422,282548,Herzog Karl von Württemberg.,0,deutend,ADJD,deutend,33224,,
tg,rfd2.0,282422,282548,Herzog Karl von Württemberg.,0,.,$.,--,33224,,
tg,rfd2.0,282554,282684,"Hauptmann von Silberkalb, Kammerherr.",5,Das,ART,der,33224,,
tg,rfd2.0,282554,282684,"Hauptmann von Silberkalb, Kammerherr.",5,Paket,NN,paket,33224,,
tg,rfd2.0,282554,282684,"Hauptmann von Silberkalb, Kammerherr.",5,meines,PPOSAT,mein,33224,"Hauptmann von Silberkalb, Kammerherr.",5
tg,rfd2.0,282554,282684,"Hauptmann von Silberkalb, Kammerherr.",5,Kuriers,NN,kurier,33224,,
tg,rfd2.0,282554,282684,"Hauptmann von Silberkalb, Kammerherr.",5,aus,APPR,aus,33224,,
tg,rfd2.0,282554,282684,"Hauptmann von Silberkalb, Kammerherr.",5,der,ART,der,33224,,
tg,rfd2.0,282554,282684,"Hauptmann von Silberkalb, Kammerherr.",5,Pfalz,NE,pfalz,33224,,
tg,rfd2.0,282554,282684,"Hauptmann von Silberkalb, Kammerherr.",5,",","$,",--,33224,,
tg,rfd2.0,282554,282684,"Hauptmann von Silberkalb, Kammerherr.",5,welches,PRELS,welcher,33224,,
tg,rfd2.0,282554,282684,"Hauptmann von Silberkalb, Kammerherr.",5,das,ART,der,33224,,
tg,rfd2.0,282554,282684,"Hauptmann von Silberkalb, Kammerherr.",5,Exemplar,NN,exemplar,33224,,
tg,rfd2.0,282554,282684,"Hauptmann von Silberkalb, Kammerherr.",5,der,ART,der,33224,,
tg,rfd2.0,282554,282684,"Hauptmann von Silberkalb, Kammerherr.",5,Räuber,NN,räuber,33224,,
tg,rfd2.0,282554,282684,"Hauptmann von Silberkalb, Kammerherr.",5,und,KON,und,33224,,
tg,rfd2.0,282554,282684,"Hauptmann von Silberkalb, Kammerherr.",5,Herrn,NN,herr,33224,,
tg,rfd2.0,282554,282684,"Hauptmann von Silberkalb, Kammerherr.",5,von,APPR,von,33224,,
tg,rfd2.0,282554,282684,"Hauptmann von Silberkalb, Kammerherr.",5,Dalbergs,NE,dalberg,33224,,
tg,rfd2.0,282554,282684,"Hauptmann von Silberkalb, Kammerherr.",5,Entschuldigung,NN,entschuldigung,33224,,
tg,rfd2.0,282554,282684,"Hauptmann von Silberkalb, Kammerherr.",5,enthält,VVFIN,enthalten,33224,,
tg,rfd2.0,282554,282684,"Hauptmann von Silberkalb, Kammerherr.",5,.,$.,--,33224,,
tg,rfd2.0,282689,282757,Herzog Karl von Württemberg.,0,Hast,VAFIN,haben,33224,,
tg,rfd2.0,282689,282757,Herzog Karl von Württemberg.,0,du,PPER,du,33224,,
tg,rfd2.0,282689,282757,Herzog Karl von Württemberg.,0,um,APPR,um,33224,,
tg,rfd2.0,282689,282757,Herzog Karl von Württemberg.,0,diesen,PDAT,dieser,33224,,
tg,rfd2.0,282689,282757,Herzog Karl von Württemberg.,0,eitlen,ADJA,eitel,33224,,
tg,rfd2.0,282689,282757,Herzog Karl von Württemberg.,0,Fluchtversuch,NN,fluchtversuch,33224,,
tg,rfd2.0,282689,282757,Herzog Karl von Württemberg.,0,gewußt,VVPP,wissen,33224,,
tg,rfd2.0,282689,282757,Herzog Karl von Württemberg.,0,?,$.,--,33224,,
tg,rfd2.0,282762,282797,Gräfin Franziska von Hohenheim.,1,Ja,PTKANT,ja,33224,,
tg,rfd2.0,282762,282797,Gräfin Franziska von Hohenheim.,1,",","$,",--,33224,,
tg,rfd2.0,282762,282797,Gräfin Franziska von Hohenheim.,1,ich,PPER,ich,33224,Gräfin Franziska von Hohenheim.,1
tg,rfd2.0,282762,282797,Gräfin Franziska von Hohenheim.,1,hab,VAFIN,hab,33224,,
tg,rfd2.0,282762,282797,Gräfin Franziska von Hohenheim.,1,ihn,PPER,ihn,33224,,
tg,rfd2.0,282762,282797,Gräfin Franziska von Hohenheim.,1,befördert,VVPP,befördern,33224,,
tg,rfd2.0,282762,282797,Gräfin Franziska von Hohenheim.,1,.,$.,--,33224,,
tg,rfd2.0,282802,282823,Generalin Rieger.,2,Ich,PPER,ich,33224,,
tg,rfd2.0,282802,282823,Generalin Rieger.,2,auch,ADV,auch,33224,,
tg,rfd2.0,282802,282823,Generalin Rieger.,2,.,$.,--,33224,,
tg,rfd2.0,282828,282985,Herzog Karl von Württemberg.,0,Les,NE,Les,33224,,
tg,rfd2.0,282828,282985,Herzog Karl von Württemberg.,0,',$[,--,33224,,
tg,rfd2.0,282828,282985,Herzog Karl von Württemberg.,0,Er,PPER,er,33224,,
tg,rfd2.0,282828,282985,Herzog Karl von Württemberg.,0,–,XY,–,33224,,
tg,rfd2.0,282828,282985,Herzog Karl von Württemberg.,0,Zur,APPRART,zu,33224,,
tg,rfd2.0,282828,282985,Herzog Karl von Württemberg.,0,Gräfin,NN,gräfin,33224,,
tg,rfd2.0,282828,282985,Herzog Karl von Württemberg.,0,.,$.,--,33224,,
tg,rfd2.0,282828,282985,Herzog Karl von Württemberg.,0,und,KON,und,33224,,
tg,rfd2.0,282828,282985,Herzog Karl von Württemberg.,0,höre,VVFIN,hören,33224,,
tg,rfd2.0,282828,282985,Herzog Karl von Württemberg.,0,nun,ADV,nun,33224,,
tg,rfd2.0,282828,282985,Herzog Karl von Württemberg.,0,das,ART,der,33224,,
tg,rfd2.0,282828,282985,Herzog Karl von Württemberg.,0,Urteil,NN,urteil,33224,,
tg,rfd2.0,282828,282985,Herzog Karl von Württemberg.,0,eines,ART,ein,33224,,
tg,rfd2.0,282828,282985,Herzog Karl von Württemberg.,0,Unparteiischen,NN,unparteiische,33224,,
tg,rfd2.0,282828,282985,Herzog Karl von Württemberg.,0,",","$,",--,33224,,
tg,rfd2.0,282828,282985,Herzog Karl von Württemberg.,0,um,KOUI,um,33224,,
tg,rfd2.0,282828,282985,Herzog Karl von Württemberg.,0,es,PPER,es,33224,,
tg,rfd2.0,282828,282985,Herzog Karl von Württemberg.,0,deinem,PPOSAT,dein,33224,,
tg,rfd2.0,282828,282985,Herzog Karl von Württemberg.,0,Schützlinge,NN,schützling,33224,,
tg,rfd2.0,282828,282985,Herzog Karl von Württemberg.,0,mitzuteilen,VVIZU,mitteilen,33224,,
tg,rfd2.0,282828,282985,Herzog Karl von Württemberg.,0,",","$,",--,33224,,
tg,rfd2.0,282828,282985,Herzog Karl von Württemberg.,0,sobald,KOUS,sobald,33224,,
tg,rfd2.0,282828,282985,Herzog Karl von Württemberg.,0,er,PPER,er,33224,,
tg,rfd2.0,282828,282985,Herzog Karl von Württemberg.,0,eingebracht,VVPP,einbringen,33224,,
tg,rfd2.0,282828,282985,Herzog Karl von Württemberg.,0,ist,VAFIN,sein,33224,,
tg,rfd2.0,282828,282985,Herzog Karl von Württemberg.,0,.,$.,--,33224,,
tg,rfd2.0,282990,283038,"Hauptmann von Silberkalb, Kammerherr.",5,Kein,PIAT,kein,33224,,
tg,rfd2.0,282990,283038,"Hauptmann von Silberkalb, Kammerherr.",5,Buch,NN,buch,33224,,
tg,rfd2.0,282990,283038,"Hauptmann von Silberkalb, Kammerherr.",5,darin,PROAV,darin,33224,,
tg,rfd2.0,282990,283038,"Hauptmann von Silberkalb, Kammerherr.",5,"!",$.,--,33224,,
tg,rfd2.0,283043,283058,Herzog Karl von Württemberg.,0,Lesen,NN,lesen,33224,,
tg,rfd2.0,283043,283058,Herzog Karl von Württemberg.,0,"!",$.,--,33224,,
tg,rfd2.0,283063,283416,"Hauptmann von Silberkalb, Kammerherr.",5,»,XY,»,33224,,
tg,rfd2.0,283063,283416,"Hauptmann von Silberkalb, Kammerherr.",5,Euer,PPER,euer,33224,,
tg,rfd2.0,283063,283416,"Hauptmann von Silberkalb, Kammerherr.",5,Hochwohlgeboren,NN,hochwohlgebor,33224,,
tg,rfd2.0,283063,283416,"Hauptmann von Silberkalb, Kammerherr.",5,Schreiben,NN,schreiben,33224,,
tg,rfd2.0,283063,283416,"Hauptmann von Silberkalb, Kammerherr.",5,um,APPR,um,33224,,
tg,rfd2.0,283063,283416,"Hauptmann von Silberkalb, Kammerherr.",5,Friedrich,NE,friedrich,33224,,
tg,rfd2.0,283063,283416,"Hauptmann von Silberkalb, Kammerherr.",5,Schillers,NE,schiller,33224,,
tg,rfd2.0,283063,283416,"Hauptmann von Silberkalb, Kammerherr.",5,Schauspiel,NN,schauspiel,33224,,
tg,rfd2.0,283063,283416,"Hauptmann von Silberkalb, Kammerherr.",5,»,VVFIN,»,33224,,
tg,rfd2.0,283063,283416,"Hauptmann von Silberkalb, Kammerherr.",5,die,ART,der,33224,,
tg,rfd2.0,283063,283416,"Hauptmann von Silberkalb, Kammerherr.",5,Räuber,NN,räuber,33224,,
tg,rfd2.0,283063,283416,"Hauptmann von Silberkalb, Kammerherr.",5,«,XY,«,33224,,
tg,rfd2.0,283063,283416,"Hauptmann von Silberkalb, Kammerherr.",5,zeigt,VVFIN,zeigen,33224,,
tg,rfd2.0,283063,283416,"Hauptmann von Silberkalb, Kammerherr.",5,eine,ART,ein,33224,,
tg,rfd2.0,283063,283416,"Hauptmann von Silberkalb, Kammerherr.",5,Besorgnis,NN,besorgnis,33224,,
tg,rfd2.0,283063,283416,"Hauptmann von Silberkalb, Kammerherr.",5,",","$,",--,33224,,
tg,rfd2.0,283063,283416,"Hauptmann von Silberkalb, Kammerherr.",5,welche,PWAT,welcher,33224,,
tg,rfd2.0,283063,283416,"Hauptmann von Silberkalb, Kammerherr.",5,hierzulande,ADV,hierzulande,33224,,
tg,rfd2.0,283063,283416,"Hauptmann von Silberkalb, Kammerherr.",5,niemand,PIS,niemand,33224,,
tg,rfd2.0,283063,283416,"Hauptmann von Silberkalb, Kammerherr.",5,teilt,VVFIN,teilen,33224,,
tg,rfd2.0,283063,283416,"Hauptmann von Silberkalb, Kammerherr.",5,.,$.,--,33224,,
tg,rfd2.0,283063,283416,"Hauptmann von Silberkalb, Kammerherr.",5,Jedermann,NE,jedermann,33224,,
tg,rfd2.0,283063,283416,"Hauptmann von Silberkalb, Kammerherr.",5,",","$,",--,33224,,
tg,rfd2.0,283063,283416,"Hauptmann von Silberkalb, Kammerherr.",5,der,PRELS,der,33224,,
tg,rfd2.0,283063,283416,"Hauptmann von Silberkalb, Kammerherr.",5,von,APPR,von,33224,,
tg,rfd2.0,283063,283416,"Hauptmann von Silberkalb, Kammerherr.",5,deutscher,ADJA,deutsch,33224,,
tg,rfd2.0,283063,283416,"Hauptmann von Silberkalb, Kammerherr.",5,Dichtkunst,NN,dichtkunst,33224,,
tg,rfd2.0,283063,283416,"Hauptmann von Silberkalb, Kammerherr.",5,etwas,PIS,etwas,33224,,
tg,rfd2.0,283063,283416,"Hauptmann von Silberkalb, Kammerherr.",5,zu,PTKZU,zu,33224,,
tg,rfd2.0,283063,283416,"Hauptmann von Silberkalb, Kammerherr.",5,verstehen,VVINF,verstehen,33224,,
tg,rfd2.0,283063,283416,"Hauptmann von Silberkalb, Kammerherr.",5,glaubt,VVFIN,glauben,33224,,
tg,rfd2.0,283063,283416,"Hauptmann von Silberkalb, Kammerherr.",5,",","$,",--,33224,,
tg,rfd2.0,283063,283416,"Hauptmann von Silberkalb, Kammerherr.",5,war,VAFIN,sein,33224,,
tg,rfd2.0,283063,283416,"Hauptmann von Silberkalb, Kammerherr.",5,hier,ADV,hier,33224,,
tg,rfd2.0,283063,283416,"Hauptmann von Silberkalb, Kammerherr.",5,in,APPR,in,33224,,
tg,rfd2.0,283063,283416,"Hauptmann von Silberkalb, Kammerherr.",5,Mannheim,NE,mannheim,33224,,
tg,rfd2.0,283063,283416,"Hauptmann von Silberkalb, Kammerherr.",5,freudig,ADJD,freudig,33224,,
tg,rfd2.0,283063,283416,"Hauptmann von Silberkalb, Kammerherr.",5,überrascht,VVPP,überraschen,33224,,
tg,rfd2.0,283063,283416,"Hauptmann von Silberkalb, Kammerherr.",5,von,APPR,von,33224,,
tg,rfd2.0,283063,283416,"Hauptmann von Silberkalb, Kammerherr.",5,der,ART,der,33224,,
tg,rfd2.0,283063,283416,"Hauptmann von Silberkalb, Kammerherr.",5,erstaunlichen,ADJA,erstaunlich,33224,,
tg,rfd2.0,283063,283416,"Hauptmann von Silberkalb, Kammerherr.",5,Genialität,NN,genialität,33224,,
tg,rfd2.0,283063,283416,"Hauptmann von Silberkalb, Kammerherr.",5,",","$,",--,33224,,
tg,rfd2.0,283063,283416,"Hauptmann von Silberkalb, Kammerherr.",5,welche,PWAT,welcher,33224,,
tg,rfd2.0,283063,283416,"Hauptmann von Silberkalb, Kammerherr.",5,schon,ADV,schon,33224,,
tg,rfd2.0,283063,283416,"Hauptmann von Silberkalb, Kammerherr.",5,aus,APPR,aus,33224,,
tg,rfd2.0,283063,283416,"Hauptmann von Silberkalb, Kammerherr.",5,der,ART,der,33224,,
tg,rfd2.0,283063,283416,"Hauptmann von Silberkalb, Kammerherr.",5,Lektüre,NN,lektüre,33224,,
tg,rfd2.0,283063,283416,"Hauptmann von Silberkalb, Kammerherr.",5,dieses,PDAT,dieser,33224,,
tg,rfd2.0,283063,283416,"Hauptmann von Silberkalb, Kammerherr.",5,Schauspiels,NN,schauspiel,33224,,
tg,rfd2.0,283063,283416,"Hauptmann von Silberkalb, Kammerherr.",5,entgegenspringt,VVFIN,entgegenspringen,33224,,
tg,rfd2.0,283063,283416,"Hauptmann von Silberkalb, Kammerherr.",5,.,$.,--,33224,,
tg,rfd2.0,283063,283416,"Hauptmann von Silberkalb, Kammerherr.",5,«,XY,«,33224,,
tg,rfd2.0,283421,283434,Herzog Karl von Württemberg.,0,Was,PWS,was,33224,,
tg,rfd2.0,283421,283434,Herzog Karl von Württemberg.,0,?,$.,--,33224,,
tg,rfd2.0,283439,283458,Gräfin Franziska von Hohenheim.,1,Siehst,VVFIN,siehst,33224,,
tg,rfd2.0,283439,283458,Gräfin Franziska von Hohenheim.,1,du,PPER,du,33224,,
tg,rfd2.0,283439,283458,Gräfin Franziska von Hohenheim.,1,"!",$.,--,33224,,
tg,rfd2.0,283463,283742,"Hauptmann von Silberkalb, Kammerherr.",5,»,XY,»,33224,,
tg,rfd2.0,283463,283742,"Hauptmann von Silberkalb, Kammerherr.",5,Ew,NE,ew,33224,,
tg,rfd2.0,283463,283742,"Hauptmann von Silberkalb, Kammerherr.",5,.,$.,--,33224,,
tg,rfd2.0,283463,283742,"Hauptmann von Silberkalb, Kammerherr.",5,Hochwohlgeboren,NN,hochwohlgebor,33224,,
tg,rfd2.0,283463,283742,"Hauptmann von Silberkalb, Kammerherr.",5,Verlangen,VVPP,verlangen,33224,,
tg,rfd2.0,283463,283742,"Hauptmann von Silberkalb, Kammerherr.",5,",","$,",--,33224,,
tg,rfd2.0,283463,283742,"Hauptmann von Silberkalb, Kammerherr.",5,das,ART,der,33224,,
tg,rfd2.0,283463,283742,"Hauptmann von Silberkalb, Kammerherr.",5,Stück,NN,stück,33224,,
tg,rfd2.0,283463,283742,"Hauptmann von Silberkalb, Kammerherr.",5,möge,VMFIN,möge,33224,,
tg,rfd2.0,283463,283742,"Hauptmann von Silberkalb, Kammerherr.",5,unterdrückt,VVPP,unterdrücken,33224,,
tg,rfd2.0,283463,283742,"Hauptmann von Silberkalb, Kammerherr.",5,werden,VAINF,werden,33224,,
tg,rfd2.0,283463,283742,"Hauptmann von Silberkalb, Kammerherr.",5,",","$,",--,33224,,
tg,rfd2.0,283463,283742,"Hauptmann von Silberkalb, Kammerherr.",5,hätte,VAFIN,haben,33224,,
tg,rfd2.0,283463,283742,"Hauptmann von Silberkalb, Kammerherr.",5,also,ADV,also,33224,,
tg,rfd2.0,283463,283742,"Hauptmann von Silberkalb, Kammerherr.",5,schon,ADV,schon,33224,,
tg,rfd2.0,283463,283742,"Hauptmann von Silberkalb, Kammerherr.",5,darum,PROAV,darum,33224,,
tg,rfd2.0,283463,283742,"Hauptmann von Silberkalb, Kammerherr.",5,große,ADJA,groß,33224,,
tg,rfd2.0,283463,283742,"Hauptmann von Silberkalb, Kammerherr.",5,Schwierigkeit,NN,schwierigkeit,33224,,
tg,rfd2.0,283463,283742,"Hauptmann von Silberkalb, Kammerherr.",5,gefunden,VVPP,finden,33224,,
tg,rfd2.0,283463,283742,"Hauptmann von Silberkalb, Kammerherr.",5,;,$.,--,33224,,
tg,rfd2.0,283463,283742,"Hauptmann von Silberkalb, Kammerherr.",5,denn,KON,denn,33224,,
tg,rfd2.0,283463,283742,"Hauptmann von Silberkalb, Kammerherr.",5,ich,PPER,ich,33224,"Hauptmann von Silberkalb, Kammerherr.",5
tg,rfd2.0,283463,283742,"Hauptmann von Silberkalb, Kammerherr.",5,könnte,VMFIN,können,33224,,
tg,rfd2.0,283463,283742,"Hauptmann von Silberkalb, Kammerherr.",5,es,PPER,es,33224,,
tg,rfd2.0,283463,283742,"Hauptmann von Silberkalb, Kammerherr.",5,vor,APPR,vor,33224,,
tg,rfd2.0,283463,283742,"Hauptmann von Silberkalb, Kammerherr.",5,meinem,PPOSAT,mein,33224,"Hauptmann von Silberkalb, Kammerherr.",5
tg,rfd2.0,283463,283742,"Hauptmann von Silberkalb, Kammerherr.",5,Vaterlande,NN,vaterlande,33224,,
tg,rfd2.0,283463,283742,"Hauptmann von Silberkalb, Kammerherr.",5,nicht,PTKNEG,nicht,33224,,
tg,rfd2.0,283463,283742,"Hauptmann von Silberkalb, Kammerherr.",5,verantworten,VVINF,verantworten,33224,,
tg,rfd2.0,283463,283742,"Hauptmann von Silberkalb, Kammerherr.",5,",","$,",--,33224,,
tg,rfd2.0,283463,283742,"Hauptmann von Silberkalb, Kammerherr.",5,solch,PIDAT,solch,33224,,
tg,rfd2.0,283463,283742,"Hauptmann von Silberkalb, Kammerherr.",5,eine,ART,ein,33224,,
tg,rfd2.0,283463,283742,"Hauptmann von Silberkalb, Kammerherr.",5,seltene,ADJA,selten,33224,,
tg,rfd2.0,283463,283742,"Hauptmann von Silberkalb, Kammerherr.",5,Schöpfung,NN,schöpfung,33224,,
tg,rfd2.0,283463,283742,"Hauptmann von Silberkalb, Kammerherr.",5,der,ART,der,33224,,
tg,rfd2.0,283463,283742,"Hauptmann von Silberkalb, Kammerherr.",5,öffentlichen,ADJA,öffentlich,33224,,
tg,rfd2.0,283463,283742,"Hauptmann von Silberkalb, Kammerherr.",5,und,KON,und,33224,,
tg,rfd2.0,283463,283742,"Hauptmann von Silberkalb, Kammerherr.",5,allgemeinen,ADJA,allgemein,33224,,
tg,rfd2.0,283463,283742,"Hauptmann von Silberkalb, Kammerherr.",5,Prüfung,NN,prüfung,33224,,
tg,rfd2.0,283463,283742,"Hauptmann von Silberkalb, Kammerherr.",5,vorzuenthalten,VVINF,vorzuehalten,33224,,
tg,rfd2.0,283463,283742,"Hauptmann von Silberkalb, Kammerherr.",5,.,$.,--,33224,,
tg,rfd2.0,283463,283742,"Hauptmann von Silberkalb, Kammerherr.",5,«,XY,«,33224,,
tg,rfd2.0,283747,283768,Gräfin Franziska von Hohenheim.,1,Ein,ART,ein,33224,,
tg,rfd2.0,283747,283768,Gräfin Franziska von Hohenheim.,1,Dalberg,NE,dalberg,33224,,
tg,rfd2.0,283747,283768,Gräfin Franziska von Hohenheim.,1,"!",$.,--,33224,,
tg,rfd2.0,283773,283804,Generalin Rieger.,2,Ein,ART,ein,33224,,
tg,rfd2.0,283773,283804,Generalin Rieger.,2,braver,ADJA,brav,33224,,
tg,rfd2.0,283773,283804,Generalin Rieger.,2,Dalberg,NE,dalberg,33224,,
tg,rfd2.0,283773,283804,Generalin Rieger.,2,"!",$.,--,33224,,
tg,rfd2.0,283838,283854,Herzog Karl von Württemberg.,0,Weiter,ADV,weiter,33224,,
tg,rfd2.0,283838,283854,Herzog Karl von Württemberg.,0,"!",$.,--,33224,,
tg,rfd2.0,283859,284177,"Hauptmann von Silberkalb, Kammerherr.",5,»,XY,»,33224,,
tg,rfd2.0,283859,284177,"Hauptmann von Silberkalb, Kammerherr.",5,Es,PPER,es,33224,,
tg,rfd2.0,283859,284177,"Hauptmann von Silberkalb, Kammerherr.",5,hieße,VVFIN,hießen,33224,,
tg,rfd2.0,283859,284177,"Hauptmann von Silberkalb, Kammerherr.",5,dies,PDS,dieser,33224,,
tg,rfd2.0,283859,284177,"Hauptmann von Silberkalb, Kammerherr.",5,auch,ADV,auch,33224,,
tg,rfd2.0,283859,284177,"Hauptmann von Silberkalb, Kammerherr.",5,Ihrem,PPOSAT,ihr,33224,,
tg,rfd2.0,283859,284177,"Hauptmann von Silberkalb, Kammerherr.",5,Durchlauchtigen,NN,durchlauchtige,33224,,
tg,rfd2.0,283859,284177,"Hauptmann von Silberkalb, Kammerherr.",5,Souverän,ADJD,souverän,33224,,
tg,rfd2.0,283859,284177,"Hauptmann von Silberkalb, Kammerherr.",5,",","$,",--,33224,,
tg,rfd2.0,283859,284177,"Hauptmann von Silberkalb, Kammerherr.",5,der,PRELS,der,33224,,
tg,rfd2.0,283859,284177,"Hauptmann von Silberkalb, Kammerherr.",5,ein,ART,ein,33224,,
tg,rfd2.0,283859,284177,"Hauptmann von Silberkalb, Kammerherr.",5,so,ADV,so,33224,,
tg,rfd2.0,283859,284177,"Hauptmann von Silberkalb, Kammerherr.",5,feiner,ADJA,fein,33224,,
tg,rfd2.0,283859,284177,"Hauptmann von Silberkalb, Kammerherr.",5,Kenner,NN,kenner,33224,,
tg,rfd2.0,283859,284177,"Hauptmann von Silberkalb, Kammerherr.",5,ist,VAFIN,sein,33224,,
tg,rfd2.0,283859,284177,"Hauptmann von Silberkalb, Kammerherr.",5,in,APPR,in,33224,,
tg,rfd2.0,283859,284177,"Hauptmann von Silberkalb, Kammerherr.",5,ästhetischen,ADJA,ästhetisch,33224,,
tg,rfd2.0,283859,284177,"Hauptmann von Silberkalb, Kammerherr.",5,Dingen,NN,ding,33224,,
tg,rfd2.0,283859,284177,"Hauptmann von Silberkalb, Kammerherr.",5,",","$,",--,33224,,
tg,rfd2.0,283859,284177,"Hauptmann von Silberkalb, Kammerherr.",5,einen,ART,ein,33224,,
tg,rfd2.0,283859,284177,"Hauptmann von Silberkalb, Kammerherr.",5,schlimmen,ADJA,schlimm,33224,,
tg,rfd2.0,283859,284177,"Hauptmann von Silberkalb, Kammerherr.",5,Dienst,NN,dienst,33224,,
tg,rfd2.0,283859,284177,"Hauptmann von Silberkalb, Kammerherr.",5,erzeigen,VVINF,erzeigen,33224,,
tg,rfd2.0,283859,284177,"Hauptmann von Silberkalb, Kammerherr.",5,;,$.,--,33224,,
tg,rfd2.0,283859,284177,"Hauptmann von Silberkalb, Kammerherr.",5,kurz,ADJD,kurz,33224,,
tg,rfd2.0,283859,284177,"Hauptmann von Silberkalb, Kammerherr.",5,",","$,",--,33224,,
tg,rfd2.0,283859,284177,"Hauptmann von Silberkalb, Kammerherr.",5,Hochwohlgeborner,ADJA,hochwohlgeborner,33224,,
tg,rfd2.0,283859,284177,"Hauptmann von Silberkalb, Kammerherr.",5,Herr,NN,herr,33224,,
tg,rfd2.0,283859,284177,"Hauptmann von Silberkalb, Kammerherr.",5,",","$,",--,33224,,
tg,rfd2.0,283859,284177,"Hauptmann von Silberkalb, Kammerherr.",5,unter,APPR,unter,33224,,
tg,rfd2.0,283859,284177,"Hauptmann von Silberkalb, Kammerherr.",5,allen,PIDAT,aller,33224,,
tg,rfd2.0,283859,284177,"Hauptmann von Silberkalb, Kammerherr.",5,Umständen,NN,umstand,33224,,
tg,rfd2.0,283859,284177,"Hauptmann von Silberkalb, Kammerherr.",5,wäre,VAFIN,sein,33224,,
tg,rfd2.0,283859,284177,"Hauptmann von Silberkalb, Kammerherr.",5,ich,PPER,ich,33224,"Hauptmann von Silberkalb, Kammerherr.",5
tg,rfd2.0,283859,284177,"Hauptmann von Silberkalb, Kammerherr.",5,nicht,PTKNEG,nicht,33224,,
tg,rfd2.0,283859,284177,"Hauptmann von Silberkalb, Kammerherr.",5,imstande,ADJD,imstande,33224,,
tg,rfd2.0,283859,284177,"Hauptmann von Silberkalb, Kammerherr.",5,gewesen,VAPP,sein,33224,,
tg,rfd2.0,283859,284177,"Hauptmann von Silberkalb, Kammerherr.",5,",","$,",--,33224,,
tg,rfd2.0,283859,284177,"Hauptmann von Silberkalb, Kammerherr.",5,Ihren,PPOSAT,ihr,33224,,
tg,rfd2.0,283859,284177,"Hauptmann von Silberkalb, Kammerherr.",5,Wünschen,NN,wunsch,33224,,
tg,rfd2.0,283859,284177,"Hauptmann von Silberkalb, Kammerherr.",5,hierin,VAFIN,hierin,33224,,
tg,rfd2.0,283859,284177,"Hauptmann von Silberkalb, Kammerherr.",5,dienstbar,ADJD,dienstbar,33224,,
tg,rfd2.0,283859,284177,"Hauptmann von Silberkalb, Kammerherr.",5,zu,PTKZU,zu,33224,,
tg,rfd2.0,283859,284177,"Hauptmann von Silberkalb, Kammerherr.",5,sein,VAINF,sein,33224,,
tg,rfd2.0,283859,284177,"Hauptmann von Silberkalb, Kammerherr.",5,",","$,",--,33224,,
tg,rfd2.0,283859,284177,"Hauptmann von Silberkalb, Kammerherr.",5,wenn,KOUS,wenn,33224,,
tg,rfd2.0,283859,284177,"Hauptmann von Silberkalb, Kammerherr.",5,es,PPER,es,33224,,
tg,rfd2.0,283859,284177,"Hauptmann von Silberkalb, Kammerherr.",5,auch,ADV,auch,33224,,
tg,rfd2.0,283859,284177,"Hauptmann von Silberkalb, Kammerherr.",5,noch,ADV,noch,33224,,
tg,rfd2.0,283859,284177,"Hauptmann von Silberkalb, Kammerherr.",5,Zeit,NN,zeit,33224,,
tg,rfd2.0,283859,284177,"Hauptmann von Silberkalb, Kammerherr.",5,dazu,PROAV,dazu,33224,,
tg,rfd2.0,283859,284177,"Hauptmann von Silberkalb, Kammerherr.",5,gewesen,VAPP,sein,33224,,
tg,rfd2.0,283859,284177,"Hauptmann von Silberkalb, Kammerherr.",5,wäre,VAFIN,sein,33224,,
tg,rfd2.0,283859,284177,"Hauptmann von Silberkalb, Kammerherr.",5,.,$.,--,33224,,
tg,rfd2.0,283859,284177,"Hauptmann von Silberkalb, Kammerherr.",5,«,XY,«,33224,,
tg,rfd2.0,284182,284195,Herzog Karl von Württemberg.,0,Was,PWS,was,33224,,
tg,rfd2.0,284182,284195,Herzog Karl von Württemberg.,0,"!",$.,--,33224,,
tg,rfd2.0,284200,284310,"Hauptmann von Silberkalb, Kammerherr.",5,»,XY,»,33224,,
tg,rfd2.0,284200,284310,"Hauptmann von Silberkalb, Kammerherr.",5,Es,PPER,es,33224,,
tg,rfd2.0,284200,284310,"Hauptmann von Silberkalb, Kammerherr.",5,war,VAFIN,sein,33224,,
tg,rfd2.0,284200,284310,"Hauptmann von Silberkalb, Kammerherr.",5,aber,ADV,aber,33224,,
tg,rfd2.0,284200,284310,"Hauptmann von Silberkalb, Kammerherr.",5,nicht,PTKNEG,nicht,33224,,
tg,rfd2.0,284200,284310,"Hauptmann von Silberkalb, Kammerherr.",5,mehr,ADV,mehr,33224,,
tg,rfd2.0,284200,284310,"Hauptmann von Silberkalb, Kammerherr.",5,Zeit,NN,zeit,33224,,
tg,rfd2.0,284200,284310,"Hauptmann von Silberkalb, Kammerherr.",5,.,$.,--,33224,,
tg,rfd2.0,284200,284310,"Hauptmann von Silberkalb, Kammerherr.",5,Schon,ADV,schon,33224,,
tg,rfd2.0,284200,284310,"Hauptmann von Silberkalb, Kammerherr.",5,vor,APPR,vor,33224,,
tg,rfd2.0,284200,284310,"Hauptmann von Silberkalb, Kammerherr.",5,Ankunft,NN,ankunft,33224,,
tg,rfd2.0,284200,284310,"Hauptmann von Silberkalb, Kammerherr.",5,Ihres,NE,ihr,33224,,
tg,rfd2.0,284200,284310,"Hauptmann von Silberkalb, Kammerherr.",5,Kuriers,NE,kurier,33224,,
tg,rfd2.0,284200,284310,"Hauptmann von Silberkalb, Kammerherr.",5,hatte,VAFIN,haben,33224,,
tg,rfd2.0,284200,284310,"Hauptmann von Silberkalb, Kammerherr.",5,die,ART,der,33224,,
tg,rfd2.0,284200,284310,"Hauptmann von Silberkalb, Kammerherr.",5,Aufführung,NN,aufführung,33224,,
tg,rfd2.0,284200,284310,"Hauptmann von Silberkalb, Kammerherr.",5,stattgefunden,VVPP,stattfinden,33224,,
tg,rfd2.0,284200,284310,"Hauptmann von Silberkalb, Kammerherr.",5,.,$.,--,33224,,
tg,rfd2.0,284200,284310,"Hauptmann von Silberkalb, Kammerherr.",5,«,XY,«,33224,,
tg,rfd2.0,284316,284331,Generalin Rieger.,2,Ah,ITJ,ah,33224,,
tg,rfd2.0,284316,284331,Generalin Rieger.,2,"!",$.,--,33224,,
tg,rfd2.0,284336,284348,Gräfin Franziska von Hohenheim.,1,Ah,ITJ,ah,33224,,
tg,rfd2.0,284336,284348,Gräfin Franziska von Hohenheim.,1,"!",$.,--,33224,,
tg,rfd2.0,284353,284374,"Laura, deren Pflegetochter.",3,Ah,ITJ,ah,33224,,
tg,rfd2.0,284353,284374,"Laura, deren Pflegetochter.",3,"!",$.,--,33224,,
tg,rfd2.0,284380,284411,Herzog Karl von Württemberg.,0,Aufgeführt,VVPP,aufführen,33224,,
tg,rfd2.0,284380,284411,Herzog Karl von Württemberg.,0,?,$.,--,33224,,
tg,rfd2.0,284380,284411,Herzog Karl von Württemberg.,0,"!",$.,--,33224,,
tg,rfd2.0,284380,284411,Herzog Karl von Württemberg.,0,–,XY,–,33224,,
tg,rfd2.0,284380,284411,Herzog Karl von Württemberg.,0,Weiter,ADV,weiter,33224,,
tg,rfd2.0,284380,284411,Herzog Karl von Württemberg.,0,.,$.,--,33224,,
tg,rfd2.0,284416,284831,"Hauptmann von Silberkalb, Kammerherr.",5,»,XY,»,33224,,
tg,rfd2.0,284416,284831,"Hauptmann von Silberkalb, Kammerherr.",5,Die,ART,der,33224,,
tg,rfd2.0,284416,284831,"Hauptmann von Silberkalb, Kammerherr.",5,Zuschauer,NN,zuschauer,33224,,
tg,rfd2.0,284416,284831,"Hauptmann von Silberkalb, Kammerherr.",5,waren,VAFIN,sein,33224,,
tg,rfd2.0,284416,284831,"Hauptmann von Silberkalb, Kammerherr.",5,von,APPR,von,33224,,
tg,rfd2.0,284416,284831,"Hauptmann von Silberkalb, Kammerherr.",5,weit,ADJD,weit,33224,,
tg,rfd2.0,284416,284831,"Hauptmann von Silberkalb, Kammerherr.",5,und,KON,und,33224,,
tg,rfd2.0,284416,284831,"Hauptmann von Silberkalb, Kammerherr.",5,breit,ADJD,breit,33224,,
tg,rfd2.0,284416,284831,"Hauptmann von Silberkalb, Kammerherr.",5,dazu,PROAV,dazu,33224,,
tg,rfd2.0,284416,284831,"Hauptmann von Silberkalb, Kammerherr.",5,herbeigeströmt,VVPP,herbeigeströmen,33224,,
tg,rfd2.0,284416,284831,"Hauptmann von Silberkalb, Kammerherr.",5,;,$.,--,33224,,
tg,rfd2.0,284416,284831,"Hauptmann von Silberkalb, Kammerherr.",5,denn,KON,denn,33224,,
tg,rfd2.0,284416,284831,"Hauptmann von Silberkalb, Kammerherr.",5,es,PPER,es,33224,,
tg,rfd2.0,284416,284831,"Hauptmann von Silberkalb, Kammerherr.",5,hatte,VAFIN,haben,33224,,
tg,rfd2.0,284416,284831,"Hauptmann von Silberkalb, Kammerherr.",5,sich,PRF,sich,33224,,
tg,rfd2.0,284416,284831,"Hauptmann von Silberkalb, Kammerherr.",5,das,ART,der,33224,,
tg,rfd2.0,284416,284831,"Hauptmann von Silberkalb, Kammerherr.",5,Gerücht,NN,gerücht,33224,,
tg,rfd2.0,284416,284831,"Hauptmann von Silberkalb, Kammerherr.",5,verbreitet,VVPP,verbreiten,33224,,
tg,rfd2.0,284416,284831,"Hauptmann von Silberkalb, Kammerherr.",5,",","$,",--,33224,,
tg,rfd2.0,284416,284831,"Hauptmann von Silberkalb, Kammerherr.",5,das,ART,der,33224,,
tg,rfd2.0,284416,284831,"Hauptmann von Silberkalb, Kammerherr.",5,Stück,NN,stück,33224,,
tg,rfd2.0,284416,284831,"Hauptmann von Silberkalb, Kammerherr.",5,sei,VAFIN,sein,33224,,
tg,rfd2.0,284416,284831,"Hauptmann von Silberkalb, Kammerherr.",5,etwas,ADV,etwas,33224,,
tg,rfd2.0,284416,284831,"Hauptmann von Silberkalb, Kammerherr.",5,Außerordentliches,NN,außerordentliche,33224,,
tg,rfd2.0,284416,284831,"Hauptmann von Silberkalb, Kammerherr.",5,.,$.,--,33224,,
tg,rfd2.0,284416,284831,"Hauptmann von Silberkalb, Kammerherr.",5,Das,ART,der,33224,,
tg,rfd2.0,284416,284831,"Hauptmann von Silberkalb, Kammerherr.",5,Theater,NN,theater,33224,,
tg,rfd2.0,284416,284831,"Hauptmann von Silberkalb, Kammerherr.",5,war,VAFIN,sein,33224,,
tg,rfd2.0,284416,284831,"Hauptmann von Silberkalb, Kammerherr.",5,schon,ADV,schon,33224,,
tg,rfd2.0,284416,284831,"Hauptmann von Silberkalb, Kammerherr.",5,nachmittags,ADV,nachmittags,33224,,
tg,rfd2.0,284416,284831,"Hauptmann von Silberkalb, Kammerherr.",5,überfüllt,VVPP,überfüllt,33224,,
tg,rfd2.0,284416,284831,"Hauptmann von Silberkalb, Kammerherr.",5,.,$.,--,33224,,
tg,rfd2.0,284416,284831,"Hauptmann von Silberkalb, Kammerherr.",5,Ich,PPER,ich,33224,,
tg,rfd2.0,284416,284831,"Hauptmann von Silberkalb, Kammerherr.",5,gehe,VVFIN,gehen,33224,,
tg,rfd2.0,284416,284831,"Hauptmann von Silberkalb, Kammerherr.",5,so,ADV,so,33224,,
tg,rfd2.0,284416,284831,"Hauptmann von Silberkalb, Kammerherr.",5,ins,APPRART,in,33224,,
tg,rfd2.0,284416,284831,"Hauptmann von Silberkalb, Kammerherr.",5,Detail,NN,detail,33224,,
tg,rfd2.0,284416,284831,"Hauptmann von Silberkalb, Kammerherr.",5,wegen,APPR,wegen,33224,,
tg,rfd2.0,284416,284831,"Hauptmann von Silberkalb, Kammerherr.",5,Ihres,NN,ihr,33224,,
tg,rfd2.0,284416,284831,"Hauptmann von Silberkalb, Kammerherr.",5,durchlauchtigen,ADJA,durchlauchtig,33224,,
tg,rfd2.0,284416,284831,"Hauptmann von Silberkalb, Kammerherr.",5,Herrn,NN,herr,33224,,
tg,rfd2.0,284416,284831,"Hauptmann von Silberkalb, Kammerherr.",5,",","$,",--,33224,,
tg,rfd2.0,284416,284831,"Hauptmann von Silberkalb, Kammerherr.",5,welchen,PWAT,welcher,33224,,
tg,rfd2.0,284416,284831,"Hauptmann von Silberkalb, Kammerherr.",5,das,ART,der,33224,,
tg,rfd2.0,284416,284831,"Hauptmann von Silberkalb, Kammerherr.",5,Debüt,NN,debüt,33224,,
tg,rfd2.0,284416,284831,"Hauptmann von Silberkalb, Kammerherr.",5,seines,PPOSAT,sein,33224,,
tg,rfd2.0,284416,284831,"Hauptmann von Silberkalb, Kammerherr.",5,Karlsschülers,NN,karlsschüler,33224,,
tg,rfd2.0,284416,284831,"Hauptmann von Silberkalb, Kammerherr.",5,sehr,ADV,sehr,33224,,
tg,rfd2.0,284416,284831,"Hauptmann von Silberkalb, Kammerherr.",5,interessieren,VVINF,interessieren,33224,,
tg,rfd2.0,284416,284831,"Hauptmann von Silberkalb, Kammerherr.",5,und,KON,und,33224,,
tg,rfd2.0,284416,284831,"Hauptmann von Silberkalb, Kammerherr.",5,erfreuen,VVFIN,erfreuen,33224,,
tg,rfd2.0,284416,284831,"Hauptmann von Silberkalb, Kammerherr.",5,wird,VAFIN,werden,33224,,
tg,rfd2.0,284416,284831,"Hauptmann von Silberkalb, Kammerherr.",5,«,XY,«,33224,,
tg,rfd2.0,284416,284831,"Hauptmann von Silberkalb, Kammerherr.",5,–,XY,–,33224,,
tg,rfd2.0,284416,284831,"Hauptmann von Silberkalb, Kammerherr.",5,verzeihen,VVINF,verzeihen,33224,,
tg,rfd2.0,284416,284831,"Hauptmann von Silberkalb, Kammerherr.",5,Durchlaucht,VVFIN,durchlaucht,33224,,
tg,rfd2.0,284416,284831,"Hauptmann von Silberkalb, Kammerherr.",5,Ihm,PPER,ihm,33224,,
tg,rfd2.0,284416,284831,"Hauptmann von Silberkalb, Kammerherr.",5,den,ART,der,33224,,
tg,rfd2.0,284416,284831,"Hauptmann von Silberkalb, Kammerherr.",5,Brief,NN,brief,33224,,
tg,rfd2.0,284416,284831,"Hauptmann von Silberkalb, Kammerherr.",5,hinhaltend,ADJD,hinhaltend,33224,,
tg,rfd2.0,284416,284831,"Hauptmann von Silberkalb, Kammerherr.",5,.,$.,--,33224,,
tg,rfd2.0,284416,284831,"Hauptmann von Silberkalb, Kammerherr.",5,mich,PRF,mich,33224,"Hauptmann von Silberkalb, Kammerherr.",5
tg,rfd2.0,284416,284831,"Hauptmann von Silberkalb, Kammerherr.",5,überfällt,VVFIN,überfallen,33224,,
tg,rfd2.0,284416,284831,"Hauptmann von Silberkalb, Kammerherr.",5,ein,ART,ein,33224,,
tg,rfd2.0,284416,284831,"Hauptmann von Silberkalb, Kammerherr.",5,Schwindel,NN,schwindel,33224,,
tg,rfd2.0,284416,284831,"Hauptmann von Silberkalb, Kammerherr.",5,–,XY,–,33224,,
tg,rfd2.0,284836,284887,Herzog Karl von Württemberg.,0,Nehm,PPER,nehm,33224,,
tg,rfd2.0,284836,284887,Herzog Karl von Württemberg.,0,Er,PPER,er,33224,,
tg,rfd2.0,284836,284887,Herzog Karl von Württemberg.,0,sich,PRF,sich,33224,,
tg,rfd2.0,284836,284887,Herzog Karl von Württemberg.,0,zusammen,PTKVZ,zusammen,33224,,
tg,rfd2.0,284836,284887,Herzog Karl von Württemberg.,0,und,KON,und,33224,,
tg,rfd2.0,284836,284887,Herzog Karl von Württemberg.,0,les,NE,Les,33224,,
tg,rfd2.0,284836,284887,Herzog Karl von Württemberg.,0,',$[,--,33224,,
tg,rfd2.0,284836,284887,Herzog Karl von Württemberg.,0,Er,PPER,er,33224,,
tg,rfd2.0,284836,284887,Herzog Karl von Württemberg.,0,zu,APPR,zu,33224,,
tg,rfd2.0,284836,284887,Herzog Karl von Württemberg.,0,Ende,NN,ende,33224,,
tg,rfd2.0,284836,284887,Herzog Karl von Württemberg.,0,.,$.,--,33224,,
tg,rfd2.0,284892,285247,"Hauptmann von Silberkalb, Kammerherr.",5,»,PPER,»,33224,,
tg,rfd2.0,284892,285247,"Hauptmann von Silberkalb, Kammerherr.",5,erfreuen,VVFIN,erfreuen,33224,,
tg,rfd2.0,284892,285247,"Hauptmann von Silberkalb, Kammerherr.",5,wird,VAFIN,werden,33224,,
tg,rfd2.0,284892,285247,"Hauptmann von Silberkalb, Kammerherr.",5,.,$.,--,33224,,
tg,rfd2.0,284892,285247,"Hauptmann von Silberkalb, Kammerherr.",5,Das,ART,der,33224,,
tg,rfd2.0,284892,285247,"Hauptmann von Silberkalb, Kammerherr.",5,Publikum,NN,publikum,33224,,
tg,rfd2.0,284892,285247,"Hauptmann von Silberkalb, Kammerherr.",5,zeigte,VVFIN,zeigen,33224,,
tg,rfd2.0,284892,285247,"Hauptmann von Silberkalb, Kammerherr.",5,sich,PRF,sich,33224,,
tg,rfd2.0,284892,285247,"Hauptmann von Silberkalb, Kammerherr.",5,sehr,ADV,sehr,33224,,
tg,rfd2.0,284892,285247,"Hauptmann von Silberkalb, Kammerherr.",5,einsichtsvoll,ADJD,einsichtsvoll,33224,,
tg,rfd2.0,284892,285247,"Hauptmann von Silberkalb, Kammerherr.",5,und,KON,und,33224,,
tg,rfd2.0,284892,285247,"Hauptmann von Silberkalb, Kammerherr.",5,unbefangen,ADJA,unbefangen,33224,,
tg,rfd2.0,284892,285247,"Hauptmann von Silberkalb, Kammerherr.",5,und,KON,und,33224,,
tg,rfd2.0,284892,285247,"Hauptmann von Silberkalb, Kammerherr.",5,war,VAFIN,sein,33224,,
tg,rfd2.0,284892,285247,"Hauptmann von Silberkalb, Kammerherr.",5,drei,CARD,drei,33224,,
tg,rfd2.0,284892,285247,"Hauptmann von Silberkalb, Kammerherr.",5,Akte,NN,akt,33224,,
tg,rfd2.0,284892,285247,"Hauptmann von Silberkalb, Kammerherr.",5,lang,ADJD,lang,33224,,
tg,rfd2.0,284892,285247,"Hauptmann von Silberkalb, Kammerherr.",5,karg,ADJD,karg,33224,,
tg,rfd2.0,284892,285247,"Hauptmann von Silberkalb, Kammerherr.",5,mit,APPR,mit,33224,,
tg,rfd2.0,284892,285247,"Hauptmann von Silberkalb, Kammerherr.",5,Beifallsspenden,NN,beifallsspend,33224,,
tg,rfd2.0,284892,285247,"Hauptmann von Silberkalb, Kammerherr.",5,",","$,",--,33224,,
tg,rfd2.0,284892,285247,"Hauptmann von Silberkalb, Kammerherr.",5,trotzdem,PROAV,trotzdem,33224,,
tg,rfd2.0,284892,285247,"Hauptmann von Silberkalb, Kammerherr.",5,daß,KOUS,daß,33224,,
tg,rfd2.0,284892,285247,"Hauptmann von Silberkalb, Kammerherr.",5,Bök,NE,bök,33224,,
tg,rfd2.0,284892,285247,"Hauptmann von Silberkalb, Kammerherr.",5,als,APPR,als,33224,,
tg,rfd2.0,284892,285247,"Hauptmann von Silberkalb, Kammerherr.",5,Karl,NE,karl,33224,,
tg,rfd2.0,284892,285247,"Hauptmann von Silberkalb, Kammerherr.",5,Moor,NE,moor,33224,,
tg,rfd2.0,284892,285247,"Hauptmann von Silberkalb, Kammerherr.",5,und,KON,und,33224,,
tg,rfd2.0,284892,285247,"Hauptmann von Silberkalb, Kammerherr.",5,Beil,NN,beil,33224,,
tg,rfd2.0,284892,285247,"Hauptmann von Silberkalb, Kammerherr.",5,als,APPR,als,33224,,
tg,rfd2.0,284892,285247,"Hauptmann von Silberkalb, Kammerherr.",5,Schweizer,ADJA,schweizer,33224,,
tg,rfd2.0,284892,285247,"Hauptmann von Silberkalb, Kammerherr.",5,vortrefflich,ADJD,vortrefflich,33224,,
tg,rfd2.0,284892,285247,"Hauptmann von Silberkalb, Kammerherr.",5,spielten,VVFIN,spielen,33224,,
tg,rfd2.0,284892,285247,"Hauptmann von Silberkalb, Kammerherr.",5,;,$.,--,33224,,
tg,rfd2.0,284892,285247,"Hauptmann von Silberkalb, Kammerherr.",5,erst,ADV,erst,33224,,
tg,rfd2.0,284892,285247,"Hauptmann von Silberkalb, Kammerherr.",5,im,APPRART,in,33224,,
tg,rfd2.0,284892,285247,"Hauptmann von Silberkalb, Kammerherr.",5,vierten,ADJA,vierter,33224,,
tg,rfd2.0,284892,285247,"Hauptmann von Silberkalb, Kammerherr.",5,Akte,NN,akte,33224,,
tg,rfd2.0,284892,285247,"Hauptmann von Silberkalb, Kammerherr.",5,",","$,",--,33224,,
tg,rfd2.0,284892,285247,"Hauptmann von Silberkalb, Kammerherr.",5,als,APPR,als,33224,,
tg,rfd2.0,284892,285247,"Hauptmann von Silberkalb, Kammerherr.",5,der,ART,der,33224,,
tg,rfd2.0,284892,285247,"Hauptmann von Silberkalb, Kammerherr.",5,junge,ADJA,jung,33224,,
tg,rfd2.0,284892,285247,"Hauptmann von Silberkalb, Kammerherr.",5,Iffland,NN,iffland,33224,,
tg,rfd2.0,284892,285247,"Hauptmann von Silberkalb, Kammerherr.",5,den,ART,der,33224,,
tg,rfd2.0,284892,285247,"Hauptmann von Silberkalb, Kammerherr.",5,furchtbaren,ADJA,furchtbar,33224,,
tg,rfd2.0,284892,285247,"Hauptmann von Silberkalb, Kammerherr.",5,Charakter,NN,charakter,33224,,
tg,rfd2.0,284892,285247,"Hauptmann von Silberkalb, Kammerherr.",5,des,ART,der,33224,,
tg,rfd2.0,284892,285247,"Hauptmann von Silberkalb, Kammerherr.",5,Franz,NE,franz,33224,,
tg,rfd2.0,284892,285247,"Hauptmann von Silberkalb, Kammerherr.",5,Moor,NE,moor,33224,,
tg,rfd2.0,284892,285247,"Hauptmann von Silberkalb, Kammerherr.",5,vollständig,ADJD,vollständig,33224,,
tg,rfd2.0,284892,285247,"Hauptmann von Silberkalb, Kammerherr.",5,entwickelte,VVFIN,entwickeln,33224,,
tg,rfd2.0,284892,285247,"Hauptmann von Silberkalb, Kammerherr.",5,",","$,",--,33224,,
tg,rfd2.0,284892,285247,"Hauptmann von Silberkalb, Kammerherr.",5,erst,ADV,erst,33224,,
tg,rfd2.0,284892,285247,"Hauptmann von Silberkalb, Kammerherr.",5,da,ADV,da,33224,,
tg,rfd2.0,284892,285247,"Hauptmann von Silberkalb, Kammerherr.",5,brach,VVFIN,brechen,33224,,
tg,rfd2.0,284892,285247,"Hauptmann von Silberkalb, Kammerherr.",5,der,ART,der,33224,,
tg,rfd2.0,284892,285247,"Hauptmann von Silberkalb, Kammerherr.",5,Beifall,NN,beifall,33224,,
tg,rfd2.0,284892,285247,"Hauptmann von Silberkalb, Kammerherr.",5,aus,APPR,aus,33224,,
tg,rfd2.0,284892,285247,"Hauptmann von Silberkalb, Kammerherr.",5,«,XY,«,33224,,
tg,rfd2.0,284892,285247,"Hauptmann von Silberkalb, Kammerherr.",5,–,XY,–,33224,,
tg,rfd2.0,285253,285264,"Laura, deren Pflegetochter.",3,Oh,ITJ,oh,33224,,
tg,rfd2.0,285253,285264,"Laura, deren Pflegetochter.",3,"!",$.,--,33224,,
tg,rfd2.0,285269,285281,Gräfin Franziska von Hohenheim.,1,Oh,ITJ,oh,33224,,
tg,rfd2.0,285269,285281,Gräfin Franziska von Hohenheim.,1,"!",$.,--,33224,,
tg,rfd2.0,285287,286122,Generalin Rieger.,2,Oh,ITJ,oh,33224,,
tg,rfd2.0,285287,286122,Generalin Rieger.,2,"!",$.,--,33224,,
tg,rfd2.0,285287,286122,Generalin Rieger.,2,–,XY,–,33224,,
tg,rfd2.0,285287,286122,Generalin Rieger.,2,Geb,VVIMP,geb,33224,,
tg,rfd2.0,285287,286122,Generalin Rieger.,2,Er,PPER,er,33224,,
tg,rfd2.0,285287,286122,Generalin Rieger.,2,her,PTKVZ,her,33224,,
tg,rfd2.0,285287,286122,Generalin Rieger.,2,",","$,",--,33224,,
tg,rfd2.0,285287,286122,Generalin Rieger.,2,Er,PPER,er,33224,,
tg,rfd2.0,285287,286122,Generalin Rieger.,2,liest,VVFIN,lesen,33224,,
tg,rfd2.0,285287,286122,Generalin Rieger.,2,schlecht,ADJD,schlecht,33224,,
tg,rfd2.0,285287,286122,Generalin Rieger.,2,.,$.,--,33224,,
tg,rfd2.0,285287,286122,Generalin Rieger.,2,Liest,NE,liest,33224,,
tg,rfd2.0,285287,286122,Generalin Rieger.,2,.,$.,--,33224,,
tg,rfd2.0,285287,286122,Generalin Rieger.,2,»,XY,»,33224,,
tg,rfd2.0,285287,286122,Generalin Rieger.,2,Da,KOUS,da,33224,,
tg,rfd2.0,285287,286122,Generalin Rieger.,2,",","$,",--,33224,,
tg,rfd2.0,285287,286122,Generalin Rieger.,2,da,ADV,da,33224,,
tg,rfd2.0,285287,286122,Generalin Rieger.,2,–,XY,–,33224,,
tg,rfd2.0,285287,286122,Generalin Rieger.,2,brach,PTKVZ,brechen,33224,,
tg,rfd2.0,285287,286122,Generalin Rieger.,2,der,ART,der,33224,,
tg,rfd2.0,285287,286122,Generalin Rieger.,2,Beifall,NN,beifall,33224,,
tg,rfd2.0,285287,286122,Generalin Rieger.,2,aus,PTKVZ,aus,33224,,
tg,rfd2.0,285287,286122,Generalin Rieger.,2,",","$,",--,33224,,
tg,rfd2.0,285287,286122,Generalin Rieger.,2,aber,KON,aber,33224,,
tg,rfd2.0,285287,286122,Generalin Rieger.,2,auf,APPR,auf,33224,,
tg,rfd2.0,285287,286122,Generalin Rieger.,2,eine,ART,ein,33224,,
tg,rfd2.0,285287,286122,Generalin Rieger.,2,Weise,NN,weise,33224,,
tg,rfd2.0,285287,286122,Generalin Rieger.,2,",","$,",--,33224,,
tg,rfd2.0,285287,286122,Generalin Rieger.,2,wie,PWAV,wie,33224,,
tg,rfd2.0,285287,286122,Generalin Rieger.,2,ich,PPER,ich,33224,Generalin Rieger.,2
tg,rfd2.0,285287,286122,Generalin Rieger.,2,es,PPER,es,33224,,
tg,rfd2.0,285287,286122,Generalin Rieger.,2,in,APPR,in,33224,,
tg,rfd2.0,285287,286122,Generalin Rieger.,2,meinem,PPOSAT,mein,33224,Generalin Rieger.,2
tg,rfd2.0,285287,286122,Generalin Rieger.,2,Leben,NN,leben,33224,,
tg,rfd2.0,285287,286122,Generalin Rieger.,2,nicht,PTKNEG,nicht,33224,,
tg,rfd2.0,285287,286122,Generalin Rieger.,2,erfahren,VVPP,erfahren,33224,,
tg,rfd2.0,285287,286122,Generalin Rieger.,2,habe,VAFIN,haben,33224,,
tg,rfd2.0,285287,286122,Generalin Rieger.,2,:,$.,--,33224,,
tg,rfd2.0,285287,286122,Generalin Rieger.,2,es,PPER,es,33224,,
tg,rfd2.0,285287,286122,Generalin Rieger.,2,war,VAFIN,sein,33224,,
tg,rfd2.0,285287,286122,Generalin Rieger.,2,ein,ART,ein,33224,,
tg,rfd2.0,285287,286122,Generalin Rieger.,2,Sturm,NN,sturm,33224,,
tg,rfd2.0,285287,286122,Generalin Rieger.,2,",","$,",--,33224,,
tg,rfd2.0,285287,286122,Generalin Rieger.,2,es,PPER,es,33224,,
tg,rfd2.0,285287,286122,Generalin Rieger.,2,war,VAFIN,sein,33224,,
tg,rfd2.0,285287,286122,Generalin Rieger.,2,ein,ART,ein,33224,,
tg,rfd2.0,285287,286122,Generalin Rieger.,2,Jubel,NN,jubel,33224,,
tg,rfd2.0,285287,286122,Generalin Rieger.,2,",","$,",--,33224,,
tg,rfd2.0,285287,286122,Generalin Rieger.,2,als,KOUS,als,33224,,
tg,rfd2.0,285287,286122,Generalin Rieger.,2,ob,KOUS,ob,33224,,
tg,rfd2.0,285287,286122,Generalin Rieger.,2,eine,ART,ein,33224,,
tg,rfd2.0,285287,286122,Generalin Rieger.,2,große,ADJA,groß,33224,,
tg,rfd2.0,285287,286122,Generalin Rieger.,2,Schlacht,NN,schlacht,33224,,
tg,rfd2.0,285287,286122,Generalin Rieger.,2,gewonnen,VVPP,gewinnen,33224,,
tg,rfd2.0,285287,286122,Generalin Rieger.,2,würde,VAFIN,werden,33224,,
tg,rfd2.0,285287,286122,Generalin Rieger.,2,.,$.,--,33224,,
tg,rfd2.0,285287,286122,Generalin Rieger.,2,Und,KON,und,33224,,
tg,rfd2.0,285287,286122,Generalin Rieger.,2,es,PPER,es,33224,,
tg,rfd2.0,285287,286122,Generalin Rieger.,2,war,VAFIN,sein,33224,,
tg,rfd2.0,285287,286122,Generalin Rieger.,2,auch,ADV,auch,33224,,
tg,rfd2.0,285287,286122,Generalin Rieger.,2,eine,ART,ein,33224,,
tg,rfd2.0,285287,286122,Generalin Rieger.,2,gewonnene,ADJA,gewonnen,33224,,
tg,rfd2.0,285287,286122,Generalin Rieger.,2,große,ADJA,groß,33224,,
tg,rfd2.0,285287,286122,Generalin Rieger.,2,Schlacht,NN,schlacht,33224,,
tg,rfd2.0,285287,286122,Generalin Rieger.,2,",","$,",--,33224,,
tg,rfd2.0,285287,286122,Generalin Rieger.,2,es,PPER,es,33224,,
tg,rfd2.0,285287,286122,Generalin Rieger.,2,war,VAFIN,sein,33224,,
tg,rfd2.0,285287,286122,Generalin Rieger.,2,der,ART,der,33224,,
tg,rfd2.0,285287,286122,Generalin Rieger.,2,Sieg,NN,sieg,33224,,
tg,rfd2.0,285287,286122,Generalin Rieger.,2,deutschen,ADJA,deutsch,33224,,
tg,rfd2.0,285287,286122,Generalin Rieger.,2,Talentes,NN,talent,33224,,
tg,rfd2.0,285287,286122,Generalin Rieger.,2,über,APPR,über,33224,,
tg,rfd2.0,285287,286122,Generalin Rieger.,2,das,ART,der,33224,,
tg,rfd2.0,285287,286122,Generalin Rieger.,2,französische,ADJA,französisch,33224,,
tg,rfd2.0,285287,286122,Generalin Rieger.,2,Theater,NN,theater,33224,,
tg,rfd2.0,285287,286122,Generalin Rieger.,2,",","$,",--,33224,,
tg,rfd2.0,285287,286122,Generalin Rieger.,2,von,APPR,von,33224,,
tg,rfd2.0,285287,286122,Generalin Rieger.,2,welchem,PWAT,welcher,33224,,
tg,rfd2.0,285287,286122,Generalin Rieger.,2,wir,PPER,wir,33224,,
tg,rfd2.0,285287,286122,Generalin Rieger.,2,bisher,ADV,bisher,33224,,
tg,rfd2.0,285287,286122,Generalin Rieger.,2,abhängig,ADJD,abhängig,33224,,
tg,rfd2.0,285287,286122,Generalin Rieger.,2,",","$,",--,33224,,
tg,rfd2.0,285287,286122,Generalin Rieger.,2,ja,ADV,ja,33224,,
tg,rfd2.0,285287,286122,Generalin Rieger.,2,welchem,PWAT,welcher,33224,,
tg,rfd2.0,285287,286122,Generalin Rieger.,2,wir,PPER,wir,33224,,
tg,rfd2.0,285287,286122,Generalin Rieger.,2,völlig,ADJD,völlig,33224,,
tg,rfd2.0,285287,286122,Generalin Rieger.,2,dienstbar,ADJD,dienstbar,33224,,
tg,rfd2.0,285287,286122,Generalin Rieger.,2,waren,VAFIN,sein,33224,,
tg,rfd2.0,285287,286122,Generalin Rieger.,2,",","$,",--,33224,,
tg,rfd2.0,285287,286122,Generalin Rieger.,2,es,PPER,es,33224,,
tg,rfd2.0,285287,286122,Generalin Rieger.,2,war,VAFIN,sein,33224,,
tg,rfd2.0,285287,286122,Generalin Rieger.,2,ein,ART,ein,33224,,
tg,rfd2.0,285287,286122,Generalin Rieger.,2,Sieg,NN,sieg,33224,,
tg,rfd2.0,285287,286122,Generalin Rieger.,2,",","$,",--,33224,,
tg,rfd2.0,285287,286122,Generalin Rieger.,2,welcher,ADJA,welcher,33224,,
tg,rfd2.0,285287,286122,Generalin Rieger.,2,Deutschland,NE,deutschland,33224,,
tg,rfd2.0,285287,286122,Generalin Rieger.,2,eine,ART,ein,33224,,
tg,rfd2.0,285287,286122,Generalin Rieger.,2,große,ADJA,groß,33224,,
tg,rfd2.0,285287,286122,Generalin Rieger.,2,dichterische,ADJA,dichterisch,33224,,
tg,rfd2.0,285287,286122,Generalin Rieger.,2,Zukunft,NN,zukunft,33224,,
tg,rfd2.0,285287,286122,Generalin Rieger.,2,verspricht,VVFIN,versprechen,33224,,
tg,rfd2.0,285287,286122,Generalin Rieger.,2,",","$,",--,33224,,
tg,rfd2.0,285287,286122,Generalin Rieger.,2,und,KON,und,33224,,
tg,rfd2.0,285287,286122,Generalin Rieger.,2,deshalb,PROAV,deshalb,33224,,
tg,rfd2.0,285287,286122,Generalin Rieger.,2,hab,VAFIN,hab,33224,,
tg,rfd2.0,285287,286122,Generalin Rieger.,2,',$[,--,33224,,
tg,rfd2.0,285287,286122,Generalin Rieger.,2,ich,PPER,ich,33224,Generalin Rieger.,2
tg,rfd2.0,285287,286122,Generalin Rieger.,2,von,APPR,von,33224,,
tg,rfd2.0,285287,286122,Generalin Rieger.,2,Herzen,NN,herz,33224,,
tg,rfd2.0,285287,286122,Generalin Rieger.,2,eingestimmt,VVFIN,einstimmen,33224,,
tg,rfd2.0,285287,286122,Generalin Rieger.,2,in,APPR,in,33224,,
tg,rfd2.0,285287,286122,Generalin Rieger.,2,den,ART,der,33224,,
tg,rfd2.0,285287,286122,Generalin Rieger.,2,allgemeinen,ADJA,allgemein,33224,,
tg,rfd2.0,285287,286122,Generalin Rieger.,2,Jubelruf,NN,jubelruf,33224,,
tg,rfd2.0,285287,286122,Generalin Rieger.,2,",","$,",--,33224,,
tg,rfd2.0,285287,286122,Generalin Rieger.,2,in,APPR,in,33224,,
tg,rfd2.0,285287,286122,Generalin Rieger.,2,den,ART,der,33224,,
tg,rfd2.0,285287,286122,Generalin Rieger.,2,Jubelruf,NN,jubelruf,33224,,
tg,rfd2.0,285287,286122,Generalin Rieger.,2,.,$.,--,33224,,
tg,rfd2.0,285287,286122,Generalin Rieger.,2,Es,PPER,es,33224,,
tg,rfd2.0,285287,286122,Generalin Rieger.,2,lebe,VVFIN,leben,33224,,
tg,rfd2.0,285287,286122,Generalin Rieger.,2,der,ART,der,33224,,
tg,rfd2.0,285287,286122,Generalin Rieger.,2,schwäbische,ADJA,schwäbisch,33224,,
tg,rfd2.0,285287,286122,Generalin Rieger.,2,Jüngling,NN,jüngling,33224,,
tg,rfd2.0,285287,286122,Generalin Rieger.,2,",","$,",--,33224,,
tg,rfd2.0,285287,286122,Generalin Rieger.,2,in,APPR,in,33224,,
tg,rfd2.0,285287,286122,Generalin Rieger.,2,welchem,PWAT,welcher,33224,,
tg,rfd2.0,285287,286122,Generalin Rieger.,2,der,ART,der,33224,,
tg,rfd2.0,285287,286122,Generalin Rieger.,2,Genius,NN,genius,33224,,
tg,rfd2.0,285287,286122,Generalin Rieger.,2,unsers,APPRART,unsers,33224,,
tg,rfd2.0,285287,286122,Generalin Rieger.,2,Vaterlandes,NN,vaterland,33224,,
tg,rfd2.0,285287,286122,Generalin Rieger.,2,einen,ART,ein,33224,,
tg,rfd2.0,285287,286122,Generalin Rieger.,2,großen,ADJA,groß,33224,,
tg,rfd2.0,285287,286122,Generalin Rieger.,2,Dichter,NN,dichter,33224,,
tg,rfd2.0,285287,286122,Generalin Rieger.,2,erweckt,VVPP,erwecken,33224,,
tg,rfd2.0,285287,286122,Generalin Rieger.,2,hat,VAFIN,haben,33224,,
tg,rfd2.0,285287,286122,Generalin Rieger.,2,",","$,",--,33224,,
tg,rfd2.0,285287,286122,Generalin Rieger.,2,einen,ART,ein,33224,,
tg,rfd2.0,285287,286122,Generalin Rieger.,2,Dichter,NN,dichter,33224,,
tg,rfd2.0,285287,286122,Generalin Rieger.,2,",","$,",--,33224,,
tg,rfd2.0,285287,286122,Generalin Rieger.,2,welcher,ADJA,welcher,33224,,
tg,rfd2.0,285287,286122,Generalin Rieger.,2,Außerordentliches,NN,außerordentliche,33224,,
tg,rfd2.0,285287,286122,Generalin Rieger.,2,leisten,VVINF,leisten,33224,,
tg,rfd2.0,285287,286122,Generalin Rieger.,2,und,KON,und,33224,,
tg,rfd2.0,285287,286122,Generalin Rieger.,2,unsre,ADJA,unsr,33224,,
tg,rfd2.0,285287,286122,Generalin Rieger.,2,Kinder,NN,kind,33224,,
tg,rfd2.0,285287,286122,Generalin Rieger.,2,und,KON,und,33224,,
tg,rfd2.0,285287,286122,Generalin Rieger.,2,Kindeskinder,NN,kindeskind,33224,,
tg,rfd2.0,285287,286122,Generalin Rieger.,2,noch,ADV,noch,33224,,
tg,rfd2.0,285287,286122,Generalin Rieger.,2,entzücken,VVINF,entzücken,33224,,
tg,rfd2.0,285287,286122,Generalin Rieger.,2,wird,VAFIN,werden,33224,,
tg,rfd2.0,285287,286122,Generalin Rieger.,2,",","$,",--,33224,,
tg,rfd2.0,285287,286122,Generalin Rieger.,2,es,PPER,es,33224,,
tg,rfd2.0,285287,286122,Generalin Rieger.,2,lebe,VVFIN,leben,33224,,
tg,rfd2.0,285287,286122,Generalin Rieger.,2,Friedrich,NE,friedrich,33224,,
tg,rfd2.0,285287,286122,Generalin Rieger.,2,Schiller,NE,schiller,33224,SCHILLER,29
tg,rfd2.0,285287,286122,Generalin Rieger.,2,"!",$.,--,33224,,
tg,rfd2.0,285287,286122,Generalin Rieger.,2,«,XY,«,33224,,
tg,rfd2.0,286130,286166,Gräfin Franziska von Hohenheim.,1,Es,PPER,es,33224,,
tg,rfd2.0,286130,286166,Gräfin Franziska von Hohenheim.,1,lebe,VVFIN,leben,33224,,
tg,rfd2.0,286130,286166,Gräfin Franziska von Hohenheim.,1,Friedrich,NE,friedrich,33224,,
tg,rfd2.0,286130,286166,Gräfin Franziska von Hohenheim.,1,Schiller,NE,schiller,33224,SCHILLER,29
tg,rfd2.0,286130,286166,Gräfin Franziska von Hohenheim.,1,"!",$.,--,33224,,
tg,rfd2.0,286171,286210,Generalin Rieger.,2,Es,PPER,es,33224,,
tg,rfd2.0,286171,286210,Generalin Rieger.,2,lebe,VVFIN,leben,33224,,
tg,rfd2.0,286171,286210,Generalin Rieger.,2,Friedrich,NE,friedrich,33224,,
tg,rfd2.0,286171,286210,Generalin Rieger.,2,Schiller,NE,schiller,33224,SCHILLER,29
tg,rfd2.0,286171,286210,Generalin Rieger.,2,"!",$.,--,33224,,
tg,rfd2.0,286215,286287,"Laura, deren Pflegetochter.",3,Es,PPER,es,33224,,
tg,rfd2.0,286215,286287,"Laura, deren Pflegetochter.",3,lebe,VVFIN,leben,33224,,
tg,rfd2.0,286215,286287,"Laura, deren Pflegetochter.",3,Friedrich,NE,friedrich,33224,,
tg,rfd2.0,286215,286287,"Laura, deren Pflegetochter.",3,Schiller,NE,schiller,33224,SCHILLER,29
tg,rfd2.0,286215,286287,"Laura, deren Pflegetochter.",3,"!",$.,--,33224,,
tg,rfd2.0,286215,286287,"Laura, deren Pflegetochter.",3,Welche,PWAT,welcher,33224,,
tg,rfd2.0,286215,286287,"Laura, deren Pflegetochter.",3,sich,PRF,sich,33224,,
tg,rfd2.0,286215,286287,"Laura, deren Pflegetochter.",3,begeistert,ADJD,begeistert,33224,,
tg,rfd2.0,286215,286287,"Laura, deren Pflegetochter.",3,genähert,VVPP,nähern,33224,,
tg,rfd2.0,286215,286287,"Laura, deren Pflegetochter.",3,hat,VAFIN,haben,33224,,
tg,rfd2.0,286215,286287,"Laura, deren Pflegetochter.",3,.,$.,--,33224,,
tg,rfd2.0,286293,286517,Gräfin Franziska von Hohenheim.,1,Herzog,NE,herzog,33224,,
tg,rfd2.0,286293,286517,Gräfin Franziska von Hohenheim.,1,Karl,NE,karl,33224,,
tg,rfd2.0,286293,286517,Gräfin Franziska von Hohenheim.,1,",","$,",--,33224,,
tg,rfd2.0,286293,286517,Gräfin Franziska von Hohenheim.,1,haben,VAFIN,haben,33224,,
tg,rfd2.0,286293,286517,Gräfin Franziska von Hohenheim.,1,die,ART,der,33224,,
tg,rfd2.0,286293,286517,Gräfin Franziska von Hohenheim.,1,Frauen,NN,frau,33224,,
tg,rfd2.0,286293,286517,Gräfin Franziska von Hohenheim.,1,das,ART,der,33224,,
tg,rfd2.0,286293,286517,Gräfin Franziska von Hohenheim.,1,Genie,NN,genie,33224,,
tg,rfd2.0,286293,286517,Gräfin Franziska von Hohenheim.,1,erkannt,VVPP,erkennen,33224,,
tg,rfd2.0,286293,286517,Gräfin Franziska von Hohenheim.,1,",","$,",--,33224,,
tg,rfd2.0,286293,286517,Gräfin Franziska von Hohenheim.,1,und,KON,und,33224,,
tg,rfd2.0,286293,286517,Gräfin Franziska von Hohenheim.,1,soll,VMFIN,sollen,33224,,
tg,rfd2.0,286293,286517,Gräfin Franziska von Hohenheim.,1,der,ART,der,33224,,
tg,rfd2.0,286293,286517,Gräfin Franziska von Hohenheim.,1,Frevel,NN,frevel,33224,,
tg,rfd2.0,286293,286517,Gräfin Franziska von Hohenheim.,1,sich,PRF,sich,33224,,
tg,rfd2.0,286293,286517,Gräfin Franziska von Hohenheim.,1,erfüllen,VVINF,erfüllen,33224,,
tg,rfd2.0,286293,286517,Gräfin Franziska von Hohenheim.,1,",","$,",--,33224,,
tg,rfd2.0,286293,286517,Gräfin Franziska von Hohenheim.,1,daß,KOUS,daß,33224,,
tg,rfd2.0,286293,286517,Gräfin Franziska von Hohenheim.,1,Wachen,NN,wache,33224,,
tg,rfd2.0,286293,286517,Gräfin Franziska von Hohenheim.,1,und,KON,und,33224,,
tg,rfd2.0,286293,286517,Gräfin Franziska von Hohenheim.,1,Reiter,NN,reiter,33224,,
tg,rfd2.0,286293,286517,Gräfin Franziska von Hohenheim.,1,den,ART,der,33224,,
tg,rfd2.0,286293,286517,Gräfin Franziska von Hohenheim.,1,Dichter,NN,dichter,33224,,
tg,rfd2.0,286293,286517,Gräfin Franziska von Hohenheim.,1,",","$,",--,33224,,
tg,rfd2.0,286293,286517,Gräfin Franziska von Hohenheim.,1,den,ART,der,33224,,
tg,rfd2.0,286293,286517,Gräfin Franziska von Hohenheim.,1,gekrönten,ADJA,gekrönt,33224,,
tg,rfd2.0,286293,286517,Gräfin Franziska von Hohenheim.,1,Dichter,NN,dichter,33224,,
tg,rfd2.0,286293,286517,Gräfin Franziska von Hohenheim.,1,auf,APPR,auf,33224,,
tg,rfd2.0,286293,286517,Gräfin Franziska von Hohenheim.,1,der,ART,der,33224,,
tg,rfd2.0,286293,286517,Gräfin Franziska von Hohenheim.,1,Landstraße,NN,landstraße,33224,,
tg,rfd2.0,286293,286517,Gräfin Franziska von Hohenheim.,1,verfolgen,VVINF,verfolgen,33224,,
tg,rfd2.0,286293,286517,Gräfin Franziska von Hohenheim.,1,und,KON,und,33224,,
tg,rfd2.0,286293,286517,Gräfin Franziska von Hohenheim.,1,wieder,ADV,wieder,33224,,
tg,rfd2.0,286293,286517,Gräfin Franziska von Hohenheim.,1,hieherschleppen,ADJA,hieherschleppen,33224,,
tg,rfd2.0,286293,286517,Gräfin Franziska von Hohenheim.,1,–,NN,–,33224,,
tg,rfd2.0,286293,286517,Gräfin Franziska von Hohenheim.,1,?,$.,--,33224,,
tg,rfd2.0,286523,286659,Herzog Karl von Württemberg.,0,General,NN,General,33224,,
tg,rfd2.0,286523,286659,Herzog Karl von Württemberg.,0,Rieger,NN,rieger,33224,RIEGER,27
tg,rfd2.0,286523,286659,Herzog Karl von Württemberg.,0,"!",$.,--,33224,,
tg,rfd2.0,286523,286659,Herzog Karl von Württemberg.,0,Die,ART,der,33224,,
tg,rfd2.0,286523,286659,Herzog Karl von Württemberg.,0,Torwachen,NN,torwache,33224,,
tg,rfd2.0,286523,286659,Herzog Karl von Württemberg.,0,instruieren,VVFIN,instruieren,33224,,
tg,rfd2.0,286523,286659,Herzog Karl von Württemberg.,0,",","$,",--,33224,,
tg,rfd2.0,286523,286659,Herzog Karl von Württemberg.,0,die,ART,der,33224,,
tg,rfd2.0,286523,286659,Herzog Karl von Württemberg.,0,Reiterpatrouillen,NN,reiterpatrouille,33224,,
tg,rfd2.0,286523,286659,Herzog Karl von Württemberg.,0,zurückziehen,VVINF,zurückziehen,33224,,
tg,rfd2.0,286523,286659,Herzog Karl von Württemberg.,0,",","$,",--,33224,,
tg,rfd2.0,286523,286659,Herzog Karl von Württemberg.,0,der,ART,der,33224,,
tg,rfd2.0,286523,286659,Herzog Karl von Württemberg.,0,junge,ADJA,jung,33224,,
tg,rfd2.0,286523,286659,Herzog Karl von Württemberg.,0,Mann,NN,mann,33224,,
tg,rfd2.0,286523,286659,Herzog Karl von Württemberg.,0,soll,VMFIN,sollen,33224,,
tg,rfd2.0,286523,286659,Herzog Karl von Württemberg.,0,ungehindert,ADJD,ungehindert,33224,,
tg,rfd2.0,286523,286659,Herzog Karl von Württemberg.,0,von,APPR,von,33224,,
tg,rfd2.0,286523,286659,Herzog Karl von Württemberg.,0,dannen,ADV,dannen,33224,,
tg,rfd2.0,286523,286659,Herzog Karl von Württemberg.,0,gehn,CARD,gehn,33224,,
tg,rfd2.0,286523,286659,Herzog Karl von Württemberg.,0,.,$.,--,33224,,
tg,rfd2.0,286665,286710,GRÄFIN ihm an die Brust fallend,18,Mein,PPOSAT,mein,33224,,
tg,rfd2.0,286665,286710,GRÄFIN ihm an die Brust fallend,18,Karl,NE,karl,33224,,
tg,rfd2.0,286665,286710,GRÄFIN ihm an die Brust fallend,18,"!",$.,--,33224,,
tg,rfd2.0,286715,286739,Generalin Rieger.,2,Mein,PPOSAT,mein,33224,,
tg,rfd2.0,286715,286739,Generalin Rieger.,2,Herzog,NE,herzog,33224,,
tg,rfd2.0,286715,286739,Generalin Rieger.,2,"!",$.,--,33224,,
tg,rfd2.0,286744,286770,"Laura, deren Pflegetochter.",3,Gott,NN,gott,33224,,
tg,rfd2.0,286744,286770,"Laura, deren Pflegetochter.",3,lohn,CARD,lohn,33224,,
tg,rfd2.0,286744,286770,"Laura, deren Pflegetochter.",3,',$[,--,33224,,
tg,rfd2.0,286744,286770,"Laura, deren Pflegetochter.",3,es,PPER,es,33224,,
tg,rfd2.0,286744,286770,"Laura, deren Pflegetochter.",3,dir,PPER,dir,33224,,
tg,rfd2.0,286744,286770,"Laura, deren Pflegetochter.",3,"!",$.,--,33224,,
tg,rfd2.0,286775,286927,Herzog Karl von Württemberg.,0,Er,PPER,er,33224,,
tg,rfd2.0,286775,286927,Herzog Karl von Württemberg.,0,selbst,ADV,selbst,33224,,
tg,rfd2.0,286775,286927,Herzog Karl von Württemberg.,0,",","$,",--,33224,,
tg,rfd2.0,286775,286927,Herzog Karl von Württemberg.,0,Rieger,NN,rieger,33224,RIEGER,27
tg,rfd2.0,286775,286927,Herzog Karl von Württemberg.,0,",","$,",--,33224,,
tg,rfd2.0,286775,286927,Herzog Karl von Württemberg.,0,kehrt,VVFIN,kehren,33224,,
tg,rfd2.0,286775,286927,Herzog Karl von Württemberg.,0,spornstreichs,ADV,spornstreich,33224,,
tg,rfd2.0,286775,286927,Herzog Karl von Württemberg.,0,auf,APPR,auf,33224,,
tg,rfd2.0,286775,286927,Herzog Karl von Württemberg.,0,den,ART,der,33224,,
tg,rfd2.0,286775,286927,Herzog Karl von Württemberg.,0,Hohenasperg,NN,hohenasperg,33224,,
tg,rfd2.0,286775,286927,Herzog Karl von Württemberg.,0,heim,PTKVZ,heim,33224,,
tg,rfd2.0,286775,286927,Herzog Karl von Württemberg.,0,",","$,",--,33224,,
tg,rfd2.0,286775,286927,Herzog Karl von Württemberg.,0,und,KON,und,33224,,
tg,rfd2.0,286775,286927,Herzog Karl von Württemberg.,0,der,ART,der,33224,,
tg,rfd2.0,286775,286927,Herzog Karl von Württemberg.,0,Prediger,ADJA,prediger,33224,,
tg,rfd2.0,286775,286927,Herzog Karl von Württemberg.,0,Hahn,NN,hahn,33224,,
tg,rfd2.0,286775,286927,Herzog Karl von Württemberg.,0,soll,VMFIN,sollen,33224,,
tg,rfd2.0,286775,286927,Herzog Karl von Württemberg.,0,mir,PPER,sich,33224,Herzog Karl von Württemberg.,0
tg,rfd2.0,286775,286927,Herzog Karl von Württemberg.,0,einen,ART,ein,33224,,
tg,rfd2.0,286775,286927,Herzog Karl von Württemberg.,0,Bericht,NN,bericht,33224,,
tg,rfd2.0,286775,286927,Herzog Karl von Württemberg.,0,erstatten,VVINF,erstatten,33224,,
tg,rfd2.0,286775,286927,Herzog Karl von Württemberg.,0,über,APPR,über,33224,,
tg,rfd2.0,286775,286927,Herzog Karl von Württemberg.,0,Schubart,NN,schubart,33224,,
tg,rfd2.0,286775,286927,Herzog Karl von Württemberg.,0,–,CARD,–,33224,,
tg,rfd2.0,286775,286927,Herzog Karl von Württemberg.,0,Marsch,NN,marsch,33224,,
tg,rfd2.0,286775,286927,Herzog Karl von Württemberg.,0,"!",$.,--,33224,,
tg,rfd2.0,287057,287683,Herzog Karl von Württemberg.,0,Ich,PPER,ich,33224,,
tg,rfd2.0,287057,287683,Herzog Karl von Württemberg.,0,bin,VAFIN,sein,33224,,
tg,rfd2.0,287057,287683,Herzog Karl von Württemberg.,0,scheinbar,ADJD,scheinbar,33224,,
tg,rfd2.0,287057,287683,Herzog Karl von Württemberg.,0,vor,APPR,vor,33224,,
tg,rfd2.0,287057,287683,Herzog Karl von Württemberg.,0,dir,PPER,dir,33224,,
tg,rfd2.0,287057,287683,Herzog Karl von Württemberg.,0,zuschanden,VVFIN,zuschehen,33224,,
tg,rfd2.0,287057,287683,Herzog Karl von Württemberg.,0,geworden,VAPP,werden,33224,,
tg,rfd2.0,287057,287683,Herzog Karl von Württemberg.,0,",","$,",--,33224,,
tg,rfd2.0,287057,287683,Herzog Karl von Württemberg.,0,Franziska,NE,franziska,33224,,
tg,rfd2.0,287057,287683,Herzog Karl von Württemberg.,0,.,$.,--,33224,,
tg,rfd2.0,287057,287683,Herzog Karl von Württemberg.,0,Der,ART,der,33224,,
tg,rfd2.0,287057,287683,Herzog Karl von Württemberg.,0,Erfolg,NN,erfolg,33224,,
tg,rfd2.0,287057,287683,Herzog Karl von Württemberg.,0,ist,VAFIN,sein,33224,,
tg,rfd2.0,287057,287683,Herzog Karl von Württemberg.,0,gegen,APPR,gegen,33224,,
tg,rfd2.0,287057,287683,Herzog Karl von Württemberg.,0,mich,PPER,mich,33224,Herzog Karl von Württemberg.,0
tg,rfd2.0,287057,287683,Herzog Karl von Württemberg.,0,"!",$.,--,33224,,
tg,rfd2.0,287057,287683,Herzog Karl von Württemberg.,0,Meine,PPOSAT,mein,33224,,
tg,rfd2.0,287057,287683,Herzog Karl von Württemberg.,0,Welt,NN,welt,33224,,
tg,rfd2.0,287057,287683,Herzog Karl von Württemberg.,0,wird,VAFIN,werden,33224,,
tg,rfd2.0,287057,287683,Herzog Karl von Württemberg.,0,unter,APPR,unter,33224,,
tg,rfd2.0,287057,287683,Herzog Karl von Württemberg.,0,dem,ART,der,33224,,
tg,rfd2.0,287057,287683,Herzog Karl von Württemberg.,0,Beifallsgeschrei,NN,beifallsgeschrei,33224,,
tg,rfd2.0,287057,287683,Herzog Karl von Württemberg.,0,eines,ART,ein,33224,,
tg,rfd2.0,287057,287683,Herzog Karl von Württemberg.,0,neuen,ADJA,neu,33224,,
tg,rfd2.0,287057,287683,Herzog Karl von Württemberg.,0,Geschlechtes,NN,geschlecht,33224,,
tg,rfd2.0,287057,287683,Herzog Karl von Württemberg.,0,zu,APPR,zu,33224,,
tg,rfd2.0,287057,287683,Herzog Karl von Württemberg.,0,Grabe,NN,grab,33224,,
tg,rfd2.0,287057,287683,Herzog Karl von Württemberg.,0,getragen,VVPP,tragen,33224,,
tg,rfd2.0,287057,287683,Herzog Karl von Württemberg.,0,.,$.,--,33224,,
tg,rfd2.0,287057,287683,Herzog Karl von Württemberg.,0,Ich,PPER,ich,33224,,
tg,rfd2.0,287057,287683,Herzog Karl von Württemberg.,0,habe,VAFIN,haben,33224,,
tg,rfd2.0,287057,287683,Herzog Karl von Württemberg.,0,die,ART,der,33224,,
tg,rfd2.0,287057,287683,Herzog Karl von Württemberg.,0,Worte,NN,wort,33224,,
tg,rfd2.0,287057,287683,Herzog Karl von Württemberg.,0,des,ART,der,33224,,
tg,rfd2.0,287057,287683,Herzog Karl von Württemberg.,0,Poeten,NN,poet,33224,,
tg,rfd2.0,287057,287683,Herzog Karl von Württemberg.,0,Schwabenstreiche,NN,schwabenstreiche,33224,,
tg,rfd2.0,287057,287683,Herzog Karl von Württemberg.,0,genannt,VVPP,nennen,33224,,
tg,rfd2.0,287057,287683,Herzog Karl von Württemberg.,0,",","$,",--,33224,,
tg,rfd2.0,287057,287683,Herzog Karl von Württemberg.,0,jetzt,ADV,jetzt,33224,,
tg,rfd2.0,287057,287683,Herzog Karl von Württemberg.,0,wird,VAFIN,werden,33224,,
tg,rfd2.0,287057,287683,Herzog Karl von Württemberg.,0,man,PIS,man,33224,,
tg,rfd2.0,287057,287683,Herzog Karl von Württemberg.,0,Schwabenstreiche,NN,schwabenstreiche,33224,,
tg,rfd2.0,287057,287683,Herzog Karl von Württemberg.,0,des,ART,der,33224,,
tg,rfd2.0,287057,287683,Herzog Karl von Württemberg.,0,schwäbischen,ADJA,schwäbisch,33224,,
tg,rfd2.0,287057,287683,Herzog Karl von Württemberg.,0,Herzogs,NN,herzog,33224,,
tg,rfd2.0,287057,287683,Herzog Karl von Württemberg.,0,nennen,VVFIN,nennen,33224,,
tg,rfd2.0,287057,287683,Herzog Karl von Württemberg.,0,",","$,",--,33224,,
tg,rfd2.0,287057,287683,Herzog Karl von Württemberg.,0,was,PWS,was,33224,,
tg,rfd2.0,287057,287683,Herzog Karl von Württemberg.,0,ich,PPER,ich,33224,Herzog Karl von Württemberg.,0
tg,rfd2.0,287057,287683,Herzog Karl von Württemberg.,0,dagegen,PROAV,dagegen,33224,,
tg,rfd2.0,287057,287683,Herzog Karl von Württemberg.,0,getan,VVPP,tun,33224,,
tg,rfd2.0,287057,287683,Herzog Karl von Württemberg.,0,und,KON,und,33224,,
tg,rfd2.0,287057,287683,Herzog Karl von Württemberg.,0,gelassen,ADJD,lassen,33224,,
tg,rfd2.0,287057,287683,Herzog Karl von Württemberg.,0,–,VVFIN,–,33224,,
tg,rfd2.0,287057,287683,Herzog Karl von Württemberg.,0,die,ART,der,33224,,
tg,rfd2.0,287057,287683,Herzog Karl von Württemberg.,0,Welt,NN,welt,33224,,
tg,rfd2.0,287057,287683,Herzog Karl von Württemberg.,0,richtet,VVFIN,richten,33224,,
tg,rfd2.0,287057,287683,Herzog Karl von Württemberg.,0,nach,APPR,nach,33224,,
tg,rfd2.0,287057,287683,Herzog Karl von Württemberg.,0,dem,ART,der,33224,,
tg,rfd2.0,287057,287683,Herzog Karl von Württemberg.,0,Erfolge,NN,erfolg,33224,,
tg,rfd2.0,287057,287683,Herzog Karl von Württemberg.,0,und,KON,und,33224,,
tg,rfd2.0,287057,287683,Herzog Karl von Württemberg.,0,nennt,VVFIN,nennen,33224,,
tg,rfd2.0,287057,287683,Herzog Karl von Württemberg.,0,ihn,PPER,ihn,33224,,
tg,rfd2.0,287057,287683,Herzog Karl von Württemberg.,0,Gottesgericht,NN,gottesgericht,33224,,
tg,rfd2.0,287057,287683,Herzog Karl von Württemberg.,0,.,$.,--,33224,,
tg,rfd2.0,287057,287683,Herzog Karl von Württemberg.,0,Was,PWS,was,33224,,
tg,rfd2.0,287057,287683,Herzog Karl von Württemberg.,0,soll,VMFIN,sollen,33224,,
tg,rfd2.0,287057,287683,Herzog Karl von Württemberg.,0,mir,PPER,sich,33224,Herzog Karl von Württemberg.,0
tg,rfd2.0,287057,287683,Herzog Karl von Württemberg.,0,jetzt,ADV,jetzt,33224,,
tg,rfd2.0,287057,287683,Herzog Karl von Württemberg.,0,der,ART,der,33224,,
tg,rfd2.0,287057,287683,Herzog Karl von Württemberg.,0,Schüler,NN,schüler,33224,,
tg,rfd2.0,287057,287683,Herzog Karl von Württemberg.,0,",","$,",--,33224,,
tg,rfd2.0,287057,287683,Herzog Karl von Württemberg.,0,da,KOUS,da,33224,,
tg,rfd2.0,287057,287683,Herzog Karl von Württemberg.,0,sein,PPOSAT,sein,33224,,
tg,rfd2.0,287057,287683,Herzog Karl von Württemberg.,0,wildes,ADJA,wild,33224,,
tg,rfd2.0,287057,287683,Herzog Karl von Württemberg.,0,Werk,NN,werk,33224,,
tg,rfd2.0,287057,287683,Herzog Karl von Württemberg.,0,nicht,PTKNEG,nicht,33224,,
tg,rfd2.0,287057,287683,Herzog Karl von Württemberg.,0,mehr,ADV,mehr,33224,,
tg,rfd2.0,287057,287683,Herzog Karl von Württemberg.,0,zu,PTKZU,zu,33224,,
tg,rfd2.0,287057,287683,Herzog Karl von Württemberg.,0,hemmen,VVINF,hemmen,33224,,
tg,rfd2.0,287057,287683,Herzog Karl von Württemberg.,0,ist,VAFIN,sein,33224,,
tg,rfd2.0,287057,287683,Herzog Karl von Württemberg.,0,"!",$.,--,33224,,
tg,rfd2.0,287057,287683,Herzog Karl von Württemberg.,0,Zu,PTKZU,zu,33224,,
tg,rfd2.0,287057,287683,Herzog Karl von Württemberg.,0,Laura,VVINF,laura,33224,,
tg,rfd2.0,287057,287683,Herzog Karl von Württemberg.,0,.,$.,--,33224,,
tg,rfd2.0,287057,287683,Herzog Karl von Württemberg.,0,Mein,PPOSAT,mein,33224,,
tg,rfd2.0,287057,287683,Herzog Karl von Württemberg.,0,Kind,NN,kind,33224,,
tg,rfd2.0,287057,287683,Herzog Karl von Württemberg.,0,"!",$.,--,33224,,
tg,rfd2.0,287057,287683,Herzog Karl von Württemberg.,0,wir,PPER,wir,33224,,
tg,rfd2.0,287057,287683,Herzog Karl von Württemberg.,0,beide,PIS,beide,33224,,
tg,rfd2.0,287057,287683,Herzog Karl von Württemberg.,0,müssen,VMFIN,müssen,33224,,
tg,rfd2.0,287057,287683,Herzog Karl von Württemberg.,0,mit,APPR,mit,33224,,
tg,rfd2.0,287057,287683,Herzog Karl von Württemberg.,0,Schmerzen,NN,schmerz,33224,,
tg,rfd2.0,287057,287683,Herzog Karl von Württemberg.,0,bezahlen,VVINF,bezahlen,33224,,
tg,rfd2.0,287057,287683,Herzog Karl von Württemberg.,0,",","$,",--,33224,,
tg,rfd2.0,287057,287683,Herzog Karl von Württemberg.,0,was,PWS,was,33224,,
tg,rfd2.0,287057,287683,Herzog Karl von Württemberg.,0,die,ART,der,33224,,
tg,rfd2.0,287057,287683,Herzog Karl von Württemberg.,0,Welt,NN,welt,33224,,
tg,rfd2.0,287057,287683,Herzog Karl von Württemberg.,0,ihren,PPOSAT,ihr,33224,,
tg,rfd2.0,287057,287683,Herzog Karl von Württemberg.,0,Gewinn,NN,gewinn,33224,,
tg,rfd2.0,287057,287683,Herzog Karl von Württemberg.,0,und,KON,und,33224,,
tg,rfd2.0,287057,287683,Herzog Karl von Württemberg.,0,Fortschritt,NN,fortschritt,33224,,
tg,rfd2.0,287057,287683,Herzog Karl von Württemberg.,0,nennen,VVINF,nennen,33224,,
tg,rfd2.0,287057,287683,Herzog Karl von Württemberg.,0,wird,VAFIN,werden,33224,,
tg,rfd2.0,287057,287683,Herzog Karl von Württemberg.,0,",","$,",--,33224,,
tg,rfd2.0,287057,287683,Herzog Karl von Württemberg.,0,tröste,ADJA,trösen,33224,,
tg,rfd2.0,287057,287683,Herzog Karl von Württemberg.,0,dich,PRF,dich,33224,,
tg,rfd2.0,287057,287683,Herzog Karl von Württemberg.,0,an,APPR,an,33224,,
tg,rfd2.0,287057,287683,Herzog Karl von Württemberg.,0,meinem,PPOSAT,mein,33224,Herzog Karl von Württemberg.,0
tg,rfd2.0,287057,287683,Herzog Karl von Württemberg.,0,Herzen,NN,herz,33224,,
tg,rfd2.0,287057,287683,Herzog Karl von Württemberg.,0,"!",$.,--,33224,,
tg,rfd2.0,287688,287870,"Laura, deren Pflegetochter.",3,Meines,PPOSAT,mein,33224,,
tg,rfd2.0,287688,287870,"Laura, deren Pflegetochter.",3,Dichters,NN,dichter,33224,,
tg,rfd2.0,287688,287870,"Laura, deren Pflegetochter.",3,Zukunft,NN,zukunft,33224,,
tg,rfd2.0,287688,287870,"Laura, deren Pflegetochter.",3,ist,VAFIN,sein,33224,,
tg,rfd2.0,287688,287870,"Laura, deren Pflegetochter.",3,mein,PPOSAT,mein,33224,"Laura, deren Pflegetochter.",3
tg,rfd2.0,287688,287870,"Laura, deren Pflegetochter.",3,Trost,NN,trost,33224,,
tg,rfd2.0,287688,287870,"Laura, deren Pflegetochter.",3,"!",$.,--,33224,,
tg,rfd2.0,287688,287870,"Laura, deren Pflegetochter.",3,Schluß,NN,schluß,33224,,
tg,rfd2.0,287688,287870,"Laura, deren Pflegetochter.",3,.,$.,--,33224,,
